#Update-step  Updatetime     Error of A        Error of phi      Time in fs
     1 *      0.02500000     0.000000E+000     0.247805E-003        0.0000
     1        0.02500000     0.000000E+000     0.884374E-004        0.0250
     2        0.02500000     0.000000E+000     0.995430E-004        0.0500
     3 *      0.01250000     0.000000E+000     0.805575E-003        0.0750
     3        0.01250000     0.000000E+000     0.323481E-005        0.0875
     4        0.05000000     0.000000E+000     0.291344E-004        0.1000
     5        0.05000000     0.000000E+000     0.527826E-005        0.1500
     6        0.10000000     0.000000E+000     0.400701E-005        0.2000
     7        0.10000000     0.000000E+000     0.389960E-005        0.3000
     8        0.10000000     0.000000E+000     0.136306E-005        0.4000
     9        0.10000000     0.000000E+000     0.715186E-006        0.5000
    10        0.10000000     0.000000E+000     0.387732E-005        0.6000
    11        0.10000000     0.000000E+000     0.640155E-004        0.7000
    12        0.10000000     0.000000E+000     0.396897E-005        0.8000
    13        0.10000000     0.000000E+000     0.131531E-004        0.9000
