#Update-step  Updatetime     Error of A        Error of phi      Time in fs
     1                                         0.295060E-004
     1        0.00434783     0.000000E+000     0.615176E-006        0.0000
     2        0.00503432     0.000000E+000     0.655046E-006        0.0043
     3        0.00566362     0.000000E+000     0.634695E-006        0.0094
     4        0.00653494     0.000000E+000     0.622612E-006        0.0150
     5        0.00712903     0.000000E+000     0.536237E-006        0.0216
     6        0.00792114     0.000000E+000     0.478227E-006        0.0287
     7        0.00905273     0.000000E+000     0.444109E-006        0.0366
     8        0.01086328     0.000000E+000     0.439553E-006        0.0457
     9        0.01448437     0.000000E+000     0.500055E-006        0.0565
    10        0.01448437     0.000000E+000     0.308975E-006        0.0710
    11        0.01448437     0.000000E+000     0.195642E-006        0.0855
    12        0.02500000     0.000000E+000     0.323361E-006        0.1000
    13        0.02500000     0.000000E+000     0.156684E-006        0.1250
    14        0.02500000     0.000000E+000     0.774845E-007        0.1500
    15        0.02500000     0.000000E+000     0.387848E-007        0.1750
    16        0.05000000     0.000000E+000     0.566847E-007        0.2000
    17        0.05000000     0.000000E+000     0.146797E-007        0.2500
    18        0.10000000     0.000000E+000     0.858168E-008        0.3000
    19        0.10000000     0.000000E+000     0.628000E-009        0.4000
    20        0.10000000     0.000000E+000     0.483655E-010        0.5000
    21        0.10000000     0.000000E+000     0.382778E-011        0.6000
    22        0.10000000     0.000000E+000     0.310079E-012        0.7000
    23        0.10000000     0.000000E+000     0.204444E-013        0.8000
    24        0.10000000     0.000000E+000     0.640518E-014        0.9000
