#Update-step  Updatetime     Error of A        Error of phi      Time in fs
     1                                         0.243804E-004
     1        0.00454545     0.000000E+000     0.549075E-006        0.0000
     2        0.00530303     0.000000E+000     0.587119E-006        0.0045
     3        0.00601010     0.000000E+000     0.569100E-006        0.0098
     4        0.00701178     0.000000E+000     0.560238E-006        0.0159
     5        0.00771296     0.000000E+000     0.480591E-006        0.0229
     6        0.00991667     0.000000E+000     0.547093E-006        0.0306
     7        0.01190000     0.000000E+000     0.513697E-006        0.0405
     8        0.01190000     0.000000E+000     0.332330E-006        0.0524
     9        0.01190000     0.000000E+000     0.220606E-006        0.0643
    10        0.01190000     0.000000E+000     0.149389E-006        0.0762
    11        0.01190000     0.000000E+000     0.102736E-006        0.0881
    12        0.02500000     0.000000E+000     0.261296E-006        0.1000
    13        0.03750000     0.000000E+000     0.240061E-006        0.1250
    14        0.03750000     0.000000E+000     0.838968E-007        0.1625
    15        0.05000000     0.000000E+000     0.454299E-007        0.2000
    16        0.05000000     0.000000E+000     0.117271E-007        0.2500
    17        0.10000000     0.000000E+000     0.681832E-008        0.3000
    18        0.10000000     0.000000E+000     0.492919E-009        0.4000
    19        0.10000000     0.000000E+000     0.374097E-010        0.5000
    20        0.10000000     0.000000E+000     0.291137E-011        0.6000
    21        0.10000000     0.000000E+000     0.233236E-012        0.7000
    22        0.10000000     0.000000E+000     0.156074E-013        0.8000
    23        0.10000000     0.000000E+000     0.495208E-014        0.9000
