#Update-step  Updatetime     Error of A        Error of phi      Time in fs
     1                                         0.364386E-003
     1                                         0.323302E-005
     1        0.00016949     0.000000E+000     0.767702E-007        0.0000
     2        0.00038694     0.000000E+000     0.390239E-006        0.0002
     3        0.00053464     0.000000E+000     0.720478E-006        0.0006
     4        0.00059227     0.000000E+000     0.869455E-006        0.0011
     5        0.00061066     0.000000E+000     0.924497E-006        0.0017
     6        0.00061450     0.000000E+000     0.973841E-006        0.0023
     7 *      0.00030341     0.000000E+000     0.279114E-006        0.0029
     7        0.00030341     0.000000E+000     0.329132E-006        0.0032
     8 *      0.00024488     0.000000E+000     0.303887E-006        0.0035
     8        0.00024488     0.000000E+000     0.456421E-006        0.0038
     9        0.00034907     0.000000E+000     0.684855E-006        0.0040
    10        0.00039360     0.000000E+000     0.389310E-006        0.0044
    11        0.00054430     0.000000E+000     0.595611E-006        0.0047
    12        0.00064427     0.000000E+000     0.839620E-006        0.0053
    13 *      0.00033594     0.000000E+000     0.493944E-006        0.0059
    13        0.00033594     0.000000E+000     0.397478E-006        0.0063
    14        0.00050482     0.000000E+000     0.951724E-006        0.0066
    15 *      0.00025105     0.000000E+000     0.262118E-006        0.0071
    15        0.00025105     0.000000E+000     0.275378E-006        0.0074
    16        0.00043373     0.000000E+000     0.843843E-006        0.0076
    17 *      0.00022648     0.000000E+000     0.252886E-006        0.0080
    17        0.00022648     0.000000E+000     0.263474E-006        0.0083
    18        0.00039956     0.000000E+000     0.836176E-006        0.0085
    19        0.00041788     0.000000E+000     0.973456E-006        0.0089
    20 *      0.00020609     0.000000E+000     0.259709E-006        0.0093
    20        0.00020609     0.000000E+000     0.269037E-006        0.0095
    21        0.00035964     0.000000E+000     0.832299E-006        0.0097
    22        0.00037777     0.000000E+000     0.970304E-006        0.0101
    23 *      0.00018730     0.000000E+000     0.259222E-006        0.0105
    23        0.00018730     0.000000E+000     0.267336E-006        0.0107
    24        0.00032778     0.000000E+000     0.829325E-006        0.0108
    25        0.00034430     0.000000E+000     0.961030E-006        0.0112
    26 *      0.00017082     0.000000E+000     0.254956E-006        0.0115
    26        0.00017082     0.000000E+000     0.261997E-006        0.0117
    27        0.00030186     0.000000E+000     0.826875E-006        0.0119
    28        0.00031712     0.000000E+000     0.953993E-006        0.0122
    29 *      0.00015799     0.000000E+000     0.253472E-006        0.0125
    29        0.00015799     0.000000E+000     0.259825E-006        0.0126
    30        0.00027951     0.000000E+000     0.821147E-006        0.0128
    31        0.00029467     0.000000E+000     0.950743E-006        0.0131
    32 *      0.00014684     0.000000E+000     0.251509E-006        0.0134
    32        0.00014684     0.000000E+000     0.257417E-006        0.0135
    33        0.00026085     0.000000E+000     0.820020E-006        0.0137
    34        0.00027501     0.000000E+000     0.948183E-006        0.0139
    35 *      0.00013751     0.000000E+000     0.251869E-006        0.0142
    35        0.00013751     0.000000E+000     0.257693E-006        0.0143
    36        0.00024437     0.000000E+000     0.822313E-006        0.0145
    37        0.00025766     0.000000E+000     0.951058E-006        0.0147
    38 *      0.00012844     0.000000E+000     0.250636E-006        0.0150
    38        0.00012844     0.000000E+000     0.256030E-006        0.0151
    39        0.00022911     0.000000E+000     0.821954E-006        0.0152
    40        0.00024155     0.000000E+000     0.945616E-006        0.0155
    41        0.00024155     0.000000E+000     0.980724E-006        0.0157
    42 *      0.00011906     0.000000E+000     0.250667E-006        0.0159
    42        0.00011906     0.000000E+000     0.255279E-006        0.0161
    43        0.00021220     0.000000E+000     0.817478E-006        0.0162
    44        0.00022415     0.000000E+000     0.942906E-006        0.0164
    45        0.00022475     0.000000E+000     0.984031E-006        0.0166
    46 *      0.00011088     0.000000E+000     0.251970E-006        0.0168
    46        0.00011088     0.000000E+000     0.256757E-006        0.0170
    47        0.00019747     0.000000E+000     0.821810E-006        0.0171
    48        0.00020841     0.000000E+000     0.945345E-006        0.0173
    49        0.00020841     0.000000E+000     0.979045E-006        0.0175
    50 *      0.00010290     0.000000E+000     0.250034E-006        0.0177
    50        0.00010290     0.000000E+000     0.254345E-006        0.0178
    51        0.00018371     0.000000E+000     0.817153E-006        0.0179
    52        0.00019415     0.000000E+000     0.939428E-006        0.0181
    53        0.00019462     0.000000E+000     0.973815E-006        0.0183
    54        0.00019278     0.000000E+000     0.985615E-006        0.0185
    55        0.00019007     0.000000E+000     0.987691E-006        0.0186
    56        0.00018701     0.000000E+000     0.984633E-006        0.0188
    57        0.00018445     0.000000E+000     0.985433E-006        0.0190
    58        0.00018155     0.000000E+000     0.981199E-006        0.0192
    59        0.00017913     0.000000E+000     0.980688E-006        0.0194
    60        0.00017677     0.000000E+000     0.979515E-006        0.0196
    61        0.00017446     0.000000E+000     0.977679E-006        0.0197
    62        0.00017221     0.000000E+000     0.975181E-006        0.0199
    63        0.00017038     0.000000E+000     0.976143E-006        0.0201
    64        0.00016857     0.000000E+000     0.976402E-006        0.0203
    65        0.00016681     0.000000E+000     0.975963E-006        0.0204
    66        0.00016507     0.000000E+000     0.974830E-006        0.0206
    67        0.00016337     0.000000E+000     0.973014E-006        0.0208
    68        0.00016170     0.000000E+000     0.970529E-006        0.0209
    69        0.00016039     0.000000E+000     0.971296E-006        0.0211
    70        0.00015877     0.000000E+000     0.967502E-006        0.0213
    71        0.00015750     0.000000E+000     0.966927E-006        0.0214
    72        0.00015624     0.000000E+000     0.965706E-006        0.0216
    73        0.00015500     0.000000E+000     0.963854E-006        0.0217
    74        0.00015409     0.000000E+000     0.965162E-006        0.0219
    75        0.00015288     0.000000E+000     0.962094E-006        0.0220
    76        0.00015198     0.000000E+000     0.962179E-006        0.0222
    77        0.00015110     0.000000E+000     0.961681E-006        0.0223
    78        0.00015022     0.000000E+000     0.960617E-006        0.0225
    79        0.00014935     0.000000E+000     0.959007E-006        0.0226
    80        0.00014877     0.000000E+000     0.960538E-006        0.0228
    81        0.00014792     0.000000E+000     0.957884E-006        0.0229
    82        0.00014735     0.000000E+000     0.958385E-006        0.0231
    83        0.00014679     0.000000E+000     0.958399E-006        0.0232
    84        0.00014622     0.000000E+000     0.957944E-006        0.0234
    85        0.00014567     0.000000E+000     0.957037E-006        0.0235
    86        0.00014511     0.000000E+000     0.955696E-006        0.0237
    87        0.00014456     0.000000E+000     0.953942E-006        0.0238
    88        0.00014429     0.000000E+000     0.955386E-006        0.0240
    89        0.00014374     0.000000E+000     0.952847E-006        0.0241
    90        0.00014347     0.000000E+000     0.953531E-006        0.0242
    91        0.00014320     0.000000E+000     0.953861E-006        0.0244
    92        0.00014293     0.000000E+000     0.953850E-006        0.0245
    93        0.00014266     0.000000E+000     0.953513E-006        0.0247
    94        0.00014239     0.000000E+000     0.952864E-006        0.0248
    95        0.00014212     0.000000E+000     0.951919E-006        0.0250
    96        0.00014185     0.000000E+000     0.950691E-006        0.0251
    97        0.00014158     0.000000E+000     0.949195E-006        0.0252
    98        0.00014158     0.000000E+000     0.951025E-006        0.0254
    99        0.00014131     0.000000E+000     0.949024E-006        0.0255
   100        0.00014131     0.000000E+000     0.950380E-006        0.0257
   101        0.00014104     0.000000E+000     0.947923E-006        0.0258
   102        0.00014104     0.000000E+000     0.948849E-006        0.0260
   103        0.00014104     0.000000E+000     0.949579E-006        0.0261
   104        0.00014104     0.000000E+000     0.950122E-006        0.0262
   105        0.00014077     0.000000E+000     0.946873E-006        0.0264
   106        0.00014077     0.000000E+000     0.947067E-006        0.0265
   107        0.00014077     0.000000E+000     0.947101E-006        0.0267
   108        0.00014077     0.000000E+000     0.946985E-006        0.0268
   109        0.00014077     0.000000E+000     0.946725E-006        0.0269
   110        0.00014077     0.000000E+000     0.946331E-006        0.0271
   111        0.00014077     0.000000E+000     0.945809E-006        0.0272
   112        0.00014077     0.000000E+000     0.945168E-006        0.0274
   113        0.00014105     0.000000E+000     0.948075E-006        0.0275
   114        0.00014105     0.000000E+000     0.947209E-006        0.0276
   115        0.00014105     0.000000E+000     0.946243E-006        0.0278
   116        0.00014105     0.000000E+000     0.945183E-006        0.0279
   117        0.00014132     0.000000E+000     0.947733E-006        0.0281
   118        0.00014132     0.000000E+000     0.946496E-006        0.0282
   119        0.00014132     0.000000E+000     0.945182E-006        0.0283
   120        0.00014132     0.000000E+000     0.943796E-006        0.0285
   121        0.00014160     0.000000E+000     0.946072E-006        0.0286
   122        0.00014160     0.000000E+000     0.944549E-006        0.0288
   123        0.00014189     0.000000E+000     0.946721E-006        0.0289
   124        0.00014189     0.000000E+000     0.945078E-006        0.0291
   125        0.00014217     0.000000E+000     0.947163E-006        0.0292
   126        0.00014217     0.000000E+000     0.945415E-006        0.0293
   127        0.00014217     0.000000E+000     0.943625E-006        0.0295
   128        0.00014246     0.000000E+000     0.945600E-006        0.0296
   129        0.00014246     0.000000E+000     0.943726E-006        0.0298
   130        0.00014275     0.000000E+000     0.945647E-006        0.0299
   131        0.00014275     0.000000E+000     0.943702E-006        0.0301
   132        0.00014304     0.000000E+000     0.945580E-006        0.0302
   133        0.00014304     0.000000E+000     0.943574E-006        0.0303
   134        0.00014334     0.000000E+000     0.945420E-006        0.0305
   135        0.00014334     0.000000E+000     0.943363E-006        0.0306
   136        0.00014363     0.000000E+000     0.945186E-006        0.0308
   137        0.00014363     0.000000E+000     0.943087E-006        0.0309
   138        0.00014393     0.000000E+000     0.944896E-006        0.0311
   139        0.00014393     0.000000E+000     0.942762E-006        0.0312
   140        0.00014424     0.000000E+000     0.944564E-006        0.0313
   141        0.00014454     0.000000E+000     0.946371E-006        0.0315
   142        0.00014454     0.000000E+000     0.944193E-006        0.0316
   143        0.00014485     0.000000E+000     0.946003E-006        0.0318
   144        0.00014485     0.000000E+000     0.943807E-006        0.0319
   145        0.00014516     0.000000E+000     0.945626E-006        0.0321
   146        0.00014516     0.000000E+000     0.943418E-006        0.0322
   147        0.00014547     0.000000E+000     0.945251E-006        0.0324
   148        0.00014547     0.000000E+000     0.943035E-006        0.0325
   149        0.00014578     0.000000E+000     0.944887E-006        0.0326
   150        0.00014578     0.000000E+000     0.942667E-006        0.0328
   151        0.00014610     0.000000E+000     0.944543E-006        0.0329
   152        0.00014642     0.000000E+000     0.946439E-006        0.0331
   153        0.00014642     0.000000E+000     0.944212E-006        0.0332
   154        0.00014674     0.000000E+000     0.946137E-006        0.0334
   155        0.00014674     0.000000E+000     0.943915E-006        0.0335
   156        0.00014707     0.000000E+000     0.945872E-006        0.0337
   157        0.00014707     0.000000E+000     0.943656E-006        0.0338
   158        0.00014740     0.000000E+000     0.945648E-006        0.0340
   159        0.00014740     0.000000E+000     0.943442E-006        0.0341
   160        0.00014773     0.000000E+000     0.945472E-006        0.0343
   161        0.00014773     0.000000E+000     0.943277E-006        0.0344
   162        0.00014806     0.000000E+000     0.945347E-006        0.0346
   163        0.00014806     0.000000E+000     0.943164E-006        0.0347
   164        0.00014840     0.000000E+000     0.945277E-006        0.0349
   165        0.00014840     0.000000E+000     0.943108E-006        0.0350
   166        0.00014874     0.000000E+000     0.945264E-006        0.0351
   167        0.00014874     0.000000E+000     0.943110E-006        0.0353
   168        0.00014908     0.000000E+000     0.945312E-006        0.0354
   169        0.00014908     0.000000E+000     0.943174E-006        0.0356
   170        0.00014943     0.000000E+000     0.945422E-006        0.0357
   171        0.00014943     0.000000E+000     0.943300E-006        0.0359
   172        0.00014978     0.000000E+000     0.945597E-006        0.0360
   173        0.00014978     0.000000E+000     0.943492E-006        0.0362
   174        0.00015013     0.000000E+000     0.945838E-006        0.0363
   175        0.00015013     0.000000E+000     0.943751E-006        0.0365
   176        0.00015049     0.000000E+000     0.946147E-006        0.0366
   177        0.00015049     0.000000E+000     0.944077E-006        0.0368
   178        0.00015085     0.000000E+000     0.946524E-006        0.0369
   179        0.00015085     0.000000E+000     0.944471E-006        0.0371
   180        0.00015085     0.000000E+000     0.942433E-006        0.0372
   181        0.00015121     0.000000E+000     0.944950E-006        0.0374
   182        0.00015121     0.000000E+000     0.942930E-006        0.0375
   183        0.00015158     0.000000E+000     0.945500E-006        0.0377
   184        0.00015158     0.000000E+000     0.943496E-006        0.0379
   185        0.00015195     0.000000E+000     0.946119E-006        0.0380
   186        0.00015195     0.000000E+000     0.944132E-006        0.0382
   187        0.00015195     0.000000E+000     0.942160E-006        0.0383
   188        0.00015233     0.000000E+000     0.944854E-006        0.0385
   189        0.00015233     0.000000E+000     0.942897E-006        0.0386
   190        0.00015271     0.000000E+000     0.945646E-006        0.0388
   191        0.00015271     0.000000E+000     0.943705E-006        0.0389
   192        0.00015309     0.000000E+000     0.946507E-006        0.0391
   193        0.00015309     0.000000E+000     0.944581E-006        0.0392
   194        0.00015309     0.000000E+000     0.942669E-006        0.0394
   195        0.00015348     0.000000E+000     0.945544E-006        0.0395
   196        0.00015348     0.000000E+000     0.943645E-006        0.0397
   197        0.00015387     0.000000E+000     0.946575E-006        0.0398
   198        0.00015387     0.000000E+000     0.944690E-006        0.0400
   199        0.00015387     0.000000E+000     0.942818E-006        0.0401
   200        0.00015427     0.000000E+000     0.945819E-006        0.0403
   201        0.00015427     0.000000E+000     0.943959E-006        0.0405
   202        0.00015427     0.000000E+000     0.942112E-006        0.0406
   203        0.00015468     0.000000E+000     0.945185E-006        0.0408
   204        0.00015468     0.000000E+000     0.943348E-006        0.0409
   205        0.00015508     0.000000E+000     0.946477E-006        0.0411
   206        0.00015508     0.000000E+000     0.944651E-006        0.0412
   207        0.00015508     0.000000E+000     0.942836E-006        0.0414
   208        0.00015549     0.000000E+000     0.946036E-006        0.0415
   209        0.00015549     0.000000E+000     0.944230E-006        0.0417
   210        0.00015549     0.000000E+000     0.942435E-006        0.0418
   211        0.00015591     0.000000E+000     0.945706E-006        0.0420
   212        0.00015591     0.000000E+000     0.943919E-006        0.0422
   213        0.00015591     0.000000E+000     0.942142E-006        0.0423
   214        0.00015634     0.000000E+000     0.945484E-006        0.0425
   215        0.00015634     0.000000E+000     0.943713E-006        0.0426
   216        0.00015634     0.000000E+000     0.941952E-006        0.0428
   217        0.00015677     0.000000E+000     0.945366E-006        0.0429
   218        0.00015677     0.000000E+000     0.943610E-006        0.0431
   219        0.00015677     0.000000E+000     0.941863E-006        0.0433
   220        0.00015720     0.000000E+000     0.945347E-006        0.0434
   221        0.00015720     0.000000E+000     0.943604E-006        0.0436
   222        0.00015720     0.000000E+000     0.941869E-006        0.0437
   223        0.00015764     0.000000E+000     0.945424E-006        0.0439
   224        0.00015764     0.000000E+000     0.943691E-006        0.0440
   225        0.00015764     0.000000E+000     0.941967E-006        0.0442
   226        0.00015809     0.000000E+000     0.945592E-006        0.0444
   227        0.00015809     0.000000E+000     0.943869E-006        0.0445
   228        0.00015809     0.000000E+000     0.942154E-006        0.0447
   229        0.00015854     0.000000E+000     0.945850E-006        0.0448
   230        0.00015854     0.000000E+000     0.944134E-006        0.0450
   231        0.00015854     0.000000E+000     0.942425E-006        0.0451
   232        0.00015901     0.000000E+000     0.946192E-006        0.0453
   233        0.00015901     0.000000E+000     0.944481E-006        0.0455
   234        0.00015901     0.000000E+000     0.942777E-006        0.0456
   235        0.00015947     0.000000E+000     0.946615E-006        0.0458
   236        0.00015947     0.000000E+000     0.944909E-006        0.0459
   237        0.00015947     0.000000E+000     0.943208E-006        0.0461
   238        0.00015947     0.000000E+000     0.941513E-006        0.0463
   239        0.00015995     0.000000E+000     0.945435E-006        0.0464
   240        0.00015995     0.000000E+000     0.943736E-006        0.0466
   241        0.00015995     0.000000E+000     0.942041E-006        0.0467
   242        0.00016043     0.000000E+000     0.946035E-006        0.0469
   243        0.00016043     0.000000E+000     0.944336E-006        0.0471
   244        0.00016043     0.000000E+000     0.942641E-006        0.0472
   245        0.00016043     0.000000E+000     0.940951E-006        0.0474
   246        0.00016092     0.000000E+000     0.945029E-006        0.0475
   247        0.00016092     0.000000E+000     0.943332E-006        0.0477
   248        0.00016092     0.000000E+000     0.941639E-006        0.0479
   249        0.00016142     0.000000E+000     0.945790E-006        0.0480
   250        0.00016142     0.000000E+000     0.944089E-006        0.0482
   251        0.00016142     0.000000E+000     0.942392E-006        0.0483
   252        0.00016142     0.000000E+000     0.940699E-006        0.0485
   253        0.00016193     0.000000E+000     0.944935E-006        0.0487
   254        0.00016193     0.000000E+000     0.943232E-006        0.0488
   255        0.00016193     0.000000E+000     0.941533E-006        0.0490
   256        0.00016245     0.000000E+000     0.945843E-006        0.0492
   257        0.00016245     0.000000E+000     0.944134E-006        0.0493
   258        0.00016245     0.000000E+000     0.942427E-006        0.0495
   259        0.00016245     0.000000E+000     0.940723E-006        0.0496
   260        0.00016298     0.000000E+000     0.945121E-006        0.0498
   261        0.00016298     0.000000E+000     0.943405E-006        0.0500
   262        0.00016298     0.000000E+000     0.941692E-006        0.0501
   263        0.00016351     0.000000E+000     0.946167E-006        0.0503
   264        0.00016351     0.000000E+000     0.944439E-006        0.0505
   265        0.00016351     0.000000E+000     0.942716E-006        0.0506
   266        0.00016351     0.000000E+000     0.940994E-006        0.0508
   267        0.00016406     0.000000E+000     0.945559E-006        0.0509
   268        0.00016406     0.000000E+000     0.943823E-006        0.0511
   269        0.00016406     0.000000E+000     0.942089E-006        0.0513
   270        0.00016406     0.000000E+000     0.940357E-006        0.0514
   271        0.00016462     0.000000E+000     0.945014E-006        0.0516
   272        0.00016462     0.000000E+000     0.943266E-006        0.0518
   273        0.00016462     0.000000E+000     0.941520E-006        0.0519
   274        0.00016519     0.000000E+000     0.946260E-006        0.0521
   275        0.00016519     0.000000E+000     0.944498E-006        0.0523
   276        0.00016519     0.000000E+000     0.942737E-006        0.0524
   277        0.00016519     0.000000E+000     0.940977E-006        0.0526
   278        0.00016577     0.000000E+000     0.945812E-006        0.0528
   279        0.00016577     0.000000E+000     0.944035E-006        0.0529
   280        0.00016577     0.000000E+000     0.942259E-006        0.0531
   281        0.00016577     0.000000E+000     0.940484E-006        0.0533
   282        0.00016636     0.000000E+000     0.945418E-006        0.0534
   283        0.00016636     0.000000E+000     0.943625E-006        0.0536
   284        0.00016636     0.000000E+000     0.941832E-006        0.0538
   285        0.00016636     0.000000E+000     0.940039E-006        0.0539
   286        0.00016696     0.000000E+000     0.945075E-006        0.0541
   287        0.00016696     0.000000E+000     0.943263E-006        0.0543
   288        0.00016696     0.000000E+000     0.941452E-006        0.0544
   289        0.00016696     0.000000E+000     0.939641E-006        0.0546
   290        0.00016758     0.000000E+000     0.944781E-006        0.0548
   291        0.00016758     0.000000E+000     0.942950E-006        0.0549
   292        0.00016758     0.000000E+000     0.941119E-006        0.0551
   293        0.00016758     0.000000E+000     0.939288E-006        0.0553
   294        0.00016821     0.000000E+000     0.944537E-006        0.0554
   295        0.00016821     0.000000E+000     0.942685E-006        0.0556
   296        0.00016821     0.000000E+000     0.940832E-006        0.0558
   297        0.00016821     0.000000E+000     0.938980E-006        0.0559
   298        0.00016886     0.000000E+000     0.944341E-006        0.0561
   299        0.00016886     0.000000E+000     0.942467E-006        0.0563
   300        0.00016886     0.000000E+000     0.940592E-006        0.0564
   301        0.00016886     0.000000E+000     0.938717E-006        0.0566
   302        0.00016952     0.000000E+000     0.944195E-006        0.0568
   303        0.00016952     0.000000E+000     0.942297E-006        0.0569
   304        0.00016952     0.000000E+000     0.940399E-006        0.0571
   305        0.00016952     0.000000E+000     0.938500E-006        0.0573
   306        0.00017020     0.000000E+000     0.944100E-006        0.0574
   307        0.00017020     0.000000E+000     0.942177E-006        0.0576
   308        0.00017020     0.000000E+000     0.940254E-006        0.0578
   309        0.00017020     0.000000E+000     0.938330E-006        0.0580
   310        0.00017090     0.000000E+000     0.944057E-006        0.0581
   311        0.00017090     0.000000E+000     0.942108E-006        0.0583
   312        0.00017090     0.000000E+000     0.940159E-006        0.0585
   313        0.00017090     0.000000E+000     0.938209E-006        0.0586
   314        0.00017161     0.000000E+000     0.944068E-006        0.0588
   315        0.00017161     0.000000E+000     0.942093E-006        0.0590
   316        0.00017161     0.000000E+000     0.940116E-006        0.0592
   317        0.00017161     0.000000E+000     0.938140E-006        0.0593
   318        0.00017234     0.000000E+000     0.944137E-006        0.0595
   319        0.00017234     0.000000E+000     0.942133E-006        0.0597
   320        0.00017234     0.000000E+000     0.940129E-006        0.0598
   321        0.00017234     0.000000E+000     0.938124E-006        0.0600
   322        0.00017309     0.000000E+000     0.944267E-006        0.0602
   323        0.00017309     0.000000E+000     0.942234E-006        0.0604
   324        0.00017309     0.000000E+000     0.940201E-006        0.0605
   325        0.00017309     0.000000E+000     0.938167E-006        0.0607
   326        0.00017386     0.000000E+000     0.944462E-006        0.0609
   327        0.00017386     0.000000E+000     0.942399E-006        0.0611
   328        0.00017386     0.000000E+000     0.940335E-006        0.0612
   329        0.00017386     0.000000E+000     0.938271E-006        0.0614
   330        0.00017465     0.000000E+000     0.944727E-006        0.0616
   331        0.00017465     0.000000E+000     0.942633E-006        0.0618
   332        0.00017465     0.000000E+000     0.940538E-006        0.0619
   333        0.00017465     0.000000E+000     0.938442E-006        0.0621
   334        0.00017546     0.000000E+000     0.945067E-006        0.0623
   335        0.00017546     0.000000E+000     0.942941E-006        0.0625
   336        0.00017546     0.000000E+000     0.940814E-006        0.0626
   337        0.00017546     0.000000E+000     0.938686E-006        0.0628
   338        0.00017546     0.000000E+000     0.936558E-006        0.0630
   339        0.00017630     0.000000E+000     0.943383E-006        0.0632
   340        0.00017630     0.000000E+000     0.941223E-006        0.0633
   341        0.00017630     0.000000E+000     0.939062E-006        0.0635
   342        0.00017630     0.000000E+000     0.936901E-006        0.0637
   343        0.00017716     0.000000E+000     0.943915E-006        0.0639
   344        0.00017716     0.000000E+000     0.941720E-006        0.0640
   345        0.00017716     0.000000E+000     0.939526E-006        0.0642
   346        0.00017716     0.000000E+000     0.937330E-006        0.0644
   347        0.00017805     0.000000E+000     0.944545E-006        0.0646
   348        0.00017805     0.000000E+000     0.942316E-006        0.0647
   349        0.00017805     0.000000E+000     0.940086E-006        0.0649
   350        0.00017805     0.000000E+000     0.937855E-006        0.0651
   351        0.00017805     0.000000E+000     0.935624E-006        0.0653
   352        0.00017898     0.000000E+000     0.943079E-006        0.0655
   353        0.00017898     0.000000E+000     0.940813E-006        0.0656
   354        0.00017898     0.000000E+000     0.938546E-006        0.0658
   355        0.00017898     0.000000E+000     0.936279E-006        0.0660
   356        0.00017993     0.000000E+000     0.943963E-006        0.0662
   357        0.00017993     0.000000E+000     0.941659E-006        0.0664
   358        0.00017993     0.000000E+000     0.939354E-006        0.0665
   359        0.00017993     0.000000E+000     0.937050E-006        0.0667
   360        0.00017993     0.000000E+000     0.934745E-006        0.0669
   361        0.00018092     0.000000E+000     0.942703E-006        0.0671
   362        0.00018092     0.000000E+000     0.940360E-006        0.0673
   363        0.00018092     0.000000E+000     0.938017E-006        0.0674
   364        0.00018092     0.000000E+000     0.935674E-006        0.0676
   365        0.00018194     0.000000E+000     0.943894E-006        0.0678
   366        0.00018194     0.000000E+000     0.941511E-006        0.0680
   367        0.00018194     0.000000E+000     0.939128E-006        0.0682
   368        0.00018194     0.000000E+000     0.936745E-006        0.0683
   369        0.00018194     0.000000E+000     0.934363E-006        0.0685
   370        0.00018300     0.000000E+000     0.942899E-006        0.0687
   371        0.00018300     0.000000E+000     0.940475E-006        0.0689
   372        0.00018300     0.000000E+000     0.938051E-006        0.0691
   373        0.00018300     0.000000E+000     0.935627E-006        0.0693
   374        0.00018300     0.000000E+000     0.933203E-006        0.0694
   375        0.00018411     0.000000E+000     0.942083E-006        0.0696
   376        0.00018411     0.000000E+000     0.939616E-006        0.0698
   377        0.00018411     0.000000E+000     0.937149E-006        0.0700
   378        0.00018411     0.000000E+000     0.934683E-006        0.0702
   379        0.00018526     0.000000E+000     0.943892E-006        0.0704
   380        0.00018526     0.000000E+000     0.941381E-006        0.0705
   381        0.00018526     0.000000E+000     0.938870E-006        0.0707
   382        0.00018526     0.000000E+000     0.936360E-006        0.0709
   383        0.00018526     0.000000E+000     0.933850E-006        0.0711
   384        0.00018647     0.000000E+000     0.943461E-006        0.0713
   385        0.00018647     0.000000E+000     0.940904E-006        0.0715
   386        0.00018647     0.000000E+000     0.938348E-006        0.0717
   387        0.00018647     0.000000E+000     0.935792E-006        0.0718
   388        0.00018647     0.000000E+000     0.933238E-006        0.0720
   389        0.00018773     0.000000E+000     0.943288E-006        0.0722
   390        0.00018773     0.000000E+000     0.940683E-006        0.0724
   391        0.00018773     0.000000E+000     0.938080E-006        0.0726
   392        0.00018773     0.000000E+000     0.935477E-006        0.0728
   393        0.00018773     0.000000E+000     0.932876E-006        0.0730
   394        0.00018905     0.000000E+000     0.943409E-006        0.0732
   395        0.00018905     0.000000E+000     0.940755E-006        0.0733
   396        0.00018905     0.000000E+000     0.938102E-006        0.0735
   397        0.00018905     0.000000E+000     0.935451E-006        0.0737
   398        0.00018905     0.000000E+000     0.932801E-006        0.0739
   399        0.00018905     0.000000E+000     0.930153E-006        0.0741
   400        0.00019045     0.000000E+000     0.941281E-006        0.0743
   401        0.00019045     0.000000E+000     0.938576E-006        0.0745
   402        0.00019045     0.000000E+000     0.935874E-006        0.0747
   403        0.00019045     0.000000E+000     0.933173E-006        0.0749
   404        0.00019045     0.000000E+000     0.930474E-006        0.0751
   405        0.00019192     0.000000E+000     0.942198E-006        0.0752
   406        0.00019192     0.000000E+000     0.939439E-006        0.0754
   407        0.00019192     0.000000E+000     0.936683E-006        0.0756
   408        0.00019192     0.000000E+000     0.933928E-006        0.0758
   409        0.00019192     0.000000E+000     0.931175E-006        0.0760
   410        0.00019192     0.000000E+000     0.928425E-006        0.0762
   411        0.00019350     0.000000E+000     0.940894E-006        0.0764
   412        0.00019350     0.000000E+000     0.938080E-006        0.0766
   413        0.00019350     0.000000E+000     0.935268E-006        0.0768
   414        0.00019350     0.000000E+000     0.932458E-006        0.0770
   415        0.00019350     0.000000E+000     0.929651E-006        0.0772
   416        0.00019350     0.000000E+000     0.926846E-006        0.0774
   417        0.00019518     0.000000E+000     0.940163E-006        0.0776
   418        0.00019518     0.000000E+000     0.937290E-006        0.0777
   419        0.00019518     0.000000E+000     0.934420E-006        0.0779
   420        0.00019518     0.000000E+000     0.931552E-006        0.0781
   421        0.00019518     0.000000E+000     0.928687E-006        0.0783
   422        0.00019518     0.000000E+000     0.925825E-006        0.0785
   423        0.00019699     0.000000E+000     0.940114E-006        0.0787
   424        0.00019699     0.000000E+000     0.937177E-006        0.0789
   425        0.00019699     0.000000E+000     0.934244E-006        0.0791
   426        0.00019699     0.000000E+000     0.931314E-006        0.0793
   427        0.00019699     0.000000E+000     0.928387E-006        0.0795
   428        0.00019699     0.000000E+000     0.925463E-006        0.0797
   429        0.00019894     0.000000E+000     0.940877E-006        0.0799
   430        0.00019894     0.000000E+000     0.937872E-006        0.0801
   431        0.00019894     0.000000E+000     0.934871E-006        0.0803
   432        0.00019894     0.000000E+000     0.931874E-006        0.0805
   433        0.00019894     0.000000E+000     0.928880E-006        0.0807
   434        0.00019894     0.000000E+000     0.925889E-006        0.0809
   435        0.00019894     0.000000E+000     0.922903E-006        0.0811
   436        0.00020108     0.000000E+000     0.939782E-006        0.0813
   437        0.00020108     0.000000E+000     0.936706E-006        0.0815
   438        0.00020108     0.000000E+000     0.933634E-006        0.0817
   439        0.00020108     0.000000E+000     0.930567E-006        0.0819
   440        0.00020108     0.000000E+000     0.927503E-006        0.0821
   441        0.00020108     0.000000E+000     0.924443E-006        0.0823
   442        0.00020108     0.000000E+000     0.921388E-006        0.0825
   443        0.00020344     0.000000E+000     0.940041E-006        0.0827
   444        0.00020344     0.000000E+000     0.936885E-006        0.0829
   445        0.00020344     0.000000E+000     0.933734E-006        0.0831
   446        0.00020344     0.000000E+000     0.930588E-006        0.0833
   447        0.00020344     0.000000E+000     0.927446E-006        0.0835
   448        0.00020344     0.000000E+000     0.924309E-006        0.0837
   449        0.00020344     0.000000E+000     0.921177E-006        0.0839
   450        0.00020344     0.000000E+000     0.918049E-006        0.0841
   451        0.00020612     0.000000E+000     0.939127E-006        0.0843
   452        0.00020612     0.000000E+000     0.935885E-006        0.0845
   453        0.00020612     0.000000E+000     0.932648E-006        0.0847
   454        0.00020612     0.000000E+000     0.929416E-006        0.0850
   455        0.00020612     0.000000E+000     0.926189E-006        0.0852
   456        0.00020612     0.000000E+000     0.922968E-006        0.0854
   457        0.00020612     0.000000E+000     0.919752E-006        0.0856
   458        0.00020612     0.000000E+000     0.916542E-006        0.0858
   459        0.00020612     0.000000E+000     0.913336E-006        0.0860
   460        0.00020924     0.000000E+000     0.937885E-006        0.0862
   461        0.00020924     0.000000E+000     0.934544E-006        0.0864
   462        0.00020924     0.000000E+000     0.931209E-006        0.0866
   463        0.00020924     0.000000E+000     0.927879E-006        0.0868
   464        0.00020924     0.000000E+000     0.924556E-006        0.0870
   465        0.00020924     0.000000E+000     0.921239E-006        0.0872
   466        0.00020924     0.000000E+000     0.917928E-006        0.0874
   467        0.00020924     0.000000E+000     0.914624E-006        0.0877
   468        0.00020924     0.000000E+000     0.911325E-006        0.0879
   469        0.00020924     0.000000E+000     0.908033E-006        0.0881
   470        0.00020924     0.000000E+000     0.904747E-006        0.0883
   471        0.00021312     0.000000E+000     0.935112E-006        0.0885
   472        0.00021312     0.000000E+000     0.931654E-006        0.0887
   473        0.00021312     0.000000E+000     0.928203E-006        0.0889
   474        0.00021312     0.000000E+000     0.924759E-006        0.0891
   475        0.00021312     0.000000E+000     0.921322E-006        0.0893
   476        0.00021312     0.000000E+000     0.917891E-006        0.0896
   477        0.00021312     0.000000E+000     0.914468E-006        0.0898
   478        0.00021312     0.000000E+000     0.911052E-006        0.0900
   479        0.00021312     0.000000E+000     0.907643E-006        0.0902
   480        0.00021312     0.000000E+000     0.904242E-006        0.0904
   481        0.00021312     0.000000E+000     0.900847E-006        0.0906
   482        0.00021312     0.000000E+000     0.897460E-006        0.0908
   483        0.00021312     0.000000E+000     0.894080E-006        0.0910
   484        0.00021312     0.000000E+000     0.890708E-006        0.0913
   485        0.00021312     0.000000E+000     0.887343E-006        0.0915
   486        0.00021873     0.000000E+000     0.931047E-006        0.0917
   487        0.00021873     0.000000E+000     0.927426E-006        0.0919
   488        0.00021873     0.000000E+000     0.923814E-006        0.0921
   489        0.00021873     0.000000E+000     0.920209E-006        0.0923
   490        0.00021873     0.000000E+000     0.916614E-006        0.0926
   491        0.00021873     0.000000E+000     0.913026E-006        0.0928
   492        0.00021873     0.000000E+000     0.909447E-006        0.0930
   493        0.00021873     0.000000E+000     0.905877E-006        0.0932
   494        0.00021873     0.000000E+000     0.902315E-006        0.0934
   495        0.00021873     0.000000E+000     0.898762E-006        0.0937
   496        0.00021873     0.000000E+000     0.895217E-006        0.0939
   497        0.00021873     0.000000E+000     0.891681E-006        0.0941
   498        0.00021873     0.000000E+000     0.888154E-006        0.0943
   499        0.00021873     0.000000E+000     0.884636E-006        0.0945
   500        0.00021873     0.000000E+000     0.881126E-006        0.0948
   501        0.00021873     0.000000E+000     0.877625E-006        0.0950
   502        0.00021873     0.000000E+000     0.874133E-006        0.0952
   503        0.00021873     0.000000E+000     0.870650E-006        0.0954
   504        0.00021873     0.000000E+000     0.867176E-006        0.0956
   505        0.00021873     0.000000E+000     0.863710E-006        0.0958
   506        0.00021873     0.000000E+000     0.860254E-006        0.0961
   507        0.00021873     0.000000E+000     0.856807E-006        0.0963
   508        0.00021873     0.000000E+000     0.853368E-006        0.0965
   509        0.00021873     0.000000E+000     0.849939E-006        0.0967
   510        0.00021873     0.000000E+000     0.846519E-006        0.0969
   511        0.00021873     0.000000E+000     0.843108E-006        0.0972
   512        0.00021873     0.000000E+000     0.839706E-006        0.0974
   513        0.00021873     0.000000E+000     0.836313E-006        0.0976
   514        0.00021873     0.000000E+000     0.832929E-006        0.0978
   515        0.00021873     0.000000E+000     0.829555E-006        0.0980
   516        0.00021873     0.000000E+000     0.826190E-006        0.0983
   517        0.00021873     0.000000E+000     0.822834E-006        0.0985
   518        0.00021873     0.000000E+000     0.819487E-006        0.0987
   519        0.00021873     0.000000E+000     0.816150E-006        0.0989
   520        0.00021873     0.000000E+000     0.812822E-006        0.0991
   521        0.00021873     0.000000E+000     0.809503E-006        0.0993
   522        0.00021873     0.000000E+000     0.806194E-006        0.0996
   523        0.00021873     0.000000E+000     0.802894E-006        0.0998
   524        0.00023310     0.000000E+000     0.907950E-006        0.1000
   525        0.00023698     0.000000E+000     0.934234E-006        0.1002
   526        0.00023811     0.000000E+000     0.938981E-006        0.1005
   527        0.00023868     0.000000E+000     0.939268E-006        0.1007
   528        0.00023926     0.000000E+000     0.939560E-006        0.1009
   529        0.00023984     0.000000E+000     0.939859E-006        0.1012
   530        0.00024042     0.000000E+000     0.940163E-006        0.1014
   531        0.00024101     0.000000E+000     0.940475E-006        0.1017
   532        0.00024161     0.000000E+000     0.940793E-006        0.1019
   533        0.00024221     0.000000E+000     0.941118E-006        0.1021
   534        0.00024281     0.000000E+000     0.941449E-006        0.1024
   535        0.00024341     0.000000E+000     0.941788E-006        0.1026
   536        0.00024403     0.000000E+000     0.942134E-006        0.1029
   537        0.00024464     0.000000E+000     0.942487E-006        0.1031
   538        0.00024526     0.000000E+000     0.942848E-006        0.1034
   539        0.00024589     0.000000E+000     0.943217E-006        0.1036
   540        0.00024652     0.000000E+000     0.943593E-006        0.1039
   541        0.00024716     0.000000E+000     0.943978E-006        0.1041
   542        0.00024716     0.000000E+000     0.939506E-006        0.1044
   543        0.00024780     0.000000E+000     0.939904E-006        0.1046
   544        0.00024844     0.000000E+000     0.940311E-006        0.1048
   545        0.00024910     0.000000E+000     0.940726E-006        0.1051
   546        0.00024975     0.000000E+000     0.941150E-006        0.1053
   547        0.00025042     0.000000E+000     0.941583E-006        0.1056
   548        0.00025108     0.000000E+000     0.942026E-006        0.1058
   549        0.00025176     0.000000E+000     0.942478E-006        0.1061
   550        0.00025244     0.000000E+000     0.942939E-006        0.1063
   551        0.00025312     0.000000E+000     0.943411E-006        0.1066
   552        0.00025312     0.000000E+000     0.938780E-006        0.1069
   553        0.00025381     0.000000E+000     0.939268E-006        0.1071
   554        0.00025451     0.000000E+000     0.939766E-006        0.1074
   555        0.00025521     0.000000E+000     0.940275E-006        0.1076
   556        0.00025592     0.000000E+000     0.940795E-006        0.1079
   557        0.00025664     0.000000E+000     0.941326E-006        0.1081
   558        0.00025736     0.000000E+000     0.941868E-006        0.1084
   559        0.00025808     0.000000E+000     0.942422E-006        0.1086
   560        0.00025882     0.000000E+000     0.942988E-006        0.1089
   561        0.00025956     0.000000E+000     0.943566E-006        0.1092
   562        0.00025956     0.000000E+000     0.938765E-006        0.1094
   563        0.00026030     0.000000E+000     0.939363E-006        0.1097
   564        0.00026106     0.000000E+000     0.939973E-006        0.1099
   565        0.00026182     0.000000E+000     0.940597E-006        0.1102
   566        0.00026259     0.000000E+000     0.941234E-006        0.1105
   567        0.00026336     0.000000E+000     0.941885E-006        0.1107
   568        0.00026414     0.000000E+000     0.942549E-006        0.1110
   569        0.00026493     0.000000E+000     0.943230E-006        0.1112
   570        0.00026493     0.000000E+000     0.938292E-006        0.1115
   571        0.00026573     0.000000E+000     0.938993E-006        0.1118
   572        0.00026654     0.000000E+000     0.939709E-006        0.1120
   573        0.00026735     0.000000E+000     0.940441E-006        0.1123
   574        0.00026817     0.000000E+000     0.941188E-006        0.1126
   575        0.00026900     0.000000E+000     0.941951E-006        0.1128
   576        0.00026983     0.000000E+000     0.942731E-006        0.1131
   577        0.00026983     0.000000E+000     0.937672E-006        0.1134
   578        0.00027068     0.000000E+000     0.938477E-006        0.1137
   579        0.00027153     0.000000E+000     0.939300E-006        0.1139
   580        0.00027239     0.000000E+000     0.940141E-006        0.1142
   581        0.00027326     0.000000E+000     0.941000E-006        0.1145
   582        0.00027414     0.000000E+000     0.941877E-006        0.1147
   583        0.00027503     0.000000E+000     0.942773E-006        0.1150
   584        0.00027503     0.000000E+000     0.937585E-006        0.1153
   585        0.00027593     0.000000E+000     0.938511E-006        0.1156
   586        0.00027684     0.000000E+000     0.939456E-006        0.1158
   587        0.00027775     0.000000E+000     0.940422E-006        0.1161
   588        0.00027868     0.000000E+000     0.941409E-006        0.1164
   589        0.00027961     0.000000E+000     0.942417E-006        0.1167
   590        0.00027961     0.000000E+000     0.937120E-006        0.1170
   591        0.00028056     0.000000E+000     0.938161E-006        0.1172
   592        0.00028152     0.000000E+000     0.939225E-006        0.1175
   593        0.00028249     0.000000E+000     0.940312E-006        0.1178
   594        0.00028346     0.000000E+000     0.941422E-006        0.1181
   595        0.00028445     0.000000E+000     0.942557E-006        0.1184
   596        0.00028445     0.000000E+000     0.937145E-006        0.1186
   597        0.00028545     0.000000E+000     0.938317E-006        0.1189
   598        0.00028646     0.000000E+000     0.939514E-006        0.1192
   599        0.00028749     0.000000E+000     0.940737E-006        0.1195
   600        0.00028852     0.000000E+000     0.941987E-006        0.1198
   601        0.00028852     0.000000E+000     0.936485E-006        0.1201
   602        0.00028957     0.000000E+000     0.937776E-006        0.1204
   603        0.00029063     0.000000E+000     0.939095E-006        0.1207
   604        0.00029170     0.000000E+000     0.940444E-006        0.1209
   605        0.00029279     0.000000E+000     0.941822E-006        0.1212
   606        0.00029279     0.000000E+000     0.936224E-006        0.1215
   607        0.00029389     0.000000E+000     0.937647E-006        0.1218
   608        0.00029500     0.000000E+000     0.939102E-006        0.1221
   609        0.00029613     0.000000E+000     0.940589E-006        0.1224
   610        0.00029727     0.000000E+000     0.942109E-006        0.1227
   611        0.00029727     0.000000E+000     0.936411E-006        0.1230
   612        0.00029842     0.000000E+000     0.937981E-006        0.1233
   613        0.00029959     0.000000E+000     0.939586E-006        0.1236
   614        0.00030078     0.000000E+000     0.941227E-006        0.1239
   615        0.00030078     0.000000E+000     0.935458E-006        0.1242
   616        0.00030198     0.000000E+000     0.937153E-006        0.1245
   617        0.00030320     0.000000E+000     0.938887E-006        0.1248
   618        0.00030443     0.000000E+000     0.940659E-006        0.1251
   619        0.00030443     0.000000E+000     0.934817E-006        0.1254
   620        0.00030568     0.000000E+000     0.936648E-006        0.1257
   621        0.00030695     0.000000E+000     0.938521E-006        0.1260
   622        0.00030824     0.000000E+000     0.940436E-006        0.1263
   623        0.00030824     0.000000E+000     0.934517E-006        0.1266
   624        0.00030954     0.000000E+000     0.936496E-006        0.1269
   625        0.00031087     0.000000E+000     0.938521E-006        0.1273
   626        0.00031221     0.000000E+000     0.940592E-006        0.1276
   627        0.00031221     0.000000E+000     0.934593E-006        0.1279
   628        0.00031357     0.000000E+000     0.936733E-006        0.1282
   629        0.00031495     0.000000E+000     0.938923E-006        0.1285
   630        0.00031635     0.000000E+000     0.941164E-006        0.1288
   631        0.00031635     0.000000E+000     0.935080E-006        0.1291
   632        0.00031778     0.000000E+000     0.937396E-006        0.1295
   633        0.00031922     0.000000E+000     0.939767E-006        0.1298
   634        0.00031922     0.000000E+000     0.933638E-006        0.1301
   635        0.00032069     0.000000E+000     0.936089E-006        0.1304
   636        0.00032218     0.000000E+000     0.938598E-006        0.1307
   637        0.00032218     0.000000E+000     0.932422E-006        0.1311
   638        0.00032370     0.000000E+000     0.935015E-006        0.1314
   639        0.00032524     0.000000E+000     0.937671E-006        0.1317
   640        0.00032681     0.000000E+000     0.940391E-006        0.1320
   641        0.00032681     0.000000E+000     0.934119E-006        0.1324
   642        0.00032840     0.000000E+000     0.936931E-006        0.1327
   643        0.00033002     0.000000E+000     0.939812E-006        0.1330
   644        0.00033002     0.000000E+000     0.933487E-006        0.1333
   645        0.00033167     0.000000E+000     0.936467E-006        0.1337
   646        0.00033334     0.000000E+000     0.939520E-006        0.1340
   647        0.00033334     0.000000E+000     0.933139E-006        0.1343
   648        0.00033505     0.000000E+000     0.936297E-006        0.1347
   649        0.00033679     0.000000E+000     0.939534E-006        0.1350
   650        0.00033679     0.000000E+000     0.933094E-006        0.1353
   651        0.00033856     0.000000E+000     0.936442E-006        0.1357
   652        0.00034036     0.000000E+000     0.939876E-006        0.1360
   653        0.00034036     0.000000E+000     0.933373E-006        0.1364
   654        0.00034220     0.000000E+000     0.936926E-006        0.1367
   655        0.00034220     0.000000E+000     0.930414E-006        0.1370
   656        0.00034408     0.000000E+000     0.934091E-006        0.1374
   657        0.00034600     0.000000E+000     0.937862E-006        0.1377
   658        0.00034600     0.000000E+000     0.931281E-006        0.1381
   659        0.00034795     0.000000E+000     0.935184E-006        0.1384
   660        0.00034994     0.000000E+000     0.939189E-006        0.1388
   661        0.00034994     0.000000E+000     0.932532E-006        0.1391
   662        0.00035197     0.000000E+000     0.936677E-006        0.1395
   663        0.00035197     0.000000E+000     0.930006E-006        0.1398
   664        0.00035406     0.000000E+000     0.934298E-006        0.1402
   665        0.00035618     0.000000E+000     0.938704E-006        0.1405
   666        0.00035618     0.000000E+000     0.931948E-006        0.1409
   667        0.00035835     0.000000E+000     0.936510E-006        0.1412
   668        0.00035835     0.000000E+000     0.929734E-006        0.1416
   669        0.00036057     0.000000E+000     0.934458E-006        0.1419
   670        0.00036284     0.000000E+000     0.939311E-006        0.1423
   671        0.00036284     0.000000E+000     0.932437E-006        0.1427
   672        0.00036517     0.000000E+000     0.937463E-006        0.1430
   673        0.00036517     0.000000E+000     0.930561E-006        0.1434
   674        0.00036755     0.000000E+000     0.935768E-006        0.1438
   675        0.00036755     0.000000E+000     0.928836E-006        0.1441
   676        0.00037000     0.000000E+000     0.934229E-006        0.1445
   677        0.00037000     0.000000E+000     0.927262E-006        0.1449
   678        0.00037252     0.000000E+000     0.932849E-006        0.1452
   679        0.00037509     0.000000E+000     0.938593E-006        0.1456
   680        0.00037509     0.000000E+000     0.931494E-006        0.1460
   681        0.00037773     0.000000E+000     0.937446E-006        0.1464
   682        0.00037773     0.000000E+000     0.930301E-006        0.1467
   683        0.00038045     0.000000E+000     0.936468E-006        0.1471
   684        0.00038045     0.000000E+000     0.929270E-006        0.1475
   685        0.00038325     0.000000E+000     0.935660E-006        0.1479
   686        0.00038325     0.000000E+000     0.928403E-006        0.1483
   687        0.00038613     0.000000E+000     0.935024E-006        0.1486
   688        0.00038613     0.000000E+000     0.927701E-006        0.1490
   689        0.00038910     0.000000E+000     0.934562E-006        0.1494
   690        0.00038910     0.000000E+000     0.927166E-006        0.1498
   691        0.00039216     0.000000E+000     0.934276E-006        0.1502
   692        0.00039216     0.000000E+000     0.926797E-006        0.1506
   693        0.00039532     0.000000E+000     0.934165E-006        0.1510
   694        0.00039532     0.000000E+000     0.926595E-006        0.1514
   695        0.00039859     0.000000E+000     0.934231E-006        0.1518
   696        0.00039859     0.000000E+000     0.926559E-006        0.1522
   697        0.00040197     0.000000E+000     0.934474E-006        0.1526
   698        0.00040197     0.000000E+000     0.926687E-006        0.1530
   699        0.00040546     0.000000E+000     0.934892E-006        0.1534
   700        0.00040546     0.000000E+000     0.926980E-006        0.1538
   701        0.00040909     0.000000E+000     0.935486E-006        0.1542
   702        0.00040909     0.000000E+000     0.927434E-006        0.1546
   703        0.00041284     0.000000E+000     0.936254E-006        0.1550
   704        0.00041284     0.000000E+000     0.928048E-006        0.1554
   705        0.00041284     0.000000E+000     0.919873E-006        0.1558
   706        0.00041677     0.000000E+000     0.929062E-006        0.1562
   707        0.00041677     0.000000E+000     0.920711E-006        0.1567
   708        0.00042086     0.000000E+000     0.930245E-006        0.1571
   709        0.00042086     0.000000E+000     0.921702E-006        0.1575
   710        0.00042511     0.000000E+000     0.931596E-006        0.1579
   711        0.00042511     0.000000E+000     0.922842E-006        0.1583
   712        0.00042954     0.000000E+000     0.933117E-006        0.1588
   713        0.00042954     0.000000E+000     0.924131E-006        0.1592
   714        0.00043415     0.000000E+000     0.934808E-006        0.1596
   715        0.00043415     0.000000E+000     0.925569E-006        0.1601
   716        0.00043415     0.000000E+000     0.916347E-006        0.1605
   717        0.00043903     0.000000E+000     0.927489E-006        0.1609
   718        0.00043903     0.000000E+000     0.917985E-006        0.1614
   719        0.00044414     0.000000E+000     0.929586E-006        0.1618
   720        0.00044414     0.000000E+000     0.919776E-006        0.1622
   721        0.00044949     0.000000E+000     0.931869E-006        0.1627
   722        0.00044949     0.000000E+000     0.921727E-006        0.1631
   723        0.00044949     0.000000E+000     0.911598E-006        0.1636
   724        0.00045518     0.000000E+000     0.924265E-006        0.1640
   725        0.00045518     0.000000E+000     0.913772E-006        0.1645
   726        0.00046117     0.000000E+000     0.927024E-006        0.1650
   727        0.00046117     0.000000E+000     0.916137E-006        0.1654
   728        0.00046748     0.000000E+000     0.930029E-006        0.1659
   729        0.00046748     0.000000E+000     0.918718E-006        0.1663
   730        0.00046748     0.000000E+000     0.907423E-006        0.1668
   731        0.00047426     0.000000E+000     0.922086E-006        0.1673
   732        0.00047426     0.000000E+000     0.910329E-006        0.1678
   733        0.00048145     0.000000E+000     0.925793E-006        0.1682
   734        0.00048145     0.000000E+000     0.913541E-006        0.1687
   735        0.00048145     0.000000E+000     0.901314E-006        0.1692
   736        0.00048921     0.000000E+000     0.917774E-006        0.1697
   737        0.00048921     0.000000E+000     0.905011E-006        0.1702
   738        0.00049750     0.000000E+000     0.922514E-006        0.1706
   739        0.00049750     0.000000E+000     0.909175E-006        0.1711
   740        0.00049750     0.000000E+000     0.895882E-006        0.1716
   741        0.00050655     0.000000E+000     0.914730E-006        0.1721
   742        0.00050655     0.000000E+000     0.900816E-006        0.1726
   743        0.00051629     0.000000E+000     0.921085E-006        0.1732
   744        0.00051629     0.000000E+000     0.906500E-006        0.1737
   745        0.00051629     0.000000E+000     0.891997E-006        0.1742
   746        0.00052705     0.000000E+000     0.914176E-006        0.1747
   747        0.00052705     0.000000E+000     0.898950E-006        0.1752
   748        0.00052705     0.000000E+000     0.883836E-006        0.1758
   749        0.00053902     0.000000E+000     0.908391E-006        0.1763
   750        0.00053902     0.000000E+000     0.892496E-006        0.1768
   751        0.00055217     0.000000E+000     0.919605E-006        0.1774
   752        0.00055217     0.000000E+000     0.902859E-006        0.1779
   753        0.00055217     0.000000E+000     0.886300E-006        0.1785
   754        0.00056709     0.000000E+000     0.917106E-006        0.1790
   755        0.00056709     0.000000E+000     0.899617E-006        0.1796
   756        0.00056709     0.000000E+000     0.882373E-006        0.1802
   757        0.00056709     0.000000E+000     0.865385E-006        0.1807
   758        0.00058482     0.000000E+000     0.901959E-006        0.1813
   759        0.00058482     0.000000E+000     0.883938E-006        0.1819
   760        0.00058482     0.000000E+000     0.866242E-006        0.1825
   761        0.00060570     0.000000E+000     0.909914E-006        0.1830
   762        0.00060570     0.000000E+000     0.891024E-006        0.1836
   763        0.00060570     0.000000E+000     0.872538E-006        0.1843
   764        0.00060570     0.000000E+000     0.854462E-006        0.1849
   765        0.00060570     0.000000E+000     0.836799E-006        0.1855
   766        0.00063323     0.000000E+000     0.894852E-006        0.1861
   767        0.00063323     0.000000E+000     0.875636E-006        0.1867
   768        0.00063323     0.000000E+000     0.856906E-006        0.1873
   769        0.00063323     0.000000E+000     0.838654E-006        0.1880
   770        0.00063323     0.000000E+000     0.820866E-006        0.1886
   771        0.00063323     0.000000E+000     0.803524E-006        0.1892
   772        0.00067545     0.000000E+000     0.893580E-006        0.1899
   773        0.00067545     0.000000E+000     0.873569E-006        0.1905
   774        0.00067545     0.000000E+000     0.854048E-006        0.1912
   775        0.00067545     0.000000E+000     0.834985E-006        0.1919
   776        0.00067545     0.000000E+000     0.816349E-006        0.1926
   777        0.00067545     0.000000E+000     0.798113E-006        0.1932
   778        0.00067545     0.000000E+000     0.780245E-006        0.1939
   779        0.00067545     0.000000E+000     0.762692E-006        0.1946
   780        0.00067545     0.000000E+000     0.745359E-006        0.1953
   781        0.00067545     0.000000E+000     0.728090E-006        0.1959
   782        0.00067545     0.000000E+000     0.710690E-006        0.1966
   783        0.00067545     0.000000E+000     0.692966E-006        0.1973
   784        0.00067545     0.000000E+000     0.674789E-006        0.1980
   785        0.00067545     0.000000E+000     0.656195E-006        0.1986
   786        0.00067545     0.000000E+000     0.637405E-006        0.1993
   787        0.00078125     0.000000E+000     0.824265E-006        0.2000
   788        0.00081999     0.000000E+000     0.875181E-006        0.2008
   789        0.00084102     0.000000E+000     0.885640E-006        0.2016
   790        0.00086334     0.000000E+000     0.896197E-006        0.2024
   791        0.00087904     0.000000E+000     0.890803E-006        0.2033
   792        0.00089547     0.000000E+000     0.885056E-006        0.2042
   793        0.00091269     0.000000E+000     0.879031E-006        0.2051
   794        0.00094007     0.000000E+000     0.890032E-006        0.2060
   795        0.00095945     0.000000E+000     0.883488E-006        0.2069
   796        0.00097987     0.000000E+000     0.876884E-006        0.2079
   797        0.00100140     0.000000E+000     0.870294E-006        0.2089
   798        0.00102416     0.000000E+000     0.863792E-006        0.2099
   799        0.00106074     0.000000E+000     0.877580E-006        0.2109
   800        0.00108693     0.000000E+000     0.871264E-006        0.2120
   801        0.00111480     0.000000E+000     0.865281E-006        0.2130
   802        0.00114453     0.000000E+000     0.859719E-006        0.2142
   803        0.00117632     0.000000E+000     0.854676E-006        0.2153
   804        0.00121042     0.000000E+000     0.850260E-006        0.2165
   805        0.00124710     0.000000E+000     0.846591E-006        0.2177
   806        0.00128669     0.000000E+000     0.843808E-006        0.2189
   807        0.00132958     0.000000E+000     0.842068E-006        0.2202
   808        0.00137623     0.000000E+000     0.841558E-006        0.2216
   809        0.00142720     0.000000E+000     0.842499E-006        0.2229
   810        0.00148317     0.000000E+000     0.845157E-006        0.2244
   811        0.00154497     0.000000E+000     0.849858E-006        0.2258
   812        0.00157856     0.000000E+000     0.821101E-006        0.2274
   813        0.00165198     0.000000E+000     0.830517E-006        0.2290
   814        0.00173458     0.000000E+000     0.843243E-006        0.2306
   815        0.00178022     0.000000E+000     0.816627E-006        0.2324
   816        0.00188195     0.000000E+000     0.836819E-006        0.2341
   817        0.00193898     0.000000E+000     0.812904E-006        0.2360
   818        0.00200153     0.000000E+000     0.791620E-006        0.2380
   819        0.00214449     0.000000E+000     0.827503E-006        0.2400
   820        0.00222697     0.000000E+000     0.810322E-006        0.2421
   821        0.00231976     0.000000E+000     0.796799E-006        0.2443
   822        0.00242521     0.000000E+000     0.787384E-006        0.2466
   823        0.00254647     0.000000E+000     0.782737E-006        0.2491
   824        0.00268794     0.000000E+000     0.783853E-006        0.2516
   825        0.00285593     0.000000E+000     0.792259E-006        0.2543
   826        0.00305993     0.000000E+000     0.810399E-006        0.2572
   827        0.00305993     0.000000E+000     0.722111E-006        0.2602
   828        0.00333810     0.000000E+000     0.762908E-006        0.2633
   829        0.00333810     0.000000E+000     0.676802E-006        0.2666
   830        0.00375537     0.000000E+000     0.755236E-006        0.2700
   831        0.00375537     0.000000E+000     0.664538E-006        0.2737
   832        0.00375537     0.000000E+000     0.586582E-006        0.2775
   833        0.00375537     0.000000E+000     0.519295E-006        0.2812
   834        0.00375537     0.000000E+000     0.460986E-006        0.2850
   835        0.00375537     0.000000E+000     0.410269E-006        0.2887
   836        0.00375537     0.000000E+000     0.366004E-006        0.2925
   837        0.00375537     0.000000E+000     0.327248E-006        0.2962
   838        0.00526316     0.000000E+000     0.560942E-006        0.3000
   839        0.00631579     0.000000E+000     0.683370E-006        0.3053
   840        0.00680162     0.000000E+000     0.660942E-006        0.3116
   841        0.00741995     0.000000E+000     0.650232E-006        0.3184
   842        0.00824439     0.000000E+000     0.656167E-006        0.3258
   843        0.00942216     0.000000E+000     0.690245E-006        0.3340
   844        0.00942216     0.000000E+000     0.559255E-006        0.3435
   845        0.00942216     0.000000E+000     0.463386E-006        0.3529
   846        0.00942216     0.000000E+000     0.395026E-006        0.3623
   847        0.00942216     0.000000E+000     0.348483E-006        0.3717
   848        0.00942216     0.000000E+000     0.319123E-006        0.3812
   849        0.00942216     0.000000E+000     0.302694E-006        0.3906
   850        0.01428571     0.000000E+000     0.634707E-006        0.4000
   851        0.01428571     0.000000E+000     0.619883E-006        0.4143
   852        0.01428571     0.000000E+000     0.590612E-006        0.4286
   853        0.01428571     0.000000E+000     0.530361E-006        0.4429
   854        0.01428571     0.000000E+000     0.445440E-006        0.4571
   855        0.01428571     0.000000E+000     0.353090E-006        0.4714
   856        0.01428571     0.000000E+000     0.267749E-006        0.4857
   857        0.02000000     0.000000E+000     0.354591E-006        0.5000
   858        0.02666667     0.000000E+000     0.358140E-006        0.5200
   859        0.02666667     0.000000E+000     0.183490E-006        0.5467
   860        0.02666667     0.000000E+000     0.911605E-007        0.5733
   861        0.05000000     0.000000E+000     0.113364E-006        0.6000
   862        0.05000000     0.000000E+000     0.291666E-007        0.6500
   863        0.10000000     0.000000E+000     0.159361E-007        0.7000
   864        0.10000000     0.000000E+000     0.108456E-008        0.8000
   865        0.10000000     0.000000E+000     0.762884E-010        0.9000
