#    Start: ------ Host: "mendez-famaf" ----------Thu Sep 15 17:03:47 2022

#    Time[fs]   CPU-time[s]     Delta-CPU    Real time        RealT[s]     [h]
#       -0.00           8.2                  Sep 15 17:03:55         0     0.00
         0.00          48.5        40.270    Sep 15 17:04:17        22     0.01
         0.00          92.1        43.640    Sep 15 17:04:40        45     0.01
         0.00         132.3        40.220    Sep 15 17:05:01        66     0.02
         0.00         170.7        38.310    Sep 15 17:05:20        85     0.02
         0.00         207.6        36.890    Sep 15 17:05:39       104     0.03
         0.00         242.5        34.910    Sep 15 17:05:57       122     0.03
         0.01         276.0        33.570    Sep 15 17:06:14       139     0.04
         0.01         308.3        32.290    Sep 15 17:06:30       155     0.04
         0.01         339.2        30.870    Sep 15 17:06:45       170     0.05
         0.01         368.7        29.530    Sep 15 17:07:00       185     0.05
         0.01         397.0        28.240    Sep 15 17:07:15       200     0.06
         0.01         424.5        27.540    Sep 15 17:07:29       214     0.06
         0.01         450.7        26.180    Sep 15 17:07:42       227     0.06
         0.01         475.5        24.800    Sep 15 17:07:55       240     0.07
         0.01         499.7        24.230    Sep 15 17:08:07       252     0.07
         0.02         522.6        22.930    Sep 15 17:08:19       264     0.07
         0.02         544.8        22.170    Sep 15 17:08:30       275     0.08
         0.02         566.3        21.510    Sep 15 17:08:41       286     0.08
         0.02         587.0        20.700    Sep 15 17:08:52       297     0.08
         0.02         606.0        19.020    Sep 15 17:09:02       307     0.09
         0.02         624.4        18.330    Sep 15 17:09:11       316     0.09
         0.02         642.0        17.670    Sep 15 17:09:20       325     0.09
         0.02         659.1        17.030    Sep 15 17:09:29       334     0.09
         0.02         675.5        16.440    Sep 15 17:09:38       343     0.10
         0.02         691.2        15.720    Sep 15 17:09:46       351     0.10
         0.03         706.4        15.130    Sep 15 17:09:54       359     0.10
         0.03         720.8        14.470    Sep 15 17:10:02       367     0.10
         0.03         734.6        13.780    Sep 15 17:10:09       374     0.10
         0.03         748.3        13.720    Sep 15 17:10:16       381     0.11
         0.03         761.9        13.530    Sep 15 17:10:24       389     0.11
         0.03         774.4        12.520    Sep 15 17:10:31       396     0.11
         0.03         786.8        12.450    Sep 15 17:10:37       402     0.11
         0.03         798.6        11.780    Sep 15 17:10:43       408     0.11
         0.03         810.4        11.770    Sep 15 17:10:49       414     0.12
         0.03         821.5        11.120    Sep 15 17:10:55       420     0.12
         0.04         832.0        10.470    Sep 15 17:11:00       425     0.12
         0.04         842.4        10.460    Sep 15 17:11:06       431     0.12
         0.04         852.9        10.460    Sep 15 17:11:11       436     0.12
         0.04         862.7         9.780    Sep 15 17:11:16       441     0.12
         0.04         872.5         9.810    Sep 15 17:11:21       446     0.12
         0.04         881.7         9.180    Sep 15 17:11:25       450     0.12
         0.04         890.8         9.160    Sep 15 17:11:30       455     0.13
         0.04         900.0         9.190    Sep 15 17:11:35       460     0.13
         0.04         908.6         8.570    Sep 15 17:11:39       464     0.13
         0.04         917.1         8.520    Sep 15 17:11:44       469     0.13
         0.05         925.0         7.860    Sep 15 17:11:48       473     0.13
         0.05         932.8         7.850    Sep 15 17:11:52       477     0.13
         0.05         940.7         7.850    Sep 15 17:11:56       481     0.13
         0.05         948.6         7.930    Sep 15 17:12:00       485     0.13
         0.05         955.8         7.210    Sep 15 17:12:04       489     0.14
         0.05         963.0         7.230    Sep 15 17:12:07       492     0.14
         0.05         970.4         7.400    Sep 15 17:12:11       496     0.14
         0.05         977.8         7.350    Sep 15 17:12:15       500     0.14
         0.05         985.0         7.210    Sep 15 17:12:19       504     0.14
         0.05         992.2         7.240    Sep 15 17:12:22       507     0.14
         0.06         998.8         6.550    Sep 15 17:12:26       511     0.14
         0.06        1005.3         6.530    Sep 15 17:12:29       514     0.14
         0.06        1011.9         6.550    Sep 15 17:12:32       517     0.14
         0.06        1018.4         6.570    Sep 15 17:12:36       521     0.14
         0.06        1024.3         5.890    Sep 15 17:12:39       524     0.15
         0.06        1030.2         5.900    Sep 15 17:12:42       527     0.15
         0.06        1036.1         5.900    Sep 15 17:12:45       530     0.15
         0.06        1042.0         5.890    Sep 15 17:12:48       533     0.15
         0.06        1047.2         5.240    Sep 15 17:12:51       536     0.15
         0.06        1052.5         5.230    Sep 15 17:12:53       538     0.15
         0.07        1057.7         5.220    Sep 15 17:12:56       541     0.15
         0.07        1062.9         5.240    Sep 15 17:12:59       544     0.15
         0.07        1068.2         5.230    Sep 15 17:13:01       546     0.15
         0.07        1072.8         4.580    Sep 15 17:13:04       549     0.15
         0.07        1077.3         4.580    Sep 15 17:13:06       551     0.15
         0.07        1081.9         4.580    Sep 15 17:13:08       553     0.15
         0.07        1086.5         4.560    Sep 15 17:13:11       556     0.15
         0.07        1091.0         4.580    Sep 15 17:13:13       558     0.15
         0.07        1095.7         4.620    Sep 15 17:13:15       560     0.16
         0.07        1100.2         4.580    Sep 15 17:13:18       563     0.16
         0.08        1104.8         4.560    Sep 15 17:13:20       565     0.16
         0.08        1108.7         3.930    Sep 15 17:13:22       567     0.16
         0.08        1112.7         3.920    Sep 15 17:13:24       569     0.16
         0.08        1116.6         3.910    Sep 15 17:13:26       571     0.16
         0.08        1120.5         3.930    Sep 15 17:13:28       573     0.16
         0.08        1124.4         3.930    Sep 15 17:13:30       575     0.16
         0.08        1128.4         3.930    Sep 15 17:13:32       577     0.16
         0.08        1132.3         3.940    Sep 15 17:13:34       579     0.16
         0.08        1136.2         3.920    Sep 15 17:13:36       581     0.16
         0.08        1140.2         3.930    Sep 15 17:13:38       583     0.16
         0.09        1143.4         3.270    Sep 15 17:13:40       585     0.16
         0.09        1146.7         3.270    Sep 15 17:13:41       586     0.16
         0.09        1150.0         3.280    Sep 15 17:13:43       588     0.16
         0.09        1153.3         3.290    Sep 15 17:13:45       590     0.16
         0.09        1156.6         3.310    Sep 15 17:13:46       591     0.16
         0.09        1159.8         3.280    Sep 15 17:13:48       593     0.16
         0.09        1163.1         3.280    Sep 15 17:13:50       595     0.17
         0.09        1166.4         3.270    Sep 15 17:13:52       597     0.17
         0.09        1169.7         3.260    Sep 15 17:13:53       598     0.17
         0.09        1172.9         3.270    Sep 15 17:13:55       600     0.17
         0.10        1176.2         3.280    Sep 15 17:13:57       602     0.17
         0.10        1179.5         3.280    Sep 15 17:13:58       603     0.17
         0.10        1182.8         3.280    Sep 15 17:14:00       605     0.17
         0.10        1185.4         2.610    Sep 15 17:14:01       606     0.17
         0.10        1188.0         2.630    Sep 15 17:14:03       608     0.17
         0.10        1190.6         2.630    Sep 15 17:14:04       609     0.17
         0.10        1193.3         2.620    Sep 15 17:14:06       611     0.17
         0.10        1195.9         2.620    Sep 15 17:14:07       612     0.17
         0.10        1198.5         2.610    Sep 15 17:14:08       613     0.17
         0.10        1201.1         2.630    Sep 15 17:14:09       614     0.17
         0.11        1203.7         2.620    Sep 15 17:14:11       616     0.17
         0.11        1206.3         2.610    Sep 15 17:14:12       617     0.17
         0.11        1209.0         2.630    Sep 15 17:14:14       619     0.17
         0.11        1211.6         2.620    Sep 15 17:14:15       620     0.17
         0.11        1214.2         2.620    Sep 15 17:14:16       621     0.17
         0.11        1216.8         2.620    Sep 15 17:14:17       622     0.17
         0.11        1219.5         2.630    Sep 15 17:14:19       624     0.17
         0.11        1222.1         2.620    Sep 15 17:14:20       625     0.17
         0.11        1224.7         2.630    Sep 15 17:14:22       627     0.17
         0.11        1227.4         2.630    Sep 15 17:14:23       628     0.17
         0.12        1230.0         2.610    Sep 15 17:14:24       629     0.17
         0.12        1231.9         1.970    Sep 15 17:14:25       630     0.17
         0.12        1233.9         1.980    Sep 15 17:14:26       631     0.18
         0.12        1235.9         1.960    Sep 15 17:14:27       632     0.18
         0.12        1237.8         1.970    Sep 15 17:14:28       633     0.18
         0.12        1239.8         1.960    Sep 15 17:14:29       634     0.18
         0.12        1241.8         1.970    Sep 15 17:14:30       635     0.18
         0.12        1243.7         1.960    Sep 15 17:14:31       636     0.18
         0.12        1245.7         1.970    Sep 15 17:14:32       637     0.18
         0.12        1247.7         1.970    Sep 15 17:14:33       638     0.18
         0.13        1249.6         1.980    Sep 15 17:14:34       639     0.18
         0.13        1251.6         1.970    Sep 15 17:14:35       640     0.18
         0.13        1253.6         1.970    Sep 15 17:14:36       641     0.18
         0.13        1255.6         1.970    Sep 15 17:14:37       642     0.18
         0.13        1257.5         1.960    Sep 15 17:14:38       643     0.18
         0.13        1259.5         1.960    Sep 15 17:14:39       644     0.18
         0.13        1261.5         1.980    Sep 15 17:14:40       645     0.18
         0.13        1263.4         1.960    Sep 15 17:14:41       646     0.18
         0.13        1265.4         1.950    Sep 15 17:14:42       647     0.18
         0.13        1267.3         1.970    Sep 15 17:14:43       648     0.18
         0.14        1269.3         1.960    Sep 15 17:14:44       649     0.18
         0.14        1271.3         1.970    Sep 15 17:14:45       650     0.18
         0.14        1273.2         1.970    Sep 15 17:14:46       651     0.18
         0.14        1275.2         1.970    Sep 15 17:14:47       652     0.18
         0.14        1277.2         1.970    Sep 15 17:14:48       653     0.18
         0.14        1279.2         1.970    Sep 15 17:14:49       654     0.18
         0.14        1281.1         1.960    Sep 15 17:14:50       655     0.18
         0.14        1283.1         1.980    Sep 15 17:14:51       656     0.18
         0.14        1285.0         1.960    Sep 15 17:14:52       657     0.18
         0.14        1287.0         1.970    Sep 15 17:14:53       658     0.18
         0.15        1289.0         1.960    Sep 15 17:14:54       659     0.18
         0.15        1291.0         1.980    Sep 15 17:14:55       660     0.18
         0.15        1292.9         1.980    Sep 15 17:14:56       661     0.18
         0.15        1294.9         1.950    Sep 15 17:14:57       662     0.18
         0.15        1296.2         1.320    Sep 15 17:14:58       663     0.18
         0.15        1297.5         1.320    Sep 15 17:14:58       663     0.18
         0.15        1298.8         1.310    Sep 15 17:14:59       664     0.18
         0.15        1300.2         1.320    Sep 15 17:15:00       665     0.18
         0.15        1301.5         1.310    Sep 15 17:15:00       665     0.18
         0.15        1302.8         1.310    Sep 15 17:15:01       666     0.18
         0.16        1304.1         1.340    Sep 15 17:15:02       667     0.19
         0.16        1305.4         1.310    Sep 15 17:15:02       667     0.19
         0.16        1306.8         1.320    Sep 15 17:15:03       668     0.19
         0.16        1308.1         1.320    Sep 15 17:15:04       669     0.19
         0.16        1309.4         1.310    Sep 15 17:15:04       669     0.19
         0.16        1310.7         1.310    Sep 15 17:15:05       670     0.19
         0.16        1312.0         1.320    Sep 15 17:15:06       671     0.19
         0.16        1313.3         1.320    Sep 15 17:15:07       672     0.19
         0.16        1314.6         1.310    Sep 15 17:15:07       672     0.19
         0.16        1316.0         1.320    Sep 15 17:15:08       673     0.19
         0.17        1317.3         1.320    Sep 15 17:15:09       674     0.19
         0.17        1318.6         1.310    Sep 15 17:15:09       674     0.19
         0.17        1319.9         1.320    Sep 15 17:15:10       675     0.19
         0.17        1321.2         1.310    Sep 15 17:15:11       676     0.19
         0.17        1322.5         1.320    Sep 15 17:15:11       676     0.19
         0.17        1323.8         1.310    Sep 15 17:15:12       677     0.19
         0.17        1325.2         1.320    Sep 15 17:15:13       678     0.19
         0.17        1326.5         1.320    Sep 15 17:15:13       678     0.19
         0.17        1327.8         1.320    Sep 15 17:15:14       679     0.19
         0.17        1329.1         1.310    Sep 15 17:15:15       680     0.19
         0.18        1330.4         1.310    Sep 15 17:15:15       680     0.19
         0.18        1331.8         1.320    Sep 15 17:15:16       681     0.19
         0.18        1333.1         1.310    Sep 15 17:15:17       682     0.19
         0.18        1334.4         1.310    Sep 15 17:15:17       682     0.19
         0.18        1335.7         1.320    Sep 15 17:15:18       683     0.19
         0.18        1337.0         1.330    Sep 15 17:15:19       684     0.19
         0.18        1338.3         1.310    Sep 15 17:15:19       684     0.19
         0.18        1339.6         1.310    Sep 15 17:15:20       685     0.19
         0.18        1341.0         1.310    Sep 15 17:15:21       686     0.19
         0.18        1342.2         1.270    Sep 15 17:15:21       686     0.19
         0.19        1343.5         1.280    Sep 15 17:15:22       687     0.19
         0.19        1344.8         1.290    Sep 15 17:15:23       688     0.19
         0.19        1346.1         1.280    Sep 15 17:15:23       688     0.19
         0.19        1347.3         1.280    Sep 15 17:15:24       689     0.19
         0.19        1348.6         1.280    Sep 15 17:15:25       690     0.19
         0.19        1349.9         1.280    Sep 15 17:15:25       690     0.19
         0.19        1351.2         1.280    Sep 15 17:15:26       691     0.19
         0.19        1352.5         1.270    Sep 15 17:15:27       692     0.19
         0.19        1353.7         1.280    Sep 15 17:15:27       692     0.19
         0.19        1355.0         1.280    Sep 15 17:15:28       693     0.19
         0.20        1356.3         1.290    Sep 15 17:15:29       694     0.19
         0.20        1357.6         1.280    Sep 15 17:15:29       694     0.19
         0.20        1358.9         1.280    Sep 15 17:15:30       695     0.19
         0.20        1360.1         1.270    Sep 15 17:15:31       696     0.19
         0.20        1361.4         1.300    Sep 15 17:15:31       696     0.19
         0.20        1362.7         1.270    Sep 15 17:15:32       697     0.19
         0.20        1364.0         1.280    Sep 15 17:15:33       698     0.19
         0.20        1365.3         1.280    Sep 15 17:15:33       698     0.19
         0.20        1366.5         1.280    Sep 15 17:15:34       699     0.19
         0.20        1367.8         1.290    Sep 15 17:15:35       700     0.19
         0.21        1369.1         1.280    Sep 15 17:15:35       700     0.19
         0.21        1370.4         1.290    Sep 15 17:15:36       701     0.19
         0.21        1371.7         1.290    Sep 15 17:15:37       702     0.20
         0.21        1373.0         1.270    Sep 15 17:15:37       702     0.20
         0.21        1374.3         1.290    Sep 15 17:15:38       703     0.20
         0.21        1375.5         1.290    Sep 15 17:15:39       704     0.20
         0.21        1376.8         1.280    Sep 15 17:15:39       704     0.20
         0.21        1378.1         1.270    Sep 15 17:15:40       705     0.20
         0.21        1379.4         1.290    Sep 15 17:15:41       706     0.20
         0.21        1380.7         1.280    Sep 15 17:15:41       706     0.20
         0.22        1382.0         1.290    Sep 15 17:15:42       707     0.20
         0.22        1383.2         1.290    Sep 15 17:15:43       708     0.20
         0.22        1384.5         1.280    Sep 15 17:15:43       708     0.20
         0.22        1385.8         1.310    Sep 15 17:15:44       709     0.20
         0.22        1387.1         1.300    Sep 15 17:15:45       710     0.20
         0.22        1388.4         1.280    Sep 15 17:15:45       710     0.20
         0.22        1389.7         1.290    Sep 15 17:15:46       711     0.20
         0.22        1391.0         1.280    Sep 15 17:15:47       712     0.20
         0.22        1392.3         1.280    Sep 15 17:15:47       712     0.20
         0.22        1393.5         1.270    Sep 15 17:15:48       713     0.20
         0.23        1394.8         1.280    Sep 15 17:15:49       714     0.20
         0.23        1396.1         1.280    Sep 15 17:15:49       714     0.20
         0.23        1397.4         1.270    Sep 15 17:15:50       715     0.20
         0.23        1398.7         1.320    Sep 15 17:15:51       716     0.20
         0.23        1399.3         0.660    Sep 15 17:15:51       716     0.20
         0.23        1400.1         0.780    Sep 15 17:15:51       716     0.20
         0.23        1400.8         0.660    Sep 15 17:15:52       717     0.20
         0.23        1401.6         0.770    Sep 15 17:15:52       717     0.20
         0.23        1402.2         0.660    Sep 15 17:15:52       717     0.20
         0.23        1403.0         0.810    Sep 15 17:15:53       718     0.20
         0.24        1403.8         0.740    Sep 15 17:15:53       718     0.20
         0.24        1404.5         0.700    Sep 15 17:15:54       719     0.20
         0.24        1405.2         0.730    Sep 15 17:15:54       719     0.20
         0.24        1405.9         0.690    Sep 15 17:15:55       720     0.20
         0.24        1406.7         0.780    Sep 15 17:15:55       720     0.20
         0.24        1407.4         0.690    Sep 15 17:15:55       720     0.20
         0.24        1408.2         0.790    Sep 15 17:15:56       721     0.20
         0.24        1408.8         0.690    Sep 15 17:15:56       721     0.20
         0.24        1409.6         0.780    Sep 15 17:15:57       722     0.20
         0.24        1410.3         0.710    Sep 15 17:15:57       722     0.20
         0.25        1411.1         0.780    Sep 15 17:15:57       722     0.20
         0.25        1411.8         0.710    Sep 15 17:15:58       723     0.20
         0.25        1412.6         0.780    Sep 15 17:15:58       723     0.20
         0.25        1413.3         0.730    Sep 15 17:15:59       724     0.20
         0.25        1414.1         0.780    Sep 15 17:15:59       724     0.20
         0.25        1414.9         0.760    Sep 15 17:16:00       725     0.20
         0.25        1415.6         0.740    Sep 15 17:16:00       725     0.20
         0.25        1416.4         0.770    Sep 15 17:16:00       725     0.20
         0.25        1417.1         0.750    Sep 15 17:16:01       726     0.20
         0.25        1417.9         0.780    Sep 15 17:16:01       726     0.20
         0.26        1418.7         0.750    Sep 15 17:16:02       727     0.20
         0.26        1419.4         0.730    Sep 15 17:16:02       727     0.20
         0.26        1420.2         0.790    Sep 15 17:16:03       728     0.20
         0.26        1420.9         0.690    Sep 15 17:16:03       728     0.20
         0.26        1421.6         0.740    Sep 15 17:16:03       728     0.20
         0.26        1422.3         0.700    Sep 15 17:16:04       729     0.20
         0.26        1423.1         0.820    Sep 15 17:16:04       729     0.20
         0.26        1423.9         0.730    Sep 15 17:16:05       730     0.20
         0.26        1424.6         0.740    Sep 15 17:16:05       730     0.20
         0.26        1425.3         0.740    Sep 15 17:16:06       731     0.20
         0.27        1426.1         0.780    Sep 15 17:16:06       731     0.20
         0.27        1426.8         0.700    Sep 15 17:16:06       731     0.20
         0.27        1427.6         0.740    Sep 15 17:16:07       732     0.20
         0.27        1428.3         0.700    Sep 15 17:16:07       732     0.20
         0.27        1429.0         0.780    Sep 15 17:16:08       733     0.20
         0.27        1429.7         0.700    Sep 15 17:16:08       733     0.20
         0.27        1430.5         0.770    Sep 15 17:16:08       733     0.20
         0.27        1431.2         0.700    Sep 15 17:16:09       734     0.20
         0.27        1431.9         0.730    Sep 15 17:16:09       734     0.20
         0.27        1432.6         0.660    Sep 15 17:16:10       735     0.20
         0.28        1433.4         0.830    Sep 15 17:16:10       735     0.20
         0.28        1434.1         0.650    Sep 15 17:16:10       735     0.20
         0.28        1434.9         0.840    Sep 15 17:16:11       736     0.20
         0.28        1435.7         0.760    Sep 15 17:16:11       736     0.20
         0.28        1436.4         0.740    Sep 15 17:16:12       737     0.20
         0.28        1437.2         0.740    Sep 15 17:16:12       737     0.20
         0.28        1437.9         0.740    Sep 15 17:16:13       738     0.20
         0.28        1438.6         0.740    Sep 15 17:16:13       738     0.20
         0.28        1439.4         0.750    Sep 15 17:16:14       739     0.21
         0.28        1440.2         0.770    Sep 15 17:16:14       739     0.21
         0.29        1440.9         0.750    Sep 15 17:16:14       739     0.21
         0.29        1441.6         0.740    Sep 15 17:16:15       740     0.21
         0.29        1442.4         0.740    Sep 15 17:16:15       740     0.21
         0.29        1443.2         0.760    Sep 15 17:16:16       741     0.21
         0.29        1443.9         0.770    Sep 15 17:16:16       741     0.21
         0.29        1444.6         0.710    Sep 15 17:16:17       742     0.21
         0.29        1445.4         0.770    Sep 15 17:16:17       742     0.21
         0.29        1446.1         0.660    Sep 15 17:16:17       742     0.21
         0.29        1446.9         0.820    Sep 15 17:16:18       743     0.21
         0.29        1447.6         0.740    Sep 15 17:16:18       743     0.21
         0.30        1448.3         0.700    Sep 15 17:16:19       744     0.21
         0.30        1449.2         0.830    Sep 15 17:16:19       744     0.21
         0.30        1449.9         0.780    Sep 15 17:16:20       745     0.21
         0.30        1450.6         0.700    Sep 15 17:16:20       745     0.21
         0.30        1451.4         0.770    Sep 15 17:16:20       745     0.21
         0.30        1452.2         0.780    Sep 15 17:16:21       746     0.21
         0.30        1452.9         0.740    Sep 15 17:16:21       746     0.21
         0.30        1453.7         0.800    Sep 15 17:16:22       747     0.21
         0.30        1454.5         0.740    Sep 15 17:16:22       747     0.21
         0.30        1455.2         0.770    Sep 15 17:16:23       748     0.21
         0.31        1456.0         0.780    Sep 15 17:16:23       748     0.21
         0.31        1456.7         0.690    Sep 15 17:16:24       749     0.21
         0.31        1457.4         0.740    Sep 15 17:16:24       749     0.21
         0.31        1458.1         0.650    Sep 15 17:16:24       749     0.21
         0.31        1458.9         0.830    Sep 15 17:16:25       750     0.21
         0.31        1459.6         0.730    Sep 15 17:16:25       750     0.21
         0.31        1460.4         0.760    Sep 15 17:16:26       751     0.21
         0.31        1461.2         0.740    Sep 15 17:16:26       751     0.21
         0.31        1461.9         0.740    Sep 15 17:16:27       752     0.21
         0.31        1462.6         0.740    Sep 15 17:16:27       752     0.21
         0.32        1463.4         0.770    Sep 15 17:16:27       752     0.21
         0.32        1464.2         0.760    Sep 15 17:16:28       753     0.21
         0.32        1464.9         0.710    Sep 15 17:16:28       753     0.21
         0.32        1465.6         0.730    Sep 15 17:16:29       754     0.21
         0.32        1466.3         0.720    Sep 15 17:16:29       754     0.21
         0.32        1467.1         0.770    Sep 15 17:16:30       755     0.21
         0.32        1467.8         0.720    Sep 15 17:16:30       755     0.21
         0.32        1468.6         0.760    Sep 15 17:16:30       755     0.21
         0.32        1469.3         0.720    Sep 15 17:16:31       756     0.21
         0.32        1470.0         0.730    Sep 15 17:16:31       756     0.21
         0.33        1470.7         0.720    Sep 15 17:16:32       757     0.21
         0.33        1471.5         0.720    Sep 15 17:16:32       757     0.21
         0.33        1472.2         0.720    Sep 15 17:16:32       757     0.21
         0.33        1473.0         0.770    Sep 15 17:16:33       758     0.21
         0.33        1473.7         0.730    Sep 15 17:16:33       758     0.21
         0.33        1474.4         0.710    Sep 15 17:16:34       759     0.21
         0.33        1475.1         0.690    Sep 15 17:16:34       759     0.21
         0.33        1475.8         0.760    Sep 15 17:16:35       760     0.21
         0.33        1476.6         0.750    Sep 15 17:16:35       760     0.21
         0.33        1477.4         0.770    Sep 15 17:16:35       760     0.21
         0.34        1478.0         0.670    Sep 15 17:16:36       761     0.21
         0.34        1478.8         0.790    Sep 15 17:16:36       761     0.21
         0.34        1479.5         0.720    Sep 15 17:16:37       762     0.21
         0.34        1480.3         0.730    Sep 15 17:16:37       762     0.21
         0.34        1481.0         0.760    Sep 15 17:16:38       763     0.21
         0.34        1481.8         0.780    Sep 15 17:16:38       763     0.21
         0.34        1482.5         0.720    Sep 15 17:16:39       764     0.21
         0.34        1483.3         0.750    Sep 15 17:16:39       764     0.21
         0.34        1484.0         0.720    Sep 15 17:16:39       764     0.21
         0.34        1484.7         0.730    Sep 15 17:16:40       765     0.21
         0.35        1485.5         0.760    Sep 15 17:16:40       765     0.21
         0.35        1486.2         0.720    Sep 15 17:16:41       766     0.21
         0.35        1487.0         0.760    Sep 15 17:16:41       766     0.21
         0.35        1487.7         0.730    Sep 15 17:16:41       766     0.21
         0.35        1488.4         0.710    Sep 15 17:16:42       767     0.21
         0.35        1489.2         0.770    Sep 15 17:16:42       767     0.21
         0.35        1489.9         0.730    Sep 15 17:16:43       768     0.21
         0.35        1490.7         0.760    Sep 15 17:16:43       768     0.21
         0.35        1491.4         0.720    Sep 15 17:16:44       769     0.21
         0.35        1492.1         0.720    Sep 15 17:16:44       769     0.21
         0.36        1492.9         0.760    Sep 15 17:16:44       769     0.21
         0.36        1493.6         0.750    Sep 15 17:16:45       770     0.21
         0.36        1494.4         0.790    Sep 15 17:16:45       770     0.21
         0.36        1495.2         0.740    Sep 15 17:16:46       771     0.21
         0.36        1495.9         0.720    Sep 15 17:16:46       771     0.21
         0.36        1496.6         0.780    Sep 15 17:16:47       772     0.21
         0.36        1497.4         0.740    Sep 15 17:16:47       772     0.21
         0.36        1498.2         0.760    Sep 15 17:16:48       773     0.21
         0.36        1498.9         0.740    Sep 15 17:16:48       773     0.21
         0.36        1499.6         0.730    Sep 15 17:16:49       774     0.21
         0.37        1500.4         0.790    Sep 15 17:16:49       774     0.21
         0.37        1501.2         0.750    Sep 15 17:16:49       774     0.21
         0.37        1501.9         0.750    Sep 15 17:16:50       775     0.22
         0.37        1502.6         0.720    Sep 15 17:16:50       775     0.22
         0.37        1503.4         0.740    Sep 15 17:16:51       776     0.22
         0.37        1504.1         0.750    Sep 15 17:16:51       776     0.22
         0.37        1504.8         0.730    Sep 15 17:16:52       777     0.22
         0.37        1505.7         0.810    Sep 15 17:16:52       777     0.22
         0.37        1506.4         0.730    Sep 15 17:16:53       778     0.22
         0.37        1507.2         0.780    Sep 15 17:16:53       778     0.22
         0.38        1507.9         0.750    Sep 15 17:16:53       778     0.22
         0.38        1508.6         0.720    Sep 15 17:16:54       779     0.22
         0.38        1509.4         0.760    Sep 15 17:16:54       779     0.22
         0.38        1510.1         0.720    Sep 15 17:16:55       780     0.22
         0.38        1510.8         0.720    Sep 15 17:16:55       780     0.22
         0.38        1511.6         0.770    Sep 15 17:16:56       781     0.22
         0.38        1512.3         0.720    Sep 15 17:16:56       781     0.22
         0.38        1513.1         0.760    Sep 15 17:16:56       781     0.22
         0.38        1513.8         0.720    Sep 15 17:16:57       782     0.22
         0.38        1514.5         0.720    Sep 15 17:16:57       782     0.22
         0.39        1515.3         0.760    Sep 15 17:16:58       783     0.22
         0.39        1516.0         0.730    Sep 15 17:16:58       783     0.22
         0.39        1516.8         0.760    Sep 15 17:16:58       783     0.22
         0.39        1517.5         0.730    Sep 15 17:16:59       784     0.22
         0.39        1518.2         0.710    Sep 15 17:16:59       784     0.22
         0.39        1519.0         0.770    Sep 15 17:17:00       785     0.22
         0.39        1519.7         0.730    Sep 15 17:17:00       785     0.22
         0.39        1520.5         0.750    Sep 15 17:17:01       786     0.22
         0.39        1521.2         0.730    Sep 15 17:17:01       786     0.22
         0.39        1521.9         0.730    Sep 15 17:17:01       786     0.22
         0.40        1522.7         0.780    Sep 15 17:17:02       787     0.22
         0.40        1523.4         0.720    Sep 15 17:17:02       787     0.22
         0.40        1524.2         0.720    Sep 15 17:17:03       788     0.22
         0.40        1524.9         0.780    Sep 15 17:17:03       788     0.22
         0.40        1525.7         0.740    Sep 15 17:17:04       789     0.22
         0.40        1526.5         0.820    Sep 15 17:17:04       789     0.22
         0.40        1527.2         0.750    Sep 15 17:17:04       789     0.22
         0.40        1528.0         0.770    Sep 15 17:17:05       790     0.22
         0.40        1528.8         0.810    Sep 15 17:17:05       790     0.22
         0.40        1530.0         1.230    Sep 15 17:17:06       791     0.22
         0.41        1531.4         1.360    Sep 15 17:17:07       792     0.22
         0.41        1533.8         2.440    Sep 15 17:17:08       793     0.22
         0.41        1535.9         2.020    Sep 15 17:17:09       794     0.22
         0.41        1537.8         1.950    Sep 15 17:17:10       795     0.22
         0.41        1539.8         1.950    Sep 15 17:17:11       796     0.22
         0.41        1541.1         1.290    Sep 15 17:17:12       797     0.22
         0.41        1542.4         1.300    Sep 15 17:17:12       797     0.22
         0.41        1543.7         1.300    Sep 15 17:17:13       798     0.22
         0.41        1545.0         1.300    Sep 15 17:17:14       799     0.22
         0.41        1546.3         1.300    Sep 15 17:17:14       799     0.22
         0.42        1547.6         1.320    Sep 15 17:17:15       800     0.22
         0.42        1548.2         0.650    Sep 15 17:17:15       800     0.22
         0.42        1549.0         0.730    Sep 15 17:17:16       801     0.22
         0.42        1549.7         0.750    Sep 15 17:17:16       801     0.22
         0.42        1550.5         0.740    Sep 15 17:17:17       802     0.22
         0.42        1551.2         0.780    Sep 15 17:17:17       802     0.22
         0.42        1552.0         0.730    Sep 15 17:17:17       802     0.22
         0.42        1552.7         0.730    Sep 15 17:17:18       803     0.22
         0.42        1553.4         0.740    Sep 15 17:17:18       803     0.22
         0.42        1554.2         0.770    Sep 15 17:17:19       804     0.22
         0.43        1554.9         0.740    Sep 15 17:17:19       804     0.22
         0.43        1555.7         0.730    Sep 15 17:17:19       804     0.22
         0.43        1556.4         0.690    Sep 15 17:17:20       805     0.22
         0.43        1557.2         0.830    Sep 15 17:17:20       805     0.22
         0.43        1557.9         0.740    Sep 15 17:17:21       806     0.22
         0.43        1558.6         0.710    Sep 15 17:17:21       806     0.22
         0.43        1559.4         0.740    Sep 15 17:17:22       807     0.22
         0.43        1560.1         0.690    Sep 15 17:17:22       807     0.22
         0.43        1560.8         0.780    Sep 15 17:17:22       807     0.22
         0.43        1561.6         0.750    Sep 15 17:17:23       808     0.22
         0.44        1562.4         0.770    Sep 15 17:17:23       808     0.22
         0.44        1563.1         0.750    Sep 15 17:17:24       809     0.22
         0.44        1563.9         0.740    Sep 15 17:17:24       809     0.22
         0.44        1564.6         0.780    Sep 15 17:17:25       810     0.23
         0.44        1565.4         0.800    Sep 15 17:17:25       810     0.23
         0.44        1566.2         0.740    Sep 15 17:17:26       811     0.23
         0.44        1566.9         0.730    Sep 15 17:17:26       811     0.23
         0.44        1567.7         0.790    Sep 15 17:17:26       811     0.23
         0.44        1568.4         0.720    Sep 15 17:17:27       812     0.23
         0.44        1569.1         0.680    Sep 15 17:17:27       812     0.23
         0.45        1569.9         0.790    Sep 15 17:17:28       813     0.23
         0.45        1570.6         0.720    Sep 15 17:17:28       813     0.23
         0.45        1571.3         0.690    Sep 15 17:17:28       813     0.23
         0.45        1572.0         0.750    Sep 15 17:17:29       814     0.23
         0.45        1572.8         0.730    Sep 15 17:17:29       814     0.23
         0.45        1573.5         0.670    Sep 15 17:17:30       815     0.23
         0.45        1574.2         0.760    Sep 15 17:17:30       815     0.23
         0.45        1574.9         0.720    Sep 15 17:17:30       815     0.23
         0.45        1575.6         0.720    Sep 15 17:17:31       816     0.23
         0.45        1576.4         0.730    Sep 15 17:17:31       816     0.23
         0.46        1577.1         0.750    Sep 15 17:17:32       817     0.23
         0.46        1577.9         0.750    Sep 15 17:17:32       817     0.23
         0.46        1578.6         0.720    Sep 15 17:17:33       818     0.23
         0.46        1579.3         0.730    Sep 15 17:17:33       818     0.23
         0.46        1580.0         0.700    Sep 15 17:17:33       818     0.23
         0.46        1580.8         0.760    Sep 15 17:17:34       819     0.23
         0.46        1581.5         0.700    Sep 15 17:17:34       819     0.23
         0.46        1582.2         0.750    Sep 15 17:17:35       820     0.23
         0.46        1583.0         0.710    Sep 15 17:17:35       820     0.23
         0.46        1583.6         0.680    Sep 15 17:17:35       820     0.23
         0.47        1584.4         0.810    Sep 15 17:17:36       821     0.23
         0.47        1585.1         0.710    Sep 15 17:17:36       821     0.23
         0.47        1585.8         0.690    Sep 15 17:17:37       822     0.23
         0.47        1586.6         0.730    Sep 15 17:17:37       822     0.23
         0.47        1587.3         0.730    Sep 15 17:17:38       823     0.23
         0.47        1588.0         0.740    Sep 15 17:17:38       823     0.23
         0.47        1588.7         0.700    Sep 15 17:17:38       823     0.23
         0.47        1589.5         0.720    Sep 15 17:17:39       824     0.23
         0.47        1590.2         0.710    Sep 15 17:17:39       824     0.23
         0.47        1590.9         0.700    Sep 15 17:17:40       825     0.23
         0.48        1591.6         0.700    Sep 15 17:17:40       825     0.23
         0.48        1592.3         0.700    Sep 15 17:17:40       825     0.23
         0.48        1593.0         0.710    Sep 15 17:17:41       826     0.23
         0.48        1593.7         0.740    Sep 15 17:17:41       826     0.23
         0.48        1594.4         0.660    Sep 15 17:17:42       827     0.23
         0.48        1595.1         0.700    Sep 15 17:17:42       827     0.23
         0.48        1595.8         0.670    Sep 15 17:17:42       827     0.23
         0.48        1596.5         0.740    Sep 15 17:17:43       828     0.23
         0.48        1597.2         0.660    Sep 15 17:17:43       828     0.23
         0.48        1597.9         0.750    Sep 15 17:17:44       829     0.23
         0.49        1598.5         0.650    Sep 15 17:17:44       829     0.23
         0.49        1599.3         0.770    Sep 15 17:17:44       829     0.23
         0.49        1600.0         0.680    Sep 15 17:17:45       830     0.23
         0.49        1600.7         0.710    Sep 15 17:17:45       830     0.23
         0.49        1601.4         0.680    Sep 15 17:17:46       831     0.23
         0.49        1602.1         0.750    Sep 15 17:17:46       831     0.23
         0.49        1602.8         0.620    Sep 15 17:17:46       831     0.23
         0.49        1603.6         0.800    Sep 15 17:17:47       832     0.23
         0.49        1604.3         0.760    Sep 15 17:17:47       832     0.23
         0.49        1605.0         0.660    Sep 15 17:17:48       833     0.23
         0.50        1605.7         0.710    Sep 15 17:17:48       833     0.23
         0.50        1606.4         0.680    Sep 15 17:17:48       833     0.23
         0.50        1607.2         0.810    Sep 15 17:17:49       834     0.23
         0.50        1607.9         0.700    Sep 15 17:17:49       834     0.23
         0.50        1608.6         0.700    Sep 15 17:17:50       835     0.23
         0.50        1609.3         0.710    Sep 15 17:17:50       835     0.23
         0.50        1610.1         0.760    Sep 15 17:17:51       836     0.23
         0.50        1610.8         0.700    Sep 15 17:17:51       836     0.23
         0.50        1611.5         0.740    Sep 15 17:17:52       837     0.23
         0.50        1612.2         0.710    Sep 15 17:17:52       837     0.23
         0.51        1612.9         0.700    Sep 15 17:17:52       837     0.23
         0.51        1613.7         0.750    Sep 15 17:17:53       838     0.23
         0.51        1614.3         0.650    Sep 15 17:17:53       838     0.23
         0.51        1615.0         0.710    Sep 15 17:17:54       839     0.23
         0.51        1615.7         0.710    Sep 15 17:17:54       839     0.23
         0.51        1616.4         0.700    Sep 15 17:17:54       839     0.23
         0.51        1617.2         0.740    Sep 15 17:17:55       840     0.23
         0.51        1617.8         0.660    Sep 15 17:17:55       840     0.23
         0.51        1618.6         0.750    Sep 15 17:17:56       841     0.23
         0.51        1619.3         0.730    Sep 15 17:17:56       841     0.23
         0.52        1620.0         0.660    Sep 15 17:17:56       841     0.23
         0.52        1620.7         0.710    Sep 15 17:17:57       842     0.23
         0.52        1621.4         0.730    Sep 15 17:17:57       842     0.23
         0.52        1622.1         0.710    Sep 15 17:17:58       843     0.23
         0.52        1622.8         0.670    Sep 15 17:17:58       843     0.23
         0.52        1623.5         0.690    Sep 15 17:17:58       843     0.23
         0.52        1624.1         0.670    Sep 15 17:17:59       844     0.23
         0.52        1624.9         0.780    Sep 15 17:17:59       844     0.23
         0.52        1625.6         0.710    Sep 15 17:18:00       845     0.23
         0.52        1626.3         0.650    Sep 15 17:18:00       845     0.23
         0.53        1627.1         0.790    Sep 15 17:18:00       845     0.23
         0.53        1627.8         0.700    Sep 15 17:18:01       846     0.23
         0.53        1628.4         0.660    Sep 15 17:18:01       846     0.23
         0.53        1629.2         0.740    Sep 15 17:18:02       847     0.24
         0.53        1629.8         0.660    Sep 15 17:18:02       847     0.24
         0.53        1630.6         0.740    Sep 15 17:18:02       847     0.24
         0.53        1631.3         0.700    Sep 15 17:18:03       848     0.24
         0.53        1632.0         0.700    Sep 15 17:18:03       848     0.24
         0.53        1632.7         0.710    Sep 15 17:18:04       849     0.24
         0.53        1633.4         0.700    Sep 15 17:18:04       849     0.24
         0.54        1634.1         0.710    Sep 15 17:18:04       849     0.24
         0.54        1634.8         0.700    Sep 15 17:18:05       850     0.24
         0.54        1635.5         0.660    Sep 15 17:18:05       850     0.24
         0.54        1636.2         0.780    Sep 15 17:18:06       851     0.24
         0.54        1636.9         0.680    Sep 15 17:18:06       851     0.24
         0.54        1637.5         0.620    Sep 15 17:18:06       851     0.24
         0.54        1638.4         0.820    Sep 15 17:18:07       852     0.24
         0.54        1639.1         0.720    Sep 15 17:18:07       852     0.24
         0.54        1639.7         0.670    Sep 15 17:18:08       853     0.24
         0.54        1640.5         0.720    Sep 15 17:18:08       853     0.24
         0.55        1641.1         0.660    Sep 15 17:18:09       854     0.24
         0.55        1641.9         0.740    Sep 15 17:18:09       854     0.24
         0.55        1642.5         0.680    Sep 15 17:18:09       854     0.24
         0.55        1643.2         0.630    Sep 15 17:18:10       855     0.24
         0.55        1644.0         0.800    Sep 15 17:18:10       855     0.24
         0.55        1644.7         0.710    Sep 15 17:18:11       856     0.24
         0.55        1645.3         0.660    Sep 15 17:18:11       856     0.24
         0.55        1646.1         0.740    Sep 15 17:18:12       857     0.24
         0.55        1646.8         0.670    Sep 15 17:18:12       857     0.24
         0.55        1647.5         0.730    Sep 15 17:18:12       857     0.24
         0.56        1648.2         0.750    Sep 15 17:18:13       858     0.24
         0.56        1649.0         0.730    Sep 15 17:18:13       858     0.24
         0.56        1649.6         0.690    Sep 15 17:18:14       859     0.24
         0.56        1650.4         0.730    Sep 15 17:18:14       859     0.24
         0.56        1651.1         0.730    Sep 15 17:18:15       860     0.24
         0.56        1651.9         0.750    Sep 15 17:18:15       860     0.24
         0.56        1652.6         0.700    Sep 15 17:18:15       860     0.24
         0.56        1653.3         0.740    Sep 15 17:18:16       861     0.24
         0.56        1654.0         0.660    Sep 15 17:18:16       861     0.24
         0.56        1654.8         0.790    Sep 15 17:18:17       862     0.24
         0.57        1655.5         0.710    Sep 15 17:18:17       862     0.24
         0.57        1656.1         0.670    Sep 15 17:18:17       862     0.24
         0.57        1656.9         0.740    Sep 15 17:18:18       863     0.24
         0.57        1657.6         0.710    Sep 15 17:18:18       863     0.24
         0.57        1658.3         0.750    Sep 15 17:18:19       864     0.24
         0.57        1659.0         0.710    Sep 15 17:18:19       864     0.24
         0.57        1659.7         0.700    Sep 15 17:18:20       865     0.24
         0.57        1660.5         0.740    Sep 15 17:18:20       865     0.24
         0.57        1661.2         0.730    Sep 15 17:18:21       866     0.24
         0.57        1662.0         0.770    Sep 15 17:18:21       866     0.24
         0.58        1662.7         0.720    Sep 15 17:18:21       866     0.24
         0.58        1663.4         0.720    Sep 15 17:18:22       867     0.24
         0.58        1664.1         0.700    Sep 15 17:18:22       867     0.24
         0.58        1664.8         0.660    Sep 15 17:18:23       868     0.24
         0.58        1665.5         0.740    Sep 15 17:18:23       868     0.24
         0.58        1666.2         0.710    Sep 15 17:18:24       869     0.24
         0.58        1666.9         0.700    Sep 15 17:18:24       869     0.24
         0.58        1667.6         0.700    Sep 15 17:18:24       869     0.24
         0.58        1668.3         0.710    Sep 15 17:18:25       870     0.24
         0.58        1669.0         0.700    Sep 15 17:18:25       870     0.24
         0.59        1669.8         0.750    Sep 15 17:18:26       871     0.24
         0.59        1670.5         0.670    Sep 15 17:18:26       871     0.24
         0.59        1671.2         0.770    Sep 15 17:18:26       871     0.24
         0.59        1671.9         0.710    Sep 15 17:18:27       872     0.24
         0.59        1672.7         0.720    Sep 15 17:18:27       872     0.24
         0.59        1673.5         0.790    Sep 15 17:18:28       873     0.24
         0.59        1674.2         0.740    Sep 15 17:18:28       873     0.24
         0.59        1674.9         0.710    Sep 15 17:18:29       874     0.24
         0.59        1675.6         0.660    Sep 15 17:18:29       874     0.24
         0.59        1676.4         0.790    Sep 15 17:18:29       874     0.24
         0.60        1677.0         0.700    Sep 15 17:18:30       875     0.24
         0.60        1677.7         0.660    Sep 15 17:18:30       875     0.24
         0.60        1678.5         0.750    Sep 15 17:18:31       876     0.24
         0.60        1679.2         0.720    Sep 15 17:18:31       876     0.24
         0.60        1679.9         0.750    Sep 15 17:18:32       877     0.24
         0.60        1680.6         0.700    Sep 15 17:18:32       877     0.24
         0.60        1681.3         0.700    Sep 15 17:18:32       877     0.24
         0.60        1682.1         0.740    Sep 15 17:18:33       878     0.24
         0.60        1682.7         0.670    Sep 15 17:18:33       878     0.24
         0.60        1683.5         0.710    Sep 15 17:18:34       879     0.24
         0.61        1684.2         0.710    Sep 15 17:18:34       879     0.24
         0.61        1684.9         0.730    Sep 15 17:18:34       879     0.24
         0.61        1685.6         0.700    Sep 15 17:18:35       880     0.24
         0.61        1686.3         0.750    Sep 15 17:18:35       880     0.24
         0.61        1687.0         0.710    Sep 15 17:18:36       881     0.24
         0.61        1687.8         0.750    Sep 15 17:18:36       881     0.24
         0.61        1688.5         0.700    Sep 15 17:18:37       882     0.24
         0.61        1689.2         0.700    Sep 15 17:18:37       882     0.24
         0.61        1689.9         0.740    Sep 15 17:18:37       882     0.24
         0.61        1690.7         0.720    Sep 15 17:18:38       883     0.25
         0.62        1691.3         0.660    Sep 15 17:18:38       883     0.25
         0.62        1692.1         0.740    Sep 15 17:18:39       884     0.25
         0.62        1692.8         0.700    Sep 15 17:18:39       884     0.25
         0.62        1693.4         0.670    Sep 15 17:18:39       884     0.25
         0.62        1694.2         0.790    Sep 15 17:18:40       885     0.25
         0.62        1695.0         0.750    Sep 15 17:18:40       885     0.25
         0.62        1695.6         0.670    Sep 15 17:18:41       886     0.25
         0.62        1696.4         0.730    Sep 15 17:18:41       886     0.25
         0.62        1697.1         0.760    Sep 15 17:18:42       887     0.25
         0.62        1697.9         0.740    Sep 15 17:18:42       887     0.25
         0.63        1698.6         0.700    Sep 15 17:18:42       887     0.25
         0.63        1699.3         0.720    Sep 15 17:18:43       888     0.25
         0.63        1700.0         0.700    Sep 15 17:18:43       888     0.25
         0.63        1700.7         0.700    Sep 15 17:18:44       889     0.25
         0.63        1701.5         0.770    Sep 15 17:18:44       889     0.25
         0.63        1702.1         0.660    Sep 15 17:18:44       889     0.25
         0.63        1702.9         0.750    Sep 15 17:18:45       890     0.25
         0.63        1703.6         0.700    Sep 15 17:18:45       890     0.25
         0.63        1704.3         0.700    Sep 15 17:18:46       891     0.25
         0.63        1705.0         0.700    Sep 15 17:18:46       891     0.25
         0.64        1705.7         0.720    Sep 15 17:18:47       892     0.25
         0.64        1706.4         0.700    Sep 15 17:18:47       892     0.25
         0.64        1707.1         0.700    Sep 15 17:18:47       892     0.25
         0.64        1707.8         0.660    Sep 15 17:18:48       893     0.25
         0.64        1708.5         0.750    Sep 15 17:18:48       893     0.25
         0.64        1709.2         0.730    Sep 15 17:18:49       894     0.25
         0.64        1710.0         0.740    Sep 15 17:18:49       894     0.25
         0.64        1710.7         0.720    Sep 15 17:18:49       894     0.25
         0.64        1711.4         0.720    Sep 15 17:18:50       895     0.25
         0.64        1712.2         0.750    Sep 15 17:18:50       895     0.25
         0.65        1712.8         0.670    Sep 15 17:18:51       896     0.25
         0.65        1713.5         0.700    Sep 15 17:18:51       896     0.25
         0.65        1714.2         0.710    Sep 15 17:18:51       896     0.25
         0.65        1714.9         0.700    Sep 15 17:18:52       897     0.25
         0.65        1715.6         0.700    Sep 15 17:18:52       897     0.25
         0.65        1716.3         0.710    Sep 15 17:18:53       898     0.25
         0.65        1717.1         0.720    Sep 15 17:18:53       898     0.25
         0.65        1717.8         0.710    Sep 15 17:18:54       899     0.25
         0.65        1718.5         0.750    Sep 15 17:18:54       899     0.25
         0.65        1719.2         0.700    Sep 15 17:18:54       899     0.25
         0.66        1719.9         0.700    Sep 15 17:18:55       900     0.25
         0.66        1720.6         0.710    Sep 15 17:18:55       900     0.25
         0.66        1721.3         0.700    Sep 15 17:18:56       901     0.25
         0.66        1722.0         0.700    Sep 15 17:18:56       901     0.25
         0.66        1722.8         0.750    Sep 15 17:18:57       902     0.25
         0.66        1723.5         0.710    Sep 15 17:18:57       902     0.25
         0.66        1724.2         0.650    Sep 15 17:18:57       902     0.25
         0.66        1724.9         0.710    Sep 15 17:18:58       903     0.25
         0.66        1725.6         0.750    Sep 15 17:18:58       903     0.25
         0.66        1726.3         0.740    Sep 15 17:18:59       904     0.25
         0.67        1727.1         0.720    Sep 15 17:18:59       904     0.25
         0.67        1727.8         0.740    Sep 15 17:18:59       904     0.25
         0.67        1728.5         0.730    Sep 15 17:19:00       905     0.25
         0.67        1729.2         0.690    Sep 15 17:19:00       905     0.25
         0.67        1729.9         0.710    Sep 15 17:19:01       906     0.25
         0.67        1730.6         0.700    Sep 15 17:19:01       906     0.25
         0.67        1731.4         0.740    Sep 15 17:19:01       906     0.25
         0.67        1732.1         0.760    Sep 15 17:19:02       907     0.25
         0.67        1732.8         0.670    Sep 15 17:19:02       907     0.25
         0.67        1733.6         0.780    Sep 15 17:19:03       908     0.25
         0.68        1734.3         0.740    Sep 15 17:19:03       908     0.25
         0.68        1735.1         0.750    Sep 15 17:19:04       909     0.25
         0.68        1735.7         0.660    Sep 15 17:19:04       909     0.25
         0.68        1736.5         0.790    Sep 15 17:19:04       909     0.25
         0.68        1737.3         0.730    Sep 15 17:19:05       910     0.25
         0.68        1738.0         0.710    Sep 15 17:19:05       910     0.25
         0.68        1738.7         0.740    Sep 15 17:19:06       911     0.25
         0.68        1739.4         0.660    Sep 15 17:19:06       911     0.25
         0.68        1740.1         0.750    Sep 15 17:19:06       911     0.25
         0.68        1740.8         0.700    Sep 15 17:19:07       912     0.25
         0.69        1741.6         0.740    Sep 15 17:19:07       912     0.25
         0.69        1742.3         0.700    Sep 15 17:19:08       913     0.25
         0.69        1742.9         0.660    Sep 15 17:19:08       913     0.25
         0.69        1743.7         0.750    Sep 15 17:19:09       914     0.25
         0.69        1744.3         0.670    Sep 15 17:19:09       914     0.25
         0.69        1745.0         0.690    Sep 15 17:19:09       914     0.25
         0.69        1745.7         0.700    Sep 15 17:19:10       915     0.25
         0.69        1746.5         0.760    Sep 15 17:19:10       915     0.25
         0.69        1747.2         0.760    Sep 15 17:19:11       916     0.25
         0.69        1747.9         0.660    Sep 15 17:19:11       916     0.25
         0.70        1748.6         0.740    Sep 15 17:19:11       916     0.25
         0.70        1749.4         0.710    Sep 15 17:19:12       917     0.25
         0.70        1750.1         0.700    Sep 15 17:19:12       917     0.25
         0.70        1750.8         0.740    Sep 15 17:19:13       918     0.26
         0.70        1751.5         0.720    Sep 15 17:19:13       918     0.26
         0.70        1752.2         0.670    Sep 15 17:19:13       918     0.26
         0.70        1753.0         0.780    Sep 15 17:19:14       919     0.26
         0.70        1753.7         0.760    Sep 15 17:19:14       919     0.26
         0.70        1754.5         0.720    Sep 15 17:19:15       920     0.26
         0.70        1755.1         0.690    Sep 15 17:19:15       920     0.26
         0.71        1755.9         0.760    Sep 15 17:19:16       921     0.26
         0.71        1756.6         0.720    Sep 15 17:19:16       921     0.26
         0.71        1757.4         0.760    Sep 15 17:19:16       921     0.26
         0.71        1758.1         0.710    Sep 15 17:19:17       922     0.26
         0.71        1758.8         0.720    Sep 15 17:19:17       922     0.26
         0.71        1759.6         0.790    Sep 15 17:19:18       923     0.26
         0.71        1760.3         0.730    Sep 15 17:19:18       923     0.26
         0.71        1761.1         0.750    Sep 15 17:19:19       924     0.26
         0.71        1761.9         0.780    Sep 15 17:19:19       924     0.26
         0.71        1762.6         0.730    Sep 15 17:19:19       924     0.26
         0.72        1763.4         0.780    Sep 15 17:19:20       925     0.26
         0.72        1764.1         0.750    Sep 15 17:19:20       925     0.26
         0.72        1764.9         0.740    Sep 15 17:19:21       926     0.26
         0.72        1765.7         0.820    Sep 15 17:19:21       926     0.26
         0.72        1766.5         0.860    Sep 15 17:19:22       927     0.26
         0.72        1767.9         1.330    Sep 15 17:19:22       927     0.26
         0.72        1769.2         1.330    Sep 15 17:19:23       928     0.26
         0.72        1770.5         1.350    Sep 15 17:19:24       929     0.26
         0.72        1771.9         1.330    Sep 15 17:19:24       929     0.26
         0.72        1773.2         1.310    Sep 15 17:19:25       930     0.26
         0.73        1774.5         1.310    Sep 15 17:19:26       931     0.26
         0.73        1775.8         1.300    Sep 15 17:19:26       931     0.26
         0.73        1777.1         1.320    Sep 15 17:19:27       932     0.26
         0.73        1778.4         1.290    Sep 15 17:19:28       933     0.26
         0.73        1779.7         1.320    Sep 15 17:19:29       934     0.26
         0.73        1780.4         0.650    Sep 15 17:19:29       934     0.26
         0.73        1781.2         0.780    Sep 15 17:19:29       934     0.26
         0.73        1781.9         0.700    Sep 15 17:19:30       935     0.26
         0.73        1782.5         0.650    Sep 15 17:19:30       935     0.26
         0.73        1783.3         0.800    Sep 15 17:19:30       935     0.26
         0.74        1784.1         0.760    Sep 15 17:19:31       936     0.26
         0.74        1784.8         0.740    Sep 15 17:19:31       936     0.26
         0.74        1785.5         0.720    Sep 15 17:19:32       937     0.26
         0.74        1786.3         0.800    Sep 15 17:19:32       937     0.26
         0.74        1787.1         0.730    Sep 15 17:19:33       938     0.26
         0.74        1787.8         0.720    Sep 15 17:19:33       938     0.26
         0.74        1788.5         0.770    Sep 15 17:19:33       938     0.26
         0.74        1789.3         0.780    Sep 15 17:19:34       939     0.26
         0.74        1790.1         0.740    Sep 15 17:19:34       939     0.26
         0.74        1790.8         0.760    Sep 15 17:19:35       940     0.26
         0.75        1791.5         0.720    Sep 15 17:19:35       940     0.26
         0.75        1792.3         0.780    Sep 15 17:19:36       941     0.26
         0.75        1793.1         0.760    Sep 15 17:19:36       941     0.26
         0.75        1793.9         0.770    Sep 15 17:19:37       942     0.26
         0.75        1794.6         0.720    Sep 15 17:19:37       942     0.26
         0.75        1795.3         0.740    Sep 15 17:19:37       942     0.26
         0.75        1796.0         0.720    Sep 15 17:19:38       943     0.26
         0.75        1796.8         0.720    Sep 15 17:19:38       943     0.26
         0.75        1797.6         0.810    Sep 15 17:19:39       944     0.26
         0.75        1798.3         0.720    Sep 15 17:19:39       944     0.26
         0.76        1799.1         0.760    Sep 15 17:19:40       945     0.26
         0.76        1799.8         0.730    Sep 15 17:19:40       945     0.26
         0.76        1800.5         0.720    Sep 15 17:19:40       945     0.26
         0.76        1801.3         0.760    Sep 15 17:19:41       946     0.26
         0.76        1802.0         0.720    Sep 15 17:19:41       946     0.26
         0.76        1802.7         0.680    Sep 15 17:19:42       947     0.26
         0.76        1803.4         0.760    Sep 15 17:19:42       947     0.26
         0.76        1804.1         0.690    Sep 15 17:19:42       947     0.26
         0.76        1804.8         0.700    Sep 15 17:19:43       948     0.26
         0.76        1805.5         0.720    Sep 15 17:19:43       948     0.26
         0.77        1806.3         0.740    Sep 15 17:19:44       949     0.26
         0.77        1807.0         0.750    Sep 15 17:19:44       949     0.26
         0.77        1807.7         0.710    Sep 15 17:19:45       950     0.26
         0.77        1808.5         0.740    Sep 15 17:19:45       950     0.26
         0.77        1809.2         0.700    Sep 15 17:19:45       950     0.26
         0.77        1809.9         0.710    Sep 15 17:19:46       951     0.26
         0.77        1810.7         0.780    Sep 15 17:19:46       951     0.26
         0.77        1811.4         0.710    Sep 15 17:19:47       952     0.26
         0.77        1812.1         0.740    Sep 15 17:19:47       952     0.26
         0.77        1812.8         0.710    Sep 15 17:19:47       952     0.26
         0.78        1813.5         0.700    Sep 15 17:19:48       953     0.26
         0.78        1814.3         0.740    Sep 15 17:19:48       953     0.26
         0.78        1815.0         0.710    Sep 15 17:19:49       954     0.27
         0.78        1815.7         0.740    Sep 15 17:19:49       954     0.27
         0.78        1816.4         0.710    Sep 15 17:19:50       955     0.27
         0.78        1817.1         0.700    Sep 15 17:19:50       955     0.27
         0.78        1817.9         0.740    Sep 15 17:19:50       955     0.27
         0.78        1818.6         0.710    Sep 15 17:19:51       956     0.27
         0.78        1819.3         0.760    Sep 15 17:19:51       956     0.27
         0.78        1820.1         0.730    Sep 15 17:19:52       957     0.27
         0.79        1820.8         0.700    Sep 15 17:19:52       957     0.27
         0.79        1821.5         0.750    Sep 15 17:19:53       958     0.27
         0.79        1822.2         0.710    Sep 15 17:19:53       958     0.27
         0.79        1823.0         0.740    Sep 15 17:19:53       958     0.27
         0.79        1823.7         0.700    Sep 15 17:19:54       959     0.27
         0.79        1824.4         0.700    Sep 15 17:19:54       959     0.27
         0.79        1825.1         0.750    Sep 15 17:19:55       960     0.27
         0.79        1825.8         0.660    Sep 15 17:19:55       960     0.27
         0.79        1826.5         0.700    Sep 15 17:19:55       960     0.27
         0.79        1827.2         0.710    Sep 15 17:19:56       961     0.27
         0.80        1827.9         0.700    Sep 15 17:19:56       961     0.27
         0.80        1828.6         0.710    Sep 15 17:19:57       962     0.27
         0.80        1829.3         0.710    Sep 15 17:19:57       962     0.27
         0.80        1830.0         0.690    Sep 15 17:19:57       962     0.27
         0.80        1830.7         0.750    Sep 15 17:19:58       963     0.27
         0.80        1831.4         0.700    Sep 15 17:19:58       963     0.27
         0.80        1832.1         0.700    Sep 15 17:19:59       964     0.27
         0.80        1832.9         0.740    Sep 15 17:19:59       964     0.27
         0.80        1833.5         0.660    Sep 15 17:19:59       964     0.27
         0.80        1834.2         0.710    Sep 15 17:20:00       965     0.27
         0.81        1835.0         0.710    Sep 15 17:20:00       965     0.27
         0.81        1835.7         0.710    Sep 15 17:20:01       966     0.27
         0.81        1836.4         0.710    Sep 15 17:20:01       966     0.27
         0.81        1837.1         0.730    Sep 15 17:20:01       966     0.27
         0.81        1837.8         0.700    Sep 15 17:20:02       967     0.27
         0.81        1838.5         0.710    Sep 15 17:20:02       967     0.27
         0.81        1839.2         0.730    Sep 15 17:20:03       968     0.27
         0.81        1839.9         0.640    Sep 15 17:20:03       968     0.27
         0.81        1840.6         0.730    Sep 15 17:20:04       969     0.27
         0.81        1841.3         0.690    Sep 15 17:20:04       969     0.27
         0.82        1842.0         0.680    Sep 15 17:20:04       969     0.27
         0.82        1842.7         0.690    Sep 15 17:20:05       970     0.27
         0.82        1843.4         0.690    Sep 15 17:20:05       970     0.27
         0.82        1844.0         0.680    Sep 15 17:20:06       971     0.27
         0.82        1844.7         0.690    Sep 15 17:20:06       971     0.27
         0.82        1845.4         0.690    Sep 15 17:20:06       971     0.27
         0.82        1846.1         0.650    Sep 15 17:20:07       972     0.27
         0.82        1846.8         0.730    Sep 15 17:20:07       972     0.27
         0.82        1847.5         0.730    Sep 15 17:20:08       973     0.27
         0.82        1848.3         0.720    Sep 15 17:20:08       973     0.27
         0.83        1849.0         0.700    Sep 15 17:20:08       973     0.27
         0.83        1849.7         0.720    Sep 15 17:20:09       974     0.27
         0.83        1850.4         0.680    Sep 15 17:20:09       974     0.27
         0.83        1851.1         0.720    Sep 15 17:20:10       975     0.27
         0.83        1851.8         0.750    Sep 15 17:20:10       975     0.27
         0.83        1852.5         0.650    Sep 15 17:20:11       976     0.27
         0.83        1853.2         0.680    Sep 15 17:20:11       976     0.27
         0.83        1853.8         0.690    Sep 15 17:20:11       976     0.27
         0.83        1854.5         0.700    Sep 15 17:20:12       977     0.27
         0.83        1855.2         0.690    Sep 15 17:20:12       977     0.27
         0.84        1855.9         0.680    Sep 15 17:20:13       978     0.27
         0.84        1856.6         0.690    Sep 15 17:20:13       978     0.27
         0.84        1857.4         0.770    Sep 15 17:20:13       978     0.27
         0.84        1858.1         0.690    Sep 15 17:20:14       979     0.27
         0.84        1858.8         0.710    Sep 15 17:20:14       979     0.27
         0.84        1859.5         0.730    Sep 15 17:20:15       980     0.27
         0.84        1860.2         0.690    Sep 15 17:20:15       980     0.27
         0.84        1860.9         0.720    Sep 15 17:20:16       981     0.27
         0.84        1861.6         0.690    Sep 15 17:20:16       981     0.27
         0.84        1862.3         0.690    Sep 15 17:20:16       981     0.27
         0.85        1863.0         0.680    Sep 15 17:20:17       982     0.27
         0.85        1863.7         0.730    Sep 15 17:20:17       982     0.27
         0.85        1864.4         0.720    Sep 15 17:20:18       983     0.27
         0.85        1865.1         0.650    Sep 15 17:20:18       983     0.27
         0.85        1865.9         0.770    Sep 15 17:20:18       983     0.27
         0.85        1866.6         0.730    Sep 15 17:20:19       984     0.27
         0.85        1867.3         0.690    Sep 15 17:20:19       984     0.27
         0.85        1868.0         0.680    Sep 15 17:20:20       985     0.27
         0.85        1868.7         0.710    Sep 15 17:20:20       985     0.27
         0.85        1869.4         0.700    Sep 15 17:20:20       985     0.27
         0.86        1870.1         0.700    Sep 15 17:20:21       986     0.27
         0.86        1870.8         0.750    Sep 15 17:20:21       986     0.27
         0.86        1871.5         0.640    Sep 15 17:20:22       987     0.27
         0.86        1872.2         0.780    Sep 15 17:20:22       987     0.27
         0.86        1873.0         0.750    Sep 15 17:20:23       988     0.27
         0.86        1873.7         0.690    Sep 15 17:20:23       988     0.27
         0.86        1874.3         0.680    Sep 15 17:20:23       988     0.27
         0.86        1875.1         0.730    Sep 15 17:20:24       989     0.27
         0.86        1875.8         0.680    Sep 15 17:20:24       989     0.27
         0.86        1876.4         0.640    Sep 15 17:20:25       990     0.28
         0.87        1877.1         0.720    Sep 15 17:20:25       990     0.28
         0.87        1877.8         0.730    Sep 15 17:20:25       990     0.28
         0.87        1878.6         0.720    Sep 15 17:20:26       991     0.28
         0.87        1879.3         0.690    Sep 15 17:20:26       991     0.28
         0.87        1880.0         0.690    Sep 15 17:20:27       992     0.28
         0.87        1880.7         0.730    Sep 15 17:20:27       992     0.28
         0.87        1881.4         0.690    Sep 15 17:20:27       992     0.28
         0.87        1882.1         0.720    Sep 15 17:20:28       993     0.28
         0.87        1882.8         0.720    Sep 15 17:20:28       993     0.28
         0.87        1883.5         0.680    Sep 15 17:20:29       994     0.28
         0.88        1884.2         0.740    Sep 15 17:20:29       994     0.28
         0.88        1884.9         0.640    Sep 15 17:20:30       995     0.28
         0.88        1885.6         0.720    Sep 15 17:20:30       995     0.28
         0.88        1886.3         0.700    Sep 15 17:20:30       995     0.28
         0.88        1887.0         0.730    Sep 15 17:20:31       996     0.28
         0.88        1887.7         0.690    Sep 15 17:20:31       996     0.28
         0.88        1888.4         0.690    Sep 15 17:20:32       997     0.28
         0.88        1889.1         0.750    Sep 15 17:20:32       997     0.28
         0.88        1889.8         0.650    Sep 15 17:20:33       998     0.28
         0.88        1890.5         0.670    Sep 15 17:20:33       998     0.28
         0.89        1891.2         0.690    Sep 15 17:20:33       998     0.28
         0.89        1891.9         0.710    Sep 15 17:20:34       999     0.28
         0.89        1892.6         0.700    Sep 15 17:20:34       999     0.28
         0.89        1893.3         0.720    Sep 15 17:20:35      1000     0.28
         0.89        1894.0         0.700    Sep 15 17:20:35      1000     0.28
         0.89        1894.7         0.740    Sep 15 17:20:35      1000     0.28
         0.89        1895.4         0.670    Sep 15 17:20:36      1001     0.28
         0.89        1896.1         0.740    Sep 15 17:20:36      1001     0.28
         0.89        1896.8         0.700    Sep 15 17:20:37      1002     0.28
         0.89        1897.5         0.700    Sep 15 17:20:37      1002     0.28
         0.90        1898.2         0.710    Sep 15 17:20:37      1002     0.28
         0.90        1899.0         0.730    Sep 15 17:20:38      1003     0.28
         0.90        1899.7         0.710    Sep 15 17:20:38      1003     0.28
         0.90        1900.4         0.740    Sep 15 17:20:39      1004     0.28
         0.90        1901.1         0.700    Sep 15 17:20:39      1004     0.28
         0.90        1901.8         0.660    Sep 15 17:20:40      1005     0.28
         0.90        1902.6         0.810    Sep 15 17:20:40      1005     0.28
         0.90        1903.3         0.740    Sep 15 17:20:40      1005     0.28
         0.90        1904.1         0.750    Sep 15 17:20:41      1006     0.28
         0.90        1904.8         0.660    Sep 15 17:20:41      1006     0.28
         0.91        1905.5         0.800    Sep 15 17:20:42      1007     0.28
         0.91        1906.2         0.700    Sep 15 17:20:42      1007     0.28
         0.91        1906.9         0.650    Sep 15 17:20:42      1007     0.28
         0.91        1907.6         0.710    Sep 15 17:20:43      1008     0.28
         0.91        1908.3         0.660    Sep 15 17:20:43      1008     0.28
         0.91        1909.0         0.700    Sep 15 17:20:44      1009     0.28
         0.91        1909.6         0.660    Sep 15 17:20:44      1009     0.28
         0.91        1910.4         0.740    Sep 15 17:20:44      1009     0.28
         0.91        1911.1         0.750    Sep 15 17:20:45      1010     0.28
         0.91        1911.8         0.660    Sep 15 17:20:45      1010     0.28
         0.92        1912.5         0.730    Sep 15 17:20:46      1011     0.28
         0.92        1913.3         0.750    Sep 15 17:20:46      1011     0.28
         0.92        1914.0         0.740    Sep 15 17:20:46      1011     0.28
         0.92        1914.7         0.670    Sep 15 17:20:47      1012     0.28
         0.92        1915.5         0.780    Sep 15 17:20:47      1012     0.28
         0.92        1916.2         0.700    Sep 15 17:20:48      1013     0.28
         0.92        1916.8         0.660    Sep 15 17:20:48      1013     0.28
         0.92        1917.5         0.710    Sep 15 17:20:48      1013     0.28
         0.92        1918.2         0.670    Sep 15 17:20:49      1014     0.28
         0.92        1918.9         0.700    Sep 15 17:20:49      1014     0.28
         0.93        1919.6         0.660    Sep 15 17:20:50      1015     0.28
         0.93        1920.4         0.830    Sep 15 17:20:50      1015     0.28
         0.93        1921.1         0.710    Sep 15 17:20:50      1015     0.28
         0.93        1921.8         0.700    Sep 15 17:20:51      1016     0.28
         0.93        1922.5         0.700    Sep 15 17:20:51      1016     0.28
         0.93        1923.2         0.750    Sep 15 17:20:52      1017     0.28
         0.93        1923.9         0.700    Sep 15 17:20:52      1017     0.28
         0.93        1924.7         0.750    Sep 15 17:20:53      1018     0.28
         0.93        1925.4         0.740    Sep 15 17:20:53      1018     0.28
         0.93        1926.2         0.720    Sep 15 17:20:53      1018     0.28
         0.94        1926.9         0.740    Sep 15 17:20:54      1019     0.28
         0.94        1927.5         0.660    Sep 15 17:20:54      1019     0.28
         0.94        1928.2         0.700    Sep 15 17:20:55      1020     0.28
         0.94        1928.9         0.660    Sep 15 17:20:55      1020     0.28
         0.94        1929.7         0.790    Sep 15 17:20:55      1020     0.28
         0.94        1930.4         0.700    Sep 15 17:20:56      1021     0.28
         0.94        1931.1         0.660    Sep 15 17:20:56      1021     0.28
         0.94        1931.8         0.740    Sep 15 17:20:57      1022     0.28
         0.94        1932.5         0.710    Sep 15 17:20:57      1022     0.28
         0.94        1933.2         0.730    Sep 15 17:20:57      1022     0.28
         0.95        1934.0         0.710    Sep 15 17:20:58      1023     0.28
         0.95        1934.7         0.740    Sep 15 17:20:58      1023     0.28
         0.95        1935.4         0.700    Sep 15 17:20:59      1024     0.28
         0.95        1936.1         0.720    Sep 15 17:20:59      1024     0.28
         0.95        1936.8         0.740    Sep 15 17:20:59      1024     0.28
         0.95        1937.5         0.660    Sep 15 17:21:00      1025     0.28
         0.95        1938.2         0.690    Sep 15 17:21:00      1025     0.28
         0.95        1938.9         0.670    Sep 15 17:21:01      1026     0.28
         0.95        1939.7         0.780    Sep 15 17:21:01      1026     0.28
         0.95        1940.3         0.700    Sep 15 17:21:01      1026     0.28
         0.96        1941.0         0.660    Sep 15 17:21:02      1027     0.29
         0.96        1941.8         0.740    Sep 15 17:21:02      1027     0.29
         0.96        1942.4         0.670    Sep 15 17:21:03      1028     0.29
         0.96        1943.2         0.740    Sep 15 17:21:03      1028     0.29
         0.96        1943.8         0.660    Sep 15 17:21:03      1028     0.29
         0.96        1944.6         0.750    Sep 15 17:21:04      1029     0.29
         0.96        1945.3         0.740    Sep 15 17:21:04      1029     0.29
         0.96        1946.1         0.750    Sep 15 17:21:05      1030     0.29
         0.96        1946.8         0.700    Sep 15 17:21:05      1030     0.29
         0.96        1947.5         0.700    Sep 15 17:21:06      1031     0.29
         0.97        1948.2         0.740    Sep 15 17:21:06      1031     0.29
         0.97        1948.9         0.700    Sep 15 17:21:06      1031     0.29
         0.97        1949.7         0.750    Sep 15 17:21:07      1032     0.29
         0.97        1950.3         0.700    Sep 15 17:21:07      1032     0.29
         0.97        1951.0         0.700    Sep 15 17:21:08      1033     0.29
         0.97        1951.8         0.740    Sep 15 17:21:08      1033     0.29
         0.97        1952.5         0.670    Sep 15 17:21:08      1033     0.29
         0.97        1953.2         0.700    Sep 15 17:21:09      1034     0.29
         0.97        1953.9         0.710    Sep 15 17:21:09      1034     0.29
         0.97        1954.6         0.710    Sep 15 17:21:10      1035     0.29
         0.98        1955.3         0.700    Sep 15 17:21:10      1035     0.29
         0.98        1956.0         0.700    Sep 15 17:21:10      1035     0.29
         0.98        1956.7         0.740    Sep 15 17:21:11      1036     0.29
         0.98        1957.4         0.710    Sep 15 17:21:11      1036     0.29
         0.98        1958.1         0.690    Sep 15 17:21:12      1037     0.29
         0.98        1958.8         0.710    Sep 15 17:21:12      1037     0.29
         0.98        1959.5         0.700    Sep 15 17:21:12      1037     0.29
         0.98        1960.2         0.670    Sep 15 17:21:13      1038     0.29
         0.98        1960.9         0.730    Sep 15 17:21:13      1038     0.29
         0.98        1961.6         0.670    Sep 15 17:21:14      1039     0.29
         0.98        1962.3         0.690    Sep 15 17:21:14      1039     0.29
         0.99        1963.0         0.710    Sep 15 17:21:14      1039     0.29
         0.99        1963.7         0.710    Sep 15 17:21:15      1040     0.29
         0.99        1964.4         0.730    Sep 15 17:21:15      1040     0.29
         0.99        1965.1         0.700    Sep 15 17:21:16      1041     0.29
         0.99        1965.9         0.750    Sep 15 17:21:16      1041     0.29
         0.99        1966.6         0.700    Sep 15 17:21:16      1041     0.29
         0.99        1967.3         0.700    Sep 15 17:21:17      1042     0.29
         0.99        1968.0         0.750    Sep 15 17:21:17      1042     0.29
         0.99        1968.7         0.700    Sep 15 17:21:18      1043     0.29
         0.99        1969.5         0.750    Sep 15 17:21:18      1043     0.29
         1.00        1970.2         0.700    Sep 15 17:21:18      1043     0.29
         1.00        1970.9         0.710    Sep 15 17:21:19      1044     0.29
         1.00        1971.6         0.740    Sep 15 17:21:19      1044     0.29
         1.00        1972.3         0.670    Sep 15 17:21:20      1045     0.29
         1.00        1973.0         0.700    Sep 15 17:21:20      1045     0.29
