#    Start: ------ Host: "mendez-famaf" ----------Sun Sep 18 02:39:56 2022

#    Time[fs]   CPU-time[s]     Delta-CPU    Real time        RealT[s]     [h]
#       -0.00           7.8                  Sep 18 02:40:04         0     0.00
         0.00          44.4        36.530    Sep 18 02:40:17        13     0.00
         0.00        1134.5      1090.160    Sep 18 02:46:34       390     0.11
         0.00        2053.3       918.750    Sep 18 02:51:50       706     0.20
         0.00        2919.0       865.770    Sep 18 02:56:47      1003     0.28
         0.00        3842.5       923.470    Sep 18 03:02:05      1321     0.37
         0.01        5803.8      1961.250    Sep 18 03:13:29      2005     0.56
         0.01        7278.7      1474.900    Sep 18 03:21:56      2512     0.70
         0.01        8397.9      1119.280    Sep 18 03:28:16      2892     0.80
         0.01        9478.8      1080.900    Sep 18 03:34:24      3260     0.91
         0.01       10646.5      1167.620    Sep 18 03:41:04      3660     1.02
         0.01       12035.9      1389.480    Sep 18 03:49:08      4144     1.15
         0.01       13526.6      1490.670    Sep 18 03:57:50      4666     1.30
         0.01       14314.3       787.700    Sep 18 04:02:19      4935     1.37
         0.01       14840.1       525.750    Sep 18 04:05:16      5112     1.42
         0.01       15337.4       497.340    Sep 18 04:08:04      5280     1.47
         0.02       15804.6       467.210    Sep 18 04:10:41      5437     1.51
         0.02       16239.5       434.850    Sep 18 04:13:08      5584     1.55
         0.02       16660.8       421.310    Sep 18 04:15:30      5726     1.59
         0.02       17088.0       427.190    Sep 18 04:17:54      5870     1.63
         0.02       17468.2       380.250    Sep 18 04:20:02      5998     1.67
         0.02       17823.4       355.170    Sep 18 04:22:02      6118     1.70
         0.02       18158.2       334.860    Sep 18 04:23:55      6231     1.73
         0.02       18474.5       316.220    Sep 18 04:25:41      6337     1.76
         0.02       18774.9       300.470    Sep 18 04:27:23      6439     1.79
         0.02       19060.1       285.150    Sep 18 04:28:59      6535     1.82
         0.03       19333.3       273.250    Sep 18 04:30:31      6627     1.84
         0.03       19595.0       261.690    Sep 18 04:31:59      6715     1.87
         0.03       19854.9       259.840    Sep 18 04:33:27      6803     1.89
         0.03       20112.0       257.120    Sep 18 04:34:53      6889     1.91
         0.03       20380.6       268.650    Sep 18 04:36:24      6980     1.94
         0.03       20642.0       261.350    Sep 18 04:37:52      7068     1.96
         0.03       20891.6       249.660    Sep 18 04:39:16      7152     1.99
         0.03       21117.6       225.970    Sep 18 04:40:32      7228     2.01
         0.03       21334.4       216.840    Sep 18 04:41:44      7300     2.03
         0.03       21542.5       208.050    Sep 18 04:42:55      7371     2.05
         0.03       21747.0       204.510    Sep 18 04:44:03      7439     2.07
         0.04       21947.6       200.550    Sep 18 04:45:11      7507     2.09
         0.04       22144.2       196.670    Sep 18 04:46:17      7573     2.10
         0.04       22337.2       192.960    Sep 18 04:47:22      7638     2.12
         0.04       22524.4       187.180    Sep 18 04:48:25      7701     2.14
         0.04       22710.9       186.530    Sep 18 04:49:28      7764     2.16
         0.04       22893.7       182.760    Sep 18 04:50:29      7825     2.17
         0.04       23072.3       178.600    Sep 18 04:51:29      7885     2.19
         0.04       23248.7       176.430    Sep 18 04:52:29      7945     2.21
         0.04       23422.2       173.550    Sep 18 04:53:27      8003     2.22
         0.04       23591.0       168.740    Sep 18 04:54:24      8060     2.24
         0.05       23759.0       168.000    Sep 18 04:55:20      8116     2.25
         0.05       23924.4       165.380    Sep 18 04:56:16      8172     2.27
         0.05       24092.4       168.090    Sep 18 04:57:13      8229     2.29
         0.05       24258.6       166.190    Sep 18 04:58:09      8285     2.30
         0.05       24427.6       168.950    Sep 18 04:59:06      8342     2.32
         0.05       24597.7       170.150    Sep 18 05:00:03      8399     2.33
         0.05       24774.0       176.290    Sep 18 05:01:02      8458     2.35
         0.05       24959.1       185.070    Sep 18 05:02:05      8521     2.37
         0.05       25122.7       163.570    Sep 18 05:03:00      8576     2.38
         0.05       25279.0       156.330    Sep 18 05:03:53      8629     2.40
         0.06       25429.8       150.830    Sep 18 05:04:43      8679     2.41
         0.06       25578.5       148.700    Sep 18 05:05:33      8729     2.42
         0.06       25725.2       146.680    Sep 18 05:06:23      8779     2.44
         0.06       25866.5       141.290    Sep 18 05:07:10      8826     2.45
         0.06       26005.9       139.450    Sep 18 05:07:57      8873     2.46
         0.06       26145.8       139.820    Sep 18 05:08:44      8920     2.48
         0.06       26283.5       137.760    Sep 18 05:09:31      8967     2.49
         0.06       26421.4       137.820    Sep 18 05:10:17      9013     2.50
         0.06       26558.0       136.610    Sep 18 05:11:03      9059     2.52
         0.07       26694.5       136.580    Sep 18 05:11:49      9105     2.53
         0.07       26831.8       137.230    Sep 18 05:12:35      9151     2.54
         0.07       26968.2       136.440    Sep 18 05:13:21      9197     2.55
         0.07       27101.0       132.770    Sep 18 05:14:06      9242     2.57
         0.07       27234.2       133.170    Sep 18 05:14:51      9287     2.58
         0.07       27365.4       131.260    Sep 18 05:15:35      9331     2.59
         0.07       27495.5       130.090    Sep 18 05:16:19      9375     2.60
         0.07       27625.8       130.250    Sep 18 05:17:03      9419     2.62
         0.07       27757.7       131.920    Sep 18 05:17:47      9463     2.63
         0.07       27892.4       134.780    Sep 18 05:18:33      9509     2.64
         0.08       28026.4       133.960    Sep 18 05:19:18      9554     2.65
         0.08       28159.8       133.430    Sep 18 05:20:03      9599     2.67
         0.08       28297.9       138.070    Sep 18 05:20:49      9645     2.68
         0.08       28437.0       139.110    Sep 18 05:21:36      9692     2.69
         0.08       28578.0       140.960    Sep 18 05:22:24      9740     2.71
         0.08       28721.1       143.080    Sep 18 05:23:12      9788     2.72
         0.08       28863.1       142.070    Sep 18 05:24:00      9836     2.73
         0.08       29005.6       142.470    Sep 18 05:24:48      9884     2.75
         0.08       29148.4       142.810    Sep 18 05:25:36      9932     2.76
         0.08       29290.3       141.900    Sep 18 05:26:24      9980     2.77
         0.09       29429.9       139.550    Sep 18 05:27:11     10027     2.79
         0.09       29565.9       136.050    Sep 18 05:27:57     10073     2.80
         0.09       29703.5       137.550    Sep 18 05:28:43     10119     2.81
         0.09       29841.9       138.470    Sep 18 05:29:30     10166     2.82
         0.09       29977.5       135.610    Sep 18 05:30:15     10211     2.84
         0.09       30113.7       136.140    Sep 18 05:31:01     10257     2.85
         0.09       30250.7       137.050    Sep 18 05:31:47     10303     2.86
         0.09       30385.2       134.460    Sep 18 05:32:33     10349     2.87
         0.09       30518.6       133.360    Sep 18 05:33:17     10393     2.89
         0.09       30651.2       132.690    Sep 18 05:34:02     10438     2.90
         0.09       30782.1       130.830    Sep 18 05:34:46     10482     2.91
         0.10       30915.0       132.880    Sep 18 05:35:31     10527     2.92
         0.10       31048.6       133.610    Sep 18 05:36:16     10572     2.94
         0.10       31182.7       134.100    Sep 18 05:37:01     10617     2.95
         0.10       31314.8       132.150    Sep 18 05:37:46     10662     2.96
         0.10       31443.2       128.370    Sep 18 05:38:29     10705     2.97
         0.10       31573.2       129.980    Sep 18 05:39:13     10749     2.99
         0.10       31704.0       130.790    Sep 18 05:39:57     10793     3.00
         0.10       31835.9       131.910    Sep 18 05:40:41     10837     3.01
         0.10       31967.1       131.200    Sep 18 05:41:25     10881     3.02
         0.11       32096.2       129.120    Sep 18 05:42:09     10925     3.03
         0.11       32225.5       129.330    Sep 18 05:42:52     10968     3.05
         0.11       32354.5       128.980    Sep 18 05:43:36     11012     3.06
         0.11       32486.6       132.120    Sep 18 05:44:20     11056     3.07
         0.11       32618.4       131.780    Sep 18 05:45:04     11100     3.08
         0.11       32748.1       129.680    Sep 18 05:45:48     11144     3.10
         0.11       32879.1       131.070    Sep 18 05:46:32     11188     3.11
         0.11       33010.0       130.880    Sep 18 05:47:16     11232     3.12
         0.11       33140.1       130.030    Sep 18 05:48:00     11276     3.13
         0.11       33268.7       128.600    Sep 18 05:48:43     11319     3.14
         0.12       33398.7       130.060    Sep 18 05:49:27     11363     3.16
         0.12       33528.7       129.950    Sep 18 05:50:11     11407     3.17
         0.12       33659.8       131.130    Sep 18 05:50:55     11451     3.18
         0.12       33790.0       130.210    Sep 18 05:51:39     11495     3.19
         0.12       33918.8       128.820    Sep 18 05:52:22     11538     3.21
         0.12       34049.2       130.340    Sep 18 05:53:06     11582     3.22
         0.12       34181.0       131.830    Sep 18 05:53:51     11627     3.23
         0.12       34312.7       131.720    Sep 18 05:54:35     11671     3.24
         0.12       34447.7       134.960    Sep 18 05:55:21     11717     3.25
         0.12       34582.3       134.680    Sep 18 05:56:06     11762     3.27
         0.12       34715.9       133.530    Sep 18 05:56:51     11807     3.28
         0.13       34850.1       134.250    Sep 18 05:57:36     11852     3.29
         0.13       34985.4       135.250    Sep 18 05:58:22     11898     3.31
         0.13       35122.4       137.060    Sep 18 05:59:08     11944     3.32
         0.13       35257.2       134.800    Sep 18 05:59:54     11990     3.33
         0.13       35395.9       138.610    Sep 18 06:00:40     12036     3.34
         0.13       35528.6       132.750    Sep 18 06:01:25     12081     3.36
         0.13       35664.3       135.690    Sep 18 06:02:11     12127     3.37
         0.13       35802.2       137.860    Sep 18 06:02:57     12173     3.38
         0.13       35943.9       141.770    Sep 18 06:03:46     12222     3.40
         0.13       36088.1       144.200    Sep 18 06:04:37     12273     3.41
         0.14       36229.7       141.570    Sep 18 06:05:25     12321     3.42
         0.14       36370.8       141.150    Sep 18 06:06:12     12368     3.44
         0.14       36517.0       146.130    Sep 18 06:07:02     12418     3.45
         0.14       36665.4       148.450    Sep 18 06:07:52     12468     3.46
         0.14       36818.0       152.580    Sep 18 06:08:43     12519     3.48
         0.14       36973.6       155.640    Sep 18 06:09:36     12572     3.49
         0.14       37130.2       156.530    Sep 18 06:10:29     12625     3.51
         0.14       37282.8       152.630    Sep 18 06:11:20     12676     3.52
         0.14       37440.3       157.530    Sep 18 06:12:13     12729     3.54
         0.14       37597.2       156.890    Sep 18 06:13:06     12782     3.55
         0.15       37757.1       159.920    Sep 18 06:14:00     12836     3.57
         0.15       37921.2       164.110    Sep 18 06:14:56     12892     3.58
         0.15       38090.0       168.730    Sep 18 06:15:53     12949     3.60
         0.15       38267.5       177.510    Sep 18 06:16:53     13009     3.61
         0.15       38456.3       188.810    Sep 18 06:17:56     13072     3.63
         0.15       38697.0       240.680    Sep 18 06:19:18     13154     3.65
         0.15       39291.8       594.860    Sep 18 06:22:41     13357     3.71
         0.15       39646.5       354.660    Sep 18 06:24:40     13476     3.74
         0.15       39945.1       298.630    Sep 18 06:26:21     13577     3.77
         0.15       40674.6       729.500    Sep 18 06:30:32     13828     3.84
         0.16       41558.3       883.700    Sep 18 06:35:34     14130     3.92
         0.16       42336.1       777.810    Sep 18 06:39:59     14395     4.00
         0.16       43064.3       728.120    Sep 18 06:44:07     14643     4.07
         0.16       43689.6       625.320    Sep 18 06:47:39     14855     4.13
         0.16       44205.6       516.050    Sep 18 06:50:34     15030     4.17
         0.16       44706.4       500.730    Sep 18 06:53:22     15198     4.22
         0.16       45179.0       472.600    Sep 18 06:56:02     15358     4.27
         0.16       45630.3       451.360    Sep 18 06:58:34     15510     4.31
         0.16       46063.7       433.340    Sep 18 07:01:00     15656     4.35
         0.16       46494.6       430.950    Sep 18 07:03:26     15802     4.39
         0.17       46918.4       423.750    Sep 18 07:05:48     15944     4.43
         0.17       47326.8       408.480    Sep 18 07:08:06     16082     4.47
         0.17       47732.9       406.100    Sep 18 07:10:22     16218     4.50
         0.17       48124.6       391.670    Sep 18 07:12:34     16350     4.54
         0.17       48517.7       393.040    Sep 18 07:14:46     16482     4.58
         0.17       48903.5       385.890    Sep 18 07:16:56     16612     4.61
         0.17       49289.1       385.540    Sep 18 07:19:06     16742     4.65
         0.17       49677.5       388.440    Sep 18 07:21:18     16874     4.69
         0.17       50059.7       382.220    Sep 18 07:23:27     17003     4.72
         0.17       50439.0       379.240    Sep 18 07:25:35     17131     4.76
         0.18       50809.0       369.990    Sep 18 07:27:40     17256     4.79
         0.18       51171.0       362.000    Sep 18 07:29:42     17378     4.83
         0.18       51531.4       360.440    Sep 18 07:31:43     17499     4.86
         0.18       51880.9       349.480    Sep 18 07:33:41     17617     4.89
         0.18       52226.8       345.960    Sep 18 07:35:38     17734     4.93
         0.18       52566.3       339.420    Sep 18 07:37:32     17848     4.96
         0.18       52903.5       337.260    Sep 18 07:39:26     17962     4.99
         0.18       53235.2       331.700    Sep 18 07:41:18     18074     5.02
         0.18       53558.8       323.540    Sep 18 07:43:07     18183     5.05
         0.18       53880.4       321.610    Sep 18 07:44:55     18291     5.08
         0.19       54196.6       316.250    Sep 18 07:46:42     18398     5.11
         0.19       54506.0       309.390    Sep 18 07:48:26     18502     5.14
         0.19       54815.9       309.890    Sep 18 07:50:11     18607     5.17
         0.19       55127.5       311.540    Sep 18 07:51:56     18712     5.20
         0.19       55437.1       309.600    Sep 18 07:53:40     18816     5.23
         0.19       55743.1       306.030    Sep 18 07:55:23     18919     5.26
         0.19       56054.0       310.880    Sep 18 07:57:08     19024     5.28
         0.19       56367.1       313.170    Sep 18 07:58:54     19130     5.31
         0.19       56687.1       319.930    Sep 18 08:00:42     19238     5.34
         0.19       57015.2       328.180    Sep 18 08:02:33     19349     5.37
         0.20       57364.9       349.630    Sep 18 08:04:32     19468     5.41
         0.20       57714.5       349.580    Sep 18 08:06:31     19587     5.44
         0.20       58059.2       344.770    Sep 18 08:08:28     19704     5.47
         0.20       58394.6       335.400    Sep 18 08:10:22     19818     5.50
         0.20       58705.4       310.740    Sep 18 08:12:07     19923     5.53
         0.20       59011.7       306.340    Sep 18 08:13:51     20027     5.56
         0.20       59312.2       300.510    Sep 18 08:15:33     20129     5.59
         0.20       59609.7       297.470    Sep 18 08:17:14     20230     5.62
         0.20       59897.0       287.290    Sep 18 08:18:51     20327     5.65
         0.21       60167.8       270.880    Sep 18 08:20:22     20418     5.67
         0.21       60435.0       267.140    Sep 18 08:21:52     20508     5.70
         0.21       60695.0       259.990    Sep 18 08:23:20     20596     5.72
         0.21       60950.9       255.870    Sep 18 08:24:46     20682     5.75
         0.21       61202.2       251.300    Sep 18 08:26:11     20767     5.77
         0.21       61450.3       248.150    Sep 18 08:27:35     20851     5.79
         0.21       61692.5       242.230    Sep 18 08:28:56     20932     5.81
         0.21       61933.9       241.370    Sep 18 08:30:18     21014     5.84
         0.21       62167.1       233.220    Sep 18 08:31:36     21092     5.86
         0.21       62397.4       230.240    Sep 18 08:32:54     21170     5.88
         0.22       62620.4       223.040    Sep 18 08:34:09     21245     5.90
         0.22       62836.8       216.350    Sep 18 08:35:22     21318     5.92
         0.22       63055.1       218.360    Sep 18 08:36:35     21391     5.94
         0.22       63275.3       220.200    Sep 18 08:37:49     21465     5.96
         0.22       63496.5       221.230    Sep 18 08:39:04     21540     5.98
         0.22       63742.2       245.630    Sep 18 08:40:26     21622     6.01
         0.22       63964.0       221.830    Sep 18 08:41:41     21697     6.03
         0.22       64191.2       227.190    Sep 18 08:42:57     21773     6.05
         0.22       64419.6       228.450    Sep 18 08:44:14     21850     6.07
         0.22       64655.4       235.800    Sep 18 08:45:33     21929     6.09
         0.23       64901.8       246.340    Sep 18 08:46:56     22012     6.11
         0.23       65154.8       252.970    Sep 18 08:48:21     22097     6.14
         0.23       65409.8       255.000    Sep 18 08:49:47     22183     6.16
         0.23       65676.6       266.830    Sep 18 08:51:17     22273     6.19
         0.23       65943.8       267.220    Sep 18 08:52:47     22363     6.21
         0.23       66207.4       263.610    Sep 18 08:54:16     22452     6.24
         0.23       66467.1       259.730    Sep 18 08:55:43     22539     6.26
         0.23       66726.9       259.810    Sep 18 08:57:11     22627     6.29
         0.23       66985.0       258.020    Sep 18 08:58:38     22714     6.31
         0.23       67237.7       252.680    Sep 18 09:00:03     22799     6.33
         0.24       67490.4       252.770    Sep 18 09:01:28     22884     6.36
         0.24       67741.6       251.190    Sep 18 09:02:52     22968     6.38
         0.24       67992.5       250.890    Sep 18 09:04:17     23053     6.40
         0.24       68243.6       251.090    Sep 18 09:05:42     23138     6.43
         0.24       68492.8       249.250    Sep 18 09:07:06     23222     6.45
         0.24       68742.7       249.840    Sep 18 09:08:30     23306     6.47
         0.24       68979.9       237.210    Sep 18 09:09:50     23386     6.50
         0.24       69220.5       240.600    Sep 18 09:11:11     23467     6.52
         0.24       69458.3       237.780    Sep 18 09:12:31     23547     6.54
         0.24       69696.3       238.040    Sep 18 09:13:51     23627     6.56
         0.25       69930.7       234.420    Sep 18 09:15:10     23706     6.58
         0.25       70165.4       234.710    Sep 18 09:16:29     23785     6.61
         0.25       70396.5       231.050    Sep 18 09:17:48     23864     6.63
         0.25       70627.5       231.050    Sep 18 09:19:06     23942     6.65
         0.25       70857.2       229.630    Sep 18 09:20:23     24019     6.67
         0.25       71085.1       227.950    Sep 18 09:21:40     24096     6.69
         0.25       71312.5       227.370    Sep 18 09:22:57     24173     6.71
         0.25       71537.6       225.130    Sep 18 09:24:13     24249     6.74
         0.25       71762.6       224.930    Sep 18 09:25:29     24325     6.76
         0.25       71987.1       224.510    Sep 18 09:26:45     24401     6.78
         0.26       72210.6       223.500    Sep 18 09:28:01     24477     6.80
         0.26       72435.1       224.590    Sep 18 09:29:16     24552     6.82
         0.26       72655.2       220.100    Sep 18 09:30:31     24627     6.84
         0.26       72877.5       222.270    Sep 18 09:31:46     24702     6.86
         0.26       73099.4       221.850    Sep 18 09:33:00     24776     6.88
         0.26       73323.0       223.640    Sep 18 09:34:15     24851     6.90
         0.26       73551.1       228.130    Sep 18 09:35:32     24928     6.92
         0.26       73782.9       231.800    Sep 18 09:36:50     25006     6.95
         0.26       74022.1       239.130    Sep 18 09:38:11     25087     6.97
         0.26       74278.2       256.100    Sep 18 09:39:37     25173     6.99
         0.27       74595.2       317.020    Sep 18 09:41:25     25281     7.02
         0.27       74938.4       343.180    Sep 18 09:43:22     25398     7.05
         0.27       75280.8       342.460    Sep 18 09:45:19     25515     7.09
         0.27       75625.4       344.610    Sep 18 09:47:17     25633     7.12
         0.27       75973.1       347.640    Sep 18 09:49:15     25751     7.15
         0.27       76307.9       334.820    Sep 18 09:51:10     25866     7.18
         0.27       76661.4       353.450    Sep 18 09:53:10     25986     7.22
         0.27       77173.4       512.060    Sep 18 09:56:04     26160     7.27
         0.27       77628.0       454.570    Sep 18 09:58:37     26313     7.31
         0.27       78040.4       412.390    Sep 18 10:00:56     26452     7.35
         0.28       78429.2       388.800    Sep 18 10:03:07     26583     7.38
         0.28       78799.8       370.580    Sep 18 10:05:12     26708     7.42
         0.28       79166.7       366.980    Sep 18 10:07:15     26831     7.45
         0.28       79514.4       347.710    Sep 18 10:09:12     26948     7.49
         0.28       79839.5       325.040    Sep 18 10:11:01     27057     7.52
         0.28       80153.8       314.330    Sep 18 10:12:47     27163     7.55
         0.28       80454.8       300.960    Sep 18 10:14:28     27264     7.57
         0.28       80744.3       289.540    Sep 18 10:16:05     27361     7.60
         0.28       81027.6       283.240    Sep 18 10:17:40     27456     7.63
         0.28       81306.4       278.830    Sep 18 10:19:14     27550     7.65
         0.29       81581.6       275.230    Sep 18 10:20:46     27642     7.68
         0.29       81850.5       268.850    Sep 18 10:22:17     27733     7.70
         0.29       82112.2       261.780    Sep 18 10:23:45     27821     7.73
         0.29       82369.8       257.550    Sep 18 10:25:11     27907     7.75
         0.29       82620.3       250.540    Sep 18 10:26:35     27991     7.78
         0.29       82865.7       245.370    Sep 18 10:27:57     28073     7.80
         0.29       83102.1       236.420    Sep 18 10:29:17     28153     7.82
         0.29       83332.1       229.970    Sep 18 10:30:34     28230     7.84
         0.29       83554.2       222.070    Sep 18 10:31:49     28305     7.86
         0.29       83778.0       223.880    Sep 18 10:33:04     28380     7.88
         0.30       83998.0       219.950    Sep 18 10:34:18     28454     7.90
         0.30       84214.2       216.240    Sep 18 10:35:31     28527     7.92
         0.30       84422.2       207.930    Sep 18 10:36:40     28596     7.94
         0.30       84623.9       201.740    Sep 18 10:37:48     28664     7.96
         0.30       84821.6       197.690    Sep 18 10:38:54     28730     7.98
         0.30       85009.9       188.310    Sep 18 10:39:58     28794     8.00
         0.30       85194.7       184.780    Sep 18 10:40:59     28855     8.02
         0.30       85375.4       180.710    Sep 18 10:42:00     28916     8.03
         0.30       85554.7       179.340    Sep 18 10:43:00     28976     8.05
         0.30       85728.7       173.990    Sep 18 10:43:59     29035     8.07
         0.31       85898.9       170.180    Sep 18 10:44:56     29092     8.08
         0.31       86065.7       166.840    Sep 18 10:45:52     29148     8.10
         0.31       86232.0       166.290    Sep 18 10:46:48     29204     8.11
         0.31       86399.6       167.610    Sep 18 10:47:44     29260     8.13
         0.31       86568.5       168.840    Sep 18 10:48:41     29317     8.14
         0.31       86740.4       171.910    Sep 18 10:49:39     29375     8.16
         0.31       86905.3       164.950    Sep 18 10:50:34     29430     8.18
         0.31       87072.3       166.930    Sep 18 10:51:30     29486     8.19
         0.31       87236.3       164.000    Sep 18 10:52:25     29541     8.21
         0.31       87398.4       162.100    Sep 18 10:53:20     29596     8.22
         0.32       87558.9       160.560    Sep 18 10:54:14     29650     8.24
         0.32       87714.4       155.470    Sep 18 10:55:06     29702     8.25
         0.32       87870.5       156.070    Sep 18 10:55:59     29755     8.27
         0.32       88023.8       153.290    Sep 18 10:56:50     29806     8.28
         0.32       88176.4       152.630    Sep 18 10:57:42     29858     8.29
         0.32       88321.8       145.390    Sep 18 10:58:31     29907     8.31
         0.32       88461.8       140.060    Sep 18 10:59:18     29954     8.32
         0.32       88606.2       144.310    Sep 18 11:00:06     30002     8.33
         0.32       88749.6       143.480    Sep 18 11:00:55     30051     8.35
         0.32       88907.7       158.090    Sep 18 11:01:48     30104     8.36
         0.33       89280.7       372.940    Sep 18 11:03:54     30230     8.40
         0.33       89774.1       493.470    Sep 18 11:06:41     30397     8.44
         0.33       89914.2       140.040    Sep 18 11:07:29     30445     8.46
         0.33       90042.1       127.920    Sep 18 11:08:12     30488     8.47
         0.33       90167.9       125.770    Sep 18 11:08:54     30530     8.48
         0.33       90288.0       120.110    Sep 18 11:09:34     30570     8.49
         0.33       90399.7       111.750    Sep 18 11:10:12     30608     8.50
         0.33       90510.7       110.940    Sep 18 11:10:49     30645     8.51
         0.33       90621.3       110.660    Sep 18 11:11:27     30683     8.52
         0.33       90731.0       109.720    Sep 18 11:12:05     30721     8.53
         0.34       90836.6       105.590    Sep 18 11:12:41     30757     8.54
         0.34       90942.5       105.920    Sep 18 11:13:17     30793     8.55
         0.34       91048.0       105.440    Sep 18 11:13:52     30828     8.56
         0.34       91151.1       103.090    Sep 18 11:14:27     30863     8.57
         0.34       91248.6        97.520    Sep 18 11:15:00     30896     8.58
         0.34       91345.8        97.220    Sep 18 11:15:32     30928     8.59
         0.34       91439.4        93.570    Sep 18 11:16:04     30960     8.60
         0.34       91527.2        87.790    Sep 18 11:16:34     30990     8.61
         0.34       91610.5        83.360    Sep 18 11:17:02     31018     8.62
         0.34       91689.2        78.640    Sep 18 11:17:28     31044     8.62
         0.35       91771.1        81.970    Sep 18 11:17:56     31072     8.63
         0.35       91884.7       113.570    Sep 18 11:18:34     31110     8.64
         0.35       91968.2        83.520    Sep 18 11:19:03     31139     8.65
         0.35       92048.0        79.760    Sep 18 11:19:29     31165     8.66
         0.35       92126.4        78.430    Sep 18 11:19:56     31192     8.66
         0.35       92205.9        79.420    Sep 18 11:20:23     31219     8.67
         0.35       92284.1        78.300    Sep 18 11:20:49     31245     8.68
         0.35       92370.1        85.970    Sep 18 11:21:18     31274     8.69
         0.35       92460.0        89.870    Sep 18 11:21:49     31305     8.70
         0.35       92558.7        98.690    Sep 18 11:22:22     31338     8.71
         0.36       92642.4        83.740    Sep 18 11:22:51     31367     8.71
         0.36       92715.8        73.330    Sep 18 11:23:15     31391     8.72
         0.36       92783.7        67.960    Sep 18 11:23:38     31414     8.73
         0.36       92850.5        66.820    Sep 18 11:24:01     31437     8.73
         0.36       92912.5        62.000    Sep 18 11:24:22     31458     8.74
         0.36       92973.9        61.380    Sep 18 11:24:43     31479     8.74
         0.36       93039.7        65.820    Sep 18 11:25:05     31501     8.75
         0.36       93105.6        65.820    Sep 18 11:25:27     31523     8.76
         0.36       93170.0        64.460    Sep 18 11:25:49     31545     8.76
         0.36       93234.2        64.230    Sep 18 11:26:11     31567     8.77
         0.37       93293.7        59.470    Sep 18 11:26:31     31587     8.77
         0.37       93353.2        59.500    Sep 18 11:26:51     31607     8.78
         0.37       93418.9        65.720    Sep 18 11:27:13     31629     8.79
         0.37       93479.5        60.550    Sep 18 11:27:33     31649     8.79
         0.37       93536.0        56.510    Sep 18 11:27:52     31668     8.80
         0.37       93592.5        56.520    Sep 18 11:28:12     31688     8.80
         0.37       93647.8        55.320    Sep 18 11:28:30     31706     8.81
         0.37       93703.2        55.420    Sep 18 11:28:49     31725     8.81
         0.37       93756.2        52.930    Sep 18 11:29:07     31743     8.82
         0.37       93808.8        52.660    Sep 18 11:29:25     31761     8.82
         0.38       93861.5        52.670    Sep 18 11:29:43     31779     8.83
         0.38       93913.8        52.280    Sep 18 11:30:00     31796     8.83
         0.38       93966.8        53.050    Sep 18 11:30:18     31814     8.84
         0.38       94016.4        49.540    Sep 18 11:30:35     31831     8.84
         0.38       94064.4        48.020    Sep 18 11:30:51     31847     8.85
         0.38       94112.8        48.420    Sep 18 11:31:08     31864     8.85
         0.38       94162.7        49.900    Sep 18 11:31:25     31881     8.86
         0.38       94212.4        49.650    Sep 18 11:31:42     31898     8.86
         0.38       94261.9        49.500    Sep 18 11:31:58     31914     8.87
         0.38       94311.6        49.760    Sep 18 11:32:15     31931     8.87
         0.39       94361.3        49.710    Sep 18 11:32:32     31948     8.87
         0.39       94411.0        49.700    Sep 18 11:32:49     31965     8.88
         0.39       94461.5        50.470    Sep 18 11:33:06     31982     8.88
         0.39       94511.4        49.930    Sep 18 11:33:23     31999     8.89
         0.39       94560.7        49.290    Sep 18 11:33:40     32016     8.89
         0.39       94611.5        50.760    Sep 18 11:33:57     32033     8.90
         0.39       94662.7        51.220    Sep 18 11:34:14     32050     8.90
         0.39       94713.8        51.110    Sep 18 11:34:31     32067     8.91
         0.39       94766.8        52.950    Sep 18 11:34:49     32085     8.91
         0.39       94822.9        56.150    Sep 18 11:35:08     32104     8.92
         0.40       94879.9        56.930    Sep 18 11:35:28     32124     8.92
         0.40       94940.1        60.200    Sep 18 11:35:48     32144     8.93
         0.40       95004.4        64.370    Sep 18 11:36:10     32166     8.94
         0.40       95074.2        69.790    Sep 18 11:36:34     32190     8.94
         0.40       95150.4        76.150    Sep 18 11:37:00     32216     8.95
         0.40       95237.8        87.440    Sep 18 11:37:29     32245     8.96
         0.40       95341.1       103.250    Sep 18 11:38:04     32280     8.97
         0.40       95465.9       124.840    Sep 18 11:38:46     32322     8.98
         0.40       95616.7       150.820    Sep 18 11:39:37     32373     8.99
         0.40       95799.7       183.010    Sep 18 11:40:39     32435     9.01
         0.41       96028.4       228.680    Sep 18 11:41:55     32511     9.03
         0.41       96289.6       261.240    Sep 18 11:43:23     32599     9.06
         0.41       96590.9       301.230    Sep 18 11:45:04     32700     9.08
         0.41       96898.5       307.650    Sep 18 11:46:48     32804     9.11
         0.41       97204.9       306.420    Sep 18 11:48:31     32907     9.14
         0.41       97505.4       300.430    Sep 18 11:50:12     33008     9.17
         0.41       97806.3       300.920    Sep 18 11:51:54     33110     9.20
         0.41       98105.6       299.270    Sep 18 11:53:34     33210     9.22
         0.41       98407.9       302.390    Sep 18 11:55:16     33312     9.25
         0.41       98701.9       293.960    Sep 18 11:56:55     33411     9.28
         0.42       98989.2       287.310    Sep 18 11:58:32     33508     9.31
         0.42       99270.2       280.970    Sep 18 12:00:06     33602     9.33
         0.42       99547.5       277.300    Sep 18 12:01:39     33695     9.36
         0.42       99827.1       279.630    Sep 18 12:03:13     33789     9.39
         0.42      100105.7       278.550    Sep 18 12:04:46     33882     9.41
         0.42      100389.2       283.480    Sep 18 12:06:22     33978     9.44
         0.42      100730.2       341.070    Sep 18 12:08:16     34092     9.47
         0.42      101273.5       543.240    Sep 18 12:11:20     34276     9.52
         0.42      102080.0       806.520    Sep 18 12:15:53     34549     9.60
         0.42      102830.3       750.360    Sep 18 12:20:06     34802     9.67
         0.43      103530.6       700.220    Sep 18 12:24:02     35038     9.73
         0.43      104193.2       662.650    Sep 18 12:27:45     35261     9.79
         0.43      104811.6       618.390    Sep 18 12:31:13     35469     9.85
         0.43      105375.4       563.770    Sep 18 12:34:23     35659     9.91
         0.43      105901.6       526.250    Sep 18 12:37:21     35837     9.95
         0.43      106432.0       530.400    Sep 18 12:40:19     36015    10.00
         0.43      106961.6       529.590    Sep 18 12:43:17     36193    10.05
         0.43      107497.0       535.380    Sep 18 12:46:17     36373    10.10
         0.43      108044.4       547.390    Sep 18 12:49:22     36558    10.15
         0.43      108599.0       554.640    Sep 18 12:52:29     36745    10.21
         0.44      109041.7       442.680    Sep 18 12:54:58     36894    10.25
         0.44      109492.8       451.080    Sep 18 12:57:30     37046    10.29
         0.44      109985.5       492.730    Sep 18 13:00:16     37212    10.34
         0.44      110406.8       421.260    Sep 18 13:02:38     37354    10.38
         0.44      110767.6       360.850    Sep 18 13:04:41     37477    10.41
         0.44      111185.2       417.600    Sep 18 13:07:02     37618    10.45
         0.44      111530.6       345.360    Sep 18 13:09:00     37736    10.48
         0.44      111897.4       366.800    Sep 18 13:11:04     37860    10.52
         0.44      112358.8       461.460    Sep 18 13:13:39     38015    10.56
         0.44      112717.8       358.940    Sep 18 13:15:40     38136    10.59
         0.45      113012.1       294.300    Sep 18 13:17:20     38236    10.62
         0.45      113283.9       271.790    Sep 18 13:18:52     38328    10.65
         0.45      113551.4       267.530    Sep 18 13:20:23     38419    10.67
         0.45      113814.5       263.080    Sep 18 13:21:52     38508    10.70
         0.45      114074.4       259.880    Sep 18 13:23:19     38595    10.72
         0.45      114324.4       250.040    Sep 18 13:24:44     38680    10.74
         0.45      114576.1       251.720    Sep 18 13:26:09     38765    10.77
         0.45      114818.6       242.460    Sep 18 13:27:31     38847    10.79
         0.45      115054.1       235.530    Sep 18 13:28:50     38926    10.81
         0.45      115292.2       238.070    Sep 18 13:30:10     39006    10.84
         0.46      115544.1       251.890    Sep 18 13:31:35     39091    10.86
         0.46      115773.5       229.430    Sep 18 13:32:52     39168    10.88
         0.46      116023.4       249.890    Sep 18 13:34:17     39253    10.90
         0.46      116251.3       227.930    Sep 18 13:35:33     39329    10.92
         0.46      116472.7       221.350    Sep 18 13:36:48     39404    10.95
         0.46      116685.5       212.860    Sep 18 13:37:59     39475    10.97
         0.46      116892.2       206.650    Sep 18 13:39:08     39544    10.98
         0.46      117094.4       202.220    Sep 18 13:40:16     39612    11.00
         0.46      117284.3       189.940    Sep 18 13:41:20     39676    11.02
         0.46      117476.2       191.830    Sep 18 13:42:24     39740    11.04
         0.47      117664.7       188.520    Sep 18 13:43:28     39804    11.06
         0.47      117848.1       183.380    Sep 18 13:44:29     39865    11.07
         0.47      118025.1       177.010    Sep 18 13:45:29     39925    11.09
         0.47      118193.6       168.560    Sep 18 13:46:26     39982    11.11
         0.47      118357.6       163.960    Sep 18 13:47:21     40037    11.12
         0.47      118517.3       159.730    Sep 18 13:48:14     40090    11.14
         0.47      118674.9       157.610    Sep 18 13:49:08     40144    11.15
         0.47      118830.7       155.750    Sep 18 13:50:00     40196    11.17
         0.47      118984.6       153.870    Sep 18 13:50:52     40248    11.18
         0.47      119136.2       151.600    Sep 18 13:51:43     40299    11.19
         0.48      119286.2       150.070    Sep 18 13:52:33     40349    11.21
         0.48      119434.0       147.770    Sep 18 13:53:23     40399    11.22
         0.48      119580.8       146.780    Sep 18 13:54:12     40448    11.24
         0.48      119723.8       142.970    Sep 18 13:55:00     40496    11.25
         0.48      119866.8       143.030    Sep 18 13:55:48     40544    11.26
         0.48      120007.4       140.600    Sep 18 13:56:36     40592    11.28
         0.48      120149.8       142.370    Sep 18 13:57:24     40640    11.29
         0.48      120289.2       139.470    Sep 18 13:58:11     40687    11.30
         0.48      120436.0       146.780    Sep 18 13:59:00     40736    11.32
         0.48      120588.8       152.770    Sep 18 13:59:51     40787    11.33
         0.49      120723.6       134.850    Sep 18 14:00:37     40833    11.34
         0.49      120844.6       120.960    Sep 18 14:01:17     40873    11.35
         0.49      120956.9       112.330    Sep 18 14:01:56     40912    11.36
         0.49      121067.4       110.440    Sep 18 14:02:33     40949    11.37
         0.49      121181.1       113.750    Sep 18 14:03:12     40988    11.39
         0.49      121288.6       107.500    Sep 18 14:03:49     41025    11.40
         0.49      121478.8       190.220    Sep 18 14:04:53     41089    11.41
         0.49      121756.2       277.380    Sep 18 14:06:26     41182    11.44
         0.49      122005.8       249.630    Sep 18 14:07:50     41266    11.46
         0.49      122238.8       233.000    Sep 18 14:09:08     41344    11.48
         0.50      122461.7       222.850    Sep 18 14:10:23     41419    11.51
         0.50      122680.0       218.330    Sep 18 14:11:37     41493    11.53
         0.50      122895.6       215.540    Sep 18 14:12:50     41566    11.55
         0.50      123102.8       207.290    Sep 18 14:13:59     41635    11.57
         0.50      123306.5       203.630    Sep 18 14:15:08     41704    11.58
         0.50      123507.2       200.740    Sep 18 14:16:16     41772    11.60
         0.50      123707.2       199.980    Sep 18 14:17:24     41840    11.62
         0.50      123904.2       197.020    Sep 18 14:18:30     41906    11.64
         0.50      124096.8       192.630    Sep 18 14:19:36     41972    11.66
         0.50      124293.5       196.640    Sep 18 14:20:42     42038    11.68
         0.51      124491.7       198.230    Sep 18 14:21:49     42105    11.70
         0.51      124690.5       198.780    Sep 18 14:22:56     42172    11.71
         0.51      124883.1       192.570    Sep 18 14:24:01     42237    11.73
         0.51      125072.7       189.660    Sep 18 14:25:06     42302    11.75
         0.51      125258.9       186.150    Sep 18 14:26:09     42365    11.77
         0.51      125438.9       179.990    Sep 18 14:27:11     42427    11.79
         0.51      125618.3       179.410    Sep 18 14:28:13     42489    11.80
         0.51      125813.3       195.020    Sep 18 14:29:20     42556    11.82
         0.51      126055.3       241.990    Sep 18 14:30:44     42640    11.84
         0.51      126360.3       305.040    Sep 18 14:32:29     42745    11.87
         0.52      126679.1       318.800    Sep 18 14:34:19     42855    11.90
         0.52      127033.4       354.230    Sep 18 14:36:22     42978    11.94
         0.52      127410.9       377.520    Sep 18 14:38:32     43108    11.97
         0.52      127782.5       371.630    Sep 18 14:40:40     43236    12.01
         0.52      128170.8       388.250    Sep 18 14:42:52     43368    12.05
         0.52      128544.4       373.690    Sep 18 14:45:01     43497    12.08
         0.52      128885.6       341.130    Sep 18 14:46:59     43615    12.12
         0.52      129209.2       323.600    Sep 18 14:48:51     43727    12.15
         0.52      129520.3       311.160    Sep 18 14:50:40     43836    12.18
         0.52      129826.7       306.390    Sep 18 14:52:27     43943    12.21
         0.53      130123.4       296.640    Sep 18 14:54:11     44047    12.24
         0.53      130434.8       311.420    Sep 18 14:55:59     44155    12.27
         0.53      130761.3       326.520    Sep 18 14:57:52     44268    12.30
         0.53      131094.7       333.430    Sep 18 14:59:48     44384    12.33
         0.53      131433.5       338.780    Sep 18 15:01:45     44501    12.36
         0.53      131777.8       344.290    Sep 18 15:03:45     44621    12.39
         0.53      132117.4       339.620    Sep 18 15:05:43     44739    12.43
         0.53      132455.6       338.170    Sep 18 15:07:40     44856    12.46
         0.53      132795.1       339.500    Sep 18 15:09:38     44974    12.49
         0.53      133134.6       339.490    Sep 18 15:11:36     45092    12.53
         0.54      133499.1       364.520    Sep 18 15:13:41     45217    12.56
         0.54      133881.4       382.260    Sep 18 15:15:51     45347    12.60
         0.54      134099.7       218.380    Sep 18 15:17:06     45422    12.62
         0.54      134299.9       200.130    Sep 18 15:18:16     45492    12.64
         0.54      134508.2       208.290    Sep 18 15:19:28     45564    12.66
         0.54      134742.5       234.310    Sep 18 15:20:47     45643    12.68
         0.54      134908.5       165.990    Sep 18 15:21:45     45701    12.69
         0.54      135049.4       140.910    Sep 18 15:22:35     45751    12.71
         0.54      135181.8       132.450    Sep 18 15:23:22     45798    12.72
         0.54      135310.7       128.890    Sep 18 15:24:07     45843    12.73
         0.55      135438.3       127.580    Sep 18 15:24:52     45888    12.75
         0.55      135561.7       123.390    Sep 18 15:25:36     45932    12.76
         0.55      135684.5       122.780    Sep 18 15:26:19     45975    12.77
         0.55      135802.2       117.720    Sep 18 15:27:01     46017    12.78
         0.55      135915.6       113.450    Sep 18 15:27:41     46057    12.79
         0.55      136026.8       111.120    Sep 18 15:28:20     46096    12.80
         0.55      136135.2       108.410    Sep 18 15:28:59     46135    12.82
         0.55      136240.5       105.360    Sep 18 15:29:36     46172    12.83
         0.55      136342.9       102.410    Sep 18 15:30:12     46208    12.84
         0.55      136442.5        99.620    Sep 18 15:30:47     46243    12.85
         0.56      136539.9        97.320    Sep 18 15:31:22     46278    12.86
         0.56      136634.0        94.090    Sep 18 15:31:55     46311    12.86
         0.56      136728.2        94.210    Sep 18 15:32:29     46345    12.87
         0.56      136820.4        92.230    Sep 18 15:33:01     46377    12.88
         0.56      136911.0        90.650    Sep 18 15:33:33     46409    12.89
         0.56      137002.8        91.770    Sep 18 15:34:06     46442    12.90
         0.56      137094.4        91.590    Sep 18 15:34:38     46474    12.91
         0.56      137179.3        84.930    Sep 18 15:35:08     46504    12.92
         0.56      137261.8        82.460    Sep 18 15:35:37     46533    12.93
         0.56      137344.0        82.250    Sep 18 15:36:07     46563    12.93
         0.57      137423.3        79.230    Sep 18 15:36:35     46591    12.94
         0.57      137500.4        77.160    Sep 18 15:37:02     46618    12.95
         0.57      137577.7        77.240    Sep 18 15:37:29     46645    12.96
         0.57      137652.7        75.050    Sep 18 15:37:56     46672    12.96
         0.57      137727.2        74.510    Sep 18 15:38:22     46698    12.97
         0.57      137800.5        73.210    Sep 18 15:38:49     46725    12.98
         0.57      137873.1        72.660    Sep 18 15:39:14     46750    12.99
         0.57      137944.7        71.590    Sep 18 15:39:40     46776    12.99
         0.57      138014.4        69.710    Sep 18 15:40:04     46800    13.00
         0.57      138082.5        68.080    Sep 18 15:40:28     46824    13.01
         0.58      138150.5        67.990    Sep 18 15:40:53     46849    13.01
         0.58      138217.0        66.550    Sep 18 15:41:16     46872    13.02
         0.58      138283.1        66.120    Sep 18 15:41:40     46896    13.03
         0.58      138349.5        66.370    Sep 18 15:42:03     46919    13.03
         0.58      138414.4        64.900    Sep 18 15:42:26     46942    13.04
         0.58      138478.7        64.250    Sep 18 15:42:49     46965    13.05
         0.58      138543.6        64.960    Sep 18 15:43:12     46988    13.05
         0.58      138607.4        63.820    Sep 18 15:43:35     47011    13.06
         0.58      138670.3        62.880    Sep 18 15:43:57     47033    13.06
         0.58      138732.8        62.430    Sep 18 15:44:19     47055    13.07
         0.59      138794.9        62.190    Sep 18 15:44:41     47077    13.08
         0.59      138857.7        62.740    Sep 18 15:45:03     47099    13.08
         0.59      138920.6        62.900    Sep 18 15:45:25     47121    13.09
         0.59      138983.8        63.210    Sep 18 15:45:48     47144    13.10
         0.59      139046.1        62.270    Sep 18 15:46:10     47166    13.10
         0.59      139110.7        64.670    Sep 18 15:46:32     47188    13.11
         0.59      139177.6        66.840    Sep 18 15:46:56     47212    13.11
         0.59      139242.9        65.330    Sep 18 15:47:19     47235    13.12
         0.59      139306.0        63.060    Sep 18 15:47:41     47257    13.13
         0.59      139367.5        61.560    Sep 18 15:48:03     47279    13.13
         0.60      139429.1        61.550    Sep 18 15:48:24     47300    13.14
         0.60      139492.9        63.810    Sep 18 15:48:46     47322    13.14
         0.60      139555.6        62.740    Sep 18 15:49:08     47344    13.15
         0.60      139619.9        64.240    Sep 18 15:49:31     47367    13.16
         0.60      139685.6        65.680    Sep 18 15:49:54     47390    13.16
         0.60      139750.1        64.520    Sep 18 15:50:16     47412    13.17
         0.60      139816.7        66.620    Sep 18 15:50:39     47435    13.18
         0.60      139885.2        68.500    Sep 18 15:51:03     47459    13.18
         0.60      139965.4        80.180    Sep 18 15:51:31     47487    13.19
         0.60      140355.0       389.620    Sep 18 15:53:47     47623    13.23
         0.61      140646.4       291.380    Sep 18 15:55:31     47727    13.26
         0.61      140894.3       247.920    Sep 18 15:56:59     47815    13.28
         0.61      141119.0       224.760    Sep 18 15:58:19     47895    13.30
         0.61      141341.8       222.750    Sep 18 15:59:38     47974    13.33
         0.61      141568.3       226.480    Sep 18 16:00:58     48054    13.35
         0.61      141787.9       219.660    Sep 18 16:02:15     48131    13.37
         0.61      141990.5       202.530    Sep 18 16:03:26     48202    13.39
         0.61      142176.3       185.870    Sep 18 16:04:31     48267    13.41
         0.61      142343.3       166.970    Sep 18 16:05:30     48326    13.42
         0.61      142498.0       154.700    Sep 18 16:06:25     48381    13.44
         0.61      142638.1       140.130    Sep 18 16:07:15     48431    13.45
         0.62      142769.5       131.390    Sep 18 16:08:01     48477    13.47
         0.62      142898.7       129.140    Sep 18 16:08:47     48523    13.48
         0.62      143020.4       121.700    Sep 18 16:09:31     48567    13.49
         0.62      143135.7       115.330    Sep 18 16:10:12     48608    13.50
         0.62      143247.9       112.180    Sep 18 16:10:51     48647    13.51
         0.62      143355.0       107.140    Sep 18 16:11:29     48685    13.52
         0.62      143457.4       102.380    Sep 18 16:12:06     48722    13.53
         0.62      143557.0        99.630    Sep 18 16:12:41     48757    13.54
         0.62      143654.1        97.090    Sep 18 16:13:16     48792    13.55
         0.62      143749.2        95.120    Sep 18 16:13:50     48826    13.56
         0.63      143842.0        92.720    Sep 18 16:14:23     48859    13.57
         0.63      143932.6        90.600    Sep 18 16:14:55     48891    13.58
         0.63      144021.7        89.150    Sep 18 16:15:26     48922    13.59
         0.63      144111.8        90.040    Sep 18 16:15:58     48954    13.60
         0.63      144199.8        88.020    Sep 18 16:16:30     48986    13.61
         0.63      144288.6        88.800    Sep 18 16:17:01     49017    13.62
         0.63      144376.3        87.710    Sep 18 16:17:32     49048    13.62
         0.63      144453.4        77.120    Sep 18 16:17:59     49075    13.63
         0.63      144527.2        73.790    Sep 18 16:18:26     49102    13.64
         0.63      144597.9        70.730    Sep 18 16:18:51     49127    13.65
         0.64      144666.7        68.820    Sep 18 16:19:16     49152    13.65
         0.64      144733.7        67.000    Sep 18 16:19:40     49176    13.66
         0.64      144798.7        64.930    Sep 18 16:20:04     49200    13.67
         0.64      144861.9        63.230    Sep 18 16:20:26     49222    13.67
         0.64      144923.9        62.040    Sep 18 16:20:49     49245    13.68
         0.64      144984.5        60.530    Sep 18 16:21:11     49267    13.69
         0.64      145041.6        57.170    Sep 18 16:21:31     49287    13.69
         0.64      145097.6        55.950    Sep 18 16:21:52     49308    13.70
         0.64      145152.4        54.810    Sep 18 16:22:11     49327    13.70
         0.64      145206.8        54.360    Sep 18 16:22:31     49347    13.71
         0.65      145259.6        52.890    Sep 18 16:22:50     49366    13.71
         0.65      145311.6        51.970    Sep 18 16:23:09     49385    13.72
         0.65      145364.5        52.860    Sep 18 16:23:29     49405    13.72
         0.65      145415.1        50.610    Sep 18 16:23:47     49423    13.73
         0.65      145465.6        50.500    Sep 18 16:24:05     49441    13.73
         0.65      145516.0        50.380    Sep 18 16:24:24     49460    13.74
         0.65      145566.5        50.520    Sep 18 16:24:42     49478    13.74
         0.65      145618.4        51.880    Sep 18 16:25:01     49497    13.75
         0.65      145668.1        49.710    Sep 18 16:25:19     49515    13.75
         0.65      145718.5        50.380    Sep 18 16:25:37     49533    13.76
         0.66      145769.0        50.520    Sep 18 16:25:55     49551    13.76
         0.66      145817.9        48.900    Sep 18 16:26:13     49569    13.77
         0.66      145867.8        49.880    Sep 18 16:26:31     49587    13.77
         0.66      145917.5        49.710    Sep 18 16:26:49     49605    13.78
         0.66      145966.7        49.260    Sep 18 16:27:07     49623    13.78
         0.66      146015.9        49.160    Sep 18 16:27:25     49641    13.79
         0.66      146065.4        49.510    Sep 18 16:27:43     49659    13.79
         0.66      146115.5        50.090    Sep 18 16:28:01     49677    13.80
         0.66      146166.4        50.890    Sep 18 16:28:19     49695    13.80
         0.66      146218.6        52.180    Sep 18 16:28:38     49714    13.81
         0.67      146272.9        54.300    Sep 18 16:28:57     49733    13.81
         0.67      146329.9        57.080    Sep 18 16:29:18     49754    13.82
         0.67      146391.0        61.080    Sep 18 16:29:40     49776    13.83
         0.67      146460.2        69.180    Sep 18 16:30:05     49801    13.83
         0.67      146549.4        89.230    Sep 18 16:30:36     49832    13.84
         0.67      146658.1       108.650    Sep 18 16:31:15     49871    13.85
         0.67      146808.7       150.650    Sep 18 16:32:09     49925    13.87
         0.67      147002.1       193.380    Sep 18 16:33:18     49994    13.89
         0.67      147210.9       208.760    Sep 18 16:34:33     50069    13.91
         0.67      147418.9       208.020    Sep 18 16:35:47     50143    13.93
         0.68      147618.0       199.080    Sep 18 16:36:59     50215    13.95
         0.68      147817.0       198.980    Sep 18 16:38:11     50287    13.97
         0.68      148017.4       200.400    Sep 18 16:39:23     50359    13.99
         0.68      148218.7       201.330    Sep 18 16:40:35     50431    14.01
         0.68      148433.9       215.210    Sep 18 16:41:53     50509    14.03
         0.68      148664.4       230.460    Sep 18 16:43:16     50592    14.05
         0.68      148905.7       241.340    Sep 18 16:44:43     50679    14.08
         0.68      149159.2       253.540    Sep 18 16:46:14     50770    14.10
         0.68      149413.7       254.510    Sep 18 16:47:46     50862    14.13
         0.68      149673.9       260.190    Sep 18 16:49:20     50956    14.15
         0.69      149931.1       257.220    Sep 18 16:50:53     51049    14.18
         0.69      150192.9       261.730    Sep 18 16:52:27     51143    14.21
         0.69      150457.4       264.510    Sep 18 16:54:02     51238    14.23
         0.69      150718.3       260.920    Sep 18 16:55:35     51331    14.26
         0.69      150990.1       271.780    Sep 18 16:57:12     51428    14.29
         0.69      151257.8       267.670    Sep 18 16:58:47     51523    14.31
         0.69      151510.9       253.190    Sep 18 17:00:18     51614    14.34
         0.69      151764.0       253.050    Sep 18 17:01:48     51704    14.36
         0.69      152020.8       256.760    Sep 18 17:03:20     51796    14.39
         0.69      152267.9       247.140    Sep 18 17:04:48     51884    14.41
         0.70      152512.1       244.230    Sep 18 17:06:16     51972    14.44
         0.70      152746.3       234.130    Sep 18 17:07:40     52056    14.46
         0.70      152970.4       224.110    Sep 18 17:09:00     52136    14.48
         0.70      153188.4       218.000    Sep 18 17:10:19     52215    14.50
         0.70      153401.6       213.280    Sep 18 17:11:36     52292    14.53
         0.70      153609.6       207.970    Sep 18 17:12:51     52367    14.55
         0.70      153813.1       203.490    Sep 18 17:14:04     52440    14.57
         0.70      154006.1       193.020    Sep 18 17:15:14     52510    14.59
         0.70      154201.3       195.140    Sep 18 17:16:25     52581    14.61
         0.70      154387.6       186.380    Sep 18 17:17:33     52649    14.62
         0.71      154567.7       180.040    Sep 18 17:18:39     52715    14.64
         0.71      154747.5       179.860    Sep 18 17:19:45     52781    14.66
         0.71      154920.9       173.360    Sep 18 17:20:48     52844    14.68
         0.71      155093.0       172.080    Sep 18 17:21:51     52907    14.70
         0.71      155263.8       170.790    Sep 18 17:22:53     52969    14.71
         0.71      155429.4       165.570    Sep 18 17:23:54     53030    14.73
         0.71      155591.2       161.850    Sep 18 17:24:53     53089    14.75
         0.71      155749.6       158.390    Sep 18 17:25:52     53148    14.76
         0.71      155907.7       158.110    Sep 18 17:26:49     53205    14.78
         0.71      156060.9       153.180    Sep 18 17:27:45     53261    14.79
         0.72      156210.1       149.210    Sep 18 17:28:40     53316    14.81
         0.72      156356.5       146.400    Sep 18 17:29:34     53370    14.82
         0.72      156499.8       143.350    Sep 18 17:30:26     53422    14.84
         0.72      156639.4       139.560    Sep 18 17:31:18     53474    14.85
         0.72      156776.6       137.160    Sep 18 17:32:08     53524    14.87
         0.72      156911.4       134.850    Sep 18 17:32:58     53574    14.88
         0.72      157043.3       131.930    Sep 18 17:33:47     53623    14.90
         0.72      157173.6       130.280    Sep 18 17:34:34     53670    14.91
         0.72      157301.2       127.560    Sep 18 17:35:21     53717    14.92
         0.73      157427.3       126.090    Sep 18 17:36:08     53764    14.93
         0.73      157551.0       123.760    Sep 18 17:36:53     53809    14.95
         0.73      157671.7       120.690    Sep 18 17:37:38     53854    14.96
         0.73      157790.5       118.820    Sep 18 17:38:21     53897    14.97
         0.73      157907.4       116.810    Sep 18 17:39:04     53940    14.98
         0.73      158021.4       114.090    Sep 18 17:39:46     53982    14.99
         0.73      158133.9       112.440    Sep 18 17:40:28     54024    15.01
         0.73      158244.4       110.490    Sep 18 17:41:09     54065    15.02
         0.73      158353.1       108.760    Sep 18 17:41:49     54105    15.03
         0.73      158459.5       106.410    Sep 18 17:42:28     54144    15.04
         0.74      158564.2       104.680    Sep 18 17:43:06     54182    15.05
         0.74      158667.1       102.900    Sep 18 17:43:44     54220    15.06
         0.74      158769.1       102.030    Sep 18 17:44:22     54258    15.07
         0.74      158869.4       100.280    Sep 18 17:44:59     54295    15.08
         0.74      158968.0        98.530    Sep 18 17:45:35     54331    15.09
         0.74      159064.6        96.590    Sep 18 17:46:10     54366    15.10
         0.74      159160.5        95.920    Sep 18 17:46:46     54402    15.11
         0.74      159254.3        93.790    Sep 18 17:47:20     54436    15.12
         0.74      159347.2        92.960    Sep 18 17:47:54     54470    15.13
         0.74      159438.0        90.820    Sep 18 17:48:28     54504    15.14
         0.75      159528.7        90.630    Sep 18 17:49:01     54537    15.15
         0.75      159619.4        90.770    Sep 18 17:49:37     54573    15.16
         0.75      159709.6        90.150    Sep 18 17:50:11     54607    15.17
         0.75      159796.9        87.340    Sep 18 17:50:43     54639    15.18
         0.75      159883.3        86.410    Sep 18 17:51:15     54671    15.19
         0.75      159967.9        84.590    Sep 18 17:51:46     54702    15.20
         0.75      160052.1        84.180    Sep 18 17:52:17     54733    15.20
         0.75      160134.9        82.830    Sep 18 17:52:47     54763    15.21
         0.75      160219.2        84.310    Sep 18 17:53:20     54796    15.22
         0.75      160301.3        82.020    Sep 18 17:53:51     54827    15.23
         0.76      160383.5        82.210    Sep 18 17:54:23     54859    15.24
         0.76      160462.9        79.440    Sep 18 17:54:53     54889    15.25
         0.76      160541.4        78.530    Sep 18 17:55:22     54918    15.26
         0.76      160619.0        77.570    Sep 18 17:55:51     54947    15.26
         0.76      160697.0        77.970    Sep 18 17:56:22     54978    15.27
         0.76      160772.2        75.260    Sep 18 17:56:51     55007    15.28
         0.76      160847.3        75.040    Sep 18 17:57:20     55036    15.29
         0.76      160919.8        72.540    Sep 18 17:57:47     55063    15.30
         0.76      160992.7        72.870    Sep 18 17:58:13     55089    15.30
         0.76      161065.0        72.300    Sep 18 17:58:40     55116    15.31
         0.77      161136.3        71.310    Sep 18 17:59:06     55142    15.32
         0.77      161207.2        70.900    Sep 18 17:59:32     55168    15.32
         0.77      161285.2        77.970    Sep 18 18:00:00     55196    15.33
         0.77      161357.0        71.800    Sep 18 18:00:26     55222    15.34
         0.77      161427.0        70.060    Sep 18 18:00:52     55248    15.35
         0.77      161493.7        66.670    Sep 18 18:01:16     55272    15.35
         0.77      161559.1        65.350    Sep 18 18:01:40     55296    15.36
         0.77      161624.3        65.270    Sep 18 18:02:05     55321    15.37
         0.77      161687.8        63.490    Sep 18 18:02:29     55345    15.37
         0.77      161750.3        62.470    Sep 18 18:02:52     55368    15.38
         0.78      161811.8        61.500    Sep 18 18:03:15     55391    15.39
         0.78      161872.5        60.750    Sep 18 18:03:37     55413    15.39
         0.78      161931.8        59.230    Sep 18 18:03:59     55435    15.40
         0.78      161990.3        58.560    Sep 18 18:04:21     55457    15.40
         0.78      162047.9        57.590    Sep 18 18:04:42     55478    15.41
         0.78      162104.5        56.630    Sep 18 18:05:03     55499    15.42
         0.78      162159.9        55.370    Sep 18 18:05:24     55520    15.42
         0.78      162215.0        55.090    Sep 18 18:05:44     55540    15.43
         0.78      162270.0        54.940    Sep 18 18:06:04     55560    15.43
         0.78      162324.0        54.020    Sep 18 18:06:24     55580    15.44
         0.79      162377.8        53.870    Sep 18 18:06:44     55600    15.44
         0.79      162430.8        52.950    Sep 18 18:07:04     55620    15.45
         0.79      162482.8        52.000    Sep 18 18:07:23     55639    15.46
         0.79      162533.3        50.530    Sep 18 18:07:42     55658    15.46
         0.79      162583.6        50.310    Sep 18 18:08:00     55676    15.47
         0.79      162632.5        48.840    Sep 18 18:08:19     55695    15.47
         0.79      162681.6        49.130    Sep 18 18:08:37     55713    15.48
         0.79      162730.9        49.250    Sep 18 18:08:55     55731    15.48
         0.79      162780.0        49.130    Sep 18 18:09:13     55749    15.49
         0.79      162829.0        49.010    Sep 18 18:09:31     55767    15.49
         0.79      162879.9        50.870    Sep 18 18:09:50     55786    15.50
         0.80      162931.2        51.310    Sep 18 18:10:09     55805    15.50
         0.80      162983.5        52.310    Sep 18 18:10:28     55824    15.51
         0.80      163040.1        56.650    Sep 18 18:10:49     55845    15.51
         0.80      163100.4        60.240    Sep 18 18:11:11     55867    15.52
         0.80      163158.8        58.420    Sep 18 18:11:33     55889    15.52
         0.80      163219.1        60.350    Sep 18 18:11:55     55911    15.53
         0.80      163280.9        61.730    Sep 18 18:12:18     55934    15.54
         0.80      163344.3        63.430    Sep 18 18:12:41     55957    15.54
         0.80      163409.6        65.350    Sep 18 18:13:05     55981    15.55
         0.80      163477.7        68.070    Sep 18 18:13:30     56006    15.56
         0.81      163545.4        67.630    Sep 18 18:13:55     56031    15.56
         0.81      163610.4        65.080    Sep 18 18:14:20     56056    15.57
         0.81      163670.3        59.860    Sep 18 18:14:42     56078    15.58
         0.81      163727.2        56.900    Sep 18 18:15:03     56099    15.58
         0.81      163782.9        55.710    Sep 18 18:15:24     56120    15.59
         0.81      163837.5        54.610    Sep 18 18:15:45     56141    15.59
         0.81      163890.3        52.760    Sep 18 18:16:05     56161    15.60
         0.81      163941.9        51.650    Sep 18 18:16:24     56180    15.61
         0.81      163991.9        50.020    Sep 18 18:16:43     56199    15.61
         0.81      164040.4        48.450    Sep 18 18:17:01     56217    15.62
         0.82      164086.8        46.450    Sep 18 18:17:19     56235    15.62
         0.82      164132.2        45.360    Sep 18 18:17:36     56252    15.63
         0.82      164176.9        44.730    Sep 18 18:17:53     56269    15.63
         0.82      164221.1        44.170    Sep 18 18:18:09     56285    15.63
         0.82      164264.0        42.860    Sep 18 18:18:26     56302    15.64
         0.82      164305.1        41.140    Sep 18 18:18:41     56317    15.64
         0.82      164345.3        40.210    Sep 18 18:18:56     56332    15.65
         0.82      164384.9        39.560    Sep 18 18:19:11     56347    15.65
         0.82      164423.5        38.610    Sep 18 18:19:26     56362    15.66
         0.82      164461.2        37.760    Sep 18 18:19:40     56376    15.66
         0.83      164498.8        37.520    Sep 18 18:19:54     56390    15.66
         0.83      164536.6        37.850    Sep 18 18:20:08     56404    15.67
         0.83      164573.3        36.720    Sep 18 18:20:22     56418    15.67
         0.83      164609.5        36.150    Sep 18 18:20:36     56432    15.68
         0.83      164644.5        35.040    Sep 18 18:20:49     56445    15.68
         0.83      164678.7        34.210    Sep 18 18:21:02     56458    15.68
         0.83      164712.2        33.450    Sep 18 18:21:15     56471    15.69
         0.83      164745.4        33.240    Sep 18 18:21:27     56483    15.69
         0.83      164777.9        32.510    Sep 18 18:21:39     56495    15.69
         0.83      164809.4        31.500    Sep 18 18:21:51     56507    15.70
         0.84      164841.4        31.930    Sep 18 18:22:03     56519    15.70
         0.84      164872.3        30.970    Sep 18 18:22:15     56531    15.70
         0.84      164903.0        30.710    Sep 18 18:22:26     56542    15.71
         0.84      164932.8        29.750    Sep 18 18:22:38     56554    15.71
         0.84      164962.6        29.820    Sep 18 18:22:49     56565    15.71
         0.84      164991.6        29.030    Sep 18 18:23:00     56576    15.72
         0.84      165020.5        28.870    Sep 18 18:23:11     56587    15.72
         0.84      165048.7        28.160    Sep 18 18:23:21     56597    15.72
         0.84      165076.7        28.050    Sep 18 18:23:32     56608    15.72
         0.84      165103.9        27.210    Sep 18 18:23:42     56618    15.73
         0.85      165131.2        27.240    Sep 18 18:23:52     56628    15.73
         0.85      165157.1        25.890    Sep 18 18:24:02     56638    15.73
         0.85      165182.8        25.780    Sep 18 18:24:12     56648    15.74
         0.85      165208.1        25.240    Sep 18 18:24:21     56657    15.74
         0.85      165232.9        24.830    Sep 18 18:24:31     56667    15.74
         0.85      165257.8        24.880    Sep 18 18:24:40     56676    15.74
         0.85      165281.9        24.110    Sep 18 18:24:49     56685    15.75
         0.85      165305.8        23.940    Sep 18 18:24:58     56694    15.75
         0.85      165329.9        24.020    Sep 18 18:25:07     56703    15.75
         0.85      165353.0        23.180    Sep 18 18:25:16     56712    15.75
         0.86      165376.2        23.140    Sep 18 18:25:25     56721    15.76
         0.86      165399.5        23.290    Sep 18 18:25:34     56730    15.76
         0.86      165422.3        22.810    Sep 18 18:25:42     56738    15.76
         0.86      165445.1        22.820    Sep 18 18:25:51     56747    15.76
         0.86      165468.0        22.870    Sep 18 18:25:59     56755    15.77
         0.86      165489.9        21.890    Sep 18 18:26:07     56763    15.77
         0.86      165512.0        22.150    Sep 18 18:26:16     56772    15.77
         0.86      165533.9        21.860    Sep 18 18:26:24     56780    15.77
         0.86      165554.9        21.000    Sep 18 18:26:32     56788    15.77
         0.86      165576.0        21.140    Sep 18 18:26:40     56796    15.78
         0.87      165597.0        20.970    Sep 18 18:26:48     56804    15.78
         0.87      165618.1        21.110    Sep 18 18:26:55     56811    15.78
         0.87      165638.3        20.240    Sep 18 18:27:03     56819    15.78
         0.87      165658.5        20.200    Sep 18 18:27:11     56827    15.79
         0.87      165678.7        20.200    Sep 18 18:27:19     56835    15.79
         0.87      165698.1        19.390    Sep 18 18:27:26     56842    15.79
         0.87      165717.5        19.340    Sep 18 18:27:33     56849    15.79
         0.87      165736.8        19.290    Sep 18 18:27:40     56856    15.79
         0.87      165756.0        19.250    Sep 18 18:27:48     56864    15.80
         0.87      165774.4        18.430    Sep 18 18:27:54     56870    15.80
         0.88      165792.8        18.370    Sep 18 18:28:01     56877    15.80
         0.88      165811.3        18.460    Sep 18 18:28:08     56884    15.80
         0.88      165829.9        18.590    Sep 18 18:28:16     56892    15.80
         0.88      165848.2        18.400    Sep 18 18:28:22     56898    15.80
         0.88      165865.8        17.500    Sep 18 18:28:29     56905    15.81
         0.88      165883.3        17.510    Sep 18 18:28:36     56912    15.81
         0.88      165900.8        17.510    Sep 18 18:28:42     56918    15.81
         0.88      165918.4        17.670    Sep 18 18:28:49     56925    15.81
         0.88      165935.2        16.810    Sep 18 18:28:55     56931    15.81
         0.88      165951.9        16.610    Sep 18 18:29:01     56937    15.82
         0.89      165968.5        16.690    Sep 18 18:29:08     56944    15.82
         0.89      165985.3        16.770    Sep 18 18:29:14     56950    15.82
         0.89      166002.1        16.740    Sep 18 18:29:20     56956    15.82
         0.89      166017.8        15.740    Sep 18 18:29:26     56962    15.82
         0.89      166033.6        15.780    Sep 18 18:29:32     56968    15.82
         0.89      166049.4        15.790    Sep 18 18:29:38     56974    15.83
         0.89      166065.2        15.810    Sep 18 18:29:44     56980    15.83
         0.89      166080.9        15.750    Sep 18 18:29:50     56986    15.83
         0.89      166095.8        14.870    Sep 18 18:29:55     56991    15.83
         0.89      166110.9        15.050    Sep 18 18:30:01     56997    15.83
         0.90      166125.9        15.060    Sep 18 18:30:07     57003    15.83
         0.90      166140.8        14.870    Sep 18 18:30:13     57009    15.84
         0.90      166155.6        14.850    Sep 18 18:30:18     57014    15.84
         0.90      166169.6        14.000    Sep 18 18:30:23     57019    15.84
         0.90      166183.7        14.050    Sep 18 18:30:29     57025    15.84
         0.90      166197.7        14.060    Sep 18 18:30:34     57030    15.84
         0.90      166211.8        14.020    Sep 18 18:30:39     57035    15.84
         0.90      166225.9        14.090    Sep 18 18:30:45     57041    15.84
         0.90      166239.0        13.110    Sep 18 18:30:49     57045    15.85
         0.90      166252.3        13.300    Sep 18 18:30:54     57050    15.85
         0.91      166265.4        13.170    Sep 18 18:30:59     57055    15.85
         0.91      166278.6        13.130    Sep 18 18:31:04     57060    15.85
         0.91      166291.7        13.170    Sep 18 18:31:09     57065    15.85
         0.91      166304.8        13.110    Sep 18 18:31:15     57071    15.85
         0.91      166317.1        12.240    Sep 18 18:31:19     57075    15.85
         0.91      166329.3        12.230    Sep 18 18:31:24     57080    15.86
         0.91      166341.5        12.240    Sep 18 18:31:28     57084    15.86
         0.91      166353.8        12.240    Sep 18 18:31:33     57089    15.86
         0.91      166366.0        12.240    Sep 18 18:31:37     57093    15.86
         0.91      166378.3        12.260    Sep 18 18:31:42     57098    15.86
         0.92      166389.7        11.380    Sep 18 18:31:46     57102    15.86
         0.92      166401.2        11.480    Sep 18 18:31:51     57107    15.86
         0.92      166412.6        11.480    Sep 18 18:31:55     57111    15.86
         0.92      166424.1        11.440    Sep 18 18:31:59     57115    15.87
         0.92      166435.5        11.380    Sep 18 18:32:03     57119    15.87
         0.92      166446.8        11.370    Sep 18 18:32:08     57124    15.87
         0.92      166457.3        10.500    Sep 18 18:32:12     57128    15.87
         0.92      166467.8        10.500    Sep 18 18:32:16     57132    15.87
         0.92      166478.4        10.570    Sep 18 18:32:20     57136    15.87
         0.92      166488.9        10.500    Sep 18 18:32:24     57140    15.87
         0.93      166499.4        10.490    Sep 18 18:32:28     57144    15.87
         0.93      166509.9        10.510    Sep 18 18:32:32     57148    15.87
         0.93      166520.4        10.500    Sep 18 18:32:36     57152    15.88
         0.93      166530.1         9.670    Sep 18 18:32:39     57155    15.88
         0.93      166539.7         9.640    Sep 18 18:32:43     57159    15.88
         0.93      166549.6         9.860    Sep 18 18:32:47     57163    15.88
         0.93      166559.3         9.700    Sep 18 18:32:50     57166    15.88
         0.93      166568.9         9.640    Sep 18 18:32:54     57170    15.88
         0.93      166578.5         9.600    Sep 18 18:32:57     57173    15.88
         0.93      166588.2         9.750    Sep 18 18:33:01     57177    15.88
         0.94      166597.8         9.600    Sep 18 18:33:05     57181    15.88
         0.94      166606.7         8.830    Sep 18 18:33:08     57184    15.88
         0.94      166615.5         8.850    Sep 18 18:33:12     57188    15.89
         0.94      166624.3         8.820    Sep 18 18:33:15     57191    15.89
         0.94      166633.1         8.730    Sep 18 18:33:18     57194    15.89
         0.94      166642.0         8.890    Sep 18 18:33:21     57197    15.89
         0.94      166650.8         8.790    Sep 18 18:33:25     57201    15.89
         0.94      166659.5         8.730    Sep 18 18:33:28     57204    15.89
         0.94      166668.3         8.770    Sep 18 18:33:31     57207    15.89
         0.94      166676.2         7.930    Sep 18 18:33:34     57210    15.89
         0.95      166684.1         7.950    Sep 18 18:33:37     57213    15.89
         0.95      166692.1         7.920    Sep 18 18:33:40     57216    15.89
         0.95      166699.9         7.860    Sep 18 18:33:43     57219    15.89
         0.95      166707.8         7.890    Sep 18 18:33:46     57222    15.89
         0.95      166715.7         7.850    Sep 18 18:33:49     57225    15.90
         0.95      166723.5         7.870    Sep 18 18:33:52     57228    15.90
         0.95      166731.5         7.920    Sep 18 18:33:55     57231    15.90
         0.95      166739.4         7.950    Sep 18 18:33:58     57234    15.90
         0.95      166747.3         7.860    Sep 18 18:34:01     57237    15.90
         0.95      166754.2         6.980    Sep 18 18:34:03     57239    15.90
         0.96      166761.3         7.090    Sep 18 18:34:06     57242    15.90
         0.96      166768.4         7.050    Sep 18 18:34:09     57245    15.90
         0.96      166775.5         7.080    Sep 18 18:34:12     57248    15.90
         0.96      166782.4         6.980    Sep 18 18:34:15     57251    15.90
         0.96      166789.6         7.200    Sep 18 18:34:17     57253    15.90
         0.96      166796.6         6.990    Sep 18 18:34:20     57256    15.90
         0.96      166803.6         6.990    Sep 18 18:34:22     57258    15.90
         0.96      166810.6         6.960    Sep 18 18:34:25     57261    15.91
         0.96      166817.6         6.980    Sep 18 18:34:28     57264    15.91
         0.96      166824.7         7.100    Sep 18 18:34:30     57266    15.91
         0.97      166830.8         6.180    Sep 18 18:34:33     57269    15.91
         0.97      166837.0         6.110    Sep 18 18:34:35     57271    15.91
         0.97      166843.1         6.120    Sep 18 18:34:37     57273    15.91
         0.97      166849.2         6.130    Sep 18 18:34:39     57275    15.91
         0.97      166855.3         6.110    Sep 18 18:34:42     57278    15.91
         0.97      166861.4         6.130    Sep 18 18:34:44     57280    15.91
         0.97      166867.5         6.100    Sep 18 18:34:46     57282    15.91
         0.97      166873.6         6.110    Sep 18 18:34:49     57285    15.91
         0.97      166879.8         6.110    Sep 18 18:34:51     57287    15.91
         0.97      166885.9         6.120    Sep 18 18:34:53     57289    15.91
         0.98      166892.0         6.110    Sep 18 18:34:55     57291    15.91
         0.98      166898.1         6.110    Sep 18 18:34:58     57294    15.91
         0.98      166904.2         6.120    Sep 18 18:35:00     57296    15.92
         0.98      166910.3         6.110    Sep 18 18:35:02     57298    15.92
         0.98      166915.6         5.240    Sep 18 18:35:04     57300    15.92
         0.98      166920.8         5.240    Sep 18 18:35:06     57302    15.92
         0.98      166926.0         5.220    Sep 18 18:35:08     57304    15.92
         0.98      166931.4         5.390    Sep 18 18:35:10     57306    15.92
         0.98      166936.7         5.240    Sep 18 18:35:12     57308    15.92
         0.98      166941.9         5.250    Sep 18 18:35:15     57311    15.92
         0.99      166947.1         5.220    Sep 18 18:35:16     57312    15.92
         0.99      166952.4         5.250    Sep 18 18:35:18     57314    15.92
         0.99      166957.7         5.270    Sep 18 18:35:20     57316    15.92
         0.99      166962.9         5.290    Sep 18 18:35:22     57318    15.92
         0.99      166968.2         5.310    Sep 18 18:35:24     57320    15.92
         0.99      166973.5         5.230    Sep 18 18:35:26     57322    15.92
         0.99      166978.7         5.250    Sep 18 18:35:28     57324    15.92
         0.99      166984.0         5.240    Sep 18 18:35:30     57326    15.92
         0.99      166989.2         5.250    Sep 18 18:35:32     57328    15.92
         0.99      166994.5         5.250    Sep 18 18:35:34     57330    15.93
         1.00      166999.8         5.330    Sep 18 18:35:36     57332    15.93
         1.00      167005.1         5.280    Sep 18 18:35:38     57334    15.93
         1.00      167010.3         5.240    Sep 18 18:35:40     57336    15.93
         1.00      167014.7         4.360    Sep 18 18:35:42     57338    15.93
         1.00      167019.0         4.370    Sep 18 18:35:43     57339    15.93
