  -50.000000000000000     
  -49.598393574297191     
  -49.196787148594375     
  -48.795180722891565     
  -48.393574297188756     
  -47.991967871485940     
  -47.590361445783131     
  -47.188755020080322     
  -46.787148594377513     
  -46.385542168674696     
  -45.983935742971887     
  -45.582329317269078     
  -45.180722891566262     
  -44.779116465863453     
  -44.377510040160644     
  -43.975903614457835     
  -43.574297188755018     
  -43.172690763052209     
  -42.771084337349400     
  -42.369477911646584     
  -41.967871485943775     
  -41.566265060240966     
  -41.164658634538156     
  -40.763052208835340     
  -40.361445783132531     
  -39.959839357429715     
  -39.558232931726906     
  -39.156626506024097     
  -38.755020080321287     
  -38.353413654618478     
  -37.951807228915662     
  -37.550200803212853     
  -37.148594377510037     
  -36.746987951807228     
  -36.345381526104418     
  -35.943775100401609     
  -35.542168674698793     
  -35.140562248995984     
  -34.738955823293175     
  -34.337349397590359     
  -33.935742971887549     
  -33.534136546184740     
  -33.132530120481931     
  -32.730923694779115     
  -32.329317269076306     
  -31.927710843373493     
  -31.526104417670684     
  -31.124497991967871     
  -30.722891566265062     
  -30.321285140562249     
  -29.919678714859437     
  -29.518072289156628     
  -29.116465863453815     
  -28.714859437751006     
  -28.313253012048193     
  -27.911646586345380     
  -27.510040160642571     
  -27.108433734939759     
  -26.706827309236949     
  -26.305220883534137     
  -25.903614457831324     
  -25.502008032128515     
  -25.100401606425702     
  -24.698795180722893     
  -24.297188755020080     
  -23.895582329317268     
  -23.493975903614459     
  -23.092369477911646     
  -22.690763052208837     
  -22.289156626506024     
  -21.887550200803211     
  -21.485943775100402     
  -21.084337349397590     
  -20.682730923694781     
  -20.281124497991968     
  -19.879518072289155     
  -19.477911646586346     
  -19.076305220883533     
  -18.674698795180724     
  -18.273092369477911     
  -17.871485943775099     
  -17.469879518072290     
  -17.068273092369481     
  -16.666666666666664     
  -16.265060240963855     
  -15.863453815261046     
  -15.461847389558230     
  -15.060240963855421     
  -14.658634538152612     
  -14.257028112449802     
  -13.855421686746986     
  -13.453815261044177     
  -13.052208835341368     
  -12.650602409638552     
  -12.248995983935743     
  -11.847389558232933     
  -11.445783132530124     
  -11.044176706827308     
  -10.642570281124499     
  -10.240963855421690     
  -9.8393574297188735     
  -9.4377510040160644     
  -9.0361445783132552     
  -8.6345381526104390     
  -8.2329317269076299     
  -7.8313253012048207     
  -7.4297188755020116     
  -7.0281124497991954     
  -6.6265060240963862     
  -6.2248995983935771     
  -5.8232931726907609     
  -5.4216867469879517     
  -5.0200803212851426     
  -4.6184738955823263     
  -4.2168674698795172     
  -3.8152610441767081     
  -3.4136546184738989     
  -3.0120481927710827     
  -2.6104417670682736     
  -2.2088353413654644     
  -1.8072289156626482     
  -1.4056224899598391     
  -1.0040160642570299     
 -0.60240963855421370     
 -0.20080321285140457     
  0.20080321285140457     
  0.60240963855421370     
   1.0040160642570299     
   1.4056224899598391     
   1.8072289156626482     
   2.2088353413654644     
   2.6104417670682736     
   3.0120481927710827     
   3.4136546184738918     
   3.8152610441767081     
   4.2168674698795172     
   4.6184738955823263     
   5.0200803212851426     
   5.4216867469879517     
   5.8232931726907609     
   6.2248995983935771     
   6.6265060240963862     
   7.0281124497991954     
   7.4297188755020045     
   7.8313253012048207     
   8.2329317269076299     
   8.6345381526104390     
   9.0361445783132552     
   9.4377510040160644     
   9.8393574297188735     
   10.240963855421690     
   10.642570281124499     
   11.044176706827308     
   11.445783132530117     
   11.847389558232933     
   12.248995983935743     
   12.650602409638552     
   13.052208835341368     
   13.453815261044177     
   13.855421686746986     
   14.257028112449802     
   14.658634538152612     
   15.060240963855421     
   15.461847389558230     
   15.863453815261039     
   16.265060240963848     
   16.666666666666671     
   17.068273092369481     
   17.469879518072290     
   17.871485943775099     
   18.273092369477908     
   18.674698795180717     
   19.076305220883540     
   19.477911646586350     
   19.879518072289159     
   20.281124497991968     
   20.682730923694777     
   21.084337349397586     
   21.485943775100395     
   21.887550200803219     
   22.289156626506028     
   22.690763052208837     
   23.092369477911646     
   23.493975903614455     
   23.895582329317264     
   24.297188755020073     
   24.698795180722897     
   25.100401606425706     
   25.502008032128515     
   25.903614457831324     
   26.305220883534133     
   26.706827309236942     
   27.108433734939752     
   27.510040160642575     
   27.911646586345384     
   28.313253012048193     
   28.714859437751002     
   29.116465863453811     
   29.518072289156621     
   29.919678714859444     
   30.321285140562253     
   30.722891566265062     
   31.124497991967871     
   31.526104417670680     
   31.927710843373490     
   32.329317269076299     
   32.730923694779122     
   33.132530120481931     
   33.534136546184740     
   33.935742971887549     
   34.337349397590359     
   34.738955823293168     
   35.140562248995977     
   35.542168674698800     
   35.943775100401609     
   36.345381526104418     
   36.746987951807228     
   37.148594377510037     
   37.550200803212846     
   37.951807228915669     
   38.353413654618478     
   38.755020080321287     
   39.156626506024097     
   39.558232931726906     
   39.959839357429715     
   40.361445783132524     
   40.763052208835347     
   41.164658634538156     
   41.566265060240966     
   41.967871485943775     
   42.369477911646584     
   42.771084337349393     
   43.172690763052202     
   43.574297188755025     
   43.975903614457835     
   44.377510040160644     
   44.779116465863453     
   45.180722891566262     
   45.582329317269071     
   45.983935742971880     
   46.385542168674704     
   46.787148594377513     
   47.188755020080322     
   47.590361445783131     
   47.991967871485940     
   48.393574297188749     
   48.795180722891573     
   49.196787148594382     
   49.598393574297191     
   50.000000000000000     
