#Update-step  Updatetime     Error of A        Error of phi      Time in fs
     1                                         0.917390E-003
     1        0.00384615     0.000000E+000     0.161263E-003        0.0000
     2        0.00457875     0.000000E+000     0.119476E-003        0.0038
     3        0.00610501     0.000000E+000     0.103272E-003        0.0084
     4        0.00854701     0.000000E+000     0.887562E-004        0.0145
     5        0.01282051     0.000000E+000     0.110431E-003        0.0231
     6        0.01602564     0.000000E+000     0.965892E-004        0.0359
     7        0.02403846     0.000000E+000     0.170935E-003        0.0519
     8        0.02403846     0.000000E+000     0.153862E-003        0.0760
     9        0.02500000     0.000000E+000     0.184120E-003        0.1000
    10        0.02500000     0.000000E+000     0.216508E-003        0.1250
    11 *      0.01250000     0.000000E+000     0.752112E-004        0.1500
    11        0.01250000     0.000000E+000     0.967553E-004        0.1625
    12        0.01250000     0.000000E+000     0.130801E-003        0.1750
    13        0.01250000     0.000000E+000     0.192755E-003        0.1875
    14 *      0.00714286     0.000000E+000     0.135285E-003        0.2000
    14        0.00714286     0.000000E+000     0.243105E-003        0.2071
    15 *      0.00389610     0.000000E+000     0.195916E-003        0.2143
    15        0.00389610     0.000000E+000     0.350686E-003        0.2182
    16 *      0.00185529     0.000000E+000     0.159409E-003        0.2221
    16        0.00185529     0.000000E+000     0.184997E-003        0.2239
    17 *      0.00115955     0.000000E+000     0.848489E-004        0.2258
    17        0.00115955     0.000000E+000     0.858118E-004        0.2269
    18        0.00194304     0.000000E+000     0.219372E-003        0.2281
    19        0.00211968     0.000000E+000     0.242020E-003        0.2301
    20        0.00218805     0.000000E+000     0.202171E-003        0.2322
    21        0.00243117     0.000000E+000     0.222382E-003        0.2344
    22 *      0.00131688     0.000000E+000     0.822069E-004        0.2368
    22        0.00131688     0.000000E+000     0.786954E-004        0.2381
    23        0.00224358     0.000000E+000     0.181664E-003        0.2394
    24        0.00265150     0.000000E+000     0.198733E-003        0.2417
    25        0.00293061     0.000000E+000     0.196443E-003        0.2443
    26        0.00329694     0.000000E+000     0.188812E-003        0.2472
    27        0.00380416     0.000000E+000     0.203830E-003        0.2505
    28        0.00414999     0.000000E+000     0.199327E-003        0.2544
    29        0.00461110     0.000000E+000     0.199441E-003        0.2585
    30        0.00526983     0.000000E+000     0.203014E-003        0.2631
    31        0.00526983     0.000000E+000     0.160726E-003        0.2684
    32        0.00526983     0.000000E+000     0.123506E-003        0.2737
    33        0.00702644     0.000000E+000     0.146229E-003        0.2789
    34        0.00702644     0.000000E+000     0.101795E-003        0.2859
    35        0.00702644     0.000000E+000     0.726350E-004        0.2930
    36        0.01111111     0.000000E+000     0.125100E-003        0.3000
    37        0.01481481     0.000000E+000     0.152618E-003        0.3111
    38        0.01851852     0.000000E+000     0.159433E-003        0.3259
    39        0.01851852     0.000000E+000     0.107244E-003        0.3444
    40        0.01851852     0.000000E+000     0.729219E-004        0.3630
    41        0.01851852     0.000000E+000     0.501279E-004        0.3815
    42        0.03333333     0.000000E+000     0.946825E-004        0.4000
    43        0.03333333     0.000000E+000     0.494182E-004        0.4333
    44        0.03333333     0.000000E+000     0.267564E-004        0.4667
    45        0.05000000     0.000000E+000     0.256914E-004        0.5000
    46        0.05000000     0.000000E+000     0.929805E-005        0.5500
    47        0.10000000     0.000000E+000     0.787203E-005        0.6000
    48        0.10000000     0.000000E+000     0.127220E-005        0.7000
    49        0.10000000     0.000000E+000     0.201912E-006        0.8000
    50        0.10000000     0.000000E+000     0.289826E-007        0.9000
