#    Start: ------ Host: "jupiterace" ----------Wed Nov  9 04:22:47 2022

#    Time[fs]   CPU-time[s]     Delta-CPU    Real time        RealT[s]     [h]
#       -0.00           5.2                  Nov  9 04:22:51         0     0.00
         0.00         139.4       134.190    Nov  9 04:23:14        23     0.01
         0.00         334.6       195.220    Nov  9 04:23:50        59     0.02
         0.00         511.1       176.460    Nov  9 04:24:23        92     0.03
         0.00         688.1       177.010    Nov  9 04:24:56       125     0.03
         0.00         853.2       165.080    Nov  9 04:25:26       155     0.04
         0.01        1009.6       156.450    Nov  9 04:25:56       185     0.05
         0.01        1157.0       147.320    Nov  9 04:26:23       212     0.06
         0.01        1303.7       146.750    Nov  9 04:26:51       240     0.07
         0.01        1442.2       138.540    Nov  9 04:27:17       266     0.07
         0.01        1577.5       135.250    Nov  9 04:27:42       291     0.08
         0.01        1706.8       129.310    Nov  9 04:28:06       315     0.09
         0.01        1830.3       123.470    Nov  9 04:28:29       338     0.09
         0.01        1947.1       116.820    Nov  9 04:28:51       360     0.10
         0.01        2061.9       114.770    Nov  9 04:29:12       381     0.11
         0.01        2168.9       106.990    Nov  9 04:29:33       402     0.11
         0.02        2275.4       106.540    Nov  9 04:29:52       421     0.12
         0.02        2376.9       101.470    Nov  9 04:30:11       440     0.12
         0.02        2475.6        98.730    Nov  9 04:30:30       459     0.13
         0.02        2567.4        91.760    Nov  9 04:30:47       476     0.13
         0.02        2652.2        84.800    Nov  9 04:31:03       492     0.14
         0.02        2740.4        88.220    Nov  9 04:31:19       508     0.14
         0.02        2824.8        84.410    Nov  9 04:31:35       524     0.15
         0.02        2907.0        82.230    Nov  9 04:31:50       539     0.15
         0.02        2983.9        76.910    Nov  9 04:32:05       554     0.15
         0.02        3061.3        77.330    Nov  9 04:32:19       568     0.16
         0.02        3136.0        74.770    Nov  9 04:32:33       582     0.16
         0.03        3205.6        69.600    Nov  9 04:32:46       595     0.17
         0.03        3275.7        70.070    Nov  9 04:32:59       608     0.17
         0.03        3344.3        68.600    Nov  9 04:33:12       621     0.17
         0.03        3409.9        65.570    Nov  9 04:33:24       633     0.18
         0.03        3472.8        62.890    Nov  9 04:33:36       645     0.18
         0.03        3533.6        60.880    Nov  9 04:33:47       656     0.18
         0.03        3591.6        58.010    Nov  9 04:33:58       667     0.19
         0.03        3649.8        58.170    Nov  9 04:34:09       678     0.19
         0.03        3705.8        55.930    Nov  9 04:34:20       689     0.19
         0.04        3758.3        52.540    Nov  9 04:34:29       698     0.19
         0.04        3810.5        52.240    Nov  9 04:34:39       708     0.20
         0.04        3863.6        53.050    Nov  9 04:34:49       718     0.20
         0.04        3914.8        51.260    Nov  9 04:34:59       728     0.20
         0.04        3962.7        47.830    Nov  9 04:35:08       737     0.20
         0.04        4011.3        48.630    Nov  9 04:35:17       746     0.21
         0.04        4057.6        46.290    Nov  9 04:35:26       755     0.21
         0.04        4104.0        46.440    Nov  9 04:35:34       763     0.21
         0.04        4147.5        43.490    Nov  9 04:35:42       771     0.21
         0.04        4191.1        43.600    Nov  9 04:35:51       780     0.22
         0.05        4232.5        41.390    Nov  9 04:35:58       787     0.22
         0.05        4273.6        41.100    Nov  9 04:36:06       795     0.22
         0.05        4312.6        38.940    Nov  9 04:36:13       802     0.22
         0.05        4350.1        37.500    Nov  9 04:36:20       809     0.22
         0.05        4387.2        37.100    Nov  9 04:36:27       816     0.23
         0.05        4420.1        32.960    Nov  9 04:36:33       822     0.23
         0.05        4454.2        34.100    Nov  9 04:36:40       829     0.23
         0.05        4484.4        30.230    Nov  9 04:36:45       834     0.23
         0.05        4518.1        33.700    Nov  9 04:36:52       841     0.23
         0.05        4551.8        33.620    Nov  9 04:36:58       847     0.24
         0.06        4586.0        34.270    Nov  9 04:37:04       853     0.24
         0.06        4616.5        30.500    Nov  9 04:37:10       859     0.24
         0.06        4646.8        30.230    Nov  9 04:37:16       865     0.24
         0.06        4678.2        31.400    Nov  9 04:37:22       871     0.24
         0.06        4707.0        28.870    Nov  9 04:37:27       876     0.24
         0.06        4735.7        28.670    Nov  9 04:37:33       882     0.24
         0.06        4763.9        28.250    Nov  9 04:37:38       887     0.25
         0.06        4791.6        27.660    Nov  9 04:37:43       892     0.25
         0.06        4817.4        25.780    Nov  9 04:37:48       897     0.25
         0.06        4843.3        25.880    Nov  9 04:37:53       902     0.25
         0.07        4869.1        25.790    Nov  9 04:37:58       907     0.25
         0.07        4895.4        26.370    Nov  9 04:38:03       912     0.25
         0.07        4921.4        26.000    Nov  9 04:38:08       917     0.25
         0.07        4945.0        23.540    Nov  9 04:38:12       921     0.26
         0.07        4968.3        23.340    Nov  9 04:38:17       926     0.26
         0.07        4992.0        23.730    Nov  9 04:38:21       930     0.26
         0.07        5015.1        23.040    Nov  9 04:38:25       934     0.26
         0.07        5038.6        23.560    Nov  9 04:38:30       939     0.26
         0.07        5059.6        20.950    Nov  9 04:38:34       943     0.26
         0.07        5080.6        21.000    Nov  9 04:38:38       947     0.26
         0.08        5101.9        21.350    Nov  9 04:38:42       951     0.26
         0.08        5122.8        20.880    Nov  9 04:38:46       955     0.27
         0.08        5143.8        20.960    Nov  9 04:38:50       959     0.27
         0.08        5164.3        20.570    Nov  9 04:38:54       963     0.27
         0.08        5183.1        18.800    Nov  9 04:38:57       966     0.27
         0.08        5201.8        18.630    Nov  9 04:39:01       970     0.27
         0.08        5220.5        18.750    Nov  9 04:39:04       973     0.27
         0.08        5239.5        18.960    Nov  9 04:39:08       977     0.27
         0.08        5258.4        18.900    Nov  9 04:39:11       980     0.27
         0.08        5277.1        18.760    Nov  9 04:39:15       984     0.27
         0.09        5295.7        18.500    Nov  9 04:39:18       987     0.27
         0.09        5312.2        16.550    Nov  9 04:39:21       990     0.28
         0.09        5328.5        16.320    Nov  9 04:39:25       994     0.28
         0.09        5344.9        16.420    Nov  9 04:39:28       997     0.28
         0.09        5361.2        16.260    Nov  9 04:39:31      1000     0.28
         0.09        5377.1        15.870    Nov  9 04:39:34      1003     0.28
         0.09        5393.6        16.570    Nov  9 04:39:37      1006     0.28
         0.09        5410.1        16.430    Nov  9 04:39:40      1009     0.28
         0.09        5426.3        16.200    Nov  9 04:39:43      1012     0.28
         0.09        5439.5        13.270    Nov  9 04:39:46      1015     0.28
         0.10        5453.8        14.220    Nov  9 04:39:48      1017     0.28
         0.10        5467.4        13.690    Nov  9 04:39:51      1020     0.28
         0.10        5481.6        14.110    Nov  9 04:39:54      1023     0.28
         0.10        5494.8        13.270    Nov  9 04:39:56      1025     0.28
         0.10        5508.9        14.120    Nov  9 04:39:59      1028     0.29
         0.10        5523.2        14.200    Nov  9 04:40:01      1030     0.29
         0.10        5537.1        13.960    Nov  9 04:40:04      1033     0.29
         0.10        5551.0        13.930    Nov  9 04:40:07      1036     0.29
         0.10        5564.9        13.910    Nov  9 04:40:09      1038     0.29
         0.10        5576.6        11.690    Nov  9 04:40:12      1041     0.29
         0.11        5588.3        11.690    Nov  9 04:40:14      1043     0.29
         0.11        5599.5        11.130    Nov  9 04:40:16      1045     0.29
         0.11        5611.0        11.510    Nov  9 04:40:18      1047     0.29
         0.11        5620.9         9.980    Nov  9 04:40:20      1049     0.29
         0.11        5632.6        11.670    Nov  9 04:40:22      1051     0.29
         0.11        5644.1        11.490    Nov  9 04:40:24      1053     0.29
         0.11        5655.5        11.400    Nov  9 04:40:27      1056     0.29
         0.11        5667.1        11.560    Nov  9 04:40:29      1058     0.29
         0.11        5678.4        11.350    Nov  9 04:40:31      1060     0.29
         0.11        5690.0        11.540    Nov  9 04:40:33      1062     0.29
         0.12        5701.5        11.580    Nov  9 04:40:35      1064     0.30
         0.12        5713.3        11.790    Nov  9 04:40:38      1067     0.30
         0.12        5724.9        11.600    Nov  9 04:40:40      1069     0.30
         0.12        5734.1         9.210    Nov  9 04:40:41      1070     0.30
         0.12        5743.5         9.410    Nov  9 04:40:43      1072     0.30
         0.12        5752.2         8.700    Nov  9 04:40:45      1074     0.30
         0.12        5761.0         8.730    Nov  9 04:40:47      1076     0.30
         0.12        5770.3         9.310    Nov  9 04:40:48      1077     0.30
         0.12        5779.1         8.790    Nov  9 04:40:50      1079     0.30
         0.12        5788.3         9.230    Nov  9 04:40:52      1081     0.30
         0.13        5797.7         9.390    Nov  9 04:40:54      1083     0.30
         0.13        5806.7         8.960    Nov  9 04:40:55      1084     0.30
         0.13        5816.2         9.520    Nov  9 04:40:57      1086     0.30
         0.13        5825.6         9.440    Nov  9 04:40:59      1088     0.30
         0.13        5834.8         9.220    Nov  9 04:41:01      1090     0.30
         0.13        5844.2         9.410    Nov  9 04:41:02      1091     0.30
         0.13        5853.7         9.410    Nov  9 04:41:04      1093     0.30
         0.13        5862.8         9.130    Nov  9 04:41:06      1095     0.30
         0.13        5872.0         9.200    Nov  9 04:41:08      1097     0.30
         0.13        5881.2         9.230    Nov  9 04:41:09      1098     0.30
         0.14        5890.5         9.310    Nov  9 04:41:11      1100     0.31
         0.14        5897.8         7.260    Nov  9 04:41:13      1102     0.31
         0.14        5904.9         7.130    Nov  9 04:41:14      1103     0.31
         0.14        5912.0         7.120    Nov  9 04:41:15      1104     0.31
         0.14        5918.6         6.550    Nov  9 04:41:16      1105     0.31
         0.14        5925.6         7.060    Nov  9 04:41:18      1107     0.31
         0.14        5932.8         7.120    Nov  9 04:41:19      1108     0.31
         0.14        5939.8         7.030    Nov  9 04:41:20      1109     0.31
         0.14        5946.5         6.670    Nov  9 04:41:22      1111     0.31
         0.14        5953.6         7.130    Nov  9 04:41:23      1112     0.31
         0.15        5960.6         7.030    Nov  9 04:41:24      1113     0.31
         0.15        5967.6         6.940    Nov  9 04:41:26      1115     0.31
         0.15        5974.3         6.700    Nov  9 04:41:27      1116     0.31
         0.15        5981.2         6.900    Nov  9 04:41:28      1117     0.31
         0.15        5988.2         7.080    Nov  9 04:41:30      1119     0.31
         0.15        5994.8         6.520    Nov  9 04:41:31      1120     0.31
         0.15        6001.7         6.970    Nov  9 04:41:32      1121     0.31
         0.15        6008.8         7.060    Nov  9 04:41:34      1123     0.31
         0.15        6015.9         7.110    Nov  9 04:41:35      1124     0.31
         0.15        6022.7         6.790    Nov  9 04:41:36      1125     0.31
         0.16        6029.7         6.990    Nov  9 04:41:38      1127     0.31
         0.16        6036.8         7.070    Nov  9 04:41:39      1128     0.31
         0.16        6043.9         7.090    Nov  9 04:41:40      1129     0.31
         0.16        6050.9         7.060    Nov  9 04:41:42      1131     0.31
         0.16        6058.0         7.120    Nov  9 04:41:43      1132     0.31
         0.16        6065.2         7.130    Nov  9 04:41:44      1133     0.31
         0.16        6072.3         7.170    Nov  9 04:41:46      1135     0.32
         0.16        6079.2         6.820    Nov  9 04:41:47      1136     0.32
         0.16        6086.1         6.940    Nov  9 04:41:48      1137     0.32
         0.16        6093.2         7.090    Nov  9 04:41:50      1139     0.32
         0.17        6100.3         7.080    Nov  9 04:41:51      1140     0.32
         0.17        6107.2         6.900    Nov  9 04:41:52      1141     0.32
         0.17        6111.8         4.630    Nov  9 04:41:53      1142     0.32
         0.17        6116.5         4.720    Nov  9 04:41:54      1143     0.32
         0.17        6121.2         4.720    Nov  9 04:41:55      1144     0.32
         0.17        6125.9         4.710    Nov  9 04:41:56      1145     0.32
         0.17        6130.5         4.570    Nov  9 04:41:57      1146     0.32
         0.17        6135.2         4.670    Nov  9 04:41:57      1146     0.32
         0.17        6139.9         4.750    Nov  9 04:41:58      1147     0.32
         0.17        6144.6         4.720    Nov  9 04:41:59      1148     0.32
         0.18        6149.3         4.680    Nov  9 04:42:00      1149     0.32
         0.18        6154.0         4.710    Nov  9 04:42:01      1150     0.32
         0.18        6158.6         4.560    Nov  9 04:42:02      1151     0.32
         0.18        6163.2         4.550    Nov  9 04:42:03      1152     0.32
         0.18        6167.7         4.590    Nov  9 04:42:04      1153     0.32
         0.18        6172.3         4.600    Nov  9 04:42:04      1153     0.32
         0.18        6177.1         4.750    Nov  9 04:42:05      1154     0.32
         0.18        6181.8         4.720    Nov  9 04:42:06      1155     0.32
         0.18        6186.2         4.380    Nov  9 04:42:07      1156     0.32
         0.18        6190.9         4.720    Nov  9 04:42:08      1157     0.32
         0.19        6195.6         4.720    Nov  9 04:42:09      1158     0.32
         0.19        6200.3         4.720    Nov  9 04:42:10      1159     0.32
         0.19        6205.1         4.750    Nov  9 04:42:11      1160     0.32
         0.19        6209.9         4.760    Nov  9 04:42:12      1161     0.32
         0.19        6213.4         3.510    Nov  9 04:42:12      1161     0.32
         0.19        6217.5         4.130    Nov  9 04:42:13      1162     0.32
         0.19        6222.2         4.740    Nov  9 04:42:14      1163     0.32
         0.19        6226.9         4.680    Nov  9 04:42:15      1164     0.32
         0.19        6231.6         4.720    Nov  9 04:42:16      1165     0.32
         0.19        6236.4         4.710    Nov  9 04:42:17      1166     0.32
         0.20        6240.5         4.150    Nov  9 04:42:17      1166     0.32
         0.20        6245.2         4.650    Nov  9 04:42:18      1167     0.32
         0.20        6249.8         4.660    Nov  9 04:42:19      1168     0.32
         0.20        6254.5         4.680    Nov  9 04:42:20      1169     0.32
         0.20        6259.2         4.740    Nov  9 04:42:21      1170     0.33
         0.20        6263.9         4.650    Nov  9 04:42:22      1171     0.33
         0.20        6268.2         4.280    Nov  9 04:42:23      1172     0.33
         0.20        6272.6         4.420    Nov  9 04:42:24      1173     0.33
         0.20        6277.2         4.630    Nov  9 04:42:24      1173     0.33
         0.20        6281.9         4.670    Nov  9 04:42:25      1174     0.33
         0.21        6286.5         4.650    Nov  9 04:42:26      1175     0.33
         0.21        6291.3         4.760    Nov  9 04:42:27      1176     0.33
         0.21        6295.9         4.610    Nov  9 04:42:28      1177     0.33
         0.21        6300.6         4.720    Nov  9 04:42:29      1178     0.33
         0.21        6305.4         4.750    Nov  9 04:42:30      1179     0.33
         0.21        6310.1         4.710    Nov  9 04:42:31      1180     0.33
         0.21        6314.9         4.780    Nov  9 04:42:32      1181     0.33
         0.21        6319.2         4.330    Nov  9 04:42:32      1181     0.33
         0.21        6322.6         3.460    Nov  9 04:42:33      1182     0.33
         0.21        6327.3         4.620    Nov  9 04:42:34      1183     0.33
         0.22        6331.8         4.560    Nov  9 04:42:35      1184     0.33
         0.22        6336.5         4.650    Nov  9 04:42:36      1185     0.33
         0.22        6341.0         4.570    Nov  9 04:42:36      1185     0.33
         0.22        6345.6         4.580    Nov  9 04:42:37      1186     0.33
         0.22        6350.2         4.600    Nov  9 04:42:38      1187     0.33
         0.22        6354.8         4.540    Nov  9 04:42:39      1188     0.33
         0.22        6359.4         4.640    Nov  9 04:42:40      1189     0.33
         0.22        6364.2         4.740    Nov  9 04:42:41      1190     0.33
         0.22        6368.8         4.650    Nov  9 04:42:42      1191     0.33
         0.22        6373.3         4.530    Nov  9 04:42:43      1192     0.33
         0.23        6377.9         4.550    Nov  9 04:42:43      1192     0.33
         0.23        6382.6         4.740    Nov  9 04:42:44      1193     0.33
         0.23        6387.4         4.750    Nov  9 04:42:45      1194     0.33
         0.23        6392.1         4.690    Nov  9 04:42:46      1195     0.33
         0.23        6396.8         4.780    Nov  9 04:42:47      1196     0.33
         0.23        6401.1         4.240    Nov  9 04:42:48      1197     0.33
         0.23        6405.9         4.800    Nov  9 04:42:49      1198     0.33
         0.23        6410.7         4.780    Nov  9 04:42:50      1199     0.33
         0.23        6415.4         4.690    Nov  9 04:42:51      1200     0.33
         0.23        6420.1         4.790    Nov  9 04:42:52      1201     0.33
         0.24        6424.9         4.730    Nov  9 04:42:52      1201     0.33
         0.24        6429.5         4.640    Nov  9 04:42:53      1202     0.33
         0.24        6434.2         4.710    Nov  9 04:42:54      1203     0.33
         0.24        6438.9         4.670    Nov  9 04:42:55      1204     0.33
         0.24        6443.6         4.740    Nov  9 04:42:56      1205     0.33
         0.24        6448.3         4.690    Nov  9 04:42:57      1206     0.34
         0.24        6453.0         4.720    Nov  9 04:42:58      1207     0.34
         0.24        6457.6         4.580    Nov  9 04:42:59      1208     0.34
         0.24        6462.3         4.670    Nov  9 04:43:00      1209     0.34
         0.24        6467.0         4.730    Nov  9 04:43:00      1209     0.34
         0.25        6471.7         4.690    Nov  9 04:43:01      1210     0.34
         0.25        6476.4         4.730    Nov  9 04:43:02      1211     0.34
         0.25        6480.9         4.490    Nov  9 04:43:03      1212     0.34
         0.25        6485.4         4.510    Nov  9 04:43:04      1213     0.34
         0.25        6487.8         2.370    Nov  9 04:43:04      1213     0.34
         0.25        6490.8         3.030    Nov  9 04:43:05      1214     0.34
         0.25        6493.4         2.610    Nov  9 04:43:06      1215     0.34
         0.25        6496.2         2.710    Nov  9 04:43:06      1215     0.34
         0.25        6498.9         2.740    Nov  9 04:43:07      1216     0.34
         0.25        6501.6         2.680    Nov  9 04:43:07      1216     0.34
         0.26        6504.4         2.780    Nov  9 04:43:08      1217     0.34
         0.26        6506.9         2.570    Nov  9 04:43:09      1218     0.34
         0.26        6509.8         2.840    Nov  9 04:43:09      1218     0.34
         0.26        6512.5         2.720    Nov  9 04:43:10      1219     0.34
         0.26        6515.2         2.710    Nov  9 04:43:10      1219     0.34
         0.26        6517.9         2.730    Nov  9 04:43:11      1220     0.34
         0.26        6520.7         2.720    Nov  9 04:43:12      1221     0.34
         0.26        6523.4         2.710    Nov  9 04:43:12      1221     0.34
         0.26        6526.1         2.710    Nov  9 04:43:13      1222     0.34
         0.26        6528.7         2.650    Nov  9 04:43:13      1222     0.34
         0.27        6531.3         2.620    Nov  9 04:43:14      1223     0.34
         0.27        6534.2         2.850    Nov  9 04:43:15      1224     0.34
         0.27        6536.9         2.740    Nov  9 04:43:15      1224     0.34
         0.27        6539.6         2.640    Nov  9 04:43:16      1225     0.34
         0.27        6542.1         2.520    Nov  9 04:43:16      1225     0.34
         0.27        6544.7         2.620    Nov  9 04:43:17      1226     0.34
         0.27        6547.2         2.540    Nov  9 04:43:17      1226     0.34
         0.27        6549.9         2.670    Nov  9 04:43:18      1227     0.34
         0.27        6552.4         2.520    Nov  9 04:43:18      1227     0.34
         0.27        6555.0         2.570    Nov  9 04:43:19      1228     0.34
         0.28        6557.6         2.550    Nov  9 04:43:19      1228     0.34
         0.28        6560.3         2.700    Nov  9 04:43:20      1229     0.34
         0.28        6562.8         2.540    Nov  9 04:43:21      1230     0.34
         0.28        6565.4         2.610    Nov  9 04:43:21      1230     0.34
         0.28        6568.0         2.550    Nov  9 04:43:22      1231     0.34
         0.28        6571.0         3.010    Nov  9 04:43:22      1231     0.34
         0.28        6573.7         2.680    Nov  9 04:43:23      1232     0.34
         0.28        6576.3         2.650    Nov  9 04:43:24      1233     0.34
         0.28        6578.8         2.470    Nov  9 04:43:24      1233     0.34
         0.28        6581.6         2.830    Nov  9 04:43:25      1234     0.34
         0.29        6584.3         2.670    Nov  9 04:43:25      1234     0.34
         0.29        6586.8         2.510    Nov  9 04:43:26      1235     0.34
         0.29        6589.8         2.990    Nov  9 04:43:26      1235     0.34
         0.29        6592.6         2.830    Nov  9 04:43:27      1236     0.34
         0.29        6595.1         2.510    Nov  9 04:43:28      1237     0.34
         0.29        6597.8         2.640    Nov  9 04:43:28      1237     0.34
         0.29        6600.1         2.320    Nov  9 04:43:29      1238     0.34
         0.29        6602.7         2.620    Nov  9 04:43:29      1238     0.34
         0.29        6605.3         2.600    Nov  9 04:43:30      1239     0.34
         0.29        6608.2         2.870    Nov  9 04:43:30      1239     0.34
         0.30        6611.1         2.920    Nov  9 04:43:31      1240     0.34
         0.30        6614.0         2.900    Nov  9 04:43:32      1241     0.34
         0.30        6618.8         4.770    Nov  9 04:43:33      1242     0.34
         0.30        6627.7         8.990    Nov  9 04:43:34      1243     0.35
         0.30        6635.0         7.300    Nov  9 04:43:35      1244     0.35
         0.30        6642.4         7.310    Nov  9 04:43:37      1246     0.35
         0.30        6649.7         7.340    Nov  9 04:43:38      1247     0.35
         0.30        6656.2         6.460    Nov  9 04:43:39      1248     0.35
         0.30        6663.2         7.070    Nov  9 04:43:41      1250     0.35
         0.30        6667.9         4.640    Nov  9 04:43:42      1251     0.35
         0.31        6672.6         4.750    Nov  9 04:43:42      1251     0.35
         0.31        6677.2         4.630    Nov  9 04:43:43      1252     0.35
         0.31        6681.8         4.600    Nov  9 04:43:44      1253     0.35
         0.31        6686.6         4.730    Nov  9 04:43:45      1254     0.35
         0.31        6688.8         2.280    Nov  9 04:43:45      1254     0.35
         0.31        6691.5         2.650    Nov  9 04:43:46      1255     0.35
         0.31        6694.1         2.630    Nov  9 04:43:47      1256     0.35
         0.31        6696.9         2.810    Nov  9 04:43:47      1256     0.35
         0.31        6699.5         2.590    Nov  9 04:43:48      1257     0.35
         0.31        6702.3         2.810    Nov  9 04:43:48      1257     0.35
         0.32        6705.0         2.680    Nov  9 04:43:49      1258     0.35
         0.32        6707.6         2.550    Nov  9 04:43:49      1258     0.35
         0.32        6710.3         2.760    Nov  9 04:43:50      1259     0.35
         0.32        6713.1         2.770    Nov  9 04:43:51      1260     0.35
         0.32        6715.6         2.510    Nov  9 04:43:51      1260     0.35
         0.32        6718.3         2.660    Nov  9 04:43:52      1261     0.35
         0.32        6720.9         2.620    Nov  9 04:43:52      1261     0.35
         0.32        6723.6         2.670    Nov  9 04:43:53      1262     0.35
         0.32        6726.2         2.660    Nov  9 04:43:54      1263     0.35
         0.32        6728.8         2.620    Nov  9 04:43:54      1263     0.35
         0.33        6731.4         2.590    Nov  9 04:43:55      1264     0.35
         0.33        6733.9         2.510    Nov  9 04:43:55      1264     0.35
         0.33        6736.8         2.830    Nov  9 04:43:56      1265     0.35
         0.33        6739.3         2.500    Nov  9 04:43:56      1265     0.35
         0.33        6741.9         2.620    Nov  9 04:43:57      1266     0.35
         0.33        6744.6         2.680    Nov  9 04:43:57      1266     0.35
         0.33        6747.2         2.680    Nov  9 04:43:58      1267     0.35
         0.33        6749.9         2.600    Nov  9 04:43:59      1268     0.35
         0.33        6752.5         2.660    Nov  9 04:43:59      1268     0.35
         0.33        6755.3         2.790    Nov  9 04:44:00      1269     0.35
         0.34        6758.0         2.690    Nov  9 04:44:00      1269     0.35
         0.34        6760.7         2.660    Nov  9 04:44:01      1270     0.35
         0.34        6763.4         2.720    Nov  9 04:44:02      1271     0.35
         0.34        6766.0         2.660    Nov  9 04:44:02      1271     0.35
         0.34        6768.6         2.570    Nov  9 04:44:03      1272     0.35
         0.34        6771.2         2.640    Nov  9 04:44:03      1272     0.35
         0.34        6773.8         2.570    Nov  9 04:44:04      1273     0.35
         0.34        6776.7         2.850    Nov  9 04:44:04      1273     0.35
         0.34        6779.3         2.630    Nov  9 04:44:05      1274     0.35
         0.34        6781.9         2.660    Nov  9 04:44:06      1275     0.35
         0.35        6784.7         2.710    Nov  9 04:44:06      1275     0.35
         0.35        6787.4         2.700    Nov  9 04:44:07      1276     0.35
         0.35        6790.0         2.630    Nov  9 04:44:07      1276     0.35
         0.35        6792.7         2.730    Nov  9 04:44:08      1277     0.35
         0.35        6795.5         2.780    Nov  9 04:44:09      1278     0.35
         0.35        6798.0         2.470    Nov  9 04:44:09      1278     0.35
         0.35        6800.5         2.560    Nov  9 04:44:10      1279     0.36
         0.35        6803.1         2.520    Nov  9 04:44:10      1279     0.36
         0.35        6805.8         2.760    Nov  9 04:44:11      1280     0.36
         0.35        6808.4         2.640    Nov  9 04:44:11      1280     0.36
         0.36        6811.0         2.540    Nov  9 04:44:12      1281     0.36
         0.36        6813.7         2.710    Nov  9 04:44:13      1282     0.36
         0.36        6816.4         2.690    Nov  9 04:44:13      1282     0.36
         0.36        6819.2         2.860    Nov  9 04:44:14      1283     0.36
         0.36        6821.9         2.680    Nov  9 04:44:14      1283     0.36
         0.36        6824.1         2.180    Nov  9 04:44:15      1284     0.36
         0.36        6826.8         2.700    Nov  9 04:44:15      1284     0.36
         0.36        6829.5         2.670    Nov  9 04:44:16      1285     0.36
         0.36        6832.3         2.780    Nov  9 04:44:17      1286     0.36
         0.36        6834.9         2.600    Nov  9 04:44:17      1286     0.36
         0.37        6837.5         2.680    Nov  9 04:44:18      1287     0.36
         0.37        6840.3         2.790    Nov  9 04:44:18      1287     0.36
         0.37        6843.0         2.650    Nov  9 04:44:19      1288     0.36
         0.37        6845.8         2.810    Nov  9 04:44:20      1289     0.36
         0.37        6848.4         2.610    Nov  9 04:44:20      1289     0.36
         0.37        6851.0         2.560    Nov  9 04:44:21      1290     0.36
         0.37        6853.8         2.790    Nov  9 04:44:21      1290     0.36
         0.37        6856.4         2.660    Nov  9 04:44:22      1291     0.36
         0.37        6859.2         2.820    Nov  9 04:44:23      1292     0.36
         0.37        6861.9         2.630    Nov  9 04:44:23      1292     0.36
         0.38        6864.5         2.690    Nov  9 04:44:24      1293     0.36
         0.38        6867.4         2.810    Nov  9 04:44:24      1293     0.36
         0.38        6869.9         2.520    Nov  9 04:44:25      1294     0.36
         0.38        6872.4         2.540    Nov  9 04:44:25      1294     0.36
         0.38        6874.9         2.510    Nov  9 04:44:26      1295     0.36
         0.38        6877.7         2.770    Nov  9 04:44:27      1296     0.36
         0.38        6880.2         2.470    Nov  9 04:44:27      1296     0.36
         0.38        6882.9         2.750    Nov  9 04:44:28      1297     0.36
         0.38        6885.4         2.500    Nov  9 04:44:28      1297     0.36
         0.38        6888.4         2.960    Nov  9 04:44:29      1298     0.36
         0.39        6891.0         2.610    Nov  9 04:44:30      1299     0.36
         0.39        6893.5         2.490    Nov  9 04:44:30      1299     0.36
         0.39        6896.2         2.710    Nov  9 04:44:31      1300     0.36
         0.39        6899.0         2.780    Nov  9 04:44:31      1300     0.36
         0.39        6901.7         2.730    Nov  9 04:44:32      1301     0.36
         0.39        6904.4         2.660    Nov  9 04:44:32      1301     0.36
         0.39        6907.2         2.820    Nov  9 04:44:33      1302     0.36
         0.39        6909.8         2.650    Nov  9 04:44:34      1303     0.36
         0.39        6912.5         2.630    Nov  9 04:44:34      1303     0.36
         0.39        6915.2         2.730    Nov  9 04:44:35      1304     0.36
         0.40        6917.1         1.890    Nov  9 04:44:35      1304     0.36
         0.40        6919.8         2.690    Nov  9 04:44:36      1305     0.36
         0.40        6922.2         2.390    Nov  9 04:44:36      1305     0.36
         0.40        6925.1         2.910    Nov  9 04:44:37      1306     0.36
         0.40        6927.7         2.600    Nov  9 04:44:38      1307     0.36
         0.40        6930.3         2.640    Nov  9 04:44:38      1307     0.36
         0.40        6933.0         2.640    Nov  9 04:44:39      1308     0.36
         0.40        6935.6         2.650    Nov  9 04:44:39      1308     0.36
         0.40        6938.4         2.820    Nov  9 04:44:40      1309     0.36
         0.40        6940.9         2.490    Nov  9 04:44:41      1310     0.36
         0.41        6943.7         2.800    Nov  9 04:44:41      1310     0.36
         0.41        6946.5         2.820    Nov  9 04:44:42      1311     0.36
         0.41        6949.1         2.520    Nov  9 04:44:42      1311     0.36
         0.41        6951.8         2.770    Nov  9 04:44:43      1312     0.36
         0.41        6954.4         2.530    Nov  9 04:44:43      1312     0.36
         0.41        6957.2         2.820    Nov  9 04:44:44      1313     0.36
         0.41        6959.8         2.680    Nov  9 04:44:45      1314     0.36
         0.41        6962.3         2.490    Nov  9 04:44:45      1314     0.36
         0.41        6965.2         2.850    Nov  9 04:44:46      1315     0.37
         0.41        6967.5         2.350    Nov  9 04:44:46      1315     0.37
         0.42        6970.5         2.930    Nov  9 04:44:47      1316     0.37
         0.42        6973.1         2.600    Nov  9 04:44:48      1317     0.37
         0.42        6975.9         2.800    Nov  9 04:44:48      1317     0.37
         0.42        6978.4         2.490    Nov  9 04:44:49      1318     0.37
         0.42        6981.2         2.860    Nov  9 04:44:49      1318     0.37
         0.42        6983.9         2.630    Nov  9 04:44:50      1319     0.37
         0.42        6986.4         2.500    Nov  9 04:44:50      1319     0.37
         0.42        6989.1         2.740    Nov  9 04:44:51      1320     0.37
         0.42        6991.5         2.460    Nov  9 04:44:52      1321     0.37
         0.42        6994.2         2.650    Nov  9 04:44:52      1321     0.37
         0.43        6996.7         2.530    Nov  9 04:44:53      1322     0.37
         0.43        6999.4         2.650    Nov  9 04:44:53      1322     0.37
         0.43        7001.9         2.480    Nov  9 04:44:54      1323     0.37
         0.43        7004.5         2.620    Nov  9 04:44:54      1323     0.37
         0.43        7007.0         2.530    Nov  9 04:44:55      1324     0.37
         0.43        7009.6         2.640    Nov  9 04:44:55      1324     0.37
         0.43        7011.7         2.050    Nov  9 04:44:56      1325     0.37
         0.43        7014.3         2.600    Nov  9 04:44:56      1325     0.37
         0.43        7016.8         2.530    Nov  9 04:44:57      1326     0.37
         0.43        7019.5         2.680    Nov  9 04:44:58      1327     0.37
         0.44        7022.1         2.560    Nov  9 04:44:58      1327     0.37
         0.44        7024.7         2.650    Nov  9 04:44:59      1328     0.37
         0.44        7027.3         2.550    Nov  9 04:44:59      1328     0.37
         0.44        7029.9         2.660    Nov  9 04:45:00      1329     0.37
         0.44        7032.5         2.550    Nov  9 04:45:00      1329     0.37
         0.44        7035.1         2.640    Nov  9 04:45:01      1330     0.37
         0.44        7037.7         2.600    Nov  9 04:45:01      1330     0.37
         0.44        7040.3         2.560    Nov  9 04:45:02      1331     0.37
         0.44        7043.3         2.990    Nov  9 04:45:03      1332     0.37
         0.44        7045.9         2.650    Nov  9 04:45:03      1332     0.37
         0.45        7048.6         2.710    Nov  9 04:45:04      1333     0.37
         0.45        7051.4         2.730    Nov  9 04:45:04      1333     0.37
         0.45        7054.0         2.640    Nov  9 04:45:05      1334     0.37
         0.45        7056.7         2.700    Nov  9 04:45:05      1334     0.37
         0.45        7058.8         2.150    Nov  9 04:45:06      1335     0.37
         0.45        7061.4         2.580    Nov  9 04:45:07      1336     0.37
         0.45        7063.9         2.490    Nov  9 04:45:07      1336     0.37
         0.45        7066.8         2.930    Nov  9 04:45:08      1337     0.37
         0.45        7069.5         2.700    Nov  9 04:45:08      1337     0.37
         0.45        7072.1         2.560    Nov  9 04:45:09      1338     0.37
         0.46        7075.1         2.970    Nov  9 04:45:10      1339     0.37
         0.46        7077.8         2.680    Nov  9 04:45:10      1339     0.37
         0.46        7080.3         2.540    Nov  9 04:45:11      1340     0.37
         0.46        7083.1         2.760    Nov  9 04:45:11      1340     0.37
         0.46        7085.6         2.520    Nov  9 04:45:12      1341     0.37
         0.46        7088.6         3.010    Nov  9 04:45:12      1341     0.37
         0.46        7091.3         2.710    Nov  9 04:45:13      1342     0.37
         0.46        7093.9         2.550    Nov  9 04:45:14      1343     0.37
         0.46        7096.7         2.800    Nov  9 04:45:14      1343     0.37
         0.46        7099.4         2.700    Nov  9 04:45:15      1344     0.37
         0.47        7102.2         2.840    Nov  9 04:45:15      1344     0.37
         0.47        7104.8         2.590    Nov  9 04:45:16      1345     0.37
         0.47        7107.4         2.590    Nov  9 04:45:17      1346     0.37
         0.47        7110.1         2.760    Nov  9 04:45:17      1346     0.37
         0.47        7112.6         2.510    Nov  9 04:45:18      1347     0.37
         0.47        7115.2         2.550    Nov  9 04:45:18      1347     0.37
         0.47        7117.7         2.510    Nov  9 04:45:19      1348     0.37
         0.47        7120.6         2.920    Nov  9 04:45:19      1348     0.37
         0.47        7123.2         2.630    Nov  9 04:45:20      1349     0.37
         0.47        7125.7         2.430    Nov  9 04:45:21      1350     0.38
         0.48        7128.6         2.950    Nov  9 04:45:21      1350     0.38
         0.48        7131.2         2.530    Nov  9 04:45:22      1351     0.38
         0.48        7133.6         2.400    Nov  9 04:45:22      1351     0.38
         0.48        7136.1         2.540    Nov  9 04:45:23      1352     0.38
         0.48        7138.5         2.420    Nov  9 04:45:23      1352     0.38
         0.48        7141.4         2.890    Nov  9 04:45:24      1353     0.38
         0.48        7144.0         2.590    Nov  9 04:45:25      1354     0.38
         0.48        7146.4         2.420    Nov  9 04:45:25      1354     0.38
         0.48        7149.3         2.910    Nov  9 04:45:26      1355     0.38
         0.48        7151.9         2.610    Nov  9 04:45:26      1355     0.38
         0.49        7154.3         2.360    Nov  9 04:45:27      1356     0.38
         0.49        7156.9         2.630    Nov  9 04:45:27      1356     0.38
         0.49        7159.3         2.400    Nov  9 04:45:28      1357     0.38
         0.49        7162.0         2.700    Nov  9 04:45:29      1358     0.38
         0.49        7164.5         2.430    Nov  9 04:45:29      1358     0.38
         0.49        7167.1         2.690    Nov  9 04:45:30      1359     0.38
         0.49        7169.6         2.420    Nov  9 04:45:30      1359     0.38
         0.49        7172.3         2.720    Nov  9 04:45:31      1360     0.38
         0.49        7174.7         2.440    Nov  9 04:45:31      1360     0.38
         0.49        7177.1         2.390    Nov  9 04:45:32      1361     0.38
         0.50        7179.5         2.400    Nov  9 04:45:32      1361     0.38
         0.50        7182.1         2.580    Nov  9 04:45:33      1362     0.38
         0.50        7184.5         2.420    Nov  9 04:45:33      1362     0.38
         0.50        7187.4         2.830    Nov  9 04:45:34      1363     0.38
         0.50        7189.9         2.560    Nov  9 04:45:35      1364     0.38
         0.50        7192.3         2.420    Nov  9 04:45:35      1364     0.38
         0.50        7195.0         2.720    Nov  9 04:45:36      1365     0.38
         0.50        7197.6         2.500    Nov  9 04:45:36      1365     0.38
         0.50        7199.7         2.190    Nov  9 04:45:37      1366     0.38
         0.50        7202.4         2.620    Nov  9 04:45:37      1366     0.38
         0.51        7205.0         2.680    Nov  9 04:45:38      1367     0.38
         0.51        7207.7         2.650    Nov  9 04:45:38      1367     0.38
         0.51        7210.2         2.540    Nov  9 04:45:39      1368     0.38
         0.51        7212.7         2.470    Nov  9 04:45:40      1369     0.38
         0.51        7215.2         2.490    Nov  9 04:45:40      1369     0.38
         0.51        7217.6         2.440    Nov  9 04:45:41      1370     0.38
         0.51        7220.2         2.570    Nov  9 04:45:41      1370     0.38
         0.51        7222.8         2.570    Nov  9 04:45:42      1371     0.38
         0.51        7225.4         2.590    Nov  9 04:45:42      1371     0.38
         0.51        7227.9         2.530    Nov  9 04:45:43      1372     0.38
         0.52        7230.3         2.400    Nov  9 04:45:43      1372     0.38
         0.52        7232.8         2.520    Nov  9 04:45:44      1373     0.38
         0.52        7235.2         2.350    Nov  9 04:45:44      1373     0.38
         0.52        7237.9         2.760    Nov  9 04:45:45      1374     0.38
         0.52        7240.6         2.690    Nov  9 04:45:46      1375     0.38
         0.52        7243.2         2.550    Nov  9 04:45:46      1375     0.38
         0.52        7245.8         2.590    Nov  9 04:45:47      1376     0.38
         0.52        7247.8         2.060    Nov  9 04:45:47      1376     0.38
         0.52        7250.3         2.520    Nov  9 04:45:48      1377     0.38
         0.52        7253.0         2.670    Nov  9 04:45:48      1377     0.38
         0.53        7255.4         2.370    Nov  9 04:45:49      1378     0.38
         0.53        7257.9         2.500    Nov  9 04:45:50      1379     0.38
         0.53        7260.4         2.510    Nov  9 04:45:50      1379     0.38
         0.53        7263.0         2.590    Nov  9 04:45:51      1380     0.38
         0.53        7265.5         2.540    Nov  9 04:45:51      1380     0.38
         0.53        7268.2         2.680    Nov  9 04:45:52      1381     0.38
         0.53        7270.7         2.480    Nov  9 04:45:52      1381     0.38
         0.53        7273.3         2.670    Nov  9 04:45:53      1382     0.38
         0.53        7275.8         2.460    Nov  9 04:45:54      1383     0.38
         0.53        7278.3         2.480    Nov  9 04:45:54      1383     0.38
         0.54        7280.9         2.640    Nov  9 04:45:55      1384     0.38
         0.54        7283.3         2.400    Nov  9 04:45:55      1384     0.38
         0.54        7285.8         2.460    Nov  9 04:45:56      1385     0.38
         0.54        7288.3         2.500    Nov  9 04:45:56      1385     0.38
         0.54        7290.8         2.540    Nov  9 04:45:57      1386     0.39
         0.54        7293.1         2.300    Nov  9 04:45:57      1386     0.39
         0.54        7295.6         2.430    Nov  9 04:45:58      1387     0.39
         0.54        7298.1         2.560    Nov  9 04:45:58      1387     0.39
         0.54        7300.7         2.600    Nov  9 04:45:59      1388     0.39
         0.54        7303.4         2.720    Nov  9 04:46:00      1389     0.39
         0.55        7305.9         2.480    Nov  9 04:46:00      1389     0.39
         0.55        7308.4         2.440    Nov  9 04:46:01      1390     0.39
         0.55        7310.9         2.540    Nov  9 04:46:01      1390     0.39
         0.55        7313.6         2.720    Nov  9 04:46:02      1391     0.39
         0.55        7315.8         2.160    Nov  9 04:46:02      1391     0.39
         0.55        7318.2         2.430    Nov  9 04:46:03      1392     0.39
         0.55        7320.9         2.740    Nov  9 04:46:04      1393     0.39
         0.55        7323.7         2.730    Nov  9 04:46:04      1393     0.39
         0.55        7326.2         2.570    Nov  9 04:46:05      1394     0.39
         0.55        7328.8         2.580    Nov  9 04:46:05      1394     0.39
         0.56        7331.4         2.580    Nov  9 04:46:06      1395     0.39
         0.56        7333.9         2.450    Nov  9 04:46:06      1395     0.39
         0.56        7336.6         2.710    Nov  9 04:46:07      1396     0.39
         0.56        7339.1         2.520    Nov  9 04:46:08      1397     0.39
         0.56        7341.7         2.590    Nov  9 04:46:08      1397     0.39
         0.56        7344.3         2.600    Nov  9 04:46:09      1398     0.39
         0.56        7347.0         2.700    Nov  9 04:46:09      1398     0.39
         0.56        7349.7         2.770    Nov  9 04:46:10      1399     0.39
         0.56        7352.4         2.610    Nov  9 04:46:11      1400     0.39
         0.56        7354.9         2.560    Nov  9 04:46:11      1400     0.39
         0.57        7357.5         2.600    Nov  9 04:46:12      1401     0.39
         0.57        7360.1         2.630    Nov  9 04:46:12      1401     0.39
         0.57        7362.5         2.390    Nov  9 04:46:13      1402     0.39
         0.57        7365.1         2.530    Nov  9 04:46:13      1402     0.39
         0.57        7367.8         2.730    Nov  9 04:46:14      1403     0.39
         0.57        7370.5         2.750    Nov  9 04:46:15      1404     0.39
         0.57        7373.1         2.590    Nov  9 04:46:15      1404     0.39
         0.57        7375.6         2.520    Nov  9 04:46:16      1405     0.39
         0.57        7378.2         2.590    Nov  9 04:46:16      1405     0.39
         0.57        7380.8         2.590    Nov  9 04:46:17      1406     0.39
         0.58        7383.4         2.620    Nov  9 04:46:17      1406     0.39
         0.58        7385.9         2.420    Nov  9 04:46:18      1407     0.39
         0.58        7388.4         2.570    Nov  9 04:46:19      1408     0.39
         0.58        7391.0         2.550    Nov  9 04:46:19      1408     0.39
         0.58        7393.6         2.590    Nov  9 04:46:20      1409     0.39
         0.58        7396.2         2.670    Nov  9 04:46:20      1409     0.39
         0.58        7398.8         2.590    Nov  9 04:46:21      1410     0.39
         0.58        7401.4         2.580    Nov  9 04:46:21      1410     0.39
         0.58        7404.0         2.590    Nov  9 04:46:22      1411     0.39
         0.58        7406.7         2.670    Nov  9 04:46:23      1412     0.39
         0.59        7409.1         2.390    Nov  9 04:46:23      1412     0.39
         0.59        7411.8         2.730    Nov  9 04:46:24      1413     0.39
         0.59        7414.3         2.540    Nov  9 04:46:24      1413     0.39
         0.59        7416.7         2.400    Nov  9 04:46:25      1414     0.39
         0.59        7419.4         2.710    Nov  9 04:46:25      1414     0.39
         0.59        7422.0         2.580    Nov  9 04:46:26      1415     0.39
         0.59        7424.4         2.410    Nov  9 04:46:26      1415     0.39
         0.59        7427.1         2.660    Nov  9 04:46:27      1416     0.39
         0.59        7429.6         2.550    Nov  9 04:46:28      1417     0.39
         0.59        7432.2         2.540    Nov  9 04:46:28      1417     0.39
         0.60        7434.6         2.430    Nov  9 04:46:29      1418     0.39
         0.60        7437.3         2.690    Nov  9 04:46:29      1418     0.39
         0.60        7440.1         2.750    Nov  9 04:46:30      1419     0.39
         0.60        7442.5         2.460    Nov  9 04:46:30      1419     0.39
         0.60        7445.1         2.630    Nov  9 04:46:31      1420     0.39
         0.60        7447.9         2.720    Nov  9 04:46:32      1421     0.39
         0.60        7450.5         2.610    Nov  9 04:46:32      1421     0.39
         0.60        7453.1         2.600    Nov  9 04:46:33      1422     0.40
         0.60        7455.7         2.630    Nov  9 04:46:33      1422     0.40
         0.60        7458.1         2.430    Nov  9 04:46:34      1423     0.40
         0.61        7460.9         2.730    Nov  9 04:46:35      1424     0.40
         0.61        7463.3         2.420    Nov  9 04:46:35      1424     0.40
         0.61        7465.8         2.550    Nov  9 04:46:36      1425     0.40
         0.61        7468.4         2.580    Nov  9 04:46:36      1425     0.40
         0.61        7471.0         2.600    Nov  9 04:46:37      1426     0.40
         0.61        7473.6         2.580    Nov  9 04:46:37      1426     0.40
         0.61        7476.2         2.570    Nov  9 04:46:38      1427     0.40
         0.61        7478.7         2.570    Nov  9 04:46:38      1427     0.40
         0.61        7481.3         2.600    Nov  9 04:46:39      1428     0.40
         0.61        7484.1         2.750    Nov  9 04:46:40      1429     0.40
         0.62        7486.6         2.560    Nov  9 04:46:40      1429     0.40
         0.62        7489.1         2.470    Nov  9 04:46:41      1430     0.40
         0.62        7491.9         2.760    Nov  9 04:46:41      1430     0.40
         0.62        7494.3         2.470    Nov  9 04:46:42      1431     0.40
         0.62        7496.9         2.560    Nov  9 04:46:42      1431     0.40
         0.62        7499.4         2.460    Nov  9 04:46:43      1432     0.40
         0.62        7502.2         2.840    Nov  9 04:46:44      1433     0.40
         0.62        7504.7         2.530    Nov  9 04:46:44      1433     0.40
         0.62        7507.1         2.370    Nov  9 04:46:45      1434     0.40
         0.62        7510.0         2.870    Nov  9 04:46:45      1434     0.40
         0.63        7512.6         2.670    Nov  9 04:46:46      1435     0.40
         0.63        7515.0         2.350    Nov  9 04:46:46      1435     0.40
         0.63        7517.7         2.680    Nov  9 04:46:47      1436     0.40
         0.63        7520.2         2.560    Nov  9 04:46:48      1437     0.40
         0.63        7523.0         2.740    Nov  9 04:46:48      1437     0.40
         0.63        7525.4         2.460    Nov  9 04:46:49      1438     0.40
         0.63        7528.0         2.610    Nov  9 04:46:49      1438     0.40
         0.63        7530.8         2.710    Nov  9 04:46:50      1439     0.40
         0.63        7533.3         2.580    Nov  9 04:46:51      1440     0.40
         0.63        7536.0         2.680    Nov  9 04:46:51      1440     0.40
         0.64        7538.6         2.560    Nov  9 04:46:52      1441     0.40
         0.64        7541.2         2.590    Nov  9 04:46:52      1441     0.40
         0.64        7543.9         2.750    Nov  9 04:46:53      1442     0.40
         0.64        7546.4         2.440    Nov  9 04:46:53      1442     0.40
         0.64        7548.9         2.570    Nov  9 04:46:54      1443     0.40
         0.64        7551.5         2.550    Nov  9 04:46:55      1444     0.40
         0.64        7554.0         2.520    Nov  9 04:46:55      1444     0.40
         0.64        7556.6         2.640    Nov  9 04:46:56      1445     0.40
         0.64        7559.1         2.460    Nov  9 04:46:56      1445     0.40
         0.64        7561.8         2.670    Nov  9 04:46:57      1446     0.40
         0.65        7564.2         2.470    Nov  9 04:46:57      1446     0.40
         0.65        7566.8         2.510    Nov  9 04:46:58      1447     0.40
         0.65        7569.2         2.470    Nov  9 04:46:59      1448     0.40
         0.65        7571.7         2.510    Nov  9 04:46:59      1448     0.40
         0.65        7574.4         2.640    Nov  9 04:47:00      1449     0.40
         0.65        7577.0         2.610    Nov  9 04:47:00      1449     0.40
         0.65        7579.6         2.610    Nov  9 04:47:01      1450     0.40
         0.65        7582.4         2.760    Nov  9 04:47:02      1451     0.40
         0.65        7584.9         2.580    Nov  9 04:47:02      1451     0.40
         0.65        7587.7         2.750    Nov  9 04:47:03      1452     0.40
         0.66        7590.3         2.610    Nov  9 04:47:03      1452     0.40
         0.66        7592.3         1.980    Nov  9 04:47:04      1453     0.40
         0.66        7594.9         2.600    Nov  9 04:47:04      1453     0.40
         0.66        7597.5         2.600    Nov  9 04:47:05      1454     0.40
         0.66        7600.2         2.730    Nov  9 04:47:06      1455     0.40
         0.66        7602.8         2.590    Nov  9 04:47:06      1455     0.40
         0.66        7605.3         2.560    Nov  9 04:47:07      1456     0.40
         0.66        7608.1         2.730    Nov  9 04:47:07      1456     0.40
         0.66        7610.7         2.600    Nov  9 04:47:08      1457     0.40
         0.66        7613.4         2.670    Nov  9 04:47:09      1458     0.41
         0.67        7615.4         2.080    Nov  9 04:47:09      1458     0.41
         0.67        7618.0         2.540    Nov  9 04:47:10      1459     0.41
         0.67        7620.6         2.670    Nov  9 04:47:10      1459     0.41
         0.67        7623.1         2.480    Nov  9 04:47:11      1460     0.41
         0.67        7625.8         2.630    Nov  9 04:47:11      1460     0.41
         0.67        7628.3         2.530    Nov  9 04:47:12      1461     0.41
         0.67        7630.8         2.530    Nov  9 04:47:12      1461     0.41
         0.67        7633.4         2.600    Nov  9 04:47:13      1462     0.41
         0.67        7636.0         2.540    Nov  9 04:47:14      1463     0.41
         0.67        7638.3         2.320    Nov  9 04:47:14      1463     0.41
         0.68        7640.8         2.510    Nov  9 04:47:15      1464     0.41
         0.68        7643.2         2.470    Nov  9 04:47:15      1464     0.41
         0.68        7645.9         2.680    Nov  9 04:47:16      1465     0.41
         0.68        7648.4         2.510    Nov  9 04:47:16      1465     0.41
         0.68        7651.1         2.680    Nov  9 04:47:17      1466     0.41
         0.68        7653.6         2.510    Nov  9 04:47:18      1467     0.41
         0.68        7656.2         2.530    Nov  9 04:47:18      1467     0.41
         0.68        7658.9         2.710    Nov  9 04:47:19      1468     0.41
         0.68        7661.4         2.570    Nov  9 04:47:19      1468     0.41
         0.68        7664.2         2.710    Nov  9 04:47:20      1469     0.41
         0.69        7666.8         2.620    Nov  9 04:47:21      1470     0.41
         0.69        7669.4         2.620    Nov  9 04:47:21      1470     0.41
         0.69        7672.1         2.690    Nov  9 04:47:22      1471     0.41
         0.69        7674.7         2.590    Nov  9 04:47:22      1471     0.41
         0.69        7677.4         2.770    Nov  9 04:47:23      1472     0.41
         0.69        7680.1         2.620    Nov  9 04:47:24      1473     0.41
         0.69        7682.6         2.520    Nov  9 04:47:24      1473     0.41
         0.69        7685.1         2.530    Nov  9 04:47:25      1474     0.41
         0.69        7687.7         2.580    Nov  9 04:47:25      1474     0.41
         0.69        7690.4         2.680    Nov  9 04:47:26      1475     0.41
         0.70        7692.9         2.550    Nov  9 04:47:26      1475     0.41
         0.70        7695.5         2.580    Nov  9 04:47:27      1476     0.41
         0.70        7698.2         2.700    Nov  9 04:47:28      1477     0.41
         0.70        7700.8         2.580    Nov  9 04:47:28      1477     0.41
         0.70        7703.4         2.580    Nov  9 04:47:29      1478     0.41
         0.70        7705.8         2.440    Nov  9 04:47:29      1478     0.41
         0.70        7708.1         2.300    Nov  9 04:47:30      1479     0.41
         0.70        7710.8         2.730    Nov  9 04:47:30      1479     0.41
         0.70        7713.5         2.690    Nov  9 04:47:31      1480     0.41
         0.70        7715.9         2.430    Nov  9 04:47:31      1480     0.41
         0.71        7718.6         2.630    Nov  9 04:47:32      1481     0.41
         0.71        7721.2         2.640    Nov  9 04:47:33      1482     0.41
         0.71        7723.8         2.600    Nov  9 04:47:33      1482     0.41
         0.71        7726.6         2.820    Nov  9 04:47:34      1483     0.41
         0.71        7729.3         2.660    Nov  9 04:47:34      1483     0.41
         0.71        7731.8         2.530    Nov  9 04:47:35      1484     0.41
         0.71        7734.6         2.820    Nov  9 04:47:36      1485     0.41
         0.71        7737.4         2.790    Nov  9 04:47:36      1485     0.41
         0.71        7740.2         2.780    Nov  9 04:47:37      1486     0.41
         0.71        7743.0         2.760    Nov  9 04:47:37      1486     0.41
         0.72        7745.8         2.860    Nov  9 04:47:38      1487     0.41
         0.72        7750.4         4.570    Nov  9 04:47:39      1488     0.41
         0.72        7755.0         4.570    Nov  9 04:47:40      1489     0.41
         0.72        7759.7         4.710    Nov  9 04:47:40      1489     0.41
         0.72        7764.4         4.760    Nov  9 04:47:41      1490     0.41
         0.72        7769.1         4.660    Nov  9 04:47:42      1491     0.41
         0.72        7773.8         4.700    Nov  9 04:47:43      1492     0.41
         0.72        7778.4         4.560    Nov  9 04:47:44      1493     0.41
         0.72        7782.9         4.540    Nov  9 04:47:45      1494     0.41
         0.72        7787.6         4.650    Nov  9 04:47:46      1495     0.42
         0.73        7792.2         4.660    Nov  9 04:47:46      1495     0.42
         0.73        7794.6         2.420    Nov  9 04:47:47      1496     0.42
         0.73        7797.5         2.840    Nov  9 04:47:48      1497     0.42
         0.73        7800.1         2.570    Nov  9 04:47:48      1497     0.42
         0.73        7802.7         2.690    Nov  9 04:47:49      1498     0.42
         0.73        7805.4         2.700    Nov  9 04:47:49      1498     0.42
         0.73        7808.1         2.690    Nov  9 04:47:50      1499     0.42
         0.73        7810.9         2.800    Nov  9 04:47:50      1499     0.42
         0.73        7813.6         2.680    Nov  9 04:47:51      1500     0.42
         0.73        7816.4         2.830    Nov  9 04:47:52      1501     0.42
         0.74        7819.2         2.720    Nov  9 04:47:52      1501     0.42
         0.74        7821.9         2.720    Nov  9 04:47:53      1502     0.42
         0.74        7824.5         2.650    Nov  9 04:47:53      1502     0.42
         0.74        7827.3         2.810    Nov  9 04:47:54      1503     0.42
         0.74        7830.3         2.940    Nov  9 04:47:55      1504     0.42
         0.74        7833.0         2.700    Nov  9 04:47:55      1504     0.42
         0.74        7835.6         2.670    Nov  9 04:47:56      1505     0.42
         0.74        7838.2         2.520    Nov  9 04:47:56      1505     0.42
         0.74        7840.9         2.770    Nov  9 04:47:57      1506     0.42
         0.74        7843.7         2.780    Nov  9 04:47:58      1507     0.42
         0.75        7846.2         2.500    Nov  9 04:47:58      1507     0.42
         0.75        7848.9         2.660    Nov  9 04:47:59      1508     0.42
         0.75        7851.5         2.600    Nov  9 04:47:59      1508     0.42
         0.75        7854.1         2.630    Nov  9 04:48:00      1509     0.42
         0.75        7856.6         2.530    Nov  9 04:48:00      1509     0.42
         0.75        7859.2         2.550    Nov  9 04:48:01      1510     0.42
         0.75        7862.1         2.890    Nov  9 04:48:02      1511     0.42
         0.75        7864.8         2.670    Nov  9 04:48:02      1511     0.42
         0.75        7867.6         2.850    Nov  9 04:48:03      1512     0.42
         0.75        7870.4         2.820    Nov  9 04:48:04      1513     0.42
         0.76        7873.2         2.810    Nov  9 04:48:04      1513     0.42
         0.76        7876.0         2.780    Nov  9 04:48:05      1514     0.42
         0.76        7878.7         2.710    Nov  9 04:48:05      1514     0.42
         0.76        7881.5         2.760    Nov  9 04:48:06      1515     0.42
         0.76        7884.0         2.550    Nov  9 04:48:07      1516     0.42
         0.76        7886.7         2.690    Nov  9 04:48:07      1516     0.42
         0.76        7889.6         2.830    Nov  9 04:48:08      1517     0.42
         0.76        7892.4         2.830    Nov  9 04:48:08      1517     0.42
         0.76        7894.9         2.560    Nov  9 04:48:09      1518     0.42
         0.76        7897.6         2.690    Nov  9 04:48:10      1519     0.42
         0.77        7900.5         2.860    Nov  9 04:48:10      1519     0.42
         0.77        7903.1         2.640    Nov  9 04:48:11      1520     0.42
         0.77        7905.7         2.540    Nov  9 04:48:11      1520     0.42
         0.77        7908.5         2.860    Nov  9 04:48:12      1521     0.42
         0.77        7911.2         2.670    Nov  9 04:48:12      1521     0.42
         0.77        7913.8         2.640    Nov  9 04:48:13      1522     0.42
         0.77        7916.5         2.700    Nov  9 04:48:14      1523     0.42
         0.77        7919.2         2.700    Nov  9 04:48:14      1523     0.42
         0.77        7921.8         2.560    Nov  9 04:48:15      1524     0.42
         0.77        7924.4         2.590    Nov  9 04:48:15      1524     0.42
         0.78        7927.1         2.690    Nov  9 04:48:16      1525     0.42
         0.78        7929.6         2.470    Nov  9 04:48:16      1525     0.42
         0.78        7932.2         2.690    Nov  9 04:48:17      1526     0.42
         0.78        7935.0         2.770    Nov  9 04:48:18      1527     0.42
         0.78        7937.6         2.620    Nov  9 04:48:18      1527     0.42
         0.78        7940.1         2.470    Nov  9 04:48:19      1528     0.42
         0.78        7942.8         2.720    Nov  9 04:48:19      1528     0.42
         0.78        7945.4         2.630    Nov  9 04:48:20      1529     0.42
         0.78        7948.1         2.630    Nov  9 04:48:21      1530     0.42
         0.78        7950.5         2.440    Nov  9 04:48:21      1530     0.42
         0.79        7953.1         2.560    Nov  9 04:48:22      1531     0.43
         0.79        7955.8         2.760    Nov  9 04:48:22      1531     0.43
         0.79        7958.6         2.730    Nov  9 04:48:23      1532     0.43
         0.79        7961.2         2.610    Nov  9 04:48:23      1532     0.43
         0.79        7963.7         2.530    Nov  9 04:48:24      1533     0.43
         0.79        7966.5         2.780    Nov  9 04:48:25      1534     0.43
         0.79        7969.2         2.740    Nov  9 04:48:25      1534     0.43
         0.79        7971.4         2.180    Nov  9 04:48:26      1535     0.43
         0.79        7973.9         2.530    Nov  9 04:48:26      1535     0.43
         0.79        7976.4         2.450    Nov  9 04:48:27      1536     0.43
         0.80        7979.1         2.740    Nov  9 04:48:27      1536     0.43
         0.80        7981.8         2.670    Nov  9 04:48:28      1537     0.43
         0.80        7984.2         2.450    Nov  9 04:48:29      1538     0.43
         0.80        7986.8         2.530    Nov  9 04:48:29      1538     0.43
         0.80        7989.3         2.520    Nov  9 04:48:30      1539     0.43
         0.80        7991.8         2.510    Nov  9 04:48:30      1539     0.43
         0.80        7994.2         2.350    Nov  9 04:48:31      1540     0.43
         0.80        7996.6         2.400    Nov  9 04:48:31      1540     0.43
         0.80        7999.1         2.520    Nov  9 04:48:32      1541     0.43
         0.80        8001.6         2.500    Nov  9 04:48:32      1541     0.43
         0.81        8003.9         2.330    Nov  9 04:48:33      1542     0.43
         0.81        8006.8         2.840    Nov  9 04:48:34      1543     0.43
         0.81        8009.4         2.650    Nov  9 04:48:34      1543     0.43
         0.81        8011.7         2.330    Nov  9 04:48:35      1544     0.43
         0.81        8014.4         2.640    Nov  9 04:48:35      1544     0.43
         0.81        8016.9         2.540    Nov  9 04:48:36      1545     0.43
         0.81        8019.4         2.480    Nov  9 04:48:36      1545     0.43
         0.81        8022.0         2.590    Nov  9 04:48:37      1546     0.43
         0.81        8024.5         2.530    Nov  9 04:48:38      1547     0.43
         0.81        8026.9         2.400    Nov  9 04:48:38      1547     0.43
         0.82        8029.4         2.520    Nov  9 04:48:39      1548     0.43
         0.82        8031.8         2.330    Nov  9 04:48:39      1548     0.43
         0.82        8034.6         2.810    Nov  9 04:48:40      1549     0.43
         0.82        8037.3         2.700    Nov  9 04:48:40      1549     0.43
         0.82        8039.7         2.400    Nov  9 04:48:41      1550     0.43
         0.82        8042.1         2.460    Nov  9 04:48:41      1550     0.43
         0.82        8044.6         2.520    Nov  9 04:48:42      1551     0.43
         0.82        8047.2         2.520    Nov  9 04:48:43      1552     0.43
         0.82        8050.0         2.800    Nov  9 04:48:43      1552     0.43
         0.82        8052.6         2.640    Nov  9 04:48:44      1553     0.43
         0.83        8055.1         2.530    Nov  9 04:48:44      1553     0.43
         0.83        8057.5         2.400    Nov  9 04:48:45      1554     0.43
         0.83        8060.2         2.680    Nov  9 04:48:46      1555     0.43
         0.83        8062.6         2.410    Nov  9 04:48:46      1555     0.43
         0.83        8065.2         2.580    Nov  9 04:48:47      1556     0.43
         0.83        8067.7         2.490    Nov  9 04:48:47      1556     0.43
         0.83        8070.2         2.530    Nov  9 04:48:48      1557     0.43
         0.83        8072.9         2.620    Nov  9 04:48:48      1557     0.43
         0.83        8075.2         2.370    Nov  9 04:48:49      1558     0.43
         0.83        8077.7         2.510    Nov  9 04:48:49      1558     0.43
         0.84        8080.2         2.520    Nov  9 04:48:50      1559     0.43
         0.84        8082.7         2.480    Nov  9 04:48:51      1560     0.43
         0.84        8085.3         2.530    Nov  9 04:48:51      1560     0.43
         0.84        8087.9         2.640    Nov  9 04:48:52      1561     0.43
         0.84        8090.4         2.520    Nov  9 04:48:52      1561     0.43
         0.84        8093.0         2.590    Nov  9 04:48:53      1562     0.43
         0.84        8095.6         2.600    Nov  9 04:48:53      1562     0.43
         0.84        8097.9         2.310    Nov  9 04:48:54      1563     0.43
         0.84        8100.5         2.560    Nov  9 04:48:55      1564     0.43
         0.84        8102.9         2.430    Nov  9 04:48:55      1564     0.43
         0.85        8105.2         2.310    Nov  9 04:48:56      1565     0.43
         0.85        8107.8         2.590    Nov  9 04:48:56      1565     0.43
         0.85        8110.0         2.180    Nov  9 04:48:57      1566     0.43
         0.85        8112.4         2.400    Nov  9 04:48:57      1566     0.43
         0.85        8114.9         2.480    Nov  9 04:48:58      1567     0.44
         0.85        8117.3         2.450    Nov  9 04:48:58      1567     0.44
         0.85        8119.9         2.600    Nov  9 04:48:59      1568     0.44
         0.85        8122.2         2.240    Nov  9 04:48:59      1568     0.44
         0.85        8124.8         2.610    Nov  9 04:49:00      1569     0.44
         0.85        8127.2         2.460    Nov  9 04:49:01      1570     0.44
         0.86        8129.7         2.440    Nov  9 04:49:01      1570     0.44
         0.86        8131.6         1.920    Nov  9 04:49:02      1571     0.44
         0.86        8133.9         2.270    Nov  9 04:49:02      1571     0.44
         0.86        8136.3         2.400    Nov  9 04:49:03      1572     0.44
         0.86        8138.8         2.550    Nov  9 04:49:03      1572     0.44
         0.86        8141.0         2.210    Nov  9 04:49:04      1573     0.44
         0.86        8143.4         2.380    Nov  9 04:49:04      1573     0.44
         0.86        8145.8         2.380    Nov  9 04:49:05      1574     0.44
         0.86        8148.2         2.410    Nov  9 04:49:05      1574     0.44
         0.86        8150.5         2.350    Nov  9 04:49:06      1575     0.44
         0.87        8153.0         2.460    Nov  9 04:49:06      1575     0.44
         0.87        8155.0         1.960    Nov  9 04:49:07      1576     0.44
         0.87        8157.2         2.290    Nov  9 04:49:07      1576     0.44
         0.87        8159.8         2.530    Nov  9 04:49:08      1577     0.44
         0.87        8162.1         2.310    Nov  9 04:49:08      1577     0.44
         0.87        8164.5         2.390    Nov  9 04:49:09      1578     0.44
         0.87        8166.9         2.410    Nov  9 04:49:09      1578     0.44
         0.87        8169.2         2.360    Nov  9 04:49:10      1579     0.44
         0.87        8171.8         2.520    Nov  9 04:49:11      1580     0.44
         0.87        8174.1         2.310    Nov  9 04:49:11      1580     0.44
         0.88        8176.5         2.450    Nov  9 04:49:12      1581     0.44
         0.88        8178.8         2.300    Nov  9 04:49:12      1581     0.44
         0.88        8181.2         2.340    Nov  9 04:49:13      1582     0.44
         0.88        8183.7         2.550    Nov  9 04:49:13      1582     0.44
         0.88        8186.0         2.280    Nov  9 04:49:14      1583     0.44
         0.88        8188.5         2.510    Nov  9 04:49:14      1583     0.44
         0.88        8190.7         2.230    Nov  9 04:49:15      1584     0.44
         0.88        8193.3         2.550    Nov  9 04:49:15      1584     0.44
         0.88        8195.7         2.390    Nov  9 04:49:16      1585     0.44
         0.88        8197.9         2.260    Nov  9 04:49:16      1585     0.44
         0.89        8200.2         2.310    Nov  9 04:49:17      1586     0.44
         0.89        8202.3         2.070    Nov  9 04:49:17      1586     0.44
         0.89        8204.9         2.560    Nov  9 04:49:18      1587     0.44
         0.89        8207.2         2.280    Nov  9 04:49:18      1587     0.44
         0.89        8209.6         2.480    Nov  9 04:49:19      1588     0.44
         0.89        8211.9         2.230    Nov  9 04:49:19      1588     0.44
         0.89        8214.0         2.120    Nov  9 04:49:20      1589     0.44
         0.89        8216.7         2.740    Nov  9 04:49:20      1589     0.44
         0.89        8219.2         2.470    Nov  9 04:49:21      1590     0.44
         0.89        8221.5         2.250    Nov  9 04:49:22      1591     0.44
         0.90        8223.9         2.400    Nov  9 04:49:22      1591     0.44
         0.90        8226.2         2.350    Nov  9 04:49:23      1592     0.44
         0.90        8228.5         2.270    Nov  9 04:49:23      1592     0.44
         0.90        8231.1         2.670    Nov  9 04:49:24      1593     0.44
         0.90        8233.5         2.410    Nov  9 04:49:24      1593     0.44
         0.90        8235.8         2.270    Nov  9 04:49:25      1594     0.44
         0.90        8238.2         2.420    Nov  9 04:49:25      1594     0.44
         0.90        8240.6         2.390    Nov  9 04:49:26      1595     0.44
         0.90        8243.1         2.430    Nov  9 04:49:26      1595     0.44
         0.90        8245.6         2.560    Nov  9 04:49:27      1596     0.44
         0.91        8247.8         2.190    Nov  9 04:49:27      1596     0.44
         0.91        8250.4         2.590    Nov  9 04:49:28      1597     0.44
         0.91        8252.7         2.320    Nov  9 04:49:28      1597     0.44
         0.91        8255.2         2.470    Nov  9 04:49:29      1598     0.44
         0.91        8257.7         2.470    Nov  9 04:49:30      1599     0.44
         0.91        8260.1         2.410    Nov  9 04:49:30      1599     0.44
         0.91        8262.5         2.450    Nov  9 04:49:31      1600     0.44
         0.91        8265.0         2.470    Nov  9 04:49:31      1600     0.44
         0.91        8267.4         2.440    Nov  9 04:49:32      1601     0.44
         0.91        8269.5         2.030    Nov  9 04:49:32      1601     0.44
         0.92        8271.9         2.480    Nov  9 04:49:33      1602     0.45
         0.92        8274.3         2.390    Nov  9 04:49:33      1602     0.45
         0.92        8276.7         2.390    Nov  9 04:49:34      1603     0.45
         0.92        8279.0         2.330    Nov  9 04:49:34      1603     0.45
         0.92        8281.5         2.400    Nov  9 04:49:35      1604     0.45
         0.92        8283.8         2.380    Nov  9 04:49:35      1604     0.45
         0.92        8286.4         2.520    Nov  9 04:49:36      1605     0.45
         0.92        8288.5         2.150    Nov  9 04:49:36      1605     0.45
         0.92        8290.9         2.370    Nov  9 04:49:37      1606     0.45
         0.92        8293.2         2.310    Nov  9 04:49:38      1607     0.45
         0.93        8295.6         2.450    Nov  9 04:49:38      1607     0.45
         0.93        8298.1         2.430    Nov  9 04:49:39      1608     0.45
         0.93        8300.5         2.430    Nov  9 04:49:39      1608     0.45
         0.93        8303.0         2.470    Nov  9 04:49:40      1609     0.45
         0.93        8305.5         2.570    Nov  9 04:49:40      1609     0.45
         0.93        8308.0         2.420    Nov  9 04:49:41      1610     0.45
         0.93        8310.4         2.440    Nov  9 04:49:41      1610     0.45
         0.93        8313.0         2.620    Nov  9 04:49:42      1611     0.45
         0.93        8315.3         2.290    Nov  9 04:49:43      1612     0.45
         0.93        8317.8         2.540    Nov  9 04:49:43      1612     0.45
         0.94        8320.3         2.480    Nov  9 04:49:44      1613     0.45
         0.94        8322.8         2.480    Nov  9 04:49:44      1613     0.45
         0.94        8325.4         2.600    Nov  9 04:49:45      1614     0.45
         0.94        8327.8         2.380    Nov  9 04:49:45      1614     0.45
         0.94        8330.4         2.600    Nov  9 04:49:46      1615     0.45
         0.94        8332.9         2.480    Nov  9 04:49:47      1616     0.45
         0.94        8335.3         2.480    Nov  9 04:49:47      1616     0.45
         0.94        8338.0         2.680    Nov  9 04:49:48      1617     0.45
         0.94        8340.6         2.620    Nov  9 04:49:48      1617     0.45
         0.94        8343.1         2.490    Nov  9 04:49:49      1618     0.45
         0.95        8345.6         2.500    Nov  9 04:49:50      1619     0.45
         0.95        8348.2         2.590    Nov  9 04:49:50      1619     0.45
         0.95        8350.7         2.470    Nov  9 04:49:51      1620     0.45
         0.95        8353.3         2.610    Nov  9 04:49:51      1620     0.45
         0.95        8355.9         2.560    Nov  9 04:49:52      1621     0.45
         0.95        8358.2         2.320    Nov  9 04:49:52      1621     0.45
         0.95        8360.7         2.480    Nov  9 04:49:53      1622     0.45
         0.95        8363.2         2.540    Nov  9 04:49:54      1623     0.45
         0.95        8365.5         2.330    Nov  9 04:49:54      1623     0.45
         0.95        8367.9         2.370    Nov  9 04:49:55      1624     0.45
         0.96        8370.3         2.390    Nov  9 04:49:55      1624     0.45
         0.96        8372.7         2.410    Nov  9 04:49:56      1625     0.45
         0.96        8375.2         2.500    Nov  9 04:49:56      1625     0.45
         0.96        8377.8         2.570    Nov  9 04:49:57      1626     0.45
         0.96        8380.1         2.290    Nov  9 04:49:58      1627     0.45
         0.96        8382.6         2.520    Nov  9 04:49:58      1627     0.45
         0.96        8384.9         2.340    Nov  9 04:49:59      1628     0.45
         0.96        8387.2         2.280    Nov  9 04:49:59      1628     0.45
         0.96        8389.9         2.720    Nov  9 04:50:00      1629     0.45
         0.96        8392.3         2.420    Nov  9 04:50:00      1629     0.45
         0.97        8394.7         2.350    Nov  9 04:50:01      1630     0.45
         0.97        8397.1         2.460    Nov  9 04:50:01      1630     0.45
         0.97        8399.5         2.390    Nov  9 04:50:02      1631     0.45
         0.97        8402.1         2.520    Nov  9 04:50:03      1632     0.45
         0.97        8404.1         2.020    Nov  9 04:50:03      1632     0.45
         0.97        8406.6         2.490    Nov  9 04:50:04      1633     0.45
         0.97        8409.0         2.450    Nov  9 04:50:04      1633     0.45
         0.97        8411.5         2.430    Nov  9 04:50:05      1634     0.45
         0.97        8414.1         2.630    Nov  9 04:50:05      1634     0.45
         0.97        8416.6         2.570    Nov  9 04:50:06      1635     0.45
         0.98        8419.2         2.590    Nov  9 04:50:07      1636     0.45
         0.98        8421.5         2.290    Nov  9 04:50:07      1636     0.45
         0.98        8424.1         2.550    Nov  9 04:50:08      1637     0.45
         0.98        8426.0         1.930    Nov  9 04:50:08      1637     0.45
         0.98        8428.4         2.410    Nov  9 04:50:09      1638     0.46
         0.98        8430.9         2.450    Nov  9 04:50:09      1638     0.46
         0.98        8433.3         2.400    Nov  9 04:50:10      1639     0.46
         0.98        8435.7         2.440    Nov  9 04:50:10      1639     0.46
         0.98        8438.3         2.570    Nov  9 04:50:11      1640     0.46
         0.98        8440.9         2.580    Nov  9 04:50:12      1641     0.46
         0.99        8443.4         2.540    Nov  9 04:50:12      1641     0.46
         0.99        8445.7         2.310    Nov  9 04:50:13      1642     0.46
         0.99        8448.0         2.300    Nov  9 04:50:13      1642     0.46
         0.99        8450.4         2.390    Nov  9 04:50:14      1643     0.46
         0.99        8452.8         2.430    Nov  9 04:50:14      1643     0.46
         0.99        8455.3         2.440    Nov  9 04:50:15      1644     0.46
         0.99        8457.7         2.470    Nov  9 04:50:15      1644     0.46
         0.99        8460.3         2.580    Nov  9 04:50:16      1645     0.46
         0.99        8462.7         2.420    Nov  9 04:50:16      1645     0.46
         0.99        8465.2         2.430    Nov  9 04:50:17      1646     0.46
         0.99        8467.5         2.290    Nov  9 04:50:18      1647     0.46
         1.00        8470.0         2.520    Nov  9 04:50:18      1647     0.46
         1.00        8472.4         2.400    Nov  9 04:50:19      1648     0.46
         1.00        8475.0         2.600    Nov  9 04:50:19      1648     0.46
         1.00        8477.4         2.450    Nov  9 04:50:20      1649     0.46
         1.00        8479.9         2.470    Nov  9 04:50:20      1649     0.46
