#Update-step  Updatetime     Error of A        Error of phi      Time in fs
     1                                         0.142194E-003
     1 *      0.00142857     0.000000E+000     0.368810E-006        0.0000
     1        0.00142857     0.000000E+000     0.340375E-006        0.0014
     2        0.00225914     0.000000E+000     0.770211E-006        0.0029
     3        0.00243292     0.000000E+000     0.785884E-006        0.0051
     4        0.00256808     0.000000E+000     0.766538E-006        0.0075
     5        0.00272372     0.000000E+000     0.751368E-006        0.0101
     6        0.00290530     0.000000E+000     0.738460E-006        0.0128
     7        0.00312051     0.000000E+000     0.726133E-006        0.0157
     8        0.00338055     0.000000E+000     0.728175E-006        0.0189
     9        0.00370251     0.000000E+000     0.761041E-006        0.0222
    10        0.00389738     0.000000E+000     0.719349E-006        0.0259
    11        0.00412663     0.000000E+000     0.696822E-006        0.0298
    12        0.00440174     0.000000E+000     0.683546E-006        0.0340
    13        0.00474034     0.000000E+000     0.682394E-006        0.0384
    14        0.00517128     0.000000E+000     0.700334E-006        0.0431
    15        0.00574586     0.000000E+000     0.766816E-006        0.0483
    16        0.00574586     0.000000E+000     0.677883E-006        0.0540
    17 *      0.00287293     0.000000E+000     0.388779E-006        0.0598
    17        0.00287293     0.000000E+000     0.354553E-005        0.0627
    18 *      0.00090724     0.000000E+000     0.139831E-005        0.0655
    18        0.00090724     0.000000E+000     0.535039E-005        0.0664
    19        0.00048030     0.000000E+000     0.213945E-006        0.0673
    20        0.00080451     0.000000E+000     0.221180E-006        0.0678
    21        0.00130733     0.000000E+000     0.173510E-006        0.0686
    22        0.00231297     0.000000E+000     0.240705E-006        0.0699
    23        0.00346945     0.000000E+000     0.447524E-006        0.0722
    24 *      0.00202385     0.000000E+000     0.260939E-006        0.0757
    24        0.00202385     0.000000E+000     0.923068E-006        0.0777
    25                                         0.627733E-005
    25        0.00012809     0.000000E+000     0.103626E-006        0.0798
    26        0.00026814     0.000000E+000     0.833917E-006        0.0799
    27 *      0.00013973     0.000000E+000     0.604174E-006        0.0802
    27        0.00013973     0.000000E+000     0.800236E-006        0.0803
    28 *      0.00007952     0.000000E+000     0.300445E-006        0.0804
    28        0.00007952     0.000000E+000     0.311531E-006        0.0805
    29        0.00013111     0.000000E+000     0.858397E-006        0.0806
    30        0.00013572     0.000000E+000     0.920488E-006        0.0807
    31        0.00013669     0.000000E+000     0.913344E-006        0.0809
    32        0.00013869     0.000000E+000     0.902033E-006        0.0810
    33        0.00014076     0.000000E+000     0.900649E-006        0.0811
    34        0.00014291     0.000000E+000     0.949741E-006        0.0813
    35        0.00014291     0.000000E+000     0.867152E-006        0.0814
    36        0.00014748     0.000000E+000     0.876736E-006        0.0816
    37 *      0.00007557     0.000000E+000     0.317276E-006        0.0817
    37        0.00007557     0.000000E+000     0.112513E-005        0.0818
    38 *      0.00003763     0.000000E+000     0.260226E-006        0.0819
    38        0.00003763     0.000000E+000     0.262290E-006        0.0819
    39        0.00006640     0.000000E+000     0.741912E-006        0.0819
    40        0.00007285     0.000000E+000     0.853985E-006        0.0820
    41 *      0.00003781     0.000000E+000     0.264517E-006        0.0821
    41        0.00003781     0.000000E+000     0.193644E-006        0.0821
    42 *      0.00003749     0.000000E+000     0.255217E-006        0.0822
    42        0.00003749     0.000000E+000     0.181325E-006        0.0822
    43        0.00007627     0.000000E+000     0.706499E-006        0.0822
    44        0.00008507     0.000000E+000     0.803560E-006        0.0823
    45        0.00009031     0.000000E+000     0.840270E-006        0.0824
    46        0.00009419     0.000000E+000     0.904484E-006        0.0825
    47 *      0.00004787     0.000000E+000     0.449062E-006        0.0826
    47        0.00004787     0.000000E+000     0.307804E-006        0.0826
    48        0.00007949     0.000000E+000     0.626109E-006        0.0827
    49 *      0.00004637     0.000000E+000     0.488923E-006        0.0827
    49        0.00004637     0.000000E+000     0.362788E-006        0.0828
    50        0.00007209     0.000000E+000     0.654191E-006        0.0828
    51        0.00008294     0.000000E+000     0.657465E-006        0.0829
    52 *      0.00004749     0.000000E+000     0.473610E-006        0.0830
    52        0.00004749     0.000000E+000     0.381138E-006        0.0830
    53        0.00007256     0.000000E+000     0.658750E-006        0.0831
    54        0.00008293     0.000000E+000     0.697994E-006        0.0832
    55 *      0.00004653     0.000000E+000     0.493841E-006        0.0832
    55        0.00004653     0.000000E+000     0.610116E-006        0.0833
    56 *      0.00002954     0.000000E+000     0.251191E-006        0.0833
    56        0.00002954     0.000000E+000     0.248046E-006        0.0834
    57        0.00005320     0.000000E+000     0.788000E-006        0.0834
    58        0.00005706     0.000000E+000     0.876340E-006        0.0835
    59        0.00005868     0.000000E+000     0.893094E-006        0.0835
    60        0.00005997     0.000000E+000     0.898265E-006        0.0836
    61        0.00006109     0.000000E+000     0.897969E-006        0.0836
    62        0.00006225     0.000000E+000     0.898908E-006        0.0837
    63        0.00006347     0.000000E+000     0.902086E-006        0.0838
    64        0.00006448     0.000000E+000     0.905021E-006        0.0838
    65        0.00006553     0.000000E+000     0.945678E-006        0.0839
    66 *      0.00003276     0.000000E+000     0.505383E-006        0.0839
    66        0.00003276     0.000000E+000     0.238981E-006        0.0840
    67        0.00005988     0.000000E+000     0.747933E-006        0.0840
    68        0.00006528     0.000000E+000     0.842174E-006        0.0841
    69        0.00006808     0.000000E+000     0.880097E-006        0.0841
    70        0.00006989     0.000000E+000     0.895858E-006        0.0842
    71        0.00007116     0.000000E+000     0.899426E-006        0.0843
    72        0.00007247     0.000000E+000     0.905306E-006        0.0843
    73        0.00007350     0.000000E+000     0.904455E-006        0.0844
    74        0.00007456     0.000000E+000     0.904623E-006        0.0845
    75        0.00007566     0.000000E+000     0.904579E-006        0.0846
    76        0.00007679     0.000000E+000     0.907968E-006        0.0846
    77        0.00007797     0.000000E+000     0.912319E-006        0.0847
    78        0.00007877     0.000000E+000     0.909779E-006        0.0848
    79        0.00008002     0.000000E+000     0.919800E-006        0.0849
    80        0.00008088     0.000000E+000     0.923917E-006        0.0850
    81        0.00008132     0.000000E+000     0.922127E-006        0.0850
    82        0.00008222     0.000000E+000     0.931509E-006        0.0851
    83        0.00008268     0.000000E+000     0.930234E-006        0.0852
    84        0.00008315     0.000000E+000     0.929123E-006        0.0853
    85        0.00008362     0.000000E+000     0.928822E-006        0.0854
    86        0.00008411     0.000000E+000     0.941181E-006        0.0854
    87        0.00008411     0.000000E+000     0.925321E-006        0.0855
    88        0.00008460     0.000000E+000     0.924529E-006        0.0856
    89        0.00008511     0.000000E+000     0.924876E-006        0.0857
    90        0.00008562     0.000000E+000     0.925959E-006        0.0858
    91        0.00008614     0.000000E+000     0.927671E-006        0.0859
    92        0.00008667     0.000000E+000     0.929975E-006        0.0860
    93        0.00008721     0.000000E+000     0.932867E-006        0.0860
    94        0.00008777     0.000000E+000     0.936348E-006        0.0861
    95        0.00008777     0.000000E+000     0.928572E-006        0.0862
    96        0.00008833     0.000000E+000     0.933187E-006        0.0863
    97        0.00008891     0.000000E+000     0.938430E-006        0.0864
    98        0.00008891     0.000000E+000     0.932029E-006        0.0865
    99        0.00008950     0.000000E+000     0.938488E-006        0.0866
   100        0.00008950     0.000000E+000     0.933099E-006        0.0867
   101        0.00009011     0.000000E+000     0.940877E-006        0.0868
   102        0.00009011     0.000000E+000     0.936587E-006        0.0868
   103        0.00009011     0.000000E+000     0.932939E-006        0.0869
   104        0.00009074     0.000000E+000     0.942925E-006        0.0870
   105        0.00009074     0.000000E+000     0.940624E-006        0.0871
   106        0.00009074     0.000000E+000     0.939119E-006        0.0872
   107        0.00009074     0.000000E+000     0.938473E-006        0.0873
   108        0.00009074     0.000000E+000     0.938760E-006        0.0874
   109        0.00009074     0.000000E+000     0.940056E-006        0.0875
   110        0.00009074     0.000000E+000     0.942434E-006        0.0876
   111        0.00009074     0.000000E+000     0.945946E-006        0.0877
   112        0.00009074     0.000000E+000     0.950611E-006        0.0877
   113        0.00009007     0.000000E+000     0.942383E-006        0.0878
   114        0.00009007     0.000000E+000     0.949014E-006        0.0879
   115        0.00009007     0.000000E+000     0.956430E-006        0.0880
   116        0.00008939     0.000000E+000     0.950067E-006        0.0881
   117        0.00008939     0.000000E+000     0.958200E-006        0.0882
   118        0.00008871     0.000000E+000     0.952151E-006        0.0883
   119        0.00008804     0.000000E+000     0.946439E-006        0.0884
   120        0.00008804     0.000000E+000     0.955537E-006        0.0885
   121        0.00008737     0.000000E+000     0.950820E-006        0.0886
   122        0.00008670     0.000000E+000     0.946845E-006        0.0886
   123        0.00008670     0.000000E+000     0.958366E-006        0.0887
   124        0.00008604     0.000000E+000     0.956862E-006        0.0888
   125        0.00008537     0.000000E+000     0.957256E-006        0.0889
   126        0.00008472     0.000000E+000     0.959951E-006        0.0890
   127        0.00008407     0.000000E+000     0.965400E-006        0.0891
   128        0.00008342     0.000000E+000     0.974203E-006        0.0892
   129        0.00008215     0.000000E+000     0.972398E-006        0.0892
   130        0.00008090     0.000000E+000     0.976001E-006        0.0893
   131        0.00007968     0.000000E+000     0.987208E-006        0.0894
   132 *      0.00003925     0.000000E+000     0.254933E-006        0.0895
   132        0.00003925     0.000000E+000     0.263614E-006        0.0895
   133        0.00006914     0.000000E+000     0.846010E-006        0.0896
   134 *      0.00003601     0.000000E+000     0.256045E-006        0.0896
   134        0.00003601     0.000000E+000     0.277262E-006        0.0897
   135        0.00006204     0.000000E+000     0.919004E-006        0.0897
   136 *      0.00003140     0.000000E+000     0.383742E-006        0.0898
   136        0.00003140     0.000000E+000     0.465185E-006        0.0898
   137 *      0.00002221     0.000000E+000     0.259868E-006        0.0898
   137        0.00002221     0.000000E+000     0.225224E-006        0.0898
   138        0.00004151     0.000000E+000     0.569984E-006        0.0899
   139        0.00005019     0.000000E+000     0.757435E-006        0.0899
   140        0.00005455     0.000000E+000     0.954188E-006        0.0900
   141 *      0.00002713     0.000000E+000     0.251748E-006        0.0900
   141        0.00002713     0.000000E+000     0.259444E-006        0.0900
   142        0.00004797     0.000000E+000     0.832177E-006        0.0901
   143        0.00005041     0.000000E+000     0.976349E-006        0.0901
   144 *      0.00002482     0.000000E+000     0.255863E-006        0.0902
   144        0.00002482     0.000000E+000     0.265579E-006        0.0902
   145        0.00004366     0.000000E+000     0.849603E-006        0.0902
   146        0.00004550     0.000000E+000     0.990142E-006        0.0903
   147 *      0.00002233     0.000000E+000     0.259725E-006        0.0903
   147        0.00002233     0.000000E+000     0.270644E-006        0.0903
   148        0.00003890     0.000000E+000     0.852860E-006        0.0904
   149        0.00004037     0.000000E+000     0.990110E-006        0.0904
   150 *      0.00001985     0.000000E+000     0.261185E-006        0.0904
   150        0.00001985     0.000000E+000     0.272487E-006        0.0905
   151        0.00003452     0.000000E+000     0.856954E-006        0.0905
   152        0.00003582     0.000000E+000     0.993518E-006        0.0905
   153 *      0.00001758     0.000000E+000     0.259289E-006        0.0905
   153        0.00001758     0.000000E+000     0.268699E-006        0.0906
   154        0.00003069     0.000000E+000     0.842364E-006        0.0906
   155        0.00003205     0.000000E+000     0.955610E-006        0.0906
   156        0.00003194     0.000000E+000     0.971388E-006        0.0906
   157        0.00003162     0.000000E+000     0.973564E-006        0.0907
   158        0.00003130     0.000000E+000     0.985771E-006        0.0907
   159 *      0.00001539     0.000000E+000     0.251256E-006        0.0907
   159        0.00001539     0.000000E+000     0.258533E-006        0.0908
   160        0.00002732     0.000000E+000     0.833586E-006        0.0908
   161        0.00002868     0.000000E+000     0.964878E-006        0.0908
   162 *      0.00001425     0.000000E+000     0.252037E-006        0.0908
   162        0.00001425     0.000000E+000     0.257162E-006        0.0908
   163        0.00002535     0.000000E+000     0.821915E-006        0.0909
   164        0.00002676     0.000000E+000     0.936735E-006        0.0909
   165        0.00002684     0.000000E+000     0.954170E-006        0.0909
   166        0.00002676     0.000000E+000     0.948982E-006        0.0909
   167        0.00002676     0.000000E+000     0.939831E-006        0.0910
   168        0.00002684     0.000000E+000     0.929233E-006        0.0910
   169        0.00002700     0.000000E+000     0.918029E-006        0.0910
   170        0.00002733     0.000000E+000     0.917102E-006        0.0910
   171        0.00002767     0.000000E+000     0.959978E-006        0.0911
   172        0.00002750     0.000000E+000     0.988422E-006        0.0911
   173 *      0.00001354     0.000000E+000     0.268121E-006        0.0911
   173        0.00001354     0.000000E+000     0.252012E-006        0.0911
   174        0.00002426     0.000000E+000     0.725168E-006        0.0911
   175        0.00002684     0.000000E+000     0.910238E-006        0.0912
   176        0.00002725     0.000000E+000     0.883004E-006        0.0912
   177        0.00002795     0.000000E+000     0.938704E-006        0.0912
   178        0.00002804     0.000000E+000     0.833518E-006        0.0913
   179        0.00002946     0.000000E+000     0.927964E-006        0.0913
   180        0.00002966     0.000000E+000     0.906329E-006        0.0913
   181        0.00003018     0.000000E+000     0.905878E-006        0.0913
   182        0.00003071     0.000000E+000     0.907016E-006        0.0914
   183        0.00003116     0.000000E+000     0.903171E-006        0.0914
   184        0.00003173     0.000000E+000     0.907287E-006        0.0914
   185        0.00003221     0.000000E+000     0.906031E-006        0.0915
   186        0.00003271     0.000000E+000     0.906317E-006        0.0915
   187        0.00003322     0.000000E+000     0.910419E-006        0.0915
   188        0.00003375     0.000000E+000     0.922722E-006        0.0916
   189        0.00003403     0.000000E+000     0.929899E-006        0.0916
   190        0.00003431     0.000000E+000     0.944153E-006        0.0916
   191        0.00003431     0.000000E+000     0.945839E-006        0.0917
   192        0.00003431     0.000000E+000     0.942675E-006        0.0917
   193        0.00003431     0.000000E+000     0.913100E-006        0.0917
   194        0.00003474     0.000000E+000     0.778404E-006        0.0918
   195        0.00003744     0.000000E+000     0.559046E-006        0.0918
   196        0.00004559     0.000000E+000     0.505300E-006        0.0918
   197        0.00005756     0.000000E+000     0.715963E-006        0.0919
   198        0.00006395     0.000000E+000     0.874562E-006        0.0919
   199        0.00006553     0.000000E+000     0.943582E-006        0.0920
   200        0.00006553     0.000000E+000     0.966083E-006        0.0921
   201        0.00006498     0.000000E+000     0.967289E-006        0.0921
   202        0.00006445     0.000000E+000     0.963825E-006        0.0922
   203        0.00006392     0.000000E+000     0.955687E-006        0.0923
   204        0.00006339     0.000000E+000     0.946880E-006        0.0923
   205        0.00006339     0.000000E+000     0.984183E-006        0.0924
   206 *      0.00003117     0.000000E+000     0.260732E-006        0.0925
   206        0.00003117     0.000000E+000     0.268504E-006        0.0925
   207        0.00005460     0.000000E+000     0.832880E-006        0.0925
   208        0.00005712     0.000000E+000     0.928705E-006        0.0926
   209        0.00005757     0.000000E+000     0.955517E-006        0.0926
   210        0.00005712     0.000000E+000     0.948874E-006        0.0927
   211        0.00005712     0.000000E+000     0.953710E-006        0.0927
   212        0.00005667     0.000000E+000     0.940906E-006        0.0928
   213        0.00005667     0.000000E+000     0.940555E-006        0.0929
   214        0.00005667     0.000000E+000     0.938082E-006        0.0929
   215        0.00005667     0.000000E+000     0.933716E-006        0.0930
   216        0.00005667     0.000000E+000     0.927679E-006        0.0930
   217        0.00005714     0.000000E+000     0.935352E-006        0.0931
   218        0.00005714     0.000000E+000     0.926379E-006        0.0931
   219        0.00005762     0.000000E+000     0.931797E-006        0.0932
   220        0.00005762     0.000000E+000     0.920528E-006        0.0933
   221        0.00005812     0.000000E+000     0.924251E-006        0.0933
   222        0.00005864     0.000000E+000     0.927368E-006        0.0934
   223        0.00005917     0.000000E+000     0.929985E-006        0.0934
   224        0.00005917     0.000000E+000     0.915444E-006        0.0935
   225        0.00005971     0.000000E+000     0.917315E-006        0.0936
   226        0.00006028     0.000000E+000     0.918993E-006        0.0936
   227        0.00006086     0.000000E+000     0.920570E-006        0.0937
   228        0.00006145     0.000000E+000     0.922130E-006        0.0937
   229        0.00006207     0.000000E+000     0.923754E-006        0.0938
   230        0.00006270     0.000000E+000     0.925520E-006        0.0939
   231        0.00006270     0.000000E+000     0.908602E-006        0.0939
   232        0.00006336     0.000000E+000     0.910793E-006        0.0940
   233        0.00006404     0.000000E+000     0.913323E-006        0.0940
   234        0.00006475     0.000000E+000     0.916254E-006        0.0941
   235        0.00006547     0.000000E+000     0.919645E-006        0.0942
   236        0.00006623     0.000000E+000     0.923554E-006        0.0942
   237        0.00006623     0.000000E+000     0.906725E-006        0.0943
   238        0.00006702     0.000000E+000     0.911657E-006        0.0944
   239        0.00006783     0.000000E+000     0.917250E-006        0.0944
   240        0.00006868     0.000000E+000     0.923558E-006        0.0945
   241        0.00006868     0.000000E+000     0.907369E-006        0.0946
   242        0.00006957     0.000000E+000     0.914952E-006        0.0946
   243        0.00007050     0.000000E+000     0.923377E-006        0.0947
   244        0.00007050     0.000000E+000     0.907837E-006        0.0948
   245        0.00007148     0.000000E+000     0.917710E-006        0.0949
   246        0.00007148     0.000000E+000     0.902775E-006        0.0949
   247        0.00007252     0.000000E+000     0.914187E-006        0.0950
   248        0.00007360     0.000000E+000     0.926679E-006        0.0951
   249        0.00007360     0.000000E+000     0.912257E-006        0.0951
   250        0.00007475     0.000000E+000     0.926505E-006        0.0952
   251        0.00007475     0.000000E+000     0.912590E-006        0.0953
   252        0.00007475     0.000000E+000     0.899237E-006        0.0954
   253        0.00007599     0.000000E+000     0.916004E-006        0.0954
   254        0.00007599     0.000000E+000     0.903100E-006        0.0955
   255        0.00007733     0.000000E+000     0.922036E-006        0.0956
   256        0.00007733     0.000000E+000     0.909587E-006        0.0957
   257        0.00007733     0.000000E+000     0.897710E-006        0.0957
   258        0.00007879     0.000000E+000     0.919928E-006        0.0958
   259        0.00007879     0.000000E+000     0.908638E-006        0.0959
   260        0.00007879     0.000000E+000     0.898059E-006        0.0960
   261        0.00008039     0.000000E+000     0.924606E-006        0.0961
   262        0.00008039     0.000000E+000     0.915067E-006        0.0961
   263        0.00008039     0.000000E+000     0.906114E-006        0.0962
   264        0.00008039     0.000000E+000     0.897023E-006        0.0963
   265        0.00008039     0.000000E+000     0.887658E-006        0.0964
   266        0.00008226     0.000000E+000     0.919598E-006        0.0965
   267        0.00008226     0.000000E+000     0.910063E-006        0.0965
   268        0.00008226     0.000000E+000     0.900788E-006        0.0966
   269        0.00008226     0.000000E+000     0.891749E-006        0.0967
   270        0.00008226     0.000000E+000     0.882977E-006        0.0968
   271        0.00008449     0.000000E+000     0.921997E-006        0.0969
   272        0.00008449     0.000000E+000     0.913129E-006        0.0970
   273        0.00008449     0.000000E+000     0.904623E-006        0.0970
   274        0.00008449     0.000000E+000     0.896515E-006        0.0971
   275        0.00008449     0.000000E+000     0.888839E-006        0.0972
   276        0.00008449     0.000000E+000     0.881623E-006        0.0973
   277        0.00008449     0.000000E+000     0.874858E-006        0.0974
   278        0.00008449     0.000000E+000     0.868449E-006        0.0975
   279        0.00008449     0.000000E+000     0.862160E-006        0.0975
   280        0.00008762     0.000000E+000     0.919644E-006        0.0976
   281        0.00008762     0.000000E+000     0.911835E-006        0.0977
   282        0.00008762     0.000000E+000     0.903303E-006        0.0978
   283        0.00008762     0.000000E+000     0.894093E-006        0.0979
   284        0.00008762     0.000000E+000     0.884372E-006        0.0980
   285        0.00008762     0.000000E+000     0.874344E-006        0.0981
   286        0.00008762     0.000000E+000     0.864199E-006        0.0982
   287        0.00008762     0.000000E+000     0.854089E-006        0.0982
   288        0.00008762     0.000000E+000     0.844129E-006        0.0983
   289        0.00008762     0.000000E+000     0.834396E-006        0.0984
   290        0.00008762     0.000000E+000     0.824942E-006        0.0985
   291        0.00008762     0.000000E+000     0.815801E-006        0.0986
   292        0.00008762     0.000000E+000     0.806990E-006        0.0987
   293        0.00008762     0.000000E+000     0.798519E-006        0.0988
   294        0.00008762     0.000000E+000     0.790391E-006        0.0989
   295        0.00008762     0.000000E+000     0.782605E-006        0.0989
   296        0.00008762     0.000000E+000     0.775155E-006        0.0990
   297        0.00008762     0.000000E+000     0.768037E-006        0.0991
   298        0.00008762     0.000000E+000     0.761243E-006        0.0992
   299        0.00008762     0.000000E+000     0.754766E-006        0.0993
   300        0.00008762     0.000000E+000     0.748600E-006        0.0994
   301        0.00008762     0.000000E+000     0.742739E-006        0.0995
   302        0.00008762     0.000000E+000     0.737180E-006        0.0996
   303        0.00008762     0.000000E+000     0.731923E-006        0.0996
   304        0.00008762     0.000000E+000     0.726971E-006        0.0997
   305        0.00008762     0.000000E+000     0.722334E-006        0.0998
   306        0.00008762     0.000000E+000     0.718027E-006        0.0999
   307        0.00009737     0.000000E+000     0.880475E-006        0.1000
   308        0.00010020     0.000000E+000     0.926843E-006        0.1001
   309        0.00010112     0.000000E+000     0.939003E-006        0.1002
   310        0.00010153     0.000000E+000     0.942664E-006        0.1003
   311        0.00010174     0.000000E+000     0.943402E-006        0.1004
   312        0.00010194     0.000000E+000     0.945095E-006        0.1005
   313        0.00010205     0.000000E+000     0.945981E-006        0.1006
   314        0.00010215     0.000000E+000     0.948502E-006        0.1007
   315        0.00010215     0.000000E+000     0.952717E-006        0.1008
   316        0.00010194     0.000000E+000     0.961756E-006        0.1009
   317        0.00010142     0.000000E+000     0.964520E-006        0.1010
   318        0.00010080     0.000000E+000     0.957476E-006        0.1011
   319        0.00010049     0.000000E+000     0.952619E-006        0.1012
   320        0.00010029     0.000000E+000     0.948106E-006        0.1013
   321        0.00010029     0.000000E+000     0.946435E-006        0.1014
   322        0.00010039     0.000000E+000     0.945917E-006        0.1015
   323        0.00010049     0.000000E+000     0.944771E-006        0.1016
   324        0.00010070     0.000000E+000     0.945010E-006        0.1017
   325        0.00010080     0.000000E+000     0.942876E-006        0.1018
   326        0.00010101     0.000000E+000     0.942282E-006        0.1019
   327        0.00010132     0.000000E+000     0.943299E-006        0.1020
   328        0.00010154     0.000000E+000     0.942118E-006        0.1021
   329        0.00010185     0.000000E+000     0.942669E-006        0.1022
   330        0.00010207     0.000000E+000     0.941109E-006        0.1023
   331        0.00010239     0.000000E+000     0.941369E-006        0.1024
   332        0.00010271     0.000000E+000     0.941549E-006        0.1025
   333        0.00010304     0.000000E+000     0.941733E-006        0.1026
   334        0.00010336     0.000000E+000     0.941936E-006        0.1027
   335        0.00010370     0.000000E+000     0.942197E-006        0.1028
   336        0.00010392     0.000000E+000     0.940550E-006        0.1029
   337        0.00010425     0.000000E+000     0.941014E-006        0.1030
   338        0.00010459     0.000000E+000     0.941603E-006        0.1031
   339        0.00010493     0.000000E+000     0.942556E-006        0.1033
   340        0.00010516     0.000000E+000     0.940726E-006        0.1034
   341        0.00010550     0.000000E+000     0.939666E-006        0.1035
   342        0.00010585     0.000000E+000     0.945804E-006        0.1036
   343        0.00010597     0.000000E+000     0.941624E-006        0.1037
   344        0.00010632     0.000000E+000     0.940950E-006        0.1038
   345        0.00010667     0.000000E+000     0.939537E-006        0.1039
   346        0.00010703     0.000000E+000     0.922169E-006        0.1040
   347        0.00010824     0.000000E+000     0.932823E-006        0.1041
   348        0.00010898     0.000000E+000     0.953317E-006        0.1042
   349 *      0.00005436     0.000000E+000     0.267410E-006        0.1043
   349        0.00005436     0.000000E+000     0.382907E-006        0.1044
   350 *      0.00004148     0.000000E+000     0.943177E-006        0.1044
   350        0.00004148     0.000000E+000     0.163521E-005        0.1045
   351 *      0.00001786     0.000000E+000     0.340760E-006        0.1045
   351        0.00001786     0.000000E+000     0.342487E-006        0.1045
   352        0.00002846     0.000000E+000     0.865084E-006        0.1045
   353        0.00002948     0.000000E+000     0.920196E-006        0.1046
   354        0.00002983     0.000000E+000     0.931462E-006        0.1046
   355        0.00003005     0.000000E+000     0.933265E-006        0.1046
   356        0.00003025     0.000000E+000     0.933501E-006        0.1047
   357        0.00003044     0.000000E+000     0.932649E-006        0.1047
   358        0.00003065     0.000000E+000     0.932127E-006        0.1047
   359        0.00003086     0.000000E+000     0.932489E-006        0.1048
   360        0.00003108     0.000000E+000     0.932599E-006        0.1048
   361        0.00003129     0.000000E+000     0.928111E-006        0.1048
   362        0.00003156     0.000000E+000     0.921508E-006        0.1048
   363        0.00003192     0.000000E+000     0.928192E-006        0.1049
   364        0.00003220     0.000000E+000     0.920409E-006        0.1049
   365        0.00003259     0.000000E+000     0.922915E-006        0.1049
   366        0.00003294     0.000000E+000     0.917695E-006        0.1050
   367        0.00003337     0.000000E+000     0.919718E-006        0.1050
   368        0.00003377     0.000000E+000     0.913772E-006        0.1050
   369        0.00003427     0.000000E+000     0.913703E-006        0.1051
   370        0.00003477     0.000000E+000     0.909938E-006        0.1051
   371        0.00003534     0.000000E+000     0.911613E-006        0.1051
   372        0.00003589     0.000000E+000     0.913819E-006        0.1052
   373        0.00003641     0.000000E+000     0.915907E-006        0.1052
   374        0.00003691     0.000000E+000     0.917380E-006        0.1053
   375        0.00003739     0.000000E+000     0.918614E-006        0.1053
   376        0.00003787     0.000000E+000     0.920104E-006        0.1053
   377        0.00003833     0.000000E+000     0.920950E-006        0.1054
   378        0.00003877     0.000000E+000     0.921010E-006        0.1054
   379        0.00003922     0.000000E+000     0.921689E-006        0.1054
   380        0.00003966     0.000000E+000     0.922158E-006        0.1055
   381        0.00004010     0.000000E+000     0.922353E-006        0.1055
   382        0.00004055     0.000000E+000     0.923008E-006        0.1056
   383        0.00004099     0.000000E+000     0.923300E-006        0.1056
   384        0.00004142     0.000000E+000     0.923190E-006        0.1056
   385        0.00004186     0.000000E+000     0.923457E-006        0.1057
   386        0.00004231     0.000000E+000     0.924089E-006        0.1057
   387        0.00004275     0.000000E+000     0.924243E-006        0.1058
   388        0.00004319     0.000000E+000     0.923894E-006        0.1058
   389        0.00004363     0.000000E+000     0.923868E-006        0.1059
   390        0.00004408     0.000000E+000     0.924160E-006        0.1059
   391        0.00004453     0.000000E+000     0.924764E-006        0.1059
   392        0.00004498     0.000000E+000     0.924800E-006        0.1060
   393        0.00004544     0.000000E+000     0.925131E-006        0.1060
   394        0.00004588     0.000000E+000     0.924855E-006        0.1061
   395        0.00004634     0.000000E+000     0.924854E-006        0.1061
   396        0.00004680     0.000000E+000     0.925121E-006        0.1062
   397        0.00004727     0.000000E+000     0.925647E-006        0.1062
   398        0.00004773     0.000000E+000     0.925488E-006        0.1063
   399        0.00004819     0.000000E+000     0.925559E-006        0.1063
   400        0.00004867     0.000000E+000     0.925849E-006        0.1064
   401        0.00004913     0.000000E+000     0.925382E-006        0.1064
   402        0.00004960     0.000000E+000     0.925102E-006        0.1065
   403        0.00005008     0.000000E+000     0.924996E-006        0.1065
   404        0.00005056     0.000000E+000     0.925055E-006        0.1066
   405        0.00005106     0.000000E+000     0.925268E-006        0.1066
   406        0.00005157     0.000000E+000     0.925628E-006        0.1067
   407        0.00005206     0.000000E+000     0.925102E-006        0.1067
   408        0.00005256     0.000000E+000     0.924701E-006        0.1068
   409        0.00005310     0.000000E+000     0.925461E-006        0.1068
   410        0.00005362     0.000000E+000     0.925290E-006        0.1069
   411        0.00005415     0.000000E+000     0.925228E-006        0.1069
   412        0.00005469     0.000000E+000     0.925274E-006        0.1070
   413        0.00005521     0.000000E+000     0.924334E-006        0.1070
   414        0.00005577     0.000000E+000     0.924584E-006        0.1071
   415        0.00005635     0.000000E+000     0.924935E-006        0.1071
   416        0.00005690     0.000000E+000     0.924260E-006        0.1072
   417        0.00005746     0.000000E+000     0.923671E-006        0.1073
   418        0.00005808     0.000000E+000     0.924314E-006        0.1073
   419        0.00005866     0.000000E+000     0.923893E-006        0.1074
   420        0.00005926     0.000000E+000     0.923558E-006        0.1074
   421        0.00005988     0.000000E+000     0.923308E-006        0.1075
   422        0.00006051     0.000000E+000     0.923145E-006        0.1075
   423        0.00006115     0.000000E+000     0.923075E-006        0.1076
   424        0.00006180     0.000000E+000     0.923100E-006        0.1077
   425        0.00006247     0.000000E+000     0.923228E-006        0.1077
   426        0.00006311     0.000000E+000     0.922216E-006        0.1078
   427        0.00006381     0.000000E+000     0.922578E-006        0.1079
   428        0.00006448     0.000000E+000     0.921795E-006        0.1079
   429        0.00006521     0.000000E+000     0.922443E-006        0.1080
   430        0.00006591     0.000000E+000     0.921951E-006        0.1081
   431        0.00006663     0.000000E+000     0.921634E-006        0.1081
   432        0.00006736     0.000000E+000     0.921515E-006        0.1082
   433        0.00006811     0.000000E+000     0.921621E-006        0.1083
   434        0.00006888     0.000000E+000     0.921981E-006        0.1083
   435        0.00006967     0.000000E+000     0.922624E-006        0.1084
   436        0.00007042     0.000000E+000     0.922178E-006        0.1085
   437        0.00007119     0.000000E+000     0.922063E-006        0.1085
   438        0.00007197     0.000000E+000     0.922313E-006        0.1086
   439        0.00007277     0.000000E+000     0.922961E-006        0.1087
   440        0.00007353     0.000000E+000     0.922565E-006        0.1087
   441        0.00007431     0.000000E+000     0.922613E-006        0.1088
   442        0.00007511     0.000000E+000     0.923132E-006        0.1089
   443        0.00007592     0.000000E+000     0.924153E-006        0.1090
   444        0.00007669     0.000000E+000     0.924154E-006        0.1090
   445        0.00007748     0.000000E+000     0.924686E-006        0.1091
   446        0.00007821     0.000000E+000     0.924188E-006        0.1092
   447        0.00007903     0.000000E+000     0.925838E-006        0.1093
   448        0.00007979     0.000000E+000     0.926461E-006        0.1094
   449        0.00008050     0.000000E+000     0.926035E-006        0.1094
   450        0.00008123     0.000000E+000     0.926190E-006        0.1095
   451        0.00008196     0.000000E+000     0.926937E-006        0.1096
   452        0.00008271     0.000000E+000     0.928291E-006        0.1097
   453        0.00008340     0.000000E+000     0.928564E-006        0.1098
   454        0.00008410     0.000000E+000     0.929450E-006        0.1098
   455        0.00008473     0.000000E+000     0.929227E-006        0.1099
   456        0.00008538     0.000000E+000     0.929625E-006        0.1100
   457        0.00008603     0.000000E+000     0.930654E-006        0.1101
   458        0.00008670     0.000000E+000     0.932326E-006        0.1102
   459        0.00008729     0.000000E+000     0.932851E-006        0.1103
   460        0.00008789     0.000000E+000     0.934020E-006        0.1104
   461        0.00008841     0.000000E+000     0.934005E-006        0.1104
   462        0.00008893     0.000000E+000     0.934622E-006        0.1105
   463        0.00008947     0.000000E+000     0.935865E-006        0.1106
   464        0.00008992     0.000000E+000     0.935854E-006        0.1107
   465        0.00009037     0.000000E+000     0.936430E-006        0.1108
   466        0.00009083     0.000000E+000     0.937562E-006        0.1109
   467        0.00009121     0.000000E+000     0.937310E-006        0.1110
   468        0.00009158     0.000000E+000     0.937523E-006        0.1111
   469        0.00009196     0.000000E+000     0.938139E-006        0.1112
   470        0.00009234     0.000000E+000     0.939083E-006        0.1113
   471        0.00009273     0.000000E+000     0.940261E-006        0.1114
   472        0.00009302     0.000000E+000     0.939587E-006        0.1114
   473        0.00009332     0.000000E+000     0.938853E-006        0.1115
   474        0.00009371     0.000000E+000     0.939819E-006        0.1116
   475        0.00009401     0.000000E+000     0.938254E-006        0.1117
   476        0.00009441     0.000000E+000     0.937773E-006        0.1118
   477        0.00009482     0.000000E+000     0.936034E-006        0.1119
   478        0.00009533     0.000000E+000     0.935160E-006        0.1120
   479        0.00009585     0.000000E+000     0.933850E-006        0.1121
   480        0.00009638     0.000000E+000     0.929338E-006        0.1122
   481        0.00009713     0.000000E+000     0.928082E-006        0.1123
   482        0.00009789     0.000000E+000     0.926746E-006        0.1124
   483        0.00009877     0.000000E+000     0.927716E-006        0.1125
   484        0.00009956     0.000000E+000     0.927017E-006        0.1126
   485        0.00010048     0.000000E+000     0.928963E-006        0.1127
   486        0.00010129     0.000000E+000     0.929404E-006        0.1128
   487        0.00010212     0.000000E+000     0.930528E-006        0.1129
   488        0.00010285     0.000000E+000     0.930208E-006        0.1130
   489        0.00010358     0.000000E+000     0.930657E-006        0.1131
   490        0.00010433     0.000000E+000     0.931922E-006        0.1132
   491        0.00010509     0.000000E+000     0.934042E-006        0.1133
   492        0.00010573     0.000000E+000     0.934779E-006        0.1134
   493        0.00010638     0.000000E+000     0.936399E-006        0.1135
   494        0.00010691     0.000000E+000     0.936609E-006        0.1136
   495        0.00010744     0.000000E+000     0.937694E-006        0.1137
   496        0.00010784     0.000000E+000     0.937307E-006        0.1138
   497        0.00010839     0.000000E+000     0.940092E-006        0.1139
   498        0.00010880     0.000000E+000     0.941323E-006        0.1140
   499        0.00010907     0.000000E+000     0.940931E-006        0.1142
   500        0.00010935     0.000000E+000     0.941233E-006        0.1143
   501        0.00010963     0.000000E+000     0.942179E-006        0.1144
   502        0.00010991     0.000000E+000     0.943714E-006        0.1145
   503        0.00011006     0.000000E+000     0.943365E-006        0.1146
   504        0.00011034     0.000000E+000     0.945912E-006        0.1147
   505        0.00011048     0.000000E+000     0.946448E-006        0.1148
   506        0.00011063     0.000000E+000     0.947348E-006        0.1149
   507        0.00011063     0.000000E+000     0.946111E-006        0.1150
   508        0.00011077     0.000000E+000     0.947598E-006        0.1151
   509        0.00011077     0.000000E+000     0.946855E-006        0.1153
   510        0.00011077     0.000000E+000     0.946305E-006        0.1154
   511        0.00011092     0.000000E+000     0.948387E-006        0.1155
   512        0.00011092     0.000000E+000     0.948134E-006        0.1156
   513        0.00011092     0.000000E+000     0.947994E-006        0.1157
   514        0.00011092     0.000000E+000     0.947948E-006        0.1158
   515        0.00011092     0.000000E+000     0.947981E-006        0.1159
   516        0.00011092     0.000000E+000     0.948079E-006        0.1160
   517        0.00011092     0.000000E+000     0.948233E-006        0.1161
   518        0.00011092     0.000000E+000     0.948432E-006        0.1163
   519        0.00011092     0.000000E+000     0.948670E-006        0.1164
   520        0.00011092     0.000000E+000     0.948940E-006        0.1165
   521        0.00011092     0.000000E+000     0.949239E-006        0.1166
   522        0.00011092     0.000000E+000     0.949562E-006        0.1167
   523        0.00011092     0.000000E+000     0.949905E-006        0.1168
   524        0.00011092     0.000000E+000     0.950266E-006        0.1169
   525        0.00011077     0.000000E+000     0.948119E-006        0.1170
   526        0.00011077     0.000000E+000     0.948505E-006        0.1171
   527        0.00011077     0.000000E+000     0.948901E-006        0.1173
   528        0.00011077     0.000000E+000     0.949306E-006        0.1174
   529        0.00011077     0.000000E+000     0.949716E-006        0.1175
   530        0.00011077     0.000000E+000     0.950129E-006        0.1176
   531        0.00011062     0.000000E+000     0.948004E-006        0.1177
   532        0.00011062     0.000000E+000     0.948416E-006        0.1178
   533        0.00011062     0.000000E+000     0.948824E-006        0.1179
   534        0.00011062     0.000000E+000     0.949225E-006        0.1180
   535        0.00011062     0.000000E+000     0.949618E-006        0.1181
   536        0.00011062     0.000000E+000     0.949998E-006        0.1183
   537        0.00011062     0.000000E+000     0.950364E-006        0.1184
   538        0.00011047     0.000000E+000     0.948151E-006        0.1185
   539        0.00011047     0.000000E+000     0.948475E-006        0.1186
   540        0.00011047     0.000000E+000     0.948775E-006        0.1187
   541        0.00011047     0.000000E+000     0.949044E-006        0.1188
   542        0.00011047     0.000000E+000     0.949280E-006        0.1189
   543        0.00011047     0.000000E+000     0.949477E-006        0.1190
   544        0.00011047     0.000000E+000     0.949630E-006        0.1191
   545        0.00011047     0.000000E+000     0.949733E-006        0.1192
   546        0.00011047     0.000000E+000     0.949779E-006        0.1194
   547        0.00011047     0.000000E+000     0.949761E-006        0.1195
   548        0.00011047     0.000000E+000     0.949670E-006        0.1196
   549        0.00011047     0.000000E+000     0.949497E-006        0.1197
   550        0.00011047     0.000000E+000     0.949232E-006        0.1198
   551        0.00011047     0.000000E+000     0.948862E-006        0.1199
   552        0.00011047     0.000000E+000     0.948372E-006        0.1200
   553        0.00011047     0.000000E+000     0.947747E-006        0.1201
   554        0.00011047     0.000000E+000     0.946966E-006        0.1202
   555        0.00011047     0.000000E+000     0.946008E-006        0.1204
   556        0.00011062     0.000000E+000     0.947461E-006        0.1205
   557        0.00011062     0.000000E+000     0.946055E-006        0.1206
   558        0.00011078     0.000000E+000     0.946998E-006        0.1207
   559        0.00011078     0.000000E+000     0.944989E-006        0.1208
   560        0.00011093     0.000000E+000     0.945243E-006        0.1209
   561        0.00011109     0.000000E+000     0.945084E-006        0.1210
   562        0.00011125     0.000000E+000     0.944484E-006        0.1211
   563        0.00011140     0.000000E+000     0.943427E-006        0.1212
   564        0.00011156     0.000000E+000     0.941788E-006        0.1213
   565        0.00011188     0.000000E+000     0.941910E-006        0.1215
   566        0.00011220     0.000000E+000     0.940954E-006        0.1216
   567        0.00011252     0.000000E+000     0.939047E-006        0.1217
   568        0.00011301     0.000000E+000     0.939089E-006        0.1218
   569        0.00011350     0.000000E+000     0.938545E-006        0.1219
   570        0.00011400     0.000000E+000     0.937508E-006        0.1220
   571        0.00011450     0.000000E+000     0.936034E-006        0.1221
   572        0.00011501     0.000000E+000     0.934158E-006        0.1223
   573        0.00011570     0.000000E+000     0.934669E-006        0.1224
   574        0.00011639     0.000000E+000     0.934837E-006        0.1225
   575        0.00011710     0.000000E+000     0.934681E-006        0.1226
   576        0.00011781     0.000000E+000     0.934224E-006        0.1227
   577        0.00011853     0.000000E+000     0.933492E-006        0.1228
   578        0.00011927     0.000000E+000     0.932518E-006        0.1230
   579        0.00012001     0.000000E+000     0.931336E-006        0.1231
   580        0.00012077     0.000000E+000     0.929982E-006        0.1232
   581        0.00012173     0.000000E+000     0.931426E-006        0.1233
   582        0.00012251     0.000000E+000     0.929831E-006        0.1234
   583        0.00012350     0.000000E+000     0.931155E-006        0.1236
   584        0.00012430     0.000000E+000     0.929453E-006        0.1237
   585        0.00012532     0.000000E+000     0.930782E-006        0.1238
   586        0.00012615     0.000000E+000     0.929082E-006        0.1239
   587        0.00012721     0.000000E+000     0.930508E-006        0.1241
   588        0.00012807     0.000000E+000     0.928877E-006        0.1242
   589        0.00012916     0.000000E+000     0.930436E-006        0.1243
   590        0.00013005     0.000000E+000     0.928870E-006        0.1244
   591        0.00013095     0.000000E+000     0.927321E-006        0.1246
   592        0.00013210     0.000000E+000     0.929012E-006        0.1247
   593        0.00013304     0.000000E+000     0.927465E-006        0.1248
   594        0.00013423     0.000000E+000     0.929225E-006        0.1250
   595        0.00013520     0.000000E+000     0.927699E-006        0.1251
   596        0.00013618     0.000000E+000     0.926211E-006        0.1252
   597        0.00013744     0.000000E+000     0.928175E-006        0.1254
   598        0.00013846     0.000000E+000     0.926828E-006        0.1255
   599        0.00013976     0.000000E+000     0.929061E-006        0.1256
   600        0.00014082     0.000000E+000     0.927969E-006        0.1258
   601        0.00014190     0.000000E+000     0.927054E-006        0.1259
   602        0.00014300     0.000000E+000     0.926352E-006        0.1261
   603        0.00014411     0.000000E+000     0.925894E-006        0.1262
   604        0.00014525     0.000000E+000     0.925716E-006        0.1264
   605        0.00014641     0.000000E+000     0.925852E-006        0.1265
   606        0.00014759     0.000000E+000     0.926337E-006        0.1266
   607        0.00014879     0.000000E+000     0.927204E-006        0.1268
   608        0.00015001     0.000000E+000     0.928486E-006        0.1269
   609        0.00015125     0.000000E+000     0.930212E-006        0.1271
   610        0.00015220     0.000000E+000     0.928534E-006        0.1272
   611        0.00015349     0.000000E+000     0.931215E-006        0.1274
   612        0.00015447     0.000000E+000     0.930451E-006        0.1276
   613        0.00015547     0.000000E+000     0.930164E-006        0.1277
   614        0.00015648     0.000000E+000     0.930357E-006        0.1279
   615        0.00015751     0.000000E+000     0.931031E-006        0.1280
   616        0.00015855     0.000000E+000     0.932182E-006        0.1282
   617        0.00015961     0.000000E+000     0.933801E-006        0.1283
   618        0.00016033     0.000000E+000     0.931704E-006        0.1285
   619        0.00016141     0.000000E+000     0.934207E-006        0.1287
   620        0.00016215     0.000000E+000     0.932889E-006        0.1288
   621        0.00016327     0.000000E+000     0.936203E-006        0.1290
   622        0.00016402     0.000000E+000     0.935577E-006        0.1291
   623        0.00016479     0.000000E+000     0.935263E-006        0.1293
   624        0.00016556     0.000000E+000     0.935238E-006        0.1295
   625        0.00016634     0.000000E+000     0.935478E-006        0.1296
   626        0.00016714     0.000000E+000     0.935962E-006        0.1298
   627        0.00016794     0.000000E+000     0.936668E-006        0.1300
   628        0.00016875     0.000000E+000     0.937579E-006        0.1301
   629        0.00016957     0.000000E+000     0.938677E-006        0.1303
   630        0.00016999     0.000000E+000     0.935374E-006        0.1305
   631        0.00017082     0.000000E+000     0.936792E-006        0.1306
   632        0.00017167     0.000000E+000     0.938355E-006        0.1308
   633        0.00017210     0.000000E+000     0.935389E-006        0.1310
   634        0.00017296     0.000000E+000     0.937200E-006        0.1312
   635        0.00017384     0.000000E+000     0.939127E-006        0.1313
   636        0.00017428     0.000000E+000     0.936402E-006        0.1315
   637        0.00017518     0.000000E+000     0.938530E-006        0.1317
   638        0.00017563     0.000000E+000     0.935936E-006        0.1319
   639        0.00017654     0.000000E+000     0.938244E-006        0.1320
   640        0.00017700     0.000000E+000     0.935760E-006        0.1322
   641        0.00017793     0.000000E+000     0.938235E-006        0.1324
   642        0.00017840     0.000000E+000     0.935848E-006        0.1326
   643        0.00017935     0.000000E+000     0.938481E-006        0.1327
   644        0.00017983     0.000000E+000     0.936182E-006        0.1329
   645        0.00018081     0.000000E+000     0.938969E-006        0.1331
   646        0.00018130     0.000000E+000     0.936753E-006        0.1333
   647        0.00018179     0.000000E+000     0.934587E-006        0.1335
   648        0.00018280     0.000000E+000     0.937595E-006        0.1336
   649        0.00018330     0.000000E+000     0.935509E-006        0.1338
   650        0.00018433     0.000000E+000     0.938675E-006        0.1340
   651        0.00018484     0.000000E+000     0.936672E-006        0.1342
   652        0.00018537     0.000000E+000     0.934720E-006        0.1344
   653        0.00018642     0.000000E+000     0.938122E-006        0.1346
   654        0.00018696     0.000000E+000     0.936258E-006        0.1348
   655        0.00018749     0.000000E+000     0.934448E-006        0.1349
   656        0.00018858     0.000000E+000     0.938103E-006        0.1351
   657        0.00018914     0.000000E+000     0.936389E-006        0.1353
   658        0.00018969     0.000000E+000     0.934734E-006        0.1355
   659        0.00019082     0.000000E+000     0.938663E-006        0.1357
   660        0.00019139     0.000000E+000     0.937114E-006        0.1359
   661        0.00019196     0.000000E+000     0.935628E-006        0.1361
   662        0.00019254     0.000000E+000     0.934207E-006        0.1363
   663        0.00019372     0.000000E+000     0.938528E-006        0.1365
   664        0.00019431     0.000000E+000     0.937228E-006        0.1367
   665        0.00019491     0.000000E+000     0.935997E-006        0.1368
   666        0.00019552     0.000000E+000     0.934838E-006        0.1370
   667        0.00019613     0.000000E+000     0.933751E-006        0.1372
   668        0.00019736     0.000000E+000     0.938611E-006        0.1374
   669        0.00019799     0.000000E+000     0.937664E-006        0.1376
   670        0.00019862     0.000000E+000     0.936793E-006        0.1378
   671        0.00019926     0.000000E+000     0.936001E-006        0.1380
   672        0.00019991     0.000000E+000     0.935288E-006        0.1382
   673        0.00020056     0.000000E+000     0.934655E-006        0.1384
   674        0.00020122     0.000000E+000     0.934102E-006        0.1386
   675        0.00020188     0.000000E+000     0.933631E-006        0.1388
   676        0.00020323     0.000000E+000     0.939454E-006        0.1390
   677        0.00020391     0.000000E+000     0.939146E-006        0.1392
   678        0.00020460     0.000000E+000     0.938922E-006        0.1394
   679        0.00020529     0.000000E+000     0.938784E-006        0.1396
   680        0.00020600     0.000000E+000     0.938730E-006        0.1398
   681        0.00020671     0.000000E+000     0.938763E-006        0.1401
   682        0.00020742     0.000000E+000     0.938881E-006        0.1403
   683        0.00020815     0.000000E+000     0.939085E-006        0.1405
   684        0.00020888     0.000000E+000     0.939376E-006        0.1407
   685        0.00020962     0.000000E+000     0.939753E-006        0.1409
   686        0.00021037     0.000000E+000     0.940216E-006        0.1411
   687        0.00021113     0.000000E+000     0.940766E-006        0.1413
   688        0.00021189     0.000000E+000     0.941402E-006        0.1415
   689        0.00021189     0.000000E+000     0.935305E-006        0.1417
   690        0.00021267     0.000000E+000     0.936104E-006        0.1419
   691        0.00021345     0.000000E+000     0.936987E-006        0.1422
   692        0.00021425     0.000000E+000     0.937955E-006        0.1424
   693        0.00021505     0.000000E+000     0.939007E-006        0.1426
   694        0.00021586     0.000000E+000     0.940143E-006        0.1428
   695        0.00021668     0.000000E+000     0.941362E-006        0.1430
   696        0.00021668     0.000000E+000     0.935506E-006        0.1432
   697        0.00021752     0.000000E+000     0.936877E-006        0.1434
   698        0.00021836     0.000000E+000     0.938329E-006        0.1437
   699        0.00021921     0.000000E+000     0.939864E-006        0.1439
   700        0.00022007     0.000000E+000     0.941480E-006        0.1441
   701        0.00022007     0.000000E+000     0.935760E-006        0.1443
   702        0.00022095     0.000000E+000     0.937518E-006        0.1445
   703        0.00022184     0.000000E+000     0.939356E-006        0.1448
   704        0.00022274     0.000000E+000     0.941274E-006        0.1450
   705        0.00022274     0.000000E+000     0.935643E-006        0.1452
   706        0.00022365     0.000000E+000     0.937695E-006        0.1454
   707        0.00022457     0.000000E+000     0.939826E-006        0.1457
   708        0.00022551     0.000000E+000     0.942036E-006        0.1459
   709        0.00022551     0.000000E+000     0.936464E-006        0.1461
   710        0.00022646     0.000000E+000     0.938802E-006        0.1463
   711        0.00022742     0.000000E+000     0.941218E-006        0.1466
   712        0.00022742     0.000000E+000     0.935689E-006        0.1468
   713        0.00022840     0.000000E+000     0.938227E-006        0.1470
   714        0.00022940     0.000000E+000     0.940843E-006        0.1472
   715        0.00022940     0.000000E+000     0.935340E-006        0.1475
   716        0.00023041     0.000000E+000     0.938075E-006        0.1477
   717        0.00023143     0.000000E+000     0.940887E-006        0.1479
   718        0.00023143     0.000000E+000     0.935395E-006        0.1482
   719        0.00023247     0.000000E+000     0.938321E-006        0.1484
   720        0.00023353     0.000000E+000     0.941324E-006        0.1486
   721        0.00023353     0.000000E+000     0.935828E-006        0.1489
   722        0.00023461     0.000000E+000     0.938944E-006        0.1491
   723        0.00023461     0.000000E+000     0.933462E-006        0.1493
   724        0.00023570     0.000000E+000     0.936687E-006        0.1496
   725        0.00023682     0.000000E+000     0.939989E-006        0.1498
   726        0.00023682     0.000000E+000     0.934478E-006        0.1500
   727        0.00023795     0.000000E+000     0.937888E-006        0.1503
   728        0.00023910     0.000000E+000     0.941376E-006        0.1505
   729        0.00023910     0.000000E+000     0.935823E-006        0.1507
   730        0.00024027     0.000000E+000     0.939417E-006        0.1510
   731        0.00024027     0.000000E+000     0.933855E-006        0.1512
   732        0.00024147     0.000000E+000     0.937554E-006        0.1515
   733        0.00024268     0.000000E+000     0.941334E-006        0.1517
   734        0.00024268     0.000000E+000     0.935706E-006        0.1519
   735        0.00024392     0.000000E+000     0.939591E-006        0.1522
   736        0.00024392     0.000000E+000     0.933939E-006        0.1524
   737        0.00024518     0.000000E+000     0.937929E-006        0.1527
   738        0.00024518     0.000000E+000     0.932250E-006        0.1529
   739        0.00024647     0.000000E+000     0.936343E-006        0.1532
   740        0.00024778     0.000000E+000     0.940523E-006        0.1534
   741        0.00024778     0.000000E+000     0.934747E-006        0.1537
   742        0.00024912     0.000000E+000     0.939032E-006        0.1539
   743        0.00024912     0.000000E+000     0.933216E-006        0.1542
   744        0.00025049     0.000000E+000     0.937608E-006        0.1544
   745        0.00025049     0.000000E+000     0.931747E-006        0.1547
   746        0.00025189     0.000000E+000     0.936247E-006        0.1549
   747        0.00025331     0.000000E+000     0.940839E-006        0.1552
   748        0.00025331     0.000000E+000     0.934853E-006        0.1554
   749        0.00025477     0.000000E+000     0.939557E-006        0.1557
   750        0.00025477     0.000000E+000     0.933513E-006        0.1559
   751        0.00025626     0.000000E+000     0.938331E-006        0.1562
   752        0.00025626     0.000000E+000     0.932227E-006        0.1564
   753        0.00025778     0.000000E+000     0.937161E-006        0.1567
   754        0.00025778     0.000000E+000     0.930991E-006        0.1569
   755        0.00025935     0.000000E+000     0.936045E-006        0.1572
   756        0.00025935     0.000000E+000     0.929807E-006        0.1575
   757        0.00026095     0.000000E+000     0.934983E-006        0.1577
   758        0.00026095     0.000000E+000     0.928673E-006        0.1580
   759        0.00026259     0.000000E+000     0.933977E-006        0.1582
   760        0.00026426     0.000000E+000     0.939398E-006        0.1585
   761        0.00026426     0.000000E+000     0.932910E-006        0.1588
   762        0.00026598     0.000000E+000     0.938468E-006        0.1590
   763        0.00026598     0.000000E+000     0.931898E-006        0.1593
   764        0.00026774     0.000000E+000     0.937599E-006        0.1596
   765        0.00026774     0.000000E+000     0.930943E-006        0.1598
   766        0.00026955     0.000000E+000     0.936793E-006        0.1601
   767        0.00026955     0.000000E+000     0.930049E-006        0.1604
   768        0.00027141     0.000000E+000     0.936057E-006        0.1606
   769        0.00027141     0.000000E+000     0.929221E-006        0.1609
   770        0.00027332     0.000000E+000     0.935395E-006        0.1612
   771        0.00027332     0.000000E+000     0.928464E-006        0.1615
   772        0.00027528     0.000000E+000     0.934814E-006        0.1617
   773        0.00027528     0.000000E+000     0.927787E-006        0.1620
   774        0.00027731     0.000000E+000     0.934324E-006        0.1623
   775        0.00027731     0.000000E+000     0.927197E-006        0.1626
   776        0.00027939     0.000000E+000     0.933932E-006        0.1628
   777        0.00027939     0.000000E+000     0.926705E-006        0.1631
   778        0.00028154     0.000000E+000     0.933652E-006        0.1634
   779        0.00028154     0.000000E+000     0.926321E-006        0.1637
   780        0.00028376     0.000000E+000     0.933495E-006        0.1640
   781        0.00028376     0.000000E+000     0.926059E-006        0.1642
   782        0.00028605     0.000000E+000     0.933476E-006        0.1645
   783        0.00028605     0.000000E+000     0.925933E-006        0.1648
   784        0.00028841     0.000000E+000     0.933611E-006        0.1651
   785        0.00028841     0.000000E+000     0.925961E-006        0.1654
   786        0.00029086     0.000000E+000     0.933920E-006        0.1657
   787        0.00029086     0.000000E+000     0.926159E-006        0.1660
   788        0.00029339     0.000000E+000     0.934421E-006        0.1663
   789        0.00029339     0.000000E+000     0.926550E-006        0.1666
   790        0.00029601     0.000000E+000     0.935139E-006        0.1668
   791        0.00029601     0.000000E+000     0.927155E-006        0.1671
   792        0.00029872     0.000000E+000     0.936098E-006        0.1674
   793        0.00029872     0.000000E+000     0.928000E-006        0.1677
   794        0.00029872     0.000000E+000     0.919956E-006        0.1680
   795        0.00030157     0.000000E+000     0.929353E-006        0.1683
   796        0.00030157     0.000000E+000     0.921195E-006        0.1686
   797        0.00030452     0.000000E+000     0.931018E-006        0.1689
   798        0.00030452     0.000000E+000     0.922743E-006        0.1692
   799        0.00030760     0.000000E+000     0.933028E-006        0.1695
   800        0.00030760     0.000000E+000     0.924634E-006        0.1699
   801        0.00031080     0.000000E+000     0.935422E-006        0.1702
   802        0.00031080     0.000000E+000     0.926907E-006        0.1705
   803        0.00031080     0.000000E+000     0.918464E-006        0.1708
   804        0.00031418     0.000000E+000     0.929908E-006        0.1711
   805        0.00031418     0.000000E+000     0.921341E-006        0.1714
   806        0.00031771     0.000000E+000     0.933398E-006        0.1717
   807        0.00031771     0.000000E+000     0.924701E-006        0.1720
   808        0.00031771     0.000000E+000     0.916086E-006        0.1724
   809        0.00032145     0.000000E+000     0.928950E-006        0.1727
   810        0.00032145     0.000000E+000     0.920200E-006        0.1730
   811        0.00032537     0.000000E+000     0.933818E-006        0.1733
   812        0.00032537     0.000000E+000     0.924926E-006        0.1736
   813        0.00032537     0.000000E+000     0.916126E-006        0.1740
   814        0.00032954     0.000000E+000     0.930743E-006        0.1743
   815        0.00032954     0.000000E+000     0.921791E-006        0.1746
   816        0.00032954     0.000000E+000     0.912935E-006        0.1750
   817        0.00033399     0.000000E+000     0.928682E-006        0.1753
   818        0.00033399     0.000000E+000     0.919663E-006        0.1756
   819        0.00033399     0.000000E+000     0.910744E-006        0.1760
   820        0.00033876     0.000000E+000     0.927778E-006        0.1763
   821        0.00033876     0.000000E+000     0.918680E-006        0.1766
   822        0.00033876     0.000000E+000     0.909686E-006        0.1770
   823        0.00034390     0.000000E+000     0.928194E-006        0.1773
   824        0.00034390     0.000000E+000     0.919002E-006        0.1776
   825        0.00034390     0.000000E+000     0.909917E-006        0.1780
   826        0.00034944     0.000000E+000     0.930125E-006        0.1783
   827        0.00034944     0.000000E+000     0.920818E-006        0.1787
   828        0.00034944     0.000000E+000     0.911623E-006        0.1790
   829        0.00034944     0.000000E+000     0.902537E-006        0.1794
   830        0.00035557     0.000000E+000     0.925070E-006        0.1797
   831        0.00035557     0.000000E+000     0.915729E-006        0.1801
   832        0.00035557     0.000000E+000     0.906500E-006        0.1804
   833        0.00035557     0.000000E+000     0.897383E-006        0.1808
   834        0.00036241     0.000000E+000     0.922746E-006        0.1812
   835        0.00036241     0.000000E+000     0.913329E-006        0.1815
   836        0.00036241     0.000000E+000     0.904027E-006        0.1819
   837        0.00036241     0.000000E+000     0.894840E-006        0.1822
   838        0.00037012     0.000000E+000     0.923717E-006        0.1826
   839        0.00037012     0.000000E+000     0.914171E-006        0.1830
   840        0.00037012     0.000000E+000     0.904743E-006        0.1833
   841        0.00037012     0.000000E+000     0.895432E-006        0.1837
   842        0.00037012     0.000000E+000     0.886236E-006        0.1841
   843        0.00037915     0.000000E+000     0.920302E-006        0.1845
   844        0.00037915     0.000000E+000     0.910660E-006        0.1848
   845        0.00037915     0.000000E+000     0.901139E-006        0.1852
   846        0.00037915     0.000000E+000     0.891735E-006        0.1856
   847        0.00037915     0.000000E+000     0.882446E-006        0.1860
   848        0.00038998     0.000000E+000     0.923699E-006        0.1864
   849        0.00038998     0.000000E+000     0.913842E-006        0.1867
   850        0.00038998     0.000000E+000     0.904108E-006        0.1871
   851        0.00038998     0.000000E+000     0.894495E-006        0.1875
   852        0.00038998     0.000000E+000     0.885001E-006        0.1879
   853        0.00038998     0.000000E+000     0.875623E-006        0.1883
   854        0.00038998     0.000000E+000     0.866360E-006        0.1887
   855        0.00038998     0.000000E+000     0.857209E-006        0.1891
   856        0.00040498     0.000000E+000     0.914421E-006        0.1895
   857        0.00040498     0.000000E+000     0.904425E-006        0.1899
   858        0.00040498     0.000000E+000     0.894554E-006        0.1903
   859        0.00040498     0.000000E+000     0.884804E-006        0.1907
   860        0.00040498     0.000000E+000     0.875174E-006        0.1911
   861        0.00040498     0.000000E+000     0.865662E-006        0.1915
   862        0.00040498     0.000000E+000     0.856266E-006        0.1919
   863        0.00040498     0.000000E+000     0.846983E-006        0.1923
   864        0.00040498     0.000000E+000     0.837812E-006        0.1927
   865        0.00040498     0.000000E+000     0.828751E-006        0.1931
   866        0.00040498     0.000000E+000     0.819798E-006        0.1935
   867        0.00040498     0.000000E+000     0.810951E-006        0.1939
   868        0.00040498     0.000000E+000     0.802209E-006        0.1943
   869        0.00040498     0.000000E+000     0.793570E-006        0.1947
   870        0.00040498     0.000000E+000     0.785032E-006        0.1951
   871        0.00040498     0.000000E+000     0.776594E-006        0.1955
   872        0.00040498     0.000000E+000     0.768253E-006        0.1960
   873        0.00040498     0.000000E+000     0.760010E-006        0.1964
   874        0.00040498     0.000000E+000     0.751861E-006        0.1968
   875        0.00040498     0.000000E+000     0.743806E-006        0.1972
   876        0.00040498     0.000000E+000     0.735842E-006        0.1976
   877        0.00040498     0.000000E+000     0.727970E-006        0.1980
   878        0.00040498     0.000000E+000     0.720187E-006        0.1984
   879        0.00040498     0.000000E+000     0.712492E-006        0.1988
   880        0.00040498     0.000000E+000     0.704884E-006        0.1992
   881        0.00040498     0.000000E+000     0.697362E-006        0.1996
   882        0.00045455     0.000000E+000     0.868412E-006        0.2000
   883        0.00046955     0.000000E+000     0.915402E-006        0.2005
   884        0.00047405     0.000000E+000     0.921426E-006        0.2009
   885        0.00047865     0.000000E+000     0.927639E-006        0.2014
   886        0.00048100     0.000000E+000     0.924952E-006        0.2019
   887        0.00048578     0.000000E+000     0.931473E-006        0.2024
   888        0.00048822     0.000000E+000     0.928837E-006        0.2028
   889        0.00049070     0.000000E+000     0.926247E-006        0.2033
   890        0.00049322     0.000000E+000     0.923704E-006        0.2038
   891        0.00049836     0.000000E+000     0.930790E-006        0.2043
   892        0.00050098     0.000000E+000     0.928303E-006        0.2048
   893        0.00050364     0.000000E+000     0.925866E-006        0.2053
   894        0.00050635     0.000000E+000     0.923477E-006        0.2058
   895        0.00050910     0.000000E+000     0.921139E-006        0.2063
   896        0.00051473     0.000000E+000     0.928991E-006        0.2068
   897        0.00051760     0.000000E+000     0.926718E-006        0.2073
   898        0.00052053     0.000000E+000     0.924498E-006        0.2079
   899        0.00052350     0.000000E+000     0.922332E-006        0.2084
   900        0.00052653     0.000000E+000     0.920222E-006        0.2089
   901        0.00053272     0.000000E+000     0.928955E-006        0.2094
   902        0.00053589     0.000000E+000     0.926922E-006        0.2100
   903        0.00053912     0.000000E+000     0.924949E-006        0.2105
   904        0.00054241     0.000000E+000     0.923036E-006        0.2110
   905        0.00054576     0.000000E+000     0.921185E-006        0.2116
   906        0.00054917     0.000000E+000     0.919397E-006        0.2121
   907        0.00055264     0.000000E+000     0.917674E-006        0.2127
   908        0.00055978     0.000000E+000     0.927823E-006        0.2132
   909        0.00056343     0.000000E+000     0.926204E-006        0.2138
   910        0.00056717     0.000000E+000     0.924656E-006        0.2144
   911        0.00057097     0.000000E+000     0.923181E-006        0.2149
   912        0.00057486     0.000000E+000     0.921782E-006        0.2155
   913        0.00057882     0.000000E+000     0.920460E-006        0.2161
   914        0.00058287     0.000000E+000     0.919218E-006        0.2166
   915        0.00058700     0.000000E+000     0.918058E-006        0.2172
   916        0.00059123     0.000000E+000     0.916983E-006        0.2178
   917        0.00059554     0.000000E+000     0.915996E-006        0.2184
   918        0.00059995     0.000000E+000     0.915099E-006        0.2190
   919        0.00060446     0.000000E+000     0.914295E-006        0.2196
   920        0.00060908     0.000000E+000     0.913588E-006        0.2202
   921        0.00061380     0.000000E+000     0.912982E-006        0.2208
   922        0.00061863     0.000000E+000     0.912480E-006        0.2214
   923        0.00062358     0.000000E+000     0.912086E-006        0.2221
   924        0.00062865     0.000000E+000     0.911804E-006        0.2227
   925        0.00063385     0.000000E+000     0.911640E-006        0.2233
   926        0.00063917     0.000000E+000     0.911597E-006        0.2239
   927        0.00064464     0.000000E+000     0.911682E-006        0.2246
   928        0.00065024     0.000000E+000     0.911899E-006        0.2252
   929        0.00065600     0.000000E+000     0.912255E-006        0.2259
   930        0.00066191     0.000000E+000     0.912755E-006        0.2265
   931        0.00066798     0.000000E+000     0.913408E-006        0.2272
   932        0.00067422     0.000000E+000     0.914220E-006        0.2279
   933        0.00068064     0.000000E+000     0.915199E-006        0.2285
   934        0.00068725     0.000000E+000     0.916354E-006        0.2292
   935        0.00069405     0.000000E+000     0.917694E-006        0.2299
   936        0.00070107     0.000000E+000     0.919228E-006        0.2306
   937        0.00070829     0.000000E+000     0.920969E-006        0.2313
   938        0.00071575     0.000000E+000     0.922926E-006        0.2320
   939        0.00072344     0.000000E+000     0.925113E-006        0.2327
   940        0.00072344     0.000000E+000     0.907599E-006        0.2334
   941        0.00073148     0.000000E+000     0.910199E-006        0.2342
   942        0.00073980     0.000000E+000     0.913062E-006        0.2349
   943        0.00074840     0.000000E+000     0.916205E-006        0.2356
   944        0.00075731     0.000000E+000     0.919645E-006        0.2364
   945        0.00076654     0.000000E+000     0.923403E-006        0.2371
   946        0.00076654     0.000000E+000     0.904872E-006        0.2379
   947        0.00077625     0.000000E+000     0.909167E-006        0.2387
   948        0.00078633     0.000000E+000     0.913834E-006        0.2395
   949        0.00079681     0.000000E+000     0.918900E-006        0.2402
   950        0.00079681     0.000000E+000     0.899728E-006        0.2410
   951        0.00080788     0.000000E+000     0.905444E-006        0.2418
   952        0.00081942     0.000000E+000     0.911635E-006        0.2426
   953        0.00083147     0.000000E+000     0.918340E-006        0.2435
   954        0.00083147     0.000000E+000     0.898347E-006        0.2443
   955        0.00084426     0.000000E+000     0.905863E-006        0.2451
   956        0.00085766     0.000000E+000     0.914002E-006        0.2460
   957        0.00085766     0.000000E+000     0.893481E-006        0.2468
   958        0.00087196     0.000000E+000     0.902584E-006        0.2477
   959        0.00088699     0.000000E+000     0.912455E-006        0.2486
   960        0.00088699     0.000000E+000     0.891274E-006        0.2494
   961        0.00090312     0.000000E+000     0.902314E-006        0.2503
   962        0.00092016     0.000000E+000     0.914321E-006        0.2512
   963        0.00092016     0.000000E+000     0.892315E-006        0.2522
   964        0.00093856     0.000000E+000     0.905774E-006        0.2531
   965        0.00093856     0.000000E+000     0.883544E-006        0.2540
   966        0.00095853     0.000000E+000     0.898663E-006        0.2549
   967        0.00095853     0.000000E+000     0.876149E-006        0.2559
   968        0.00098031     0.000000E+000     0.893183E-006        0.2569
   969        0.00100366     0.000000E+000     0.911933E-006        0.2578
   970        0.00100366     0.000000E+000     0.888035E-006        0.2589
   971        0.00102939     0.000000E+000     0.909339E-006        0.2599
   972        0.00102939     0.000000E+000     0.884916E-006        0.2609
   973        0.00105798     0.000000E+000     0.909278E-006        0.2619
   974        0.00105798     0.000000E+000     0.884198E-006        0.2630
   975        0.00105798     0.000000E+000     0.859816E-006        0.2640
   976        0.00109105     0.000000E+000     0.888757E-006        0.2651
   977        0.00109105     0.000000E+000     0.863508E-006        0.2662
   978        0.00112867     0.000000E+000     0.897352E-006        0.2673
   979        0.00112867     0.000000E+000     0.871012E-006        0.2684
   980        0.00112867     0.000000E+000     0.845453E-006        0.2695
   981        0.00117382     0.000000E+000     0.887039E-006        0.2707
   982        0.00117382     0.000000E+000     0.860007E-006        0.2718
   983        0.00117382     0.000000E+000     0.833811E-006        0.2730
   984        0.00122971     0.000000E+000     0.886534E-006        0.2742
   985        0.00122971     0.000000E+000     0.858293E-006        0.2754
   986        0.00122971     0.000000E+000     0.830964E-006        0.2766
   987        0.00122971     0.000000E+000     0.804520E-006        0.2779
   988        0.00130657     0.000000E+000     0.878373E-006        0.2791
   989        0.00130657     0.000000E+000     0.848740E-006        0.2804
   990        0.00130657     0.000000E+000     0.820125E-006        0.2817
   991        0.00130657     0.000000E+000     0.792492E-006        0.2830
   992        0.00130657     0.000000E+000     0.765808E-006        0.2843
   993        0.00130657     0.000000E+000     0.740040E-006        0.2856
   994        0.00130657     0.000000E+000     0.715157E-006        0.2869
   995        0.00130657     0.000000E+000     0.691128E-006        0.2882
   996        0.00130657     0.000000E+000     0.667924E-006        0.2895
   997        0.00130657     0.000000E+000     0.645516E-006        0.2909
   998        0.00130657     0.000000E+000     0.623877E-006        0.2922
   999        0.00130657     0.000000E+000     0.602981E-006        0.2935
  1000        0.00130657     0.000000E+000     0.582801E-006        0.2948
  1001        0.00130657     0.000000E+000     0.563312E-006        0.2961
  1002        0.00130657     0.000000E+000     0.544492E-006        0.2974
  1003        0.00130657     0.000000E+000     0.526316E-006        0.2987
  1004        0.00161290     0.000000E+000     0.771992E-006        0.3000
  1005        0.00172609     0.000000E+000     0.846602E-006        0.3016
  1006        0.00179002     0.000000E+000     0.869911E-006        0.3033
  1007        0.00182444     0.000000E+000     0.862409E-006        0.3051
  1008        0.00186093     0.000000E+000     0.855533E-006        0.3070
  1009        0.00189970     0.000000E+000     0.849331E-006        0.3088
  1010        0.00194100     0.000000E+000     0.843860E-006        0.3107
  1011        0.00198511     0.000000E+000     0.839188E-006        0.3127
  1012        0.00203238     0.000000E+000     0.835395E-006        0.3146
  1013        0.00208319     0.000000E+000     0.832577E-006        0.3167
  1014        0.00213801     0.000000E+000     0.830851E-006        0.3188
  1015        0.00219740     0.000000E+000     0.830359E-006        0.3209
  1016        0.00226202     0.000000E+000     0.831278E-006        0.3231
  1017        0.00233271     0.000000E+000     0.833826E-006        0.3254
  1018        0.00241047     0.000000E+000     0.838281E-006        0.3277
  1019        0.00249656     0.000000E+000     0.844996E-006        0.3301
  1020        0.00259258     0.000000E+000     0.854435E-006        0.3326
  1021        0.00270060     0.000000E+000     0.867211E-006        0.3352
  1022        0.00270060     0.000000E+000     0.810266E-006        0.3379
  1023        0.00282920     0.000000E+000     0.829601E-006        0.3406
  1024        0.00297811     0.000000E+000     0.854717E-006        0.3434
  1025        0.00297811     0.000000E+000     0.793500E-006        0.3464
  1026        0.00316424     0.000000E+000     0.829770E-006        0.3494
  1027        0.00316424     0.000000E+000     0.767114E-006        0.3525
  1028        0.00340764     0.000000E+000     0.820080E-006        0.3557
  1029        0.00340764     0.000000E+000     0.753983E-006        0.3591
  1030        0.00340764     0.000000E+000     0.693400E-006        0.3625
  1031        0.00378627     0.000000E+000     0.783654E-006        0.3659
  1032        0.00378627     0.000000E+000     0.714464E-006        0.3697
  1033        0.00378627     0.000000E+000     0.651596E-006        0.3735
  1034        0.00378627     0.000000E+000     0.594444E-006        0.3773
  1035        0.00378627     0.000000E+000     0.542466E-006        0.3811
  1036        0.00378627     0.000000E+000     0.495187E-006        0.3849
  1037        0.00378627     0.000000E+000     0.452176E-006        0.3886
  1038        0.00378627     0.000000E+000     0.413033E-006        0.3924
  1039        0.00378627     0.000000E+000     0.377411E-006        0.3962
  1040        0.00526316     0.000000E+000     0.654597E-006        0.4000
  1041        0.00592105     0.000000E+000     0.725988E-006        0.4053
  1042        0.00634398     0.000000E+000     0.721977E-006        0.4112
  1043        0.00687265     0.000000E+000     0.726887E-006        0.4175
  1044        0.00755992     0.000000E+000     0.745134E-006        0.4244
  1045        0.00755992     0.000000E+000     0.627993E-006        0.4320
  1046        0.00863990     0.000000E+000     0.683731E-006        0.4395
  1047        0.00863990     0.000000E+000     0.565769E-006        0.4482
  1048        0.00863990     0.000000E+000     0.470461E-006        0.4568
  1049        0.00863990     0.000000E+000     0.393686E-006        0.4654
  1050        0.00863990     0.000000E+000     0.332217E-006        0.4741
  1051        0.00863990     0.000000E+000     0.283589E-006        0.4827
  1052        0.00863990     0.000000E+000     0.245993E-006        0.4914
  1053        0.01250000     0.000000E+000     0.419022E-006        0.5000
  1054        0.01458333     0.000000E+000     0.461181E-006        0.5125
  1055        0.01822917     0.000000E+000     0.574680E-006        0.5271
  1056        0.01822917     0.000000E+000     0.538999E-006        0.5453
  1057        0.01822917     0.000000E+000     0.622563E-006        0.5635
  1058 *      0.00911458     0.000000E+000     0.360507E-006        0.5818
  1058        0.00911458     0.000000E+000     0.515060E-006        0.5909
  1059 *      0.00555556     0.000000E+000     0.339560E-006        0.6000
  1059        0.00555556     0.000000E+000     0.417780E-006        0.6056
  1060 *      0.00404040     0.000000E+000     0.285395E-006        0.6111
  1060        0.00404040     0.000000E+000     0.310869E-006        0.6152
  1061        0.00621601     0.000000E+000     0.683774E-006        0.6192
  1062        0.00678110     0.000000E+000     0.788769E-006        0.6254
  1063        0.00678110     0.000000E+000     0.725266E-006        0.6322
  1064        0.00678110     0.000000E+000     0.617499E-006        0.6390
  1065        0.00774983     0.000000E+000     0.596854E-006        0.6458
  1066        0.00774983     0.000000E+000     0.411398E-006        0.6535
  1067        0.00968728     0.000000E+000     0.386398E-006        0.6613
  1068        0.00968728     0.000000E+000     0.228267E-006        0.6709
  1069        0.00968728     0.000000E+000     0.135886E-006        0.6806
  1070        0.00968728     0.000000E+000     0.820767E-007        0.6903
  1071        0.02000000     0.000000E+000     0.157260E-006        0.7000
  1072        0.02666667     0.000000E+000     0.973715E-007        0.7200
  1073        0.05333333     0.000000E+000     0.827304E-007        0.7467
  1074        0.10000000     0.000000E+000     0.300379E-007        0.8000
  1075        0.10000000     0.000000E+000     0.253742E-008        0.9000
