#Update-step  Updatetime     Error of A        Error of phi      Time in fs
     1                                         0.205243E-005
     1 *      0.00000746     0.000000E+000     0.473772E-009        0.0000
     1        0.00000746     0.000000E+000     0.473612E-009        0.0000
     2        0.00001048     0.000000E+000     0.933434E-009        0.0000
     3        0.00001048     0.000000E+000     0.932964E-009        0.0000
     4        0.00001048     0.000000E+000     0.932480E-009        0.0000
     5        0.00001048     0.000000E+000     0.931982E-009        0.0000
     6        0.00001048     0.000000E+000     0.931471E-009        0.0001
     7        0.00001048     0.000000E+000     0.930946E-009        0.0001
     8        0.00001048     0.000000E+000     0.930409E-009        0.0001
     9        0.00001048     0.000000E+000     0.929859E-009        0.0001
    10        0.00001048     0.000000E+000     0.929298E-009        0.0001
    11        0.00001048     0.000000E+000     0.928726E-009        0.0001
    12        0.00001048     0.000000E+000     0.928142E-009        0.0001
    13        0.00001048     0.000000E+000     0.927549E-009        0.0001
    14        0.00001048     0.000000E+000     0.926945E-009        0.0001
    15        0.00001048     0.000000E+000     0.926332E-009        0.0002
    16        0.00001048     0.000000E+000     0.925709E-009        0.0002
    17        0.00001048     0.000000E+000     0.925078E-009        0.0002
    18        0.00001048     0.000000E+000     0.924439E-009        0.0002
    19        0.00001048     0.000000E+000     0.923791E-009        0.0002
    20        0.00001048     0.000000E+000     0.923137E-009        0.0002
    21        0.00001048     0.000000E+000     0.922475E-009        0.0002
    22        0.00001048     0.000000E+000     0.921806E-009        0.0002
    23        0.00001048     0.000000E+000     0.921131E-009        0.0002
    24        0.00001048     0.000000E+000     0.920450E-009        0.0002
    25        0.00001048     0.000000E+000     0.919763E-009        0.0003
    26        0.00001048     0.000000E+000     0.919071E-009        0.0003
    27        0.00001048     0.000000E+000     0.918374E-009        0.0003
    28        0.00001048     0.000000E+000     0.917672E-009        0.0003
    29        0.00001048     0.000000E+000     0.916965E-009        0.0003
    30        0.00001048     0.000000E+000     0.916254E-009        0.0003
    31        0.00001048     0.000000E+000     0.915539E-009        0.0003
    32        0.00001048     0.000000E+000     0.914820E-009        0.0003
    33        0.00001048     0.000000E+000     0.914097E-009        0.0003
    34        0.00001048     0.000000E+000     0.913371E-009        0.0004
    35        0.00001048     0.000000E+000     0.912642E-009        0.0004
    36        0.00001048     0.000000E+000     0.911910E-009        0.0004
    37        0.00001048     0.000000E+000     0.911175E-009        0.0004
    38        0.00001048     0.000000E+000     0.910437E-009        0.0004
    39        0.00001048     0.000000E+000     0.909697E-009        0.0004
    40        0.00001048     0.000000E+000     0.908954E-009        0.0004
    41        0.00001048     0.000000E+000     0.908209E-009        0.0004
    42        0.00001048     0.000000E+000     0.907461E-009        0.0004
    43        0.00001048     0.000000E+000     0.906712E-009        0.0004
    44        0.00001048     0.000000E+000     0.905961E-009        0.0005
    45        0.00001048     0.000000E+000     0.905208E-009        0.0005
    46        0.00001048     0.000000E+000     0.904453E-009        0.0005
    47        0.00001048     0.000000E+000     0.903696E-009        0.0005
    48        0.00001048     0.000000E+000     0.902938E-009        0.0005
    49        0.00001048     0.000000E+000     0.902179E-009        0.0005
    50        0.00001048     0.000000E+000     0.901418E-009        0.0005
    51        0.00001048     0.000000E+000     0.900655E-009        0.0005
    52        0.00001048     0.000000E+000     0.899892E-009        0.0005
    53        0.00001048     0.000000E+000     0.899127E-009        0.0005
    54        0.00001048     0.000000E+000     0.898360E-009        0.0006
    55        0.00001048     0.000000E+000     0.897593E-009        0.0006
    56        0.00001048     0.000000E+000     0.896825E-009        0.0006
    57        0.00001048     0.000000E+000     0.896055E-009        0.0006
    58        0.00001048     0.000000E+000     0.895285E-009        0.0006
    59        0.00001048     0.000000E+000     0.894514E-009        0.0006
    60        0.00001048     0.000000E+000     0.893741E-009        0.0006
    61        0.00001048     0.000000E+000     0.892968E-009        0.0006
    62        0.00001048     0.000000E+000     0.892194E-009        0.0006
    63        0.00001048     0.000000E+000     0.891420E-009        0.0007
    64        0.00001048     0.000000E+000     0.890644E-009        0.0007
    65        0.00001048     0.000000E+000     0.889868E-009        0.0007
    66        0.00001048     0.000000E+000     0.889091E-009        0.0007
    67        0.00001048     0.000000E+000     0.888313E-009        0.0007
    68        0.00001048     0.000000E+000     0.887534E-009        0.0007
    69        0.00001048     0.000000E+000     0.886755E-009        0.0007
    70        0.00001048     0.000000E+000     0.885976E-009        0.0007
    71        0.00001048     0.000000E+000     0.885195E-009        0.0007
    72        0.00001048     0.000000E+000     0.884414E-009        0.0007
    73        0.00001048     0.000000E+000     0.883633E-009        0.0008
    74        0.00001048     0.000000E+000     0.882851E-009        0.0008
    75        0.00001048     0.000000E+000     0.882068E-009        0.0008
    76        0.00001048     0.000000E+000     0.881285E-009        0.0008
    77        0.00001048     0.000000E+000     0.880502E-009        0.0008
    78        0.00001048     0.000000E+000     0.879718E-009        0.0008
    79        0.00001048     0.000000E+000     0.878933E-009        0.0008
    80        0.00001048     0.000000E+000     0.878149E-009        0.0008
    81        0.00001048     0.000000E+000     0.877363E-009        0.0008
    82        0.00001048     0.000000E+000     0.876578E-009        0.0009
    83        0.00001048     0.000000E+000     0.875792E-009        0.0009
    84        0.00001048     0.000000E+000     0.875005E-009        0.0009
    85        0.00001048     0.000000E+000     0.874218E-009        0.0009
    86        0.00001048     0.000000E+000     0.873431E-009        0.0009
    87        0.00001048     0.000000E+000     0.872644E-009        0.0009
    88        0.00001048     0.000000E+000     0.871856E-009        0.0009
    89        0.00001048     0.000000E+000     0.871068E-009        0.0009
    90        0.00001048     0.000000E+000     0.870279E-009        0.0009
    91        0.00001048     0.000000E+000     0.869491E-009        0.0009
    92        0.00001048     0.000000E+000     0.868702E-009        0.0010
    93        0.00001048     0.000000E+000     0.867913E-009        0.0010
    94        0.00001048     0.000000E+000     0.867123E-009        0.0010
    95        0.00001048     0.000000E+000     0.866333E-009        0.0010
    96        0.00001075     0.000000E+000     0.911241E-009        0.0010
    97        0.00001087     0.000000E+000     0.930499E-009        0.0010
    98        0.00001087     0.000000E+000     0.929617E-009        0.0010
    99        0.00001087     0.000000E+000     0.928735E-009        0.0010
   100        0.00001087     0.000000E+000     0.927852E-009        0.0010
   101        0.00001087     0.000000E+000     0.926969E-009        0.0011
   102        0.00001087     0.000000E+000     0.926086E-009        0.0011
   103        0.00001087     0.000000E+000     0.925203E-009        0.0011
   104        0.00001087     0.000000E+000     0.924320E-009        0.0011
   105        0.00001087     0.000000E+000     0.923437E-009        0.0011
   106        0.00001087     0.000000E+000     0.922553E-009        0.0011
   107        0.00001087     0.000000E+000     0.921669E-009        0.0011
   108        0.00001087     0.000000E+000     0.920786E-009        0.0011
   109        0.00001087     0.000000E+000     0.919902E-009        0.0011
   110        0.00001087     0.000000E+000     0.919018E-009        0.0012
   111        0.00001087     0.000000E+000     0.918134E-009        0.0012
   112        0.00001087     0.000000E+000     0.917250E-009        0.0012
   113        0.00001102     0.000000E+000     0.941292E-009        0.0012
   114        0.00001102     0.000000E+000     0.940371E-009        0.0012
   115        0.00001102     0.000000E+000     0.939451E-009        0.0012
   116        0.00001102     0.000000E+000     0.938530E-009        0.0012
   117        0.00001102     0.000000E+000     0.937610E-009        0.0012
   118        0.00001102     0.000000E+000     0.936689E-009        0.0012
   119        0.00001102     0.000000E+000     0.935769E-009        0.0013
   120        0.00001102     0.000000E+000     0.934848E-009        0.0013
   121        0.00001102     0.000000E+000     0.933928E-009        0.0013
   122        0.00001102     0.000000E+000     0.933008E-009        0.0013
   123        0.00001102     0.000000E+000     0.932087E-009        0.0013
   124        0.00001102     0.000000E+000     0.931167E-009        0.0013
   125        0.00001102     0.000000E+000     0.930247E-009        0.0013
   126        0.00001102     0.000000E+000     0.929327E-009        0.0013
   127        0.00001102     0.000000E+000     0.928407E-009        0.0013
   128        0.00001102     0.000000E+000     0.927487E-009        0.0013
   129        0.00001102     0.000000E+000     0.926568E-009        0.0014
   130        0.00001102     0.000000E+000     0.925648E-009        0.0014
   131        0.00001102     0.000000E+000     0.924729E-009        0.0014
   132        0.00001102     0.000000E+000     0.923809E-009        0.0014
   133        0.00001102     0.000000E+000     0.922890E-009        0.0014
   134        0.00001102     0.000000E+000     0.921971E-009        0.0014
   135        0.00001102     0.000000E+000     0.921052E-009        0.0014
   136        0.00001102     0.000000E+000     0.920134E-009        0.0014
   137        0.00001102     0.000000E+000     0.919215E-009        0.0014
   138        0.00001102     0.000000E+000     0.918297E-009        0.0015
   139        0.00001102     0.000000E+000     0.917379E-009        0.0015
   140        0.00001102     0.000000E+000     0.916461E-009        0.0015
   141        0.00001102     0.000000E+000     0.915543E-009        0.0015
   142        0.00001102     0.000000E+000     0.914626E-009        0.0015
   143        0.00001102     0.000000E+000     0.913709E-009        0.0015
   144        0.00001102     0.000000E+000     0.912792E-009        0.0015
   145        0.00001102     0.000000E+000     0.911875E-009        0.0015
   146        0.00001102     0.000000E+000     0.910958E-009        0.0015
   147        0.00001102     0.000000E+000     0.910042E-009        0.0016
   148        0.00001102     0.000000E+000     0.909126E-009        0.0016
   149        0.00001102     0.000000E+000     0.908210E-009        0.0016
   150        0.00001102     0.000000E+000     0.907295E-009        0.0016
   151        0.00001102     0.000000E+000     0.906380E-009        0.0016
   152        0.00001102     0.000000E+000     0.905465E-009        0.0016
   153        0.00001102     0.000000E+000     0.904550E-009        0.0016
   154        0.00001102     0.000000E+000     0.903636E-009        0.0016
   155        0.00001102     0.000000E+000     0.902722E-009        0.0016
   156        0.00001102     0.000000E+000     0.901809E-009        0.0017
   157        0.00001102     0.000000E+000     0.900895E-009        0.0017
   158        0.00001102     0.000000E+000     0.899982E-009        0.0017
   159        0.00001102     0.000000E+000     0.899070E-009        0.0017
   160        0.00001102     0.000000E+000     0.898157E-009        0.0017
   161        0.00001102     0.000000E+000     0.897245E-009        0.0017
   162        0.00001102     0.000000E+000     0.896334E-009        0.0017
   163        0.00001102     0.000000E+000     0.895422E-009        0.0017
   164        0.00001102     0.000000E+000     0.894511E-009        0.0017
   165        0.00001102     0.000000E+000     0.893601E-009        0.0018
   166        0.00001102     0.000000E+000     0.892691E-009        0.0018
   167        0.00001102     0.000000E+000     0.891781E-009        0.0018
   168        0.00001102     0.000000E+000     0.890871E-009        0.0018
   169        0.00001102     0.000000E+000     0.889962E-009        0.0018
   170        0.00001102     0.000000E+000     0.889054E-009        0.0018
   171        0.00001102     0.000000E+000     0.888145E-009        0.0018
   172        0.00001102     0.000000E+000     0.887238E-009        0.0018
   173        0.00001102     0.000000E+000     0.886330E-009        0.0018
   174        0.00001102     0.000000E+000     0.885423E-009        0.0019
   175        0.00001102     0.000000E+000     0.884517E-009        0.0019
   176        0.00001102     0.000000E+000     0.883610E-009        0.0019
   177        0.00001102     0.000000E+000     0.882705E-009        0.0019
   178        0.00001102     0.000000E+000     0.881799E-009        0.0019
   179        0.00001102     0.000000E+000     0.880894E-009        0.0019
   180        0.00001102     0.000000E+000     0.879990E-009        0.0019
   181        0.00001102     0.000000E+000     0.879086E-009        0.0019
   182        0.00001102     0.000000E+000     0.878182E-009        0.0019
   183        0.00001102     0.000000E+000     0.877279E-009        0.0020
   184        0.00001102     0.000000E+000     0.876376E-009        0.0020
   185        0.00001102     0.000000E+000     0.875474E-009        0.0020
   186        0.00001102     0.000000E+000     0.874572E-009        0.0020
   187        0.00001136     0.000000E+000     0.929368E-009        0.0020
   188        0.00001136     0.000000E+000     0.928379E-009        0.0020
   189        0.00001136     0.000000E+000     0.927392E-009        0.0020
   190        0.00001136     0.000000E+000     0.926404E-009        0.0020
   191        0.00001136     0.000000E+000     0.925418E-009        0.0020
   192        0.00001136     0.000000E+000     0.924432E-009        0.0021
   193        0.00001136     0.000000E+000     0.923446E-009        0.0021
   194        0.00001136     0.000000E+000     0.922461E-009        0.0021
   195        0.00001136     0.000000E+000     0.921476E-009        0.0021
   196        0.00001136     0.000000E+000     0.920492E-009        0.0021
   197        0.00001136     0.000000E+000     0.919509E-009        0.0021
   198        0.00001136     0.000000E+000     0.918526E-009        0.0021
   199        0.00001136     0.000000E+000     0.917544E-009        0.0021
   200        0.00001152     0.000000E+000     0.941493E-009        0.0021
   201        0.00001152     0.000000E+000     0.940472E-009        0.0022
   202        0.00001152     0.000000E+000     0.939451E-009        0.0022
   203        0.00001152     0.000000E+000     0.938431E-009        0.0022
   204        0.00001152     0.000000E+000     0.937412E-009        0.0022
   205        0.00001152     0.000000E+000     0.936393E-009        0.0022
   206        0.00001152     0.000000E+000     0.935375E-009        0.0022
   207        0.00001152     0.000000E+000     0.934358E-009        0.0022
   208        0.00001152     0.000000E+000     0.933341E-009        0.0022
   209        0.00001152     0.000000E+000     0.932325E-009        0.0023
   210        0.00001152     0.000000E+000     0.931309E-009        0.0023
   211        0.00001152     0.000000E+000     0.930294E-009        0.0023
   212        0.00001152     0.000000E+000     0.929280E-009        0.0023
   213        0.00001152     0.000000E+000     0.928267E-009        0.0023
   214        0.00001152     0.000000E+000     0.927254E-009        0.0023
   215        0.00001152     0.000000E+000     0.926242E-009        0.0023
   216        0.00001152     0.000000E+000     0.925230E-009        0.0023
   217        0.00001152     0.000000E+000     0.924220E-009        0.0023
   218        0.00001152     0.000000E+000     0.923209E-009        0.0024
   219        0.00001152     0.000000E+000     0.922200E-009        0.0024
   220        0.00001152     0.000000E+000     0.921191E-009        0.0024
   221        0.00001152     0.000000E+000     0.920183E-009        0.0024
   222        0.00001152     0.000000E+000     0.919176E-009        0.0024
   223        0.00001152     0.000000E+000     0.918169E-009        0.0024
   224        0.00001152     0.000000E+000     0.917164E-009        0.0024
   225        0.00001152     0.000000E+000     0.916158E-009        0.0024
   226        0.00001152     0.000000E+000     0.915154E-009        0.0024
   227        0.00001152     0.000000E+000     0.914150E-009        0.0025
   228        0.00001152     0.000000E+000     0.913147E-009        0.0025
   229        0.00001152     0.000000E+000     0.912145E-009        0.0025
   230        0.00001152     0.000000E+000     0.911143E-009        0.0025
   231        0.00001152     0.000000E+000     0.910143E-009        0.0025
   232        0.00001152     0.000000E+000     0.909142E-009        0.0025
   233        0.00001152     0.000000E+000     0.908143E-009        0.0025
   234        0.00001152     0.000000E+000     0.907145E-009        0.0025
   235        0.00001152     0.000000E+000     0.906147E-009        0.0026
   236        0.00001152     0.000000E+000     0.905150E-009        0.0026
   237        0.00001152     0.000000E+000     0.904153E-009        0.0026
   238        0.00001152     0.000000E+000     0.903158E-009        0.0026
   239        0.00001152     0.000000E+000     0.902163E-009        0.0026
   240        0.00001152     0.000000E+000     0.901169E-009        0.0026
   241        0.00001152     0.000000E+000     0.900175E-009        0.0026
   242        0.00001152     0.000000E+000     0.899183E-009        0.0026
   243        0.00001152     0.000000E+000     0.898191E-009        0.0026
   244        0.00001152     0.000000E+000     0.897200E-009        0.0027
   245        0.00001152     0.000000E+000     0.896210E-009        0.0027
   246        0.00001152     0.000000E+000     0.895220E-009        0.0027
   247        0.00001152     0.000000E+000     0.894231E-009        0.0027
   248        0.00001152     0.000000E+000     0.893243E-009        0.0027
   249        0.00001152     0.000000E+000     0.892256E-009        0.0027
   250        0.00001152     0.000000E+000     0.891270E-009        0.0027
   251        0.00001152     0.000000E+000     0.890284E-009        0.0027
   252        0.00001152     0.000000E+000     0.889299E-009        0.0027
   253        0.00001152     0.000000E+000     0.888315E-009        0.0028
   254        0.00001152     0.000000E+000     0.887332E-009        0.0028
   255        0.00001152     0.000000E+000     0.886350E-009        0.0028
   256        0.00001152     0.000000E+000     0.885368E-009        0.0028
   257        0.00001152     0.000000E+000     0.884387E-009        0.0028
   258        0.00001152     0.000000E+000     0.883407E-009        0.0028
   259        0.00001152     0.000000E+000     0.882428E-009        0.0028
   260        0.00001152     0.000000E+000     0.881450E-009        0.0028
   261        0.00001152     0.000000E+000     0.880472E-009        0.0029
   262        0.00001152     0.000000E+000     0.879495E-009        0.0029
   263        0.00001152     0.000000E+000     0.878519E-009        0.0029
   264        0.00001152     0.000000E+000     0.877544E-009        0.0029
   265        0.00001152     0.000000E+000     0.876570E-009        0.0029
   266        0.00001152     0.000000E+000     0.875596E-009        0.0029
   267        0.00001152     0.000000E+000     0.874623E-009        0.0029
   268        0.00001152     0.000000E+000     0.873652E-009        0.0029
   269        0.00001152     0.000000E+000     0.872680E-009        0.0029
   270        0.00001152     0.000000E+000     0.871710E-009        0.0030
   271        0.00001152     0.000000E+000     0.870741E-009        0.0030
   272        0.00001152     0.000000E+000     0.869772E-009        0.0030
   273        0.00001152     0.000000E+000     0.868804E-009        0.0030
   274        0.00001190     0.000000E+000     0.927206E-009        0.0030
   275        0.00001190     0.000000E+000     0.926139E-009        0.0030
   276        0.00001190     0.000000E+000     0.925073E-009        0.0030
   277        0.00001190     0.000000E+000     0.924008E-009        0.0030
   278        0.00001190     0.000000E+000     0.922944E-009        0.0030
   279        0.00001190     0.000000E+000     0.921881E-009        0.0031
   280        0.00001190     0.000000E+000     0.920819E-009        0.0031
   281        0.00001190     0.000000E+000     0.919758E-009        0.0031
   282        0.00001190     0.000000E+000     0.918698E-009        0.0031
   283        0.00001190     0.000000E+000     0.917639E-009        0.0031
   284        0.00001190     0.000000E+000     0.916581E-009        0.0031
   285        0.00001207     0.000000E+000     0.941122E-009        0.0031
   286        0.00001207     0.000000E+000     0.940021E-009        0.0031
   287        0.00001207     0.000000E+000     0.938921E-009        0.0032
   288        0.00001207     0.000000E+000     0.937823E-009        0.0032
   289        0.00001207     0.000000E+000     0.936725E-009        0.0032
   290        0.00001207     0.000000E+000     0.935628E-009        0.0032
   291        0.00001207     0.000000E+000     0.934532E-009        0.0032
   292        0.00001207     0.000000E+000     0.933438E-009        0.0032
   293        0.00001207     0.000000E+000     0.932344E-009        0.0032
   294        0.00001207     0.000000E+000     0.931252E-009        0.0032
   295        0.00001207     0.000000E+000     0.930160E-009        0.0033
   296        0.00001207     0.000000E+000     0.929070E-009        0.0033
   297        0.00001207     0.000000E+000     0.927981E-009        0.0033
   298        0.00001207     0.000000E+000     0.926892E-009        0.0033
   299        0.00001207     0.000000E+000     0.925805E-009        0.0033
   300        0.00001207     0.000000E+000     0.924719E-009        0.0033
   301        0.00001207     0.000000E+000     0.923634E-009        0.0033
   302        0.00001207     0.000000E+000     0.922550E-009        0.0033
   303        0.00001207     0.000000E+000     0.921467E-009        0.0033
   304        0.00001207     0.000000E+000     0.920385E-009        0.0034
   305        0.00001207     0.000000E+000     0.919304E-009        0.0034
   306        0.00001207     0.000000E+000     0.918224E-009        0.0034
   307        0.00001207     0.000000E+000     0.917146E-009        0.0034
   308        0.00001207     0.000000E+000     0.916068E-009        0.0034
   309        0.00001207     0.000000E+000     0.914991E-009        0.0034
   310        0.00001207     0.000000E+000     0.913916E-009        0.0034
   311        0.00001207     0.000000E+000     0.912842E-009        0.0034
   312        0.00001207     0.000000E+000     0.911768E-009        0.0035
   313        0.00001207     0.000000E+000     0.910696E-009        0.0035
   314        0.00001207     0.000000E+000     0.909625E-009        0.0035
   315        0.00001207     0.000000E+000     0.908555E-009        0.0035
   316        0.00001207     0.000000E+000     0.907486E-009        0.0035
   317        0.00001207     0.000000E+000     0.906418E-009        0.0035
   318        0.00001207     0.000000E+000     0.905351E-009        0.0035
   319        0.00001207     0.000000E+000     0.904285E-009        0.0035
   320        0.00001207     0.000000E+000     0.903221E-009        0.0036
   321        0.00001207     0.000000E+000     0.902157E-009        0.0036
   322        0.00001207     0.000000E+000     0.901095E-009        0.0036
   323        0.00001207     0.000000E+000     0.900033E-009        0.0036
   324        0.00001207     0.000000E+000     0.898973E-009        0.0036
   325        0.00001207     0.000000E+000     0.897914E-009        0.0036
   326        0.00001207     0.000000E+000     0.896856E-009        0.0036
   327        0.00001207     0.000000E+000     0.895799E-009        0.0036
   328        0.00001207     0.000000E+000     0.894743E-009        0.0036
   329        0.00001207     0.000000E+000     0.893689E-009        0.0037
   330        0.00001207     0.000000E+000     0.892635E-009        0.0037
   331        0.00001207     0.000000E+000     0.891582E-009        0.0037
   332        0.00001207     0.000000E+000     0.890531E-009        0.0037
   333        0.00001207     0.000000E+000     0.889481E-009        0.0037
   334        0.00001207     0.000000E+000     0.888431E-009        0.0037
   335        0.00001207     0.000000E+000     0.887383E-009        0.0037
   336        0.00001207     0.000000E+000     0.886336E-009        0.0037
   337        0.00001207     0.000000E+000     0.885290E-009        0.0038
   338        0.00001207     0.000000E+000     0.884246E-009        0.0038
   339        0.00001207     0.000000E+000     0.883202E-009        0.0038
   340        0.00001207     0.000000E+000     0.882159E-009        0.0038
   341        0.00001207     0.000000E+000     0.881118E-009        0.0038
   342        0.00001207     0.000000E+000     0.880078E-009        0.0038
   343        0.00001207     0.000000E+000     0.879039E-009        0.0038
   344        0.00001207     0.000000E+000     0.878000E-009        0.0038
   345        0.00001207     0.000000E+000     0.876964E-009        0.0039
   346        0.00001207     0.000000E+000     0.875928E-009        0.0039
   347        0.00001207     0.000000E+000     0.874893E-009        0.0039
   348        0.00001207     0.000000E+000     0.873859E-009        0.0039
   349        0.00001207     0.000000E+000     0.872827E-009        0.0039
   350        0.00001207     0.000000E+000     0.871796E-009        0.0039
   351        0.00001207     0.000000E+000     0.870765E-009        0.0039
   352        0.00001207     0.000000E+000     0.869736E-009        0.0039
   353        0.00001207     0.000000E+000     0.868708E-009        0.0040
   354        0.00001207     0.000000E+000     0.867681E-009        0.0040
   355        0.00001207     0.000000E+000     0.866656E-009        0.0040
   356        0.00001207     0.000000E+000     0.865631E-009        0.0040
   357        0.00001250     0.000000E+000     0.927270E-009        0.0040
   358        0.00001250     0.000000E+000     0.926135E-009        0.0040
   359        0.00001250     0.000000E+000     0.925000E-009        0.0040
   360        0.00001250     0.000000E+000     0.923867E-009        0.0040
   361        0.00001250     0.000000E+000     0.922736E-009        0.0040
   362        0.00001250     0.000000E+000     0.921606E-009        0.0041
   363        0.00001250     0.000000E+000     0.920477E-009        0.0041
   364        0.00001250     0.000000E+000     0.919349E-009        0.0041
   365        0.00001250     0.000000E+000     0.918223E-009        0.0041
   366        0.00001250     0.000000E+000     0.917098E-009        0.0041
   367        0.00001250     0.000000E+000     0.915974E-009        0.0041
   368        0.00001250     0.000000E+000     0.914851E-009        0.0041
   369        0.00001250     0.000000E+000     0.913730E-009        0.0041
   370        0.00001269     0.000000E+000     0.940465E-009        0.0042
   371        0.00001269     0.000000E+000     0.939294E-009        0.0042
   372        0.00001269     0.000000E+000     0.938126E-009        0.0042
   373        0.00001269     0.000000E+000     0.936958E-009        0.0042
   374        0.00001269     0.000000E+000     0.935792E-009        0.0042
   375        0.00001269     0.000000E+000     0.934628E-009        0.0042
   376        0.00001269     0.000000E+000     0.933465E-009        0.0042
   377        0.00001269     0.000000E+000     0.932303E-009        0.0043
   378        0.00001269     0.000000E+000     0.931142E-009        0.0043
   379        0.00001269     0.000000E+000     0.929983E-009        0.0043
   380        0.00001269     0.000000E+000     0.928826E-009        0.0043
   381        0.00001269     0.000000E+000     0.927669E-009        0.0043
   382        0.00001269     0.000000E+000     0.926515E-009        0.0043
   383        0.00001269     0.000000E+000     0.925361E-009        0.0043
   384        0.00001269     0.000000E+000     0.924209E-009        0.0043
   385        0.00001269     0.000000E+000     0.923058E-009        0.0044
   386        0.00001269     0.000000E+000     0.921909E-009        0.0044
   387        0.00001269     0.000000E+000     0.920761E-009        0.0044
   388        0.00001269     0.000000E+000     0.919615E-009        0.0044
   389        0.00001269     0.000000E+000     0.918470E-009        0.0044
   390        0.00001269     0.000000E+000     0.917326E-009        0.0044
   391        0.00001269     0.000000E+000     0.916184E-009        0.0044
   392        0.00001269     0.000000E+000     0.915043E-009        0.0044
   393        0.00001269     0.000000E+000     0.913903E-009        0.0045
   394        0.00001269     0.000000E+000     0.912765E-009        0.0045
   395        0.00001269     0.000000E+000     0.911629E-009        0.0045
   396        0.00001269     0.000000E+000     0.910493E-009        0.0045
   397        0.00001269     0.000000E+000     0.909359E-009        0.0045
   398        0.00001269     0.000000E+000     0.908227E-009        0.0045
   399        0.00001269     0.000000E+000     0.907096E-009        0.0045
   400        0.00001269     0.000000E+000     0.905966E-009        0.0045
   401        0.00001269     0.000000E+000     0.904837E-009        0.0046
   402        0.00001269     0.000000E+000     0.903711E-009        0.0046
   403        0.00001269     0.000000E+000     0.902585E-009        0.0046
   404        0.00001269     0.000000E+000     0.901461E-009        0.0046
   405        0.00001269     0.000000E+000     0.900338E-009        0.0046
   406        0.00001269     0.000000E+000     0.899217E-009        0.0046
   407        0.00001269     0.000000E+000     0.898097E-009        0.0046
   408        0.00001269     0.000000E+000     0.896978E-009        0.0046
   409        0.00001269     0.000000E+000     0.895861E-009        0.0047
   410        0.00001269     0.000000E+000     0.894745E-009        0.0047
   411        0.00001269     0.000000E+000     0.893631E-009        0.0047
   412        0.00001269     0.000000E+000     0.892518E-009        0.0047
   413        0.00001269     0.000000E+000     0.891406E-009        0.0047
   414        0.00001269     0.000000E+000     0.890296E-009        0.0047
   415        0.00001269     0.000000E+000     0.889187E-009        0.0047
   416        0.00001269     0.000000E+000     0.888079E-009        0.0047
   417        0.00001269     0.000000E+000     0.886973E-009        0.0048
   418        0.00001269     0.000000E+000     0.885869E-009        0.0048
   419        0.00001269     0.000000E+000     0.884766E-009        0.0048
   420        0.00001269     0.000000E+000     0.883664E-009        0.0048
   421        0.00001269     0.000000E+000     0.882563E-009        0.0048
   422        0.00001269     0.000000E+000     0.881464E-009        0.0048
   423        0.00001269     0.000000E+000     0.880366E-009        0.0048
   424        0.00001269     0.000000E+000     0.879270E-009        0.0048
   425        0.00001269     0.000000E+000     0.878175E-009        0.0049
   426        0.00001269     0.000000E+000     0.877082E-009        0.0049
   427        0.00001269     0.000000E+000     0.875989E-009        0.0049
   428        0.00001269     0.000000E+000     0.874899E-009        0.0049
   429        0.00001269     0.000000E+000     0.873809E-009        0.0049
   430        0.00001269     0.000000E+000     0.872721E-009        0.0049
   431        0.00001269     0.000000E+000     0.871635E-009        0.0049
   432        0.00001269     0.000000E+000     0.870550E-009        0.0049
   433        0.00001269     0.000000E+000     0.869466E-009        0.0050
   434        0.00001269     0.000000E+000     0.868383E-009        0.0050
   435        0.00001269     0.000000E+000     0.867302E-009        0.0050
   436        0.00001299     0.000000E+000     0.907317E-009        0.0050
   437        0.00001316     0.000000E+000     0.930477E-009        0.0050
   438        0.00001316     0.000000E+000     0.929276E-009        0.0050
   439        0.00001316     0.000000E+000     0.928077E-009        0.0050
   440        0.00001316     0.000000E+000     0.926879E-009        0.0051
   441        0.00001316     0.000000E+000     0.925682E-009        0.0051
   442        0.00001316     0.000000E+000     0.924487E-009        0.0051
   443        0.00001316     0.000000E+000     0.923294E-009        0.0051
   444        0.00001316     0.000000E+000     0.922103E-009        0.0051
   445        0.00001316     0.000000E+000     0.920913E-009        0.0051
   446        0.00001316     0.000000E+000     0.919724E-009        0.0051
   447        0.00001316     0.000000E+000     0.918538E-009        0.0051
   448        0.00001316     0.000000E+000     0.917352E-009        0.0052
   449        0.00001316     0.000000E+000     0.916169E-009        0.0052
   450        0.00001316     0.000000E+000     0.914987E-009        0.0052
   451        0.00001316     0.000000E+000     0.913806E-009        0.0052
   452        0.00001316     0.000000E+000     0.912627E-009        0.0052
   453        0.00001316     0.000000E+000     0.911450E-009        0.0052
   454        0.00001316     0.000000E+000     0.910275E-009        0.0052
   455        0.00001316     0.000000E+000     0.909100E-009        0.0052
   456        0.00001316     0.000000E+000     0.907928E-009        0.0053
   457        0.00001316     0.000000E+000     0.906757E-009        0.0053
   458        0.00001316     0.000000E+000     0.905588E-009        0.0053
   459        0.00001316     0.000000E+000     0.904420E-009        0.0053
   460        0.00001316     0.000000E+000     0.903254E-009        0.0053
   461        0.00001316     0.000000E+000     0.902089E-009        0.0053
   462        0.00001316     0.000000E+000     0.900926E-009        0.0053
   463        0.00001316     0.000000E+000     0.899765E-009        0.0054
   464        0.00001316     0.000000E+000     0.898605E-009        0.0054
   465        0.00001345     0.000000E+000     0.936875E-009        0.0054
   466        0.00001345     0.000000E+000     0.935642E-009        0.0054
   467        0.00001345     0.000000E+000     0.934410E-009        0.0054
   468        0.00001345     0.000000E+000     0.933179E-009        0.0054
   469        0.00001345     0.000000E+000     0.931951E-009        0.0054
   470        0.00001345     0.000000E+000     0.930724E-009        0.0054
   471        0.00001345     0.000000E+000     0.929499E-009        0.0055
   472        0.00001345     0.000000E+000     0.928275E-009        0.0055
   473        0.00001345     0.000000E+000     0.927053E-009        0.0055
   474        0.00001345     0.000000E+000     0.925833E-009        0.0055
   475        0.00001345     0.000000E+000     0.924615E-009        0.0055
   476        0.00001345     0.000000E+000     0.923398E-009        0.0055
   477        0.00001345     0.000000E+000     0.922183E-009        0.0055
   478        0.00001345     0.000000E+000     0.920970E-009        0.0056
   479        0.00001345     0.000000E+000     0.919759E-009        0.0056
   480        0.00001345     0.000000E+000     0.918549E-009        0.0056
   481        0.00001345     0.000000E+000     0.917341E-009        0.0056
   482        0.00001345     0.000000E+000     0.916134E-009        0.0056
   483        0.00001345     0.000000E+000     0.914930E-009        0.0056
   484        0.00001345     0.000000E+000     0.913727E-009        0.0056
   485        0.00001345     0.000000E+000     0.912525E-009        0.0057
   486        0.00001345     0.000000E+000     0.911326E-009        0.0057
   487        0.00001345     0.000000E+000     0.910128E-009        0.0057
   488        0.00001345     0.000000E+000     0.908931E-009        0.0057
   489        0.00001345     0.000000E+000     0.907737E-009        0.0057
   490        0.00001345     0.000000E+000     0.906544E-009        0.0057
   491        0.00001345     0.000000E+000     0.905353E-009        0.0057
   492        0.00001345     0.000000E+000     0.904163E-009        0.0057
   493        0.00001345     0.000000E+000     0.902975E-009        0.0058
   494        0.00001345     0.000000E+000     0.901789E-009        0.0058
   495        0.00001345     0.000000E+000     0.900605E-009        0.0058
   496        0.00001345     0.000000E+000     0.899422E-009        0.0058
   497        0.00001345     0.000000E+000     0.898241E-009        0.0058
   498        0.00001345     0.000000E+000     0.897061E-009        0.0058
   499        0.00001345     0.000000E+000     0.895884E-009        0.0058
   500        0.00001345     0.000000E+000     0.894707E-009        0.0059
   501        0.00001345     0.000000E+000     0.893533E-009        0.0059
   502        0.00001345     0.000000E+000     0.892360E-009        0.0059
   503        0.00001345     0.000000E+000     0.891189E-009        0.0059
   504        0.00001345     0.000000E+000     0.890020E-009        0.0059
   505        0.00001345     0.000000E+000     0.888852E-009        0.0059
   506        0.00001345     0.000000E+000     0.887686E-009        0.0059
   507        0.00001345     0.000000E+000     0.886521E-009        0.0059
   508        0.00001345     0.000000E+000     0.885359E-009        0.0060
   509        0.00001345     0.000000E+000     0.884197E-009        0.0060
   510        0.00001345     0.000000E+000     0.883038E-009        0.0060
   511        0.00001370     0.000000E+000     0.915281E-009        0.0060
   512        0.00001389     0.000000E+000     0.939978E-009        0.0060
   513        0.00001389     0.000000E+000     0.938705E-009        0.0060
   514        0.00001389     0.000000E+000     0.937434E-009        0.0060
   515        0.00001389     0.000000E+000     0.936165E-009        0.0061
   516        0.00001389     0.000000E+000     0.934897E-009        0.0061
   517        0.00001389     0.000000E+000     0.933632E-009        0.0061
   518        0.00001389     0.000000E+000     0.932368E-009        0.0061
   519        0.00001389     0.000000E+000     0.931107E-009        0.0061
   520        0.00001389     0.000000E+000     0.929847E-009        0.0061
   521        0.00001389     0.000000E+000     0.928589E-009        0.0061
   522        0.00001389     0.000000E+000     0.927333E-009        0.0062
   523        0.00001389     0.000000E+000     0.926078E-009        0.0062
   524        0.00001389     0.000000E+000     0.924826E-009        0.0062
   525        0.00001389     0.000000E+000     0.923575E-009        0.0062
   526        0.00001389     0.000000E+000     0.922327E-009        0.0062
   527        0.00001389     0.000000E+000     0.921080E-009        0.0062
   528        0.00001389     0.000000E+000     0.919835E-009        0.0062
   529        0.00001389     0.000000E+000     0.918592E-009        0.0062
   530        0.00001389     0.000000E+000     0.917350E-009        0.0063
   531        0.00001389     0.000000E+000     0.916111E-009        0.0063
   532        0.00001389     0.000000E+000     0.914873E-009        0.0063
   533        0.00001389     0.000000E+000     0.913638E-009        0.0063
   534        0.00001389     0.000000E+000     0.912404E-009        0.0063
   535        0.00001389     0.000000E+000     0.911172E-009        0.0063
   536        0.00001389     0.000000E+000     0.909941E-009        0.0063
   537        0.00001389     0.000000E+000     0.908713E-009        0.0064
   538        0.00001389     0.000000E+000     0.907486E-009        0.0064
   539        0.00001389     0.000000E+000     0.906262E-009        0.0064
   540        0.00001389     0.000000E+000     0.905039E-009        0.0064
   541        0.00001389     0.000000E+000     0.903818E-009        0.0064
   542        0.00001389     0.000000E+000     0.902598E-009        0.0064
   543        0.00001389     0.000000E+000     0.901381E-009        0.0064
   544        0.00001389     0.000000E+000     0.900165E-009        0.0065
   545        0.00001389     0.000000E+000     0.898951E-009        0.0065
   546        0.00001389     0.000000E+000     0.897739E-009        0.0065
   547        0.00001389     0.000000E+000     0.896529E-009        0.0065
   548        0.00001389     0.000000E+000     0.895321E-009        0.0065
   549        0.00001389     0.000000E+000     0.894114E-009        0.0065
   550        0.00001389     0.000000E+000     0.892909E-009        0.0065
   551        0.00001389     0.000000E+000     0.891706E-009        0.0066
   552        0.00001389     0.000000E+000     0.890505E-009        0.0066
   553        0.00001389     0.000000E+000     0.889306E-009        0.0066
   554        0.00001389     0.000000E+000     0.888108E-009        0.0066
   555        0.00001389     0.000000E+000     0.886912E-009        0.0066
   556        0.00001389     0.000000E+000     0.885718E-009        0.0066
   557        0.00001389     0.000000E+000     0.884526E-009        0.0066
   558        0.00001389     0.000000E+000     0.883336E-009        0.0067
   559        0.00001389     0.000000E+000     0.882147E-009        0.0067
   560        0.00001389     0.000000E+000     0.880960E-009        0.0067
   561        0.00001389     0.000000E+000     0.879775E-009        0.0067
   562        0.00001389     0.000000E+000     0.878592E-009        0.0067
   563        0.00001389     0.000000E+000     0.877410E-009        0.0067
   564        0.00001389     0.000000E+000     0.876231E-009        0.0067
   565        0.00001389     0.000000E+000     0.875053E-009        0.0067
   566        0.00001389     0.000000E+000     0.873876E-009        0.0068
   567        0.00001389     0.000000E+000     0.872702E-009        0.0068
   568        0.00001389     0.000000E+000     0.871529E-009        0.0068
   569        0.00001389     0.000000E+000     0.870359E-009        0.0068
   570        0.00001389     0.000000E+000     0.869189E-009        0.0068
   571        0.00001389     0.000000E+000     0.868022E-009        0.0068
   572        0.00001389     0.000000E+000     0.866856E-009        0.0068
   573        0.00001389     0.000000E+000     0.865693E-009        0.0069
   574        0.00001389     0.000000E+000     0.864530E-009        0.0069
   575        0.00001389     0.000000E+000     0.863370E-009        0.0069
   576        0.00001389     0.000000E+000     0.862211E-009        0.0069
   577        0.00001389     0.000000E+000     0.861055E-009        0.0069
   578        0.00001389     0.000000E+000     0.859899E-009        0.0069
   579        0.00001389     0.000000E+000     0.858746E-009        0.0069
   580        0.00001389     0.000000E+000     0.857594E-009        0.0070
   581        0.00001389     0.000000E+000     0.856445E-009        0.0070
   582        0.00001389     0.000000E+000     0.855296E-009        0.0070
   583        0.00001429     0.000000E+000     0.903288E-009        0.0070
   584        0.00001450     0.000000E+000     0.928758E-009        0.0070
   585        0.00001450     0.000000E+000     0.927460E-009        0.0070
   586        0.00001450     0.000000E+000     0.926163E-009        0.0070
   587        0.00001450     0.000000E+000     0.924869E-009        0.0071
   588        0.00001450     0.000000E+000     0.923576E-009        0.0071
   589        0.00001450     0.000000E+000     0.922286E-009        0.0071
   590        0.00001450     0.000000E+000     0.920998E-009        0.0071
   591        0.00001450     0.000000E+000     0.919711E-009        0.0071
   592        0.00001450     0.000000E+000     0.918427E-009        0.0071
   593        0.00001450     0.000000E+000     0.917145E-009        0.0071
   594        0.00001450     0.000000E+000     0.915865E-009        0.0072
