#Update-step  Updatetime     Error of A        Error of phi      Time in fs
     1 *      0.05000000     0.000000E+000     0.179578E-005        0.0000
     1        0.05000000     0.000000E+000     0.203998E-005        0.0500
     2                                         0.410639E-005
     2        0.00232558     0.000000E+000     0.879094E-007        0.1000
     3        0.00514076     0.000000E+000     0.259936E-006        0.1023
     4        0.00771114     0.000000E+000     0.272673E-006        0.1075
     5        0.01211750     0.000000E+000     0.318929E-006        0.1152
     6        0.01454100     0.000000E+000     0.223957E-006        0.1273
     7        0.01938800     0.000000E+000     0.230899E-006        0.1418
     8        0.01938800     0.000000E+000     0.202302E-006        0.1612
     9 *      0.00969400     0.000000E+000     0.122039E-005        0.1806
     9        0.00969400     0.000000E+000     0.231652E-006        0.1903
    10        0.01666667     0.000000E+000     0.310818E-006        0.2000
    11        0.02083333     0.000000E+000     0.243185E-006        0.2167
    12 *      0.01562500     0.000000E+000     0.332036E-006        0.2375
    12        0.01562500     0.000000E+000     0.117047E-006        0.2531
    13                                         0.103996E-002
    13 *      0.00027412     0.000000E+000     0.447279E-006        0.2688
    13        0.00027412     0.000000E+000     0.156852E-005        0.2690
    14 *      0.00011993     0.000000E+000     0.398067E-006        0.2693
    14        0.00011993     0.000000E+000     0.407615E-006        0.2694
    15        0.00017814     0.000000E+000     0.906442E-006        0.2695
    16        0.00018134     0.000000E+000     0.941789E-006        0.2697
    17        0.00018134     0.000000E+000     0.938871E-006        0.2699
    18        0.00018134     0.000000E+000     0.933633E-006        0.2701
    19        0.00018245     0.000000E+000     0.938794E-006        0.2703
    20        0.00018245     0.000000E+000     0.932070E-006        0.2704
    21        0.00018359     0.000000E+000     0.936855E-006        0.2706
    22        0.00018359     0.000000E+000     0.930048E-006        0.2708
    23        0.00018476     0.000000E+000     0.935232E-006        0.2710
    24        0.00018476     0.000000E+000     0.928795E-006        0.2712
    25        0.00018596     0.000000E+000     0.934622E-006        0.2714
    26        0.00018596     0.000000E+000     0.928057E-006        0.2715
    27        0.00018719     0.000000E+000     0.595596E-006        0.2717
    28 *      0.00011142     0.000000E+000     0.332613E-006        0.2719
    28        0.00011142     0.000000E+000     0.331566E-006        0.2720
    29        0.00017972     0.000000E+000     0.858755E-006        0.2721
    30        0.00018575     0.000000E+000     0.913421E-006        0.2723
    31        0.00018829     0.000000E+000     0.935401E-006        0.2725
    32        0.00018829     0.000000E+000     0.933431E-006        0.2727
    33        0.00018829     0.000000E+000     0.933410E-006        0.2729
    34        0.00018829     0.000000E+000     0.937258E-006        0.2731
    35        0.00018829     0.000000E+000     0.953499E-006        0.2733
    36 *      0.00009348     0.000000E+000     0.380653E-006        0.2735
    36        0.00009348     0.000000E+000     0.282972E-006        0.2735
    37        0.00015977     0.000000E+000     0.778803E-006        0.2736
    38        0.00017126     0.000000E+000     0.859736E-006        0.2738
    39        0.00017708     0.000000E+000     0.900105E-006        0.2740
    40        0.00017954     0.000000E+000     0.915426E-006        0.2741
    41        0.00018209     0.000000E+000     0.939822E-006        0.2743
    42        0.00018209     0.000000E+000     0.952109E-006        0.2745
    43 *      0.00009039     0.000000E+000     0.259302E-006        0.2747
    43        0.00009039     0.000000E+000     0.240155E-006        0.2748
    44        0.00016533     0.000000E+000     0.817008E-006        0.2749
    45        0.00017458     0.000000E+000     0.925101E-006        0.2750
    46        0.00017581     0.000000E+000     0.948434E-006        0.2752
    47        0.00017581     0.000000E+000     0.955743E-006        0.2754
    48        0.00017456     0.000000E+000     0.947427E-006        0.2756
    49        0.00017456     0.000000E+000     0.951273E-006        0.2757
    50        0.00017330     0.000000E+000     0.940532E-006        0.2759
    51        0.00017330     0.000000E+000     0.942767E-006        0.2761
    52        0.00017330     0.000000E+000     0.944688E-006        0.2763
    53        0.00017330     0.000000E+000     0.946561E-006        0.2764
    54        0.00017330     0.000000E+000     0.948647E-006        0.2766
    55        0.00017330     0.000000E+000     0.951215E-006        0.2768
    56        0.00017201     0.000000E+000     0.940413E-006        0.2770
    57        0.00017201     0.000000E+000     0.944754E-006        0.2771
    58        0.00017201     0.000000E+000     0.950537E-006        0.2773
    59        0.00017071     0.000000E+000     0.943812E-006        0.2775
    60        0.00017071     0.000000E+000     0.953764E-006        0.2776
    61        0.00016940     0.000000E+000     0.952271E-006        0.2778
    62        0.00016811     0.000000E+000     0.954638E-006        0.2780
    63        0.00016683     0.000000E+000     0.962117E-006        0.2781
    64        0.00016555     0.000000E+000     0.976667E-006        0.2783
    65        0.00016304     0.000000E+000     0.986555E-006        0.2785
    66 *      0.00008030     0.000000E+000     0.254003E-006        0.2786
    66        0.00008030     0.000000E+000     0.263339E-006        0.2787
    67        0.00014132     0.000000E+000     0.850299E-006        0.2788
    68 *      0.00007363     0.000000E+000     0.259441E-006        0.2789
    68        0.00007363     0.000000E+000     0.283971E-006        0.2790
    69        0.00012596     0.000000E+000     0.948941E-006        0.2791
    70 *      0.00006298     0.000000E+000     0.404517E-006        0.2792
    70        0.00006298     0.000000E+000     0.899136E-006        0.2793
    71        0.00006863     0.000000E+000     0.499743E-006        0.2793
    72 *      0.00004344     0.000000E+000     0.330201E-006        0.2794
    72        0.00004344     0.000000E+000     0.257595E-006        0.2795
    73 *      0.00003854     0.000000E+000     0.315447E-006        0.2795
    73        0.00003854     0.000000E+000     0.196056E-006        0.2795
    74 *      0.00003796     0.000000E+000     0.295309E-006        0.2796
    74        0.00003796     0.000000E+000     0.192158E-006        0.2796
    75 *      0.00003768     0.000000E+000     0.307587E-006        0.2797
    75        0.00003768     0.000000E+000     0.189480E-006        0.2797
    76 *      0.00003768     0.000000E+000     0.308252E-006        0.2797
    76        0.00003768     0.000000E+000     0.189968E-006        0.2798
    77 *      0.00003768     0.000000E+000     0.310780E-006        0.2798
    77        0.00003768     0.000000E+000     0.191285E-006        0.2798
    78 *      0.00003754     0.000000E+000     0.312869E-006        0.2799
    78        0.00003754     0.000000E+000     0.194170E-006        0.2799
    79 *      0.00003713     0.000000E+000     0.318078E-006        0.2800
    79        0.00003713     0.000000E+000     0.205434E-006        0.2800
    80 *      0.00003592     0.000000E+000     0.325629E-006        0.2800
    80        0.00003592     0.000000E+000     0.230012E-006        0.2801
    81        0.00006678     0.000000E+000     0.891662E-006        0.2801
    82        0.00006840     0.000000E+000     0.466938E-006        0.2802
    83        0.00008904     0.000000E+000     0.304597E-006        0.2802
    84        0.00013478     0.000000E+000     0.631977E-006        0.2803
    85        0.00015634     0.000000E+000     0.803675E-006        0.2805
    86        0.00016570     0.000000E+000     0.883173E-006        0.2806
    87 *      0.00008505     0.000000E+000     0.303162E-006        0.2808
    87        0.00008505     0.000000E+000     0.100066E-005        0.2809
    88 *      0.00004430     0.000000E+000     0.335699E-006        0.2809
    88        0.00004430     0.000000E+000     0.288076E-006        0.2810
    89        0.00007525     0.000000E+000     0.837066E-006        0.2810
    90        0.00007870     0.000000E+000     0.891166E-006        0.2811
    91        0.00008038     0.000000E+000     0.951186E-006        0.2812
    92        0.00008003     0.000000E+000     0.912916E-006        0.2813
    93        0.00008108     0.000000E+000     0.941068E-006        0.2814
    94        0.00008108     0.000000E+000     0.932093E-006        0.2814
    95        0.00008143     0.000000E+000     0.936037E-006        0.2815
    96        0.00008180     0.000000E+000     0.939574E-006        0.2816
    97        0.00008180     0.000000E+000     0.934750E-006        0.2817
    98        0.00008217     0.000000E+000     0.938172E-006        0.2818
    99        0.00008254     0.000000E+000     0.941401E-006        0.2818
   100        0.00008254     0.000000E+000     0.935800E-006        0.2819
   101        0.00008292     0.000000E+000     0.938381E-006        0.2820
   102        0.00008330     0.000000E+000     0.940546E-006        0.2821
   103        0.00008330     0.000000E+000     0.933476E-006        0.2822
   104        0.00008370     0.000000E+000     0.934610E-006        0.2823
   105        0.00008410     0.000000E+000     0.935164E-006        0.2823
   106        0.00008450     0.000000E+000     0.935087E-006        0.2824
   107        0.00008491     0.000000E+000     0.934327E-006        0.2825
   108        0.00008533     0.000000E+000     0.932855E-006        0.2826
   109        0.00008575     0.000000E+000     0.930562E-006        0.2827
   110        0.00008618     0.000000E+000     0.927411E-006        0.2828
   111        0.00008661     0.000000E+000     0.923336E-006        0.2829
   112        0.00008750     0.000000E+000     0.927683E-006        0.2829
   113        0.00008795     0.000000E+000     0.921470E-006        0.2830
   114        0.00008888     0.000000E+000     0.923730E-006        0.2831
   115        0.00008983     0.000000E+000     0.924822E-006        0.2832
   116        0.00009032     0.000000E+000     0.914706E-006        0.2833
   117        0.00009131     0.000000E+000     0.913188E-006        0.2834
   118        0.00009233     0.000000E+000     0.910295E-006        0.2835
   119        0.00009338     0.000000E+000     0.906054E-006        0.2836
   120        0.00009501     0.000000E+000     0.911095E-006        0.2837
   121        0.00009613     0.000000E+000     0.904751E-006        0.2838
   122        0.00009788     0.000000E+000     0.909163E-006        0.2838
   123        0.00009909     0.000000E+000     0.903617E-006        0.2839
   124        0.00010097     0.000000E+000     0.912344E-006        0.2840
   125        0.00010227     0.000000E+000     0.915720E-006        0.2841
   126        0.00010362     0.000000E+000     0.932082E-006        0.2843
   127        0.00010431     0.000000E+000     0.967429E-006        0.2844
   128 *      0.00005146     0.000000E+000     0.257311E-006        0.2845
   128        0.00005146     0.000000E+000     0.267974E-006        0.2845
   129        0.00008976     0.000000E+000     0.836285E-006        0.2846
   130        0.00009417     0.000000E+000     0.932138E-006        0.2847
   131        0.00009475     0.000000E+000     0.927563E-006        0.2847
   132        0.00009535     0.000000E+000     0.905893E-006        0.2848
   133        0.00009657     0.000000E+000     0.885735E-006        0.2849
   134        0.00009913     0.000000E+000     0.893625E-006        0.2850
   135        0.00010115     0.000000E+000     0.900399E-006        0.2851
   136        0.00010256     0.000000E+000     0.903079E-006        0.2852
   137        0.00010401     0.000000E+000     0.911549E-006        0.2853
   138        0.00010552     0.000000E+000     0.924474E-006        0.2854
   139        0.00010630     0.000000E+000     0.927335E-006        0.2855
   140        0.00010709     0.000000E+000     0.932736E-006        0.2857
   141        0.00010709     0.000000E+000     0.926138E-006        0.2858
   142        0.00010791     0.000000E+000     0.935060E-006        0.2859
   143        0.00010791     0.000000E+000     0.930904E-006        0.2860
   144        0.00010875     0.000000E+000     0.942061E-006        0.2861
   145        0.00010875     0.000000E+000     0.939197E-006        0.2862
   146        0.00010875     0.000000E+000     0.936653E-006        0.2863
   147        0.00010875     0.000000E+000     0.934203E-006        0.2864
   148        0.00010875     0.000000E+000     0.931633E-006        0.2865
   149        0.00010875     0.000000E+000     0.928756E-006        0.2866
   150        0.00010965     0.000000E+000     0.940746E-006        0.2867
   151        0.00010965     0.000000E+000     0.936852E-006        0.2868
   152        0.00010965     0.000000E+000     0.932593E-006        0.2870
   153        0.00010965     0.000000E+000     0.928297E-006        0.2871
   154        0.00011059     0.000000E+000     0.940404E-006        0.2872
   155        0.00011059     0.000000E+000     0.937413E-006        0.2873
   156        0.00011059     0.000000E+000     0.935707E-006        0.2874
   157        0.00011059     0.000000E+000     0.935300E-006        0.2875
   158        0.00011059     0.000000E+000     0.935953E-006        0.2876
   159        0.00011059     0.000000E+000     0.937327E-006        0.2877
   160        0.00011059     0.000000E+000     0.939120E-006        0.2878
   161        0.00011059     0.000000E+000     0.941123E-006        0.2879
   162        0.00011059     0.000000E+000     0.943221E-006        0.2881
   163        0.00011059     0.000000E+000     0.945371E-006        0.2882
   164        0.00011059     0.000000E+000     0.947578E-006        0.2883
   165        0.00011059     0.000000E+000     0.949876E-006        0.2884
   166        0.00011059     0.000000E+000     0.952317E-006        0.2885
   167        0.00010953     0.000000E+000     0.936754E-006        0.2886
   168        0.00010953     0.000000E+000     0.939592E-006        0.2887
   169        0.00010953     0.000000E+000     0.942773E-006        0.2888
   170        0.00010953     0.000000E+000     0.946377E-006        0.2889
   171        0.00010953     0.000000E+000     0.950492E-006        0.2890
   172        0.00010953     0.000000E+000     0.955214E-006        0.2892
   173        0.00010842     0.000000E+000     0.941417E-006        0.2893
   174        0.00010842     0.000000E+000     0.947500E-006        0.2894
   175        0.00010842     0.000000E+000     0.954530E-006        0.2895
   176        0.00010731     0.000000E+000     0.943011E-006        0.2896
   177        0.00010731     0.000000E+000     0.952178E-006        0.2897
   178        0.00010619     0.000000E+000     0.942987E-006        0.2898
   179        0.00010619     0.000000E+000     0.955098E-006        0.2899
   180        0.00010507     0.000000E+000     0.949152E-006        0.2900
   181        0.00010507     0.000000E+000     0.965559E-006        0.2901
   182        0.00010395     0.000000E+000     0.964502E-006        0.2902
   183        0.00010285     0.000000E+000     0.966924E-006        0.2903
   184        0.00010175     0.000000E+000     0.973854E-006        0.2904
   185        0.00010067     0.000000E+000     0.986905E-006        0.2905
   186        0.00009855     0.000000E+000     0.987745E-006        0.2906
   187 *      0.00004825     0.000000E+000     0.251527E-006        0.2907
   187        0.00004825     0.000000E+000     0.260027E-006        0.2908
   188        0.00008488     0.000000E+000     0.833864E-006        0.2908
   189 *      0.00004452     0.000000E+000     0.253351E-006        0.2909
   189        0.00004452     0.000000E+000     0.271293E-006        0.2910
   190        0.00007753     0.000000E+000     0.898273E-006        0.2910
   191 *      0.00003945     0.000000E+000     0.309942E-006        0.2911
   191        0.00003945     0.000000E+000     0.422347E-006        0.2911
   192 *      0.00002888     0.000000E+000     0.374206E-006        0.2912
   192        0.00002888     0.000000E+000     0.244375E-006        0.2912
   193 *      0.00002613     0.000000E+000     0.296136E-006        0.2912
   193        0.00002613     0.000000E+000     0.199965E-006        0.2912
   194 *      0.00002552     0.000000E+000     0.291640E-006        0.2913
   194        0.00002552     0.000000E+000     0.190291E-006        0.2913
   195 *      0.00002537     0.000000E+000     0.297456E-006        0.2913
   195        0.00002537     0.000000E+000     0.191355E-006        0.2913
   196 *      0.00002522     0.000000E+000     0.301384E-006        0.2914
   196        0.00002522     0.000000E+000     0.196214E-006        0.2914
   197 *      0.00002478     0.000000E+000     0.297435E-006        0.2914
   197        0.00002478     0.000000E+000     0.199734E-006        0.2915
   198 *      0.00002422     0.000000E+000     0.288604E-006        0.2915
   198        0.00002422     0.000000E+000     0.200183E-006        0.2915
   199 *      0.00002368     0.000000E+000     0.278141E-006        0.2915
   199        0.00002368     0.000000E+000     0.196635E-006        0.2915
   200 *      0.00002329     0.000000E+000     0.272793E-006        0.2916
   200        0.00002329     0.000000E+000     0.196578E-006        0.2916
   201 *      0.00002290     0.000000E+000     0.265653E-006        0.2916
   201        0.00002290     0.000000E+000     0.192768E-006        0.2916
   202 *      0.00002278     0.000000E+000     0.268116E-006        0.2917
   202        0.00002278     0.000000E+000     0.201209E-006        0.2917
   203        0.00004458     0.000000E+000     0.976051E-006        0.2917
   204        0.00004410     0.000000E+000     0.488197E-006        0.2918
   205 *      0.00002809     0.000000E+000     0.391181E-006        0.2918
   205        0.00002809     0.000000E+000     0.270198E-006        0.2918
   206 *      0.00002454     0.000000E+000     0.319826E-006        0.2919
   206        0.00002454     0.000000E+000     0.286099E-006        0.2919
   207        0.00004174     0.000000E+000     0.618535E-006        0.2919
   208        0.00004882     0.000000E+000     0.145036E-006        0.2919
   209        0.00009310     0.000000E+000     0.502741E-006        0.2920
   210        0.00011638     0.000000E+000     0.733786E-006        0.2921
   211        0.00012783     0.000000E+000     0.830092E-006        0.2922
   212        0.00013455     0.000000E+000     0.870231E-006        0.2923
   213        0.00013700     0.000000E+000     0.860840E-006        0.2925
   214        0.00013958     0.000000E+000     0.859314E-006        0.2926
   215        0.00014232     0.000000E+000     0.864567E-006        0.2927
   216        0.00014523     0.000000E+000     0.876300E-006        0.2929
   217        0.00014832     0.000000E+000     0.894781E-006        0.2930
   218        0.00015161     0.000000E+000     0.920795E-006        0.2932
   219        0.00015161     0.000000E+000     0.913036E-006        0.2933
   220        0.00015161     0.000000E+000     0.912184E-006        0.2935
   221        0.00015161     0.000000E+000     0.918923E-006        0.2936
   222        0.00015161     0.000000E+000     0.934331E-006        0.2938
   223        0.00015161     0.000000E+000     0.959927E-006        0.2939
   224        0.00014782     0.000000E+000     0.949065E-006        0.2941
   225 *      0.00007391     0.000000E+000     0.252501E-006        0.2942
   225        0.00007391     0.000000E+000     0.261015E-006        0.2943
   226        0.00013063     0.000000E+000     0.840057E-006        0.2944
   227        0.00013382     0.000000E+000     0.961549E-006        0.2945
   228 *      0.00006528     0.000000E+000     0.268819E-006        0.2946
   228        0.00006528     0.000000E+000     0.308043E-006        0.2947
   229 *      0.00005329     0.000000E+000     0.252344E-006        0.2948
   229        0.00005329     0.000000E+000     0.312504E-006        0.2948
   230        0.00008671     0.000000E+000     0.986805E-006        0.2949
   231 *      0.00004262     0.000000E+000     0.276245E-006        0.2950
   231        0.00004262     0.000000E+000     0.278573E-006        0.2950
   232        0.00007270     0.000000E+000     0.803114E-006        0.2951
   233        0.00007732     0.000000E+000     0.890948E-006        0.2951
   234        0.00007858     0.000000E+000     0.892765E-006        0.2952
   235        0.00007992     0.000000E+000     0.889986E-006        0.2953
   236        0.00008132     0.000000E+000     0.884831E-006        0.2954
   237        0.00008280     0.000000E+000     0.878484E-006        0.2954
   238        0.00008436     0.000000E+000     0.871654E-006        0.2955
   239        0.00008601     0.000000E+000     0.864807E-006        0.2956
   240        0.00008777     0.000000E+000     0.858283E-006        0.2957
   241        0.00008964     0.000000E+000     0.852361E-006        0.2958
   242        0.00009163     0.000000E+000     0.847287E-006        0.2959
   243        0.00009376     0.000000E+000     0.843304E-006        0.2960
   244        0.00009605     0.000000E+000     0.840662E-006        0.2961
   245        0.00009851     0.000000E+000     0.839635E-006        0.2962
   246        0.00010117     0.000000E+000     0.840527E-006        0.2963
   247        0.00010406     0.000000E+000     0.843694E-006        0.2964
   248        0.00010722     0.000000E+000     0.849550E-006        0.2965
   249        0.00011067     0.000000E+000     0.858598E-006        0.2966
   250        0.00011449     0.000000E+000     0.871450E-006        0.2967
   251        0.00011449     0.000000E+000     0.827148E-006        0.2968
   252        0.00011889     0.000000E+000     0.847650E-006        0.2969
   253        0.00012385     0.000000E+000     0.874081E-006        0.2970
   254        0.00012385     0.000000E+000     0.831514E-006        0.2972
   255        0.00012975     0.000000E+000     0.869196E-006        0.2973
   256        0.00012975     0.000000E+000     0.828732E-006        0.2974
   257        0.00012975     0.000000E+000     0.791948E-006        0.2975
   258        0.00013738     0.000000E+000     0.849254E-006        0.2977
   259        0.00013738     0.000000E+000     0.813099E-006        0.2978
   260        0.00013738     0.000000E+000     0.780204E-006        0.2979
   261        0.00014794     0.000000E+000     0.868681E-006        0.2981
   262        0.00014794     0.000000E+000     0.834603E-006        0.2982
   263        0.00014794     0.000000E+000     0.803589E-006        0.2984
   264        0.00014794     0.000000E+000     0.775292E-006        0.2985
   265        0.00014794     0.000000E+000     0.749409E-006        0.2987
   266        0.00014794     0.000000E+000     0.725676E-006        0.2988
   267        0.00014794     0.000000E+000     0.703864E-006        0.2990
   268        0.00014794     0.000000E+000     0.683772E-006        0.2991
   269        0.00014794     0.000000E+000     0.665222E-006        0.2993
   270        0.00014794     0.000000E+000     0.648062E-006        0.2994
   271        0.00014794     0.000000E+000     0.632153E-006        0.2996
   272        0.00014794     0.000000E+000     0.617376E-006        0.2997
   273        0.00014794     0.000000E+000     0.603624E-006        0.2999
   274        0.00017513     0.000000E+000     0.825482E-006        0.3000
   275        0.00018452     0.000000E+000     0.893640E-006        0.3002
   276        0.00018871     0.000000E+000     0.912159E-006        0.3004
   277        0.00019162     0.000000E+000     0.918685E-006        0.3005
   278        0.00019387     0.000000E+000     0.919482E-006        0.3007
   279        0.00019617     0.000000E+000     0.921483E-006        0.3009
   280        0.00019814     0.000000E+000     0.920979E-006        0.3011
   281        0.00020015     0.000000E+000     0.921530E-006        0.3013
   282        0.00020220     0.000000E+000     0.923090E-006        0.3015
   283        0.00020430     0.000000E+000     0.925617E-006        0.3017
   284        0.00020602     0.000000E+000     0.925209E-006        0.3019
   285        0.00020777     0.000000E+000     0.925630E-006        0.3021
   286        0.00020955     0.000000E+000     0.926839E-006        0.3023
   287        0.00021137     0.000000E+000     0.928796E-006        0.3026
   288        0.00021276     0.000000E+000     0.927428E-006        0.3028
   289        0.00021464     0.000000E+000     0.930764E-006        0.3030
   290        0.00021608     0.000000E+000     0.930615E-006        0.3032
   291        0.00021754     0.000000E+000     0.931025E-006        0.3034
   292        0.00021902     0.000000E+000     0.931961E-006        0.3036
   293        0.00022053     0.000000E+000     0.933393E-006        0.3038
   294        0.00022155     0.000000E+000     0.931008E-006        0.3041
   295        0.00022310     0.000000E+000     0.933335E-006        0.3043
   296        0.00022414     0.000000E+000     0.931720E-006        0.3045
   297        0.00022574     0.000000E+000     0.934840E-006        0.3047
   298        0.00022681     0.000000E+000     0.933890E-006        0.3050
   299        0.00022791     0.000000E+000     0.933242E-006        0.3052
   300        0.00022901     0.000000E+000     0.932874E-006        0.3054
   301        0.00023013     0.000000E+000     0.932764E-006        0.3056
   302        0.00023126     0.000000E+000     0.932895E-006        0.3059
   303        0.00023240     0.000000E+000     0.933249E-006        0.3061
   304        0.00023356     0.000000E+000     0.933811E-006        0.3063
   305        0.00023473     0.000000E+000     0.934567E-006        0.3066
   306        0.00023592     0.000000E+000     0.935504E-006        0.3068
   307        0.00023713     0.000000E+000     0.936611E-006        0.3070
   308        0.00023835     0.000000E+000     0.937877E-006        0.3073
   309        0.00023896     0.000000E+000     0.934472E-006        0.3075
   310        0.00024021     0.000000E+000     0.936017E-006        0.3078
   311        0.00024147     0.000000E+000     0.937695E-006        0.3080
   312        0.00024210     0.000000E+000     0.934576E-006        0.3082
   313        0.00024339     0.000000E+000     0.936486E-006        0.3085
   314        0.00024470     0.000000E+000     0.938511E-006        0.3087
   315        0.00024536     0.000000E+000     0.935611E-006        0.3090
   316        0.00024669     0.000000E+000     0.937837E-006        0.3092
   317        0.00024736     0.000000E+000     0.935064E-006        0.3095
   318        0.00024873     0.000000E+000     0.937477E-006        0.3097
   319        0.00024942     0.000000E+000     0.934818E-006        0.3100
   320        0.00025081     0.000000E+000     0.937408E-006        0.3102
   321        0.00025151     0.000000E+000     0.934849E-006        0.3105
   322        0.00025294     0.000000E+000     0.937614E-006        0.3107
   323        0.00025366     0.000000E+000     0.935153E-006        0.3110
   324        0.00025512     0.000000E+000     0.938092E-006        0.3112
   325        0.00025585     0.000000E+000     0.935726E-006        0.3115
   326        0.00025660     0.000000E+000     0.933418E-006        0.3117
   327        0.00025810     0.000000E+000     0.936612E-006        0.3120
   328        0.00025886     0.000000E+000     0.934401E-006        0.3122
   329        0.00026041     0.000000E+000     0.937782E-006        0.3125
   330        0.00026119     0.000000E+000     0.935672E-006        0.3128
   331        0.00026197     0.000000E+000     0.933626E-006        0.3130
   332        0.00026356     0.000000E+000     0.937290E-006        0.3133
   333        0.00026437     0.000000E+000     0.935357E-006        0.3136
   334        0.00026518     0.000000E+000     0.933493E-006        0.3138
   335        0.00026683     0.000000E+000     0.937468E-006        0.3141
   336        0.00026767     0.000000E+000     0.935730E-006        0.3143
   337        0.00026851     0.000000E+000     0.934067E-006        0.3146
   338        0.00027021     0.000000E+000     0.938386E-006        0.3149
   339        0.00027107     0.000000E+000     0.936867E-006        0.3152
   340        0.00027195     0.000000E+000     0.935431E-006        0.3154
   341        0.00027283     0.000000E+000     0.934082E-006        0.3157
   342        0.00027372     0.000000E+000     0.932821E-006        0.3160
   343        0.00027552     0.000000E+000     0.937765E-006        0.3162
   344        0.00027643     0.000000E+000     0.936679E-006        0.3165
   345        0.00027735     0.000000E+000     0.935692E-006        0.3168
   346        0.00027828     0.000000E+000     0.934805E-006        0.3171
   347        0.00027922     0.000000E+000     0.934021E-006        0.3174
   348        0.00028017     0.000000E+000     0.933344E-006        0.3176
   349        0.00028113     0.000000E+000     0.932776E-006        0.3179
   350        0.00028308     0.000000E+000     0.938760E-006        0.3182
   351        0.00028406     0.000000E+000     0.938417E-006        0.3185
   352        0.00028506     0.000000E+000     0.938194E-006        0.3188
   353        0.00028607     0.000000E+000     0.938094E-006        0.3190
   354        0.00028708     0.000000E+000     0.938119E-006        0.3193
   355        0.00028811     0.000000E+000     0.938275E-006        0.3196
   356        0.00028915     0.000000E+000     0.938563E-006        0.3199
   357        0.00029020     0.000000E+000     0.938988E-006        0.3202
   358        0.00029127     0.000000E+000     0.939555E-006        0.3205
   359        0.00029234     0.000000E+000     0.940266E-006        0.3208
   360        0.00029343     0.000000E+000     0.941128E-006        0.3211
   361        0.00029343     0.000000E+000     0.935151E-006        0.3214
   362        0.00029453     0.000000E+000     0.936320E-006        0.3217
   363        0.00029565     0.000000E+000     0.937660E-006        0.3219
   364        0.00029678     0.000000E+000     0.939186E-006        0.3222
   365        0.00029792     0.000000E+000     0.940920E-006        0.3225
   366        0.00029792     0.000000E+000     0.935654E-006        0.3228
   367        0.00029908     0.000000E+000     0.937924E-006        0.3231
   368        0.00030025     0.000000E+000     0.940682E-006        0.3234
   369        0.00030025     0.000000E+000     0.937126E-006        0.3237
   370        0.00030144     0.000000E+000     0.946531E-006        0.3240
   371        0.00030144     0.000000E+000     0.936390E-006        0.3243
   372        0.00030265     0.000000E+000     0.939030E-006        0.3246
   373        0.00030388     0.000000E+000     0.941275E-006        0.3249
   374        0.00030388     0.000000E+000     0.935803E-006        0.3252
   375        0.00030512     0.000000E+000     0.937952E-006        0.3256
   376        0.00030638     0.000000E+000     0.940158E-006        0.3259
   377        0.00030638     0.000000E+000     0.934660E-006        0.3262
   378        0.00030767     0.000000E+000     0.937010E-006        0.3265
   379        0.00030896     0.000000E+000     0.939464E-006        0.3268
   380        0.00031028     0.000000E+000     0.942030E-006        0.3271
   381        0.00031028     0.000000E+000     0.936676E-006        0.3274
   382        0.00031162     0.000000E+000     0.939444E-006        0.3277
   383        0.00031162     0.000000E+000     0.934218E-006        0.3280
   384        0.00031298     0.000000E+000     0.937203E-006        0.3283
   385        0.00031435     0.000000E+000     0.940321E-006        0.3286
   386        0.00031435     0.000000E+000     0.935266E-006        0.3290
   387        0.00031576     0.000000E+000     0.938617E-006        0.3293
   388        0.00031718     0.000000E+000     0.942113E-006        0.3296
   389        0.00031718     0.000000E+000     0.937240E-006        0.3299
   390        0.00031863     0.000000E+000     0.940987E-006        0.3302
   391        0.00031863     0.000000E+000     0.936264E-006        0.3305
   392        0.00032010     0.000000E+000     0.940274E-006        0.3309
   393        0.00032010     0.000000E+000     0.935705E-006        0.3312
   394        0.00032161     0.000000E+000     0.939987E-006        0.3315
   395        0.00032161     0.000000E+000     0.935576E-006        0.3318
   396        0.00032314     0.000000E+000     0.940139E-006        0.3321
   397        0.00032314     0.000000E+000     0.935884E-006        0.3325
   398        0.00032470     0.000000E+000     0.940731E-006        0.3328
   399        0.00032470     0.000000E+000     0.936621E-006        0.3331
   400        0.00032629     0.000000E+000     0.941743E-006        0.3334
   401        0.00032629     0.000000E+000     0.937749E-006        0.3338
   402        0.00032791     0.000000E+000     0.943105E-006        0.3341
   403        0.00032791     0.000000E+000     0.939158E-006        0.3344
   404        0.00032791     0.000000E+000     0.935214E-006        0.3347
   405        0.00032958     0.000000E+000     0.940667E-006        0.3351
   406        0.00032958     0.000000E+000     0.936489E-006        0.3354
   407        0.00033128     0.000000E+000     0.941677E-006        0.3357
   408        0.00033128     0.000000E+000     0.936812E-006        0.3361
   409        0.00033301     0.000000E+000     0.941079E-006        0.3364
   410        0.00033301     0.000000E+000     0.934594E-006        0.3367
   411        0.00033478     0.000000E+000     0.936581E-006        0.3371
   412        0.00033658     0.000000E+000     0.936523E-006        0.3374
   413        0.00033841     0.000000E+000     0.933437E-006        0.3377
   414        0.00034027     0.000000E+000     0.925974E-006        0.3381
   415        0.00034216     0.000000E+000     0.912389E-006        0.3384
   416        0.00034603     0.000000E+000     0.900689E-006        0.3388
   417        0.00035203     0.000000E+000     0.888462E-006        0.3391
   418        0.00036041     0.000000E+000     0.873935E-006        0.3395
   419        0.00037153     0.000000E+000     0.857988E-006        0.3398
   420        0.00038592     0.000000E+000     0.851403E-006        0.3402
   421        0.00040156     0.000000E+000     0.775819E-006        0.3406
   422        0.00043087     0.000000E+000     0.773603E-006        0.3410
   423        0.00046507     0.000000E+000     0.776914E-006        0.3414
   424        0.00050115     0.000000E+000     0.782095E-006        0.3419
   425        0.00053862     0.000000E+000     0.794122E-006        0.3424
   426        0.00057094     0.000000E+000     0.799667E-006        0.3429
   427        0.00060777     0.000000E+000     0.834560E-006        0.3435
   428        0.00063540     0.000000E+000     0.975469E-006        0.3441
   429        0.00062818     0.000000E+000     0.775422E-006        0.3447
   430        0.00067471     0.000000E+000     0.824600E-006        0.3453
   431        0.00071022     0.000000E+000     0.856276E-006        0.3460
   432        0.00072968     0.000000E+000     0.855689E-006        0.3467
   433        0.00075053     0.000000E+000     0.863648E-006        0.3475
   434        0.00077293     0.000000E+000     0.879002E-006        0.3482
   435        0.00078482     0.000000E+000     0.874680E-006        0.3490
   436        0.00079728     0.000000E+000     0.880308E-006        0.3498
   437 *      0.00040518     0.000000E+000     0.257336E-006        0.3506
   437        0.00040518     0.000000E+000     0.383217E-006        0.3510
   438 *      0.00030773     0.000000E+000     0.701098E-006        0.3514
   438        0.00030773     0.000000E+000     0.335042E-005        0.3517
   439 *      0.00009919     0.000000E+000     0.466092E-006        0.3520
   439        0.00009919     0.000000E+000     0.459689E-006        0.3521
   440        0.00014061     0.000000E+000     0.896460E-006        0.3522
   441        0.00014357     0.000000E+000     0.883561E-006        0.3523
   442        0.00014713     0.000000E+000     0.846843E-006        0.3525
   443        0.00015332     0.000000E+000     0.797654E-006        0.3526
   444        0.00016340     0.000000E+000     0.748851E-006        0.3528
   445        0.00017825     0.000000E+000     0.752042E-006        0.3529
   446        0.00019453     0.000000E+000     0.788716E-006        0.3531
   447        0.00020842     0.000000E+000     0.821015E-006        0.3533
   448        0.00022027     0.000000E+000     0.847133E-006        0.3535
   449        0.00022900     0.000000E+000     0.856725E-006        0.3537
   450        0.00023726     0.000000E+000     0.868873E-006        0.3540
   451        0.00024487     0.000000E+000     0.880541E-006        0.3542
   452        0.00025164     0.000000E+000     0.889389E-006        0.3545
   453        0.00025736     0.000000E+000     0.893574E-006        0.3547
   454        0.00026338     0.000000E+000     0.902126E-006        0.3550
   455        0.00026811     0.000000E+000     0.903923E-006        0.3552
   456        0.00027304     0.000000E+000     0.909326E-006        0.3555
   457        0.00027646     0.000000E+000     0.907550E-006        0.3558
   458        0.00027998     0.000000E+000     0.912702E-006        0.3560
   459        0.00028361     0.000000E+000     0.792431E-006        0.3563
   460        0.00030345     0.000000E+000     0.885472E-006        0.3566
   461        0.00031000     0.000000E+000     0.899875E-006        0.3569
   462        0.00031456     0.000000E+000     0.903152E-006        0.3572
   463        0.00031929     0.000000E+000     0.908552E-006        0.3575
   464        0.00032420     0.000000E+000     0.916417E-006        0.3579
   465        0.00032673     0.000000E+000     0.912804E-006        0.3582
   466        0.00032932     0.000000E+000     0.912167E-006        0.3585
   467        0.00033198     0.000000E+000     0.915394E-006        0.3588
   468        0.00033470     0.000000E+000     0.924374E-006        0.3592
   469        0.00033749     0.000000E+000     0.943594E-006        0.3595
   470        0.00033749     0.000000E+000     0.969331E-006        0.3598
   471 *      0.00016733     0.000000E+000     0.262737E-006        0.3602
   471        0.00016733     0.000000E+000     0.294316E-006        0.3603
   472 *      0.00014103     0.000000E+000     0.263762E-006        0.3605
   472        0.00014103     0.000000E+000     0.389976E-006        0.3607
   473 *      0.00010654     0.000000E+000     0.453166E-006        0.3608
   473        0.00010654     0.000000E+000     0.850684E-006        0.3609
   474 *      0.00005926     0.000000E+000     0.363696E-006        0.3610
   474        0.00005926     0.000000E+000     0.377660E-006        0.3611
   475        0.00009083     0.000000E+000     0.913639E-006        0.3611
   476        0.00009213     0.000000E+000     0.992531E-006        0.3612
   477 *      0.00004520     0.000000E+000     0.256252E-006        0.3613
   477        0.00004520     0.000000E+000     0.265132E-006        0.3614
   478        0.00007943     0.000000E+000     0.843327E-006        0.3614
   479        0.00008302     0.000000E+000     0.976264E-006        0.3615
   480 *      0.00004107     0.000000E+000     0.254210E-006        0.3616
   480        0.00004107     0.000000E+000     0.260445E-006        0.3616
   481        0.00007278     0.000000E+000     0.832203E-006        0.3616
   482        0.00007642     0.000000E+000     0.945999E-006        0.3617
   483        0.00007642     0.000000E+000     0.966048E-006        0.3618
   484        0.00007581     0.000000E+000     0.960085E-006        0.3619
   485        0.00007551     0.000000E+000     0.953781E-006        0.3619
   486        0.00007536     0.000000E+000     0.946748E-006        0.3620
   487        0.00007536     0.000000E+000     0.942244E-006        0.3621
   488        0.00007551     0.000000E+000     0.942974E-006        0.3622
   489        0.00007566     0.000000E+000     0.946620E-006        0.3622
   490        0.00007566     0.000000E+000     0.949037E-006        0.3623
   491        0.00007566     0.000000E+000     0.952610E-006        0.3624
   492        0.00007551     0.000000E+000     0.952385E-006        0.3625
   493        0.00007536     0.000000E+000     0.951850E-006        0.3625
   494        0.00007520     0.000000E+000     0.951582E-006        0.3626
   495        0.00007505     0.000000E+000     0.953950E-006        0.3627
   496        0.00007490     0.000000E+000     0.967900E-006        0.3628
   497        0.00007430     0.000000E+000     0.956019E-006        0.3628
   498        0.00007401     0.000000E+000     0.952483E-006        0.3629
   499        0.00007386     0.000000E+000     0.954685E-006        0.3630
   500        0.00007371     0.000000E+000     0.958779E-006        0.3631
   501        0.00007342     0.000000E+000     0.959948E-006        0.3631
   502        0.00007313     0.000000E+000     0.958821E-006        0.3632
   503        0.00007284     0.000000E+000     0.946053E-006        0.3633
   504        0.00007284     0.000000E+000     0.897287E-006        0.3634
   505        0.00007432     0.000000E+000     0.727543E-006        0.3634
   506        0.00008218     0.000000E+000     0.476405E-006        0.3635
   507        0.00010614     0.000000E+000     0.522619E-006        0.3636
   508        0.00013248     0.000000E+000     0.707052E-006        0.3637
   509        0.00014763     0.000000E+000     0.852260E-006        0.3638
   510        0.00015328     0.000000E+000     0.919842E-006        0.3640
   511        0.00015460     0.000000E+000     0.941471E-006        0.3641
   512        0.00015460     0.000000E+000     0.945341E-006        0.3643
   513        0.00015460     0.000000E+000     0.945979E-006        0.3644
   514        0.00015460     0.000000E+000     0.943478E-006        0.3646
   515        0.00015460     0.000000E+000     0.938268E-006        0.3648
   516        0.00015528     0.000000E+000     0.939013E-006        0.3649
   517        0.00015598     0.000000E+000     0.937883E-006        0.3651
   518        0.00015668     0.000000E+000     0.935182E-006        0.3652
   519        0.00015739     0.000000E+000     0.931165E-006        0.3654
   520        0.00015811     0.000000E+000     0.926055E-006        0.3655
   521        0.00015959     0.000000E+000     0.928542E-006        0.3657
   522        0.00016033     0.000000E+000     0.921702E-006        0.3658
   523        0.00016186     0.000000E+000     0.922927E-006        0.3660
   524        0.00016343     0.000000E+000     0.923731E-006        0.3662
   525        0.00016503     0.000000E+000     0.924236E-006        0.3663
   526        0.00016667     0.000000E+000     0.924556E-006        0.3665
   527        0.00016835     0.000000E+000     0.924796E-006        0.3667
   528        0.00017008     0.000000E+000     0.925050E-006        0.3668
   529        0.00017096     0.000000E+000     0.915935E-006        0.3670
   530        0.00017276     0.000000E+000     0.916436E-006        0.3672
   531        0.00017461     0.000000E+000     0.917130E-006        0.3673
   532        0.00017651     0.000000E+000     0.918038E-006        0.3675
   533        0.00017846     0.000000E+000     0.919153E-006        0.3677
   534        0.00018046     0.000000E+000     0.920445E-006        0.3679
   535        0.00018252     0.000000E+000     0.921866E-006        0.3681
   536        0.00018358     0.000000E+000     0.912839E-006        0.3682
   537        0.00018574     0.000000E+000     0.914347E-006        0.3684
   538        0.00018796     0.000000E+000     0.915924E-006        0.3686
   539        0.00019026     0.000000E+000     0.917741E-006        0.3688
   540        0.00019262     0.000000E+000     0.920192E-006        0.3690
   541        0.00019383     0.000000E+000     0.912543E-006        0.3692
   542        0.00019632     0.000000E+000     0.918586E-006        0.3694
   543        0.00019759     0.000000E+000     0.915994E-006        0.3696
   544        0.00020021     0.000000E+000     0.928270E-006        0.3698
   545        0.00020155     0.000000E+000     0.929817E-006        0.3700
   546        0.00020292     0.000000E+000     0.930792E-006        0.3702
   547        0.00020432     0.000000E+000     0.930796E-006        0.3704
   548        0.00020575     0.000000E+000     0.930356E-006        0.3706
   549        0.00020721     0.000000E+000     0.929750E-006        0.3708
   550        0.00020870     0.000000E+000     0.929067E-006        0.3710
   551        0.00021022     0.000000E+000     0.928323E-006        0.3712
   552        0.00021178     0.000000E+000     0.927535E-006        0.3714
   553        0.00021337     0.000000E+000     0.926757E-006        0.3716
   554        0.00021500     0.000000E+000     0.926095E-006        0.3718
   555        0.00021667     0.000000E+000     0.925693E-006        0.3720
   556        0.00021837     0.000000E+000     0.925720E-006        0.3723
   557        0.00022012     0.000000E+000     0.926350E-006        0.3725
   558        0.00022191     0.000000E+000     0.927745E-006        0.3727
   559        0.00022375     0.000000E+000     0.930049E-006        0.3729
   560        0.00022375     0.000000E+000     0.918008E-006        0.3732
   561        0.00022564     0.000000E+000     0.922342E-006        0.3734
   562        0.00022759     0.000000E+000     0.927832E-006        0.3736
   563        0.00022958     0.000000E+000     0.934536E-006        0.3738
   564        0.00022958     0.000000E+000     0.926011E-006        0.3741
   565        0.00023165     0.000000E+000     0.935032E-006        0.3743
   566        0.00023165     0.000000E+000     0.928362E-006        0.3745
   567        0.00023165     0.000000E+000     0.922662E-006        0.3747
   568        0.00023382     0.000000E+000     0.935013E-006        0.3750
   569        0.00023382     0.000000E+000     0.931016E-006        0.3752
   570        0.00023382     0.000000E+000     0.927893E-006        0.3754
   571        0.00023382     0.000000E+000     0.925609E-006        0.3757
   572        0.00023611     0.000000E+000     0.942240E-006        0.3759
   573        0.00023611     0.000000E+000     0.941534E-006        0.3762
   574        0.00023611     0.000000E+000     0.941616E-006        0.3764
   575        0.00023611     0.000000E+000     0.942464E-006        0.3766
   576        0.00023611     0.000000E+000     0.944058E-006        0.3769
   577        0.00023611     0.000000E+000     0.946380E-006        0.3771
   578        0.00023611     0.000000E+000     0.949416E-006        0.3773
   579        0.00023611     0.000000E+000     0.953151E-006        0.3776
   580        0.00023362     0.000000E+000     0.937608E-006        0.3778
   581        0.00023362     0.000000E+000     0.942540E-006        0.3780
   582        0.00023362     0.000000E+000     0.948111E-006        0.3783
   583        0.00023362     0.000000E+000     0.954316E-006        0.3785
   584        0.00023108     0.000000E+000     0.940452E-006        0.3787
   585        0.00023108     0.000000E+000     0.947672E-006        0.3790
   586        0.00023108     0.000000E+000     0.955503E-006        0.3792
   587        0.00022852     0.000000E+000     0.942730E-006        0.3794
   588        0.00022852     0.000000E+000     0.951520E-006        0.3797
   589        0.00022595     0.000000E+000     0.939554E-006        0.3799
   590        0.00022595     0.000000E+000     0.949334E-006        0.3801
   591        0.00022595     0.000000E+000     0.959829E-006        0.3803
   592        0.00022335     0.000000E+000     0.948989E-006        0.3806
   593        0.00022335     0.000000E+000     0.960756E-006        0.3808
   594        0.00022075     0.000000E+000     0.951067E-006        0.3810
   595        0.00021819     0.000000E+000     0.942251E-006        0.3812
   596        0.00021819     0.000000E+000     0.956456E-006        0.3815
   597        0.00021562     0.000000E+000     0.949433E-006        0.3817
   598        0.00021562     0.000000E+000     0.966170E-006        0.3819
   599        0.00021305     0.000000E+000     0.961489E-006        0.3821
   600        0.00021052     0.000000E+000     0.958151E-006        0.3823
   601        0.00020801     0.000000E+000     0.956031E-006        0.3825
   602        0.00020553     0.000000E+000     0.954845E-006        0.3827
   603        0.00020309     0.000000E+000     0.954137E-006        0.3829
   604        0.00020067     0.000000E+000     0.953334E-006        0.3831
   605        0.00019828     0.000000E+000     0.951875E-006        0.3833
   606        0.00019592     0.000000E+000     0.949378E-006        0.3835
   607        0.00019592     0.000000E+000     0.968593E-006        0.3837
   608        0.00019356     0.000000E+000     0.963644E-006        0.3839
   609        0.00019123     0.000000E+000     0.957696E-006        0.3841
   610        0.00018892     0.000000E+000     0.950936E-006        0.3843
   611        0.00018665     0.000000E+000     0.943533E-006        0.3845
   612        0.00018665     0.000000E+000     0.958540E-006        0.3847
   613        0.00018437     0.000000E+000     0.949926E-006        0.3849
   614        0.00018437     0.000000E+000     0.964305E-006        0.3851
   615        0.00018210     0.000000E+000     0.954733E-006        0.3853
   616        0.00017985     0.000000E+000     0.944913E-006        0.3854
   617        0.00017985     0.000000E+000     0.958343E-006        0.3856
   618        0.00017760     0.000000E+000     0.947717E-006        0.3858
   619        0.00017760     0.000000E+000     0.960708E-006        0.3860
   620        0.00017535     0.000000E+000     0.949271E-006        0.3861
   621        0.00017535     0.000000E+000     0.961781E-006        0.3863
   622        0.00017310     0.000000E+000     0.949502E-006        0.3865
   623        0.00017310     0.000000E+000     0.961473E-006        0.3867
   624        0.00017086     0.000000E+000     0.948323E-006        0.3868
   625        0.00017086     0.000000E+000     0.959702E-006        0.3870
   626        0.00016861     0.000000E+000     0.945671E-006        0.3872
   627        0.00016861     0.000000E+000     0.956430E-006        0.3874
   628        0.00016636     0.000000E+000     0.941536E-006        0.3875
   629        0.00016636     0.000000E+000     0.951683E-006        0.3877
   630        0.00016411     0.000000E+000     0.935985E-006        0.3879
   631        0.00016411     0.000000E+000     0.945557E-006        0.3880
   632        0.00016411     0.000000E+000     0.955054E-006        0.3882
   633        0.00016183     0.000000E+000     0.937946E-006        0.3883
   634        0.00016183     0.000000E+000     0.946925E-006        0.3885
   635        0.00016183     0.000000E+000     0.955841E-006        0.3887
   636        0.00015952     0.000000E+000     0.937403E-006        0.3888
   637        0.00015952     0.000000E+000     0.945818E-006        0.3890
   638        0.00015952     0.000000E+000     0.954160E-006        0.3892
   639        0.00015717     0.000000E+000     0.934392E-006        0.3893
   640        0.00015717     0.000000E+000     0.942170E-006        0.3895
   641        0.00015717     0.000000E+000     0.949792E-006        0.3896
   642        0.00015717     0.000000E+000     0.957198E-006        0.3898
   643        0.00015476     0.000000E+000     0.934963E-006        0.3899
   644        0.00015476     0.000000E+000     0.941408E-006        0.3901
   645        0.00015476     0.000000E+000     0.947417E-006        0.3903
   646        0.00015476     0.000000E+000     0.952922E-006        0.3904
   647        0.00015226     0.000000E+000     0.927270E-006        0.3906
   648        0.00015226     0.000000E+000     0.931314E-006        0.3907
   649        0.00015226     0.000000E+000     0.934690E-006        0.3909
   650        0.00015226     0.000000E+000     0.937361E-006        0.3910
   651        0.00015226     0.000000E+000     0.939302E-006        0.3912
   652        0.00015226     0.000000E+000     0.940495E-006        0.3913
   653        0.00015226     0.000000E+000     0.940933E-006        0.3915
   654        0.00015226     0.000000E+000     0.940615E-006        0.3916
   655        0.00015226     0.000000E+000     0.939543E-006        0.3918
   656        0.00015226     0.000000E+000     0.937726E-006        0.3919
   657        0.00015226     0.000000E+000     0.935166E-006        0.3921
   658        0.00015226     0.000000E+000     0.931821E-006        0.3922
   659        0.00015226     0.000000E+000     0.914041E-006        0.3924
   660        0.00015226     0.000000E+000     0.925409E-006        0.3925
   661        0.00015226     0.000000E+000     0.920385E-006        0.3927
   662        0.00015226     0.000000E+000     0.914653E-006        0.3928
   663        0.00015226     0.000000E+000     0.908351E-006        0.3930
   664        0.00015226     0.000000E+000     0.901539E-006        0.3931
   665        0.00015226     0.000000E+000     0.894256E-006        0.3933
   666        0.00015226     0.000000E+000     0.886546E-006        0.3935
   667        0.00015597     0.000000E+000     0.921683E-006        0.3936
   668        0.00015597     0.000000E+000     0.912587E-006        0.3938
   669        0.00015597     0.000000E+000     0.903131E-006        0.3939
   670        0.00015597     0.000000E+000     0.893352E-006        0.3941
   671        0.00015597     0.000000E+000     0.883280E-006        0.3942
   672        0.00016043     0.000000E+000     0.923387E-006        0.3944
   673        0.00016043     0.000000E+000     0.911891E-006        0.3945
   674        0.00016043     0.000000E+000     0.900173E-006        0.3947
   675        0.00016043     0.000000E+000     0.888258E-006        0.3949
   676        0.00016043     0.000000E+000     0.876178E-006        0.3950
   677        0.00016043     0.000000E+000     0.863956E-006        0.3952
   678        0.00016616     0.000000E+000     0.913345E-006        0.3953
   679        0.00016616     0.000000E+000     0.899534E-006        0.3955
   680        0.00016616     0.000000E+000     0.885639E-006        0.3957
   681        0.00016616     0.000000E+000     0.871681E-006        0.3958
   682        0.00016616     0.000000E+000     0.857679E-006        0.3960
   683        0.00016616     0.000000E+000     0.843652E-006        0.3962
   684        0.00016616     0.000000E+000     0.829615E-006        0.3963
   685        0.00017447     0.000000E+000     0.898924E-006        0.3965
   686        0.00017447     0.000000E+000     0.882705E-006        0.3967
   687        0.00017447     0.000000E+000     0.866528E-006        0.3969
   688        0.00017447     0.000000E+000     0.850408E-006        0.3970
   689        0.00017447     0.000000E+000     0.834363E-006        0.3972
   690        0.00017447     0.000000E+000     0.818411E-006        0.3974
   691        0.00017447     0.000000E+000     0.802567E-006        0.3976
   692        0.00017447     0.000000E+000     0.786846E-006        0.3977
   693        0.00017447     0.000000E+000     0.771263E-006        0.3979
   694        0.00017447     0.000000E+000     0.755832E-006        0.3981
   695        0.00017447     0.000000E+000     0.740566E-006        0.3983
   696        0.00017447     0.000000E+000     0.725475E-006        0.3984
   697        0.00017447     0.000000E+000     0.710570E-006        0.3986
   698        0.00017447     0.000000E+000     0.695861E-006        0.3988
   699        0.00017447     0.000000E+000     0.681356E-006        0.3990
   700        0.00017447     0.000000E+000     0.667061E-006        0.3991
   701        0.00017447     0.000000E+000     0.652984E-006        0.3993
   702        0.00017447     0.000000E+000     0.639130E-006        0.3995
   703        0.00017447     0.000000E+000     0.625505E-006        0.3997
   704        0.00017447     0.000000E+000     0.612114E-006        0.3998
   705        0.00020534     0.000000E+000     0.828784E-006        0.4000
   706        0.00021601     0.000000E+000     0.893519E-006        0.4002
   707        0.00022080     0.000000E+000     0.908445E-006        0.4004
   708        0.00022428     0.000000E+000     0.911594E-006        0.4006
   709        0.00022737     0.000000E+000     0.910693E-006        0.4009
   710        0.00023055     0.000000E+000     0.909873E-006        0.4011
   711        0.00023383     0.000000E+000     0.909170E-006        0.4013
   712        0.00023721     0.000000E+000     0.908618E-006        0.4016
   713        0.00024070     0.000000E+000     0.908238E-006        0.4018
   714        0.00024430     0.000000E+000     0.908028E-006        0.4020
   715        0.00024802     0.000000E+000     0.907913E-006        0.4023
   716        0.00025186     0.000000E+000     0.907533E-006        0.4025
   717        0.00025584     0.000000E+000     0.904922E-006        0.4028
   718        0.00025996     0.000000E+000     0.875687E-006        0.4030
   719        0.00026788     0.000000E+000     0.867210E-006        0.4033
   720        0.00027712     0.000000E+000     0.952496E-006        0.4036
   721        0.00027632     0.000000E+000     0.900175E-006        0.4038
   722        0.00028201     0.000000E+000     0.894405E-006        0.4041
   723        0.00028795     0.000000E+000     0.892609E-006        0.4044
   724        0.00029417     0.000000E+000     0.893444E-006        0.4047
   725        0.00030069     0.000000E+000     0.895967E-006        0.4050
   726        0.00030653     0.000000E+000     0.893805E-006        0.4053
   727        0.00031366     0.000000E+000     0.898033E-006        0.4056
   728        0.00032006     0.000000E+000     0.896558E-006        0.4059
   729        0.00032675     0.000000E+000     0.895056E-006        0.4062
   730        0.00033375     0.000000E+000     0.893357E-006        0.4065
   731        0.00034109     0.000000E+000     0.891331E-006        0.4069
   732        0.00034878     0.000000E+000     0.888882E-006        0.4072
   733        0.00035686     0.000000E+000     0.885939E-006        0.4076
   734        0.00036536     0.000000E+000     0.882456E-006        0.4079
   735        0.00037431     0.000000E+000     0.878407E-006        0.4083
   736        0.00038536     0.000000E+000     0.881090E-006        0.4087
   737        0.00039541     0.000000E+000     0.875859E-006        0.4091
   738        0.00040605     0.000000E+000     0.870119E-006        0.4095
   739        0.00041927     0.000000E+000     0.871903E-006        0.4099
   740        0.00043137     0.000000E+000     0.865317E-006        0.4103
   741        0.00044647     0.000000E+000     0.867046E-006        0.4107
   742        0.00046035     0.000000E+000     0.860173E-006        0.4112
   743        0.00047776     0.000000E+000     0.862668E-006        0.4116
   744        0.00049387     0.000000E+000     0.856436E-006        0.4121
   745        0.00051120     0.000000E+000     0.851054E-006        0.4126
   746        0.00052990     0.000000E+000     0.846909E-006        0.4131
   747        0.00055015     0.000000E+000     0.844444E-006        0.4136
   748        0.00057216     0.000000E+000     0.844163E-006        0.4142
   749        0.00059616     0.000000E+000     0.846639E-006        0.4147
   750        0.00062246     0.000000E+000     0.852525E-006        0.4153
   751        0.00064641     0.000000E+000     0.849476E-006        0.4160
   752        0.00067247     0.000000E+000     0.850435E-006        0.4166
   753        0.00070096     0.000000E+000     0.855977E-006        0.4173
   754        0.00072578     0.000000E+000     0.851604E-006        0.4180
   755        0.00075266     0.000000E+000     0.852051E-006        0.4187
   756        0.00078189     0.000000E+000     0.855026E-006        0.4195
   757        0.00081380     0.000000E+000     0.870175E-006        0.4202
   758        0.00083977     0.000000E+000     0.869314E-006        0.4211
   759        0.00086777     0.000000E+000     0.873332E-006        0.4219
   760        0.00088771     0.000000E+000     0.862408E-006        0.4228
   761        0.00091980     0.000000E+000     0.876434E-006        0.4237
   762        0.00094280     0.000000E+000     0.873922E-006        0.4246
   763        0.00096728     0.000000E+000     0.875624E-006        0.4255
   764        0.00099343     0.000000E+000     0.881468E-006        0.4265
   765        0.00102141     0.000000E+000     0.891455E-006        0.4275
   766        0.00103621     0.000000E+000     0.879753E-006        0.4285
   767        0.00105168     0.000000E+000     0.871076E-006        0.4295
   768        0.00108454     0.000000E+000     0.892207E-006        0.4306
   769        0.00110204     0.000000E+000     0.888612E-006        0.4317
   770        0.00112040     0.000000E+000     0.887482E-006        0.4328
   771        0.00113972     0.000000E+000     0.888684E-006        0.4339
   772        0.00116007     0.000000E+000     0.892135E-006        0.4350
   773        0.00118156     0.000000E+000     0.897794E-006        0.4362
   774        0.00120428     0.000000E+000     0.905662E-006        0.4374
   775        0.00120428     0.000000E+000     0.880434E-006        0.4386
   776        0.00122886     0.000000E+000     0.892142E-006        0.4398
   777        0.00125500     0.000000E+000     0.906118E-006        0.4410
   778        0.00125500     0.000000E+000     0.883083E-006        0.4423
   779        0.00128353     0.000000E+000     0.900864E-006        0.4435
   780        0.00128353     0.000000E+000     0.879184E-006        0.4448
   781        0.00131483     0.000000E+000     0.900904E-006        0.4461
   782        0.00131483     0.000000E+000     0.880187E-006        0.4474
   783        0.00134943     0.000000E+000     0.906191E-006        0.4487
   784        0.00134943     0.000000E+000     0.886111E-006        0.4501
   785        0.00134943     0.000000E+000     0.867042E-006        0.4514
   786        0.00138912     0.000000E+000     0.899244E-006        0.4528
   787        0.00138912     0.000000E+000     0.880380E-006        0.4542
   788        0.00138912     0.000000E+000     0.862376E-006        0.4555
   789        0.00143542     0.000000E+000     0.902084E-006        0.4569
   790        0.00143542     0.000000E+000     0.883916E-006        0.4584
   791        0.00143542     0.000000E+000     0.866512E-006        0.4598
   792        0.00143542     0.000000E+000     0.849814E-006        0.4612
   793        0.00149284     0.000000E+000     0.901372E-006        0.4627
   794        0.00149284     0.000000E+000     0.884038E-006        0.4642
   795        0.00149284     0.000000E+000     0.867366E-006        0.4657
   796        0.00149284     0.000000E+000     0.851311E-006        0.4672
   797        0.00149284     0.000000E+000     0.835833E-006        0.4687
   798        0.00149284     0.000000E+000     0.820894E-006        0.4701
   799        0.00157578     0.000000E+000     0.897950E-006        0.4716
   800        0.00157578     0.000000E+000     0.881569E-006        0.4732
   801        0.00157578     0.000000E+000     0.865741E-006        0.4748
   802        0.00157578     0.000000E+000     0.850434E-006        0.4764
   803        0.00157578     0.000000E+000     0.835617E-006        0.4779
   804        0.00157578     0.000000E+000     0.821262E-006        0.4795
   805        0.00157578     0.000000E+000     0.807344E-006        0.4811
   806        0.00157578     0.000000E+000     0.793841E-006        0.4827
   807        0.00157578     0.000000E+000     0.780729E-006        0.4842
   808        0.00157578     0.000000E+000     0.767990E-006        0.4858
   809        0.00157578     0.000000E+000     0.755604E-006        0.4874
   810        0.00157578     0.000000E+000     0.743556E-006        0.4890
   811        0.00157578     0.000000E+000     0.731828E-006        0.4905
   812        0.00157578     0.000000E+000     0.720406E-006        0.4921
   813        0.00157578     0.000000E+000     0.709276E-006        0.4937
   814        0.00157578     0.000000E+000     0.698425E-006        0.4953
   815        0.00157578     0.000000E+000     0.687842E-006        0.4968
   816        0.00157578     0.000000E+000     0.677514E-006        0.4984
   817        0.00178571     0.000000E+000     0.855711E-006        0.5000
   818        0.00185310     0.000000E+000     0.905668E-006        0.5018
   819        0.00185310     0.000000E+000     0.890151E-006        0.5036
   820        0.00189016     0.000000E+000     0.910129E-006        0.5055
   821        0.00189016     0.000000E+000     0.894517E-006        0.5074
   822        0.00193038     0.000000E+000     0.916835E-006        0.5093
   823        0.00193038     0.000000E+000     0.901057E-006        0.5112
   824        0.00193038     0.000000E+000     0.885680E-006        0.5131
   825        0.00197527     0.000000E+000     0.911336E-006        0.5151
   826        0.00197527     0.000000E+000     0.895683E-006        0.5170
   827        0.00197527     0.000000E+000     0.880417E-006        0.5190
   828        0.00202592     0.000000E+000     0.910119E-006        0.5210
   829        0.00202592     0.000000E+000     0.894452E-006        0.5230
   830        0.00202592     0.000000E+000     0.879167E-006        0.5250
   831        0.00208380     0.000000E+000     0.913923E-006        0.5271
   832        0.00208380     0.000000E+000     0.898089E-006        0.5292
   833        0.00208380     0.000000E+000     0.882635E-006        0.5312
   834        0.00208380     0.000000E+000     0.867547E-006        0.5333
   835        0.00215326     0.000000E+000     0.910114E-006        0.5354
   836        0.00215326     0.000000E+000     0.894251E-006        0.5376
   837        0.00215326     0.000000E+000     0.878761E-006        0.5397
   838        0.00215326     0.000000E+000     0.863634E-006        0.5419
   839        0.00215326     0.000000E+000     0.848855E-006        0.5440
   840        0.00224298     0.000000E+000     0.904753E-006        0.5462
   841        0.00224298     0.000000E+000     0.888823E-006        0.5484
   842        0.00224298     0.000000E+000     0.873265E-006        0.5507
   843        0.00224298     0.000000E+000     0.858066E-006        0.5529
   844        0.00224298     0.000000E+000     0.843215E-006        0.5551
   845        0.00224298     0.000000E+000     0.828701E-006        0.5574
   846        0.00224298     0.000000E+000     0.814514E-006        0.5596
   847        0.00224298     0.000000E+000     0.800644E-006        0.5619
   848        0.00239251     0.000000E+000     0.894450E-006        0.5641
   849        0.00239251     0.000000E+000     0.878387E-006        0.5665
   850        0.00239251     0.000000E+000     0.862698E-006        0.5689
   851        0.00239251     0.000000E+000     0.847371E-006        0.5713
   852        0.00239251     0.000000E+000     0.832395E-006        0.5737
   853        0.00239251     0.000000E+000     0.817761E-006        0.5761
   854        0.00239251     0.000000E+000     0.803457E-006        0.5785
   855        0.00239251     0.000000E+000     0.789476E-006        0.5809
   856        0.00239251     0.000000E+000     0.775807E-006        0.5833
   857        0.00239251     0.000000E+000     0.762442E-006        0.5856
   858        0.00239251     0.000000E+000     0.749373E-006        0.5880
   859        0.00239251     0.000000E+000     0.736591E-006        0.5904
   860        0.00239251     0.000000E+000     0.724088E-006        0.5928
   861        0.00239251     0.000000E+000     0.711858E-006        0.5952
   862        0.00239251     0.000000E+000     0.699893E-006        0.5976
   863        0.00263158     0.000000E+000     0.830952E-006        0.6000
   864        0.00270468     0.000000E+000     0.861184E-006        0.6026
   865        0.00278423     0.000000E+000     0.894940E-006        0.6053
   866        0.00278423     0.000000E+000     0.877813E-006        0.6081
   867        0.00278423     0.000000E+000     0.861107E-006        0.6109
   868        0.00287704     0.000000E+000     0.901377E-006        0.6137
   869        0.00287704     0.000000E+000     0.883849E-006        0.6166
   870        0.00287704     0.000000E+000     0.866760E-006        0.6194
   871        0.00287704     0.000000E+000     0.850096E-006        0.6223
   872        0.00299212     0.000000E+000     0.901018E-006        0.6252
   873        0.00299212     0.000000E+000     0.883208E-006        0.6282
   874        0.00299212     0.000000E+000     0.865853E-006        0.6312
   875        0.00299212     0.000000E+000     0.848938E-006        0.6342
   876        0.00299212     0.000000E+000     0.832450E-006        0.6372
   877        0.00299212     0.000000E+000     0.816377E-006        0.6402
   878        0.00315835     0.000000E+000     0.890883E-006        0.6431
   879        0.00315835     0.000000E+000     0.872941E-006        0.6463
   880        0.00315835     0.000000E+000     0.855471E-006        0.6495
   881        0.00315835     0.000000E+000     0.838457E-006        0.6526
   882        0.00315835     0.000000E+000     0.821886E-006        0.6558
   883        0.00315835     0.000000E+000     0.805744E-006        0.6589
   884        0.00315835     0.000000E+000     0.790017E-006        0.6621
   885        0.00315835     0.000000E+000     0.774695E-006        0.6653
   886        0.00315835     0.000000E+000     0.759763E-006        0.6684
   887        0.00315835     0.000000E+000     0.745213E-006        0.6716
   888        0.00315835     0.000000E+000     0.731032E-006        0.6747
   889        0.00315835     0.000000E+000     0.717209E-006        0.6779
   890        0.00315835     0.000000E+000     0.703736E-006        0.6810
   891        0.00315835     0.000000E+000     0.690601E-006        0.6842
   892        0.00315835     0.000000E+000     0.677796E-006        0.6874
   893        0.00315835     0.000000E+000     0.665311E-006        0.6905
   894        0.00315835     0.000000E+000     0.653137E-006        0.6937
   895        0.00315835     0.000000E+000     0.641266E-006        0.6968
   896        0.00357143     0.000000E+000     0.802155E-006        0.7000
   897        0.00370879     0.000000E+000     0.846448E-006        0.7036
   898        0.00386332     0.000000E+000     0.898009E-006        0.7073
   899        0.00386332     0.000000E+000     0.878635E-006        0.7111
   900        0.00386332     0.000000E+000     0.859855E-006        0.7150
   901        0.00386332     0.000000E+000     0.841643E-006        0.7189
   902        0.00386332     0.000000E+000     0.823979E-006        0.7227
   903        0.00407795     0.000000E+000     0.897177E-006        0.7266
   904        0.00407795     0.000000E+000     0.877650E-006        0.7307
   905        0.00407795     0.000000E+000     0.858745E-006        0.7348
   906        0.00407795     0.000000E+000     0.840434E-006        0.7388
   907        0.00407795     0.000000E+000     0.822695E-006        0.7429
   908        0.00407795     0.000000E+000     0.805509E-006        0.7470
   909        0.00407795     0.000000E+000     0.788857E-006        0.7511
   910        0.00407795     0.000000E+000     0.772721E-006        0.7551
   911        0.00407795     0.000000E+000     0.757083E-006        0.7592
   912        0.00407795     0.000000E+000     0.741928E-006        0.7633
   913        0.00407795     0.000000E+000     0.727238E-006        0.7674
   914        0.00407795     0.000000E+000     0.713001E-006        0.7715
   915        0.00407795     0.000000E+000     0.699200E-006        0.7755
   916        0.00407795     0.000000E+000     0.685821E-006        0.7796
   917        0.00407795     0.000000E+000     0.672852E-006        0.7837
   918        0.00407795     0.000000E+000     0.660278E-006        0.7878
   919        0.00407795     0.000000E+000     0.648087E-006        0.7918
   920        0.00407795     0.000000E+000     0.636267E-006        0.7959
   921        0.00454545     0.000000E+000     0.772513E-006        0.8000
   922        0.00477273     0.000000E+000     0.832801E-006        0.8045
   923        0.00477273     0.000000E+000     0.815655E-006        0.8093
   924        0.00505348     0.000000E+000     0.893311E-006        0.8141
   925        0.00505348     0.000000E+000     0.874427E-006        0.8191
   926        0.00505348     0.000000E+000     0.856281E-006        0.8242
   927        0.00505348     0.000000E+000     0.838821E-006        0.8293
   928        0.00505348     0.000000E+000     0.822013E-006        0.8343
   929        0.00505348     0.000000E+000     0.805826E-006        0.8394
   930        0.00505348     0.000000E+000     0.790233E-006        0.8444
   931        0.00505348     0.000000E+000     0.775207E-006        0.8495
   932        0.00505348     0.000000E+000     0.760725E-006        0.8545
   933        0.00505348     0.000000E+000     0.746765E-006        0.8596
   934        0.00505348     0.000000E+000     0.733303E-006        0.8646
   935        0.00505348     0.000000E+000     0.720319E-006        0.8697
   936        0.00505348     0.000000E+000     0.707794E-006        0.8747
   937        0.00505348     0.000000E+000     0.695706E-006        0.8798
   938        0.00505348     0.000000E+000     0.684039E-006        0.8848
   939        0.00505348     0.000000E+000     0.672773E-006        0.8899
   940        0.00505348     0.000000E+000     0.661892E-006        0.8949
   941        0.00555556     0.000000E+000     0.782651E-006        0.9000
   942        0.00590278     0.000000E+000     0.864793E-006        0.9056
   943        0.00590278     0.000000E+000     0.849185E-006        0.9115
   944        0.00590278     0.000000E+000     0.834255E-006        0.9174
   945        0.00590278     0.000000E+000     0.819920E-006        0.9233
   946        0.00590278     0.000000E+000     0.806133E-006        0.9292
   947        0.00590278     0.000000E+000     0.792857E-006        0.9351
   948        0.00590278     0.000000E+000     0.780061E-006        0.9410
   949        0.00590278     0.000000E+000     0.767716E-006        0.9469
   950        0.00590278     0.000000E+000     0.755797E-006        0.9528
   951        0.00590278     0.000000E+000     0.744279E-006        0.9587
   952        0.00590278     0.000000E+000     0.733141E-006        0.9646
   953        0.00590278     0.000000E+000     0.722361E-006        0.9705
   954        0.00590278     0.000000E+000     0.711919E-006        0.9764
   955        0.00590278     0.000000E+000     0.701794E-006        0.9823
   956        0.00590278     0.000000E+000     0.691970E-006        0.9882
   957        0.00590278     0.000000E+000     0.682428E-006        0.9941
