#Update-step  Updatetime     Error of A        Error of phi      Time in fs
     1                                         0.287047E-002
     1 *      0.00068493     0.000000E+000     0.264750E-005        0.0000
     1        0.00068493     0.000000E+000     0.225405E-005        0.0007
     2 *      0.00025819     0.000000E+000     0.103790E-005        0.0014
     2        0.00025819     0.000000E+000     0.139556E-005        0.0016
     3        0.00023642     0.000000E+000     0.629702E-006        0.0019
     4 *      0.00013786     0.000000E+000     0.141712E-005        0.0021
     4        0.00013786     0.000000E+000     0.314535E-007        0.0023
     5        0.00051641     0.000000E+000     0.418107E-006        0.0024
     6        0.00069845     0.000000E+000     0.660320E-006        0.0029
     7        0.00079658     0.000000E+000     0.715374E-006        0.0036
     8        0.00088509     0.000000E+000     0.732193E-006        0.0044
     9        0.00097634     0.000000E+000     0.742423E-006        0.0053
    10        0.00106510     0.000000E+000     0.743825E-006        0.0063
    11        0.00115830     0.000000E+000     0.750494E-006        0.0073
    12        0.00125350     0.000000E+000     0.760858E-006        0.0085
    13        0.00134704     0.000000E+000     0.773002E-006        0.0097
    14        0.00143395     0.000000E+000     0.785421E-006        0.0111
    15        0.00153458     0.000000E+000     0.825026E-006        0.0125
    16        0.00159141     0.000000E+000     0.839878E-006        0.0141
    17        0.00165382     0.000000E+000     0.896561E-006        0.0157
    18 *      0.00084379     0.000000E+000     0.256488E-006        0.0173
    18        0.00084379     0.000000E+000     0.281380E-006        0.0182
    19 *      0.00072325     0.000000E+000     0.311784E-006        0.0190
    19        0.00072325     0.000000E+000     0.390198E-006        0.0197
    20 *      0.00054491     0.000000E+000     0.305540E-006        0.0204
    20        0.00054491     0.000000E+000     0.415435E-006        0.0210
    21 *      0.00040034     0.000000E+000     0.330951E-006        0.0215
    21        0.00040034     0.000000E+000     0.468189E-006        0.0219
    22 *      0.00028140     0.000000E+000     0.349155E-006        0.0223
    22        0.00028140     0.000000E+000     0.486893E-006        0.0226
    23 *      0.00019471     0.000000E+000     0.340123E-006        0.0229
    23        0.00019471     0.000000E+000     0.451999E-006        0.0231
    24 *      0.00013898     0.000000E+000     0.310042E-006        0.0233
    24        0.00013898     0.000000E+000     0.379533E-006        0.0234
    25 *      0.00010616     0.000000E+000     0.277677E-006        0.0236
    25        0.00010616     0.000000E+000     0.344514E-006        0.0237
    26 *      0.00008432     0.000000E+000     0.272671E-006        0.0238
    26        0.00008432     0.000000E+000     0.327950E-006        0.0239
    27 *      0.00006827     0.000000E+000     0.257065E-006        0.0239
    27        0.00006827     0.000000E+000     0.294958E-006        0.0240
    28        0.00011520     0.000000E+000     0.950985E-006        0.0241
    29 *      0.00005751     0.000000E+000     0.286070E-006        0.0242
    29        0.00005751     0.000000E+000     0.312765E-006        0.0243
    30        0.00009497     0.000000E+000     0.927501E-006        0.0243
    31 *      0.00004790     0.000000E+000     0.275970E-006        0.0244
    31        0.00004790     0.000000E+000     0.303690E-006        0.0245
    32        0.00007998     0.000000E+000     0.957330E-006        0.0245
    33 *      0.00003986     0.000000E+000     0.373903E-006        0.0246
    33        0.00003986     0.000000E+000     0.653600E-006        0.0246
    34        0.00004934     0.000000E+000     0.600563E-006        0.0247
    35 *      0.00002930     0.000000E+000     0.341694E-006        0.0247
    35        0.00002930     0.000000E+000     0.653466E-006        0.0247
    36        0.00003626     0.000000E+000     0.378051E-006        0.0248
    37        0.00005088     0.000000E+000     0.634316E-006        0.0248
    38        0.00005917     0.000000E+000     0.791851E-006        0.0249
    39        0.00006336     0.000000E+000     0.887095E-006        0.0249
    40        0.00006501     0.000000E+000     0.948780E-006        0.0250
    41 *      0.00003250     0.000000E+000     0.250897E-006        0.0250
    41        0.00003250     0.000000E+000     0.263156E-006        0.0251
    42        0.00005739     0.000000E+000     0.883778E-006        0.0251
    43 *      0.00002949     0.000000E+000     0.318133E-006        0.0252
    43        0.00002949     0.000000E+000     0.249836E-006        0.0252
    44        0.00005311     0.000000E+000     0.920373E-006        0.0252
    45        0.00005372     0.000000E+000     0.644259E-006        0.0253
    46        0.00006212     0.000000E+000     0.930097E-006        0.0253
    47 *      0.00003129     0.000000E+000     0.374589E-006        0.0254
    47        0.00003129     0.000000E+000     0.323579E-006        0.0254
    48        0.00005099     0.000000E+000     0.734644E-006        0.0255
    49        0.00005618     0.000000E+000     0.786547E-006        0.0255
    50 *      0.00003016     0.000000E+000     0.254301E-006        0.0256
    50        0.00003016     0.000000E+000     0.261384E-006        0.0256
    51        0.00005335     0.000000E+000     0.832561E-006        0.0256
    52        0.00005605     0.000000E+000     0.943891E-006        0.0257
    53        0.00005618     0.000000E+000     0.954622E-006        0.0257
    54        0.00005605     0.000000E+000     0.930038E-006        0.0258
    55 *      0.00002824     0.000000E+000     0.281250E-006        0.0258
    55        0.00002824     0.000000E+000     0.269604E-006        0.0259
    56        0.00004937     0.000000E+000     0.738385E-006        0.0259
    57 *      0.00002714     0.000000E+000     0.394468E-006        0.0260
    57        0.00002714     0.000000E+000     0.385628E-006        0.0260
    58        0.00004131     0.000000E+000     0.850168E-006        0.0260
    59        0.00004307     0.000000E+000     0.818258E-006        0.0260
    60        0.00004557     0.000000E+000     0.904842E-006        0.0261
    61 *      0.00002320     0.000000E+000     0.251728E-006        0.0261
    61        0.00002320     0.000000E+000     0.260291E-006        0.0262
    62        0.00004112     0.000000E+000     0.836418E-006        0.0262
    63        0.00004314     0.000000E+000     0.975177E-006        0.0262
    64        0.00004269     0.000000E+000     0.959192E-006        0.0263
    65 *      0.00002126     0.000000E+000     0.262317E-006        0.0263
    65        0.00002126     0.000000E+000     0.235712E-006        0.0263
    66        0.00003915     0.000000E+000     0.853652E-006        0.0264
    67        0.00004076     0.000000E+000     0.557740E-006        0.0264
    68 *      0.00002487     0.000000E+000     0.275517E-006        0.0264
    68        0.00002487     0.000000E+000     0.293865E-006        0.0265
    69        0.00004206     0.000000E+000     0.844410E-006        0.0265
    70        0.00004397     0.000000E+000     0.930423E-006        0.0265
    71        0.00004432     0.000000E+000     0.983316E-006        0.0266
    72 *      0.00002187     0.000000E+000     0.250318E-006        0.0266
    72        0.00002187     0.000000E+000     0.274107E-006        0.0266
    73        0.00003800     0.000000E+000     0.870077E-006        0.0267
    74        0.00003928     0.000000E+000     0.937121E-006        0.0267
    75        0.00003948     0.000000E+000     0.900806E-006        0.0267
    76        0.00004028     0.000000E+000     0.909822E-006        0.0268
    77        0.00004093     0.000000E+000     0.919920E-006        0.0268
    78        0.00004142     0.000000E+000     0.926761E-006        0.0269
    79        0.00004180     0.000000E+000     0.923867E-006        0.0269
    80        0.00004223     0.000000E+000     0.907203E-006        0.0269
    81        0.00004298     0.000000E+000     0.884575E-006        0.0270
    82        0.00004415     0.000000E+000     0.853086E-006        0.0270
    83        0.00004599     0.000000E+000     0.793533E-006        0.0271
    84 *      0.00002461     0.000000E+000     0.303740E-006        0.0271
    84        0.00002461     0.000000E+000     0.300899E-006        0.0271
    85        0.00004124     0.000000E+000     0.825679E-006        0.0272
    86        0.00004349     0.000000E+000     0.885973E-006        0.0272
    87        0.00004463     0.000000E+000     0.890292E-006        0.0272
    88        0.00004573     0.000000E+000     0.880042E-006        0.0273
    89        0.00004706     0.000000E+000     0.871251E-006        0.0273
    90        0.00004861     0.000000E+000     0.894643E-006        0.0274
    91 *      0.00002485     0.000000E+000     0.295418E-006        0.0274
    91        0.00002485     0.000000E+000     0.450992E-006        0.0275
    92        0.00003558     0.000000E+000     0.645350E-006        0.0275
    93        0.00004114     0.000000E+000     0.945456E-006        0.0275
    94 *      0.00002060     0.000000E+000     0.278454E-006        0.0276
    94        0.00002060     0.000000E+000     0.324143E-006        0.0276
    95 *      0.00001677     0.000000E+000     0.253254E-006        0.0276
    95        0.00001677     0.000000E+000     0.289168E-006        0.0276
    96        0.00002856     0.000000E+000     0.939494E-006        0.0276
    97 *      0.00001434     0.000000E+000     0.282326E-006        0.0277
    97        0.00001434     0.000000E+000     0.304780E-006        0.0277
    98        0.00002391     0.000000E+000     0.904669E-006        0.0277
    99 *      0.00001218     0.000000E+000     0.264165E-006        0.0277
    99        0.00001218     0.000000E+000     0.280881E-006        0.0277
   100        0.00002096     0.000000E+000     0.880850E-006        0.0277
   101 *      0.00001079     0.000000E+000     0.260280E-006        0.0278
   101        0.00001079     0.000000E+000     0.266861E-006        0.0278
   102        0.00001893     0.000000E+000     0.834003E-006        0.0278
   103        0.00001989     0.000000E+000     0.929517E-006        0.0278
   104        0.00002005     0.000000E+000     0.851811E-006        0.0278
   105        0.00002089     0.000000E+000     0.792526E-006        0.0278
   106        0.00002237     0.000000E+000     0.781766E-006        0.0279
   107        0.00002408     0.000000E+000     0.777306E-006        0.0279
   108        0.00002597     0.000000E+000     0.788149E-006        0.0279
   109        0.00002787     0.000000E+000     0.812918E-006        0.0279
   110        0.00002956     0.000000E+000     0.832520E-006        0.0280
   111        0.00003106     0.000000E+000     0.829443E-006        0.0280
   112        0.00003270     0.000000E+000     0.806059E-006        0.0280
   113        0.00003479     0.000000E+000     0.985880E-006        0.0281
   114        0.00003429     0.000000E+000     0.827481E-006        0.0281
   115 *      0.00001806     0.000000E+000     0.262310E-006        0.0281
   115        0.00001806     0.000000E+000     0.240297E-006        0.0281
   116        0.00003301     0.000000E+000     0.726275E-006        0.0282
   117 *      0.00001826     0.000000E+000     0.259807E-006        0.0282
   117        0.00001826     0.000000E+000     0.237275E-006        0.0282
   118        0.00003354     0.000000E+000     0.722464E-006        0.0282
   119 *      0.00001858     0.000000E+000     0.258042E-006        0.0283
   119        0.00001858     0.000000E+000     0.235494E-006        0.0283
   120        0.00003424     0.000000E+000     0.725218E-006        0.0283
   121 *      0.00001895     0.000000E+000     0.259919E-006        0.0283
   121        0.00001895     0.000000E+000     0.237648E-006        0.0284
   122        0.00003479     0.000000E+000     0.727977E-006        0.0284
   123 *      0.00001922     0.000000E+000     0.254279E-006        0.0284
   123        0.00001922     0.000000E+000     0.232782E-006        0.0284
   124        0.00003556     0.000000E+000     0.734329E-006        0.0284
   125 *      0.00001959     0.000000E+000     0.252835E-006        0.0285
   125        0.00001959     0.000000E+000     0.231759E-006        0.0285
   126        0.00003632     0.000000E+000     0.744501E-006        0.0285
   127        0.00003980     0.000000E+000     0.989418E-006        0.0286
   128        0.00003919     0.000000E+000     0.843248E-006        0.0286
   129 *      0.00002050     0.000000E+000     0.254771E-006        0.0286
   129        0.00002050     0.000000E+000     0.234960E-006        0.0287
   130        0.00003780     0.000000E+000     0.770664E-006        0.0287
   131        0.00004090     0.000000E+000     0.914515E-006        0.0287
   132        0.00004149     0.000000E+000     0.889371E-006        0.0288
   133        0.00004253     0.000000E+000     0.975211E-006        0.0288
   134        0.00004211     0.000000E+000     0.893255E-006        0.0288
   135        0.00004310     0.000000E+000     0.958916E-006        0.0289
   136        0.00004295     0.000000E+000     0.920352E-006        0.0289
   137        0.00004344     0.000000E+000     0.940574E-006        0.0290
   138        0.00004360     0.000000E+000     0.936551E-006        0.0290
   139        0.00004382     0.000000E+000     0.938055E-006        0.0291
   140        0.00004401     0.000000E+000     0.938785E-006        0.0291
   141        0.00004420     0.000000E+000     0.940154E-006        0.0291
   142        0.00004437     0.000000E+000     0.940940E-006        0.0292
   143        0.00004451     0.000000E+000     0.941091E-006        0.0292
   144        0.00004465     0.000000E+000     0.941749E-006        0.0293
   145        0.00004479     0.000000E+000     0.942897E-006        0.0293
   146        0.00004490     0.000000E+000     0.943363E-006        0.0294
   147        0.00004502     0.000000E+000     0.944407E-006        0.0294
   148        0.00004511     0.000000E+000     0.944647E-006        0.0295
   149        0.00004519     0.000000E+000     0.946400E-006        0.0295
   150        0.00004525     0.000000E+000     0.947983E-006        0.0295
   151        0.00004528     0.000000E+000     0.946691E-006        0.0296
   152        0.00004534     0.000000E+000     0.942936E-006        0.0296
   153        0.00004545     0.000000E+000     0.937218E-006        0.0297
   154        0.00004566     0.000000E+000     0.931397E-006        0.0297
   155        0.00004599     0.000000E+000     0.928057E-006        0.0298
   156        0.00004639     0.000000E+000     0.926121E-006        0.0298
   157        0.00004682     0.000000E+000     0.925279E-006        0.0299
   158        0.00004726     0.000000E+000     0.924761E-006        0.0299
   159        0.00004774     0.000000E+000     0.925977E-006        0.0300
   160        0.00004820     0.000000E+000     0.926440E-006        0.0300
   161        0.00004864     0.000000E+000     0.926080E-006        0.0301
   162        0.00004908     0.000000E+000     0.926102E-006        0.0301
   163        0.00004954     0.000000E+000     0.926435E-006        0.0302
   164        0.00005000     0.000000E+000     0.927011E-006        0.0302
   165        0.00005043     0.000000E+000     0.926436E-006        0.0303
   166        0.00005091     0.000000E+000     0.927331E-006        0.0303
   167        0.00005136     0.000000E+000     0.926972E-006        0.0304
   168        0.00005182     0.000000E+000     0.926689E-006        0.0304
   169        0.00005229     0.000000E+000     0.926476E-006        0.0305
   170        0.00005276     0.000000E+000     0.926331E-006        0.0305
   171        0.00005325     0.000000E+000     0.926255E-006        0.0306
   172        0.00005375     0.000000E+000     0.926249E-006        0.0306
   173        0.00005425     0.000000E+000     0.926303E-006        0.0307
   174        0.00005476     0.000000E+000     0.926400E-006        0.0307
   175        0.00005529     0.000000E+000     0.926516E-006        0.0308
   176        0.00005578     0.000000E+000     0.925130E-006        0.0308
   177        0.00005633     0.000000E+000     0.925170E-006        0.0309
   178        0.00005688     0.000000E+000     0.925113E-006        0.0309
   179        0.00005745     0.000000E+000     0.924923E-006        0.0310
   180        0.00005803     0.000000E+000     0.924573E-006        0.0311
   181        0.00005862     0.000000E+000     0.924053E-006        0.0311
   182        0.00005923     0.000000E+000     0.923371E-006        0.0312
   183        0.00005985     0.000000E+000     0.922562E-006        0.0312
   184        0.00006048     0.000000E+000     0.921686E-006        0.0313
   185        0.00006113     0.000000E+000     0.920841E-006        0.0314
   186        0.00006184     0.000000E+000     0.921824E-006        0.0314
   187        0.00006252     0.000000E+000     0.921565E-006        0.0315
   188        0.00006321     0.000000E+000     0.922093E-006        0.0315
   189        0.00006392     0.000000E+000     0.924111E-006        0.0316
   190        0.00006459     0.000000E+000     0.927379E-006        0.0317
   191        0.00006514     0.000000E+000     0.933893E-006        0.0317
   192        0.00006552     0.000000E+000     0.952341E-006        0.0318
   193        0.00006545     0.000000E+000     0.962106E-006        0.0319
   194        0.00006514     0.000000E+000     0.908044E-006        0.0319
   195        0.00006622     0.000000E+000     0.923730E-006        0.0320
   196        0.00006687     0.000000E+000     0.917801E-006        0.0321
   197        0.00006774     0.000000E+000     0.918732E-006        0.0321
   198        0.00006856     0.000000E+000     0.913136E-006        0.0322
   199        0.00006954     0.000000E+000     0.901222E-006        0.0323
   200        0.00007093     0.000000E+000     0.855454E-006        0.0323
   201 *      0.00003690     0.000000E+000     0.482688E-006        0.0324
   201        0.00003690     0.000000E+000     0.205641E-006        0.0324
   202        0.00007160     0.000000E+000     0.767422E-006        0.0325
   203 *      0.00003881     0.000000E+000     0.262794E-006        0.0325
   203        0.00003881     0.000000E+000     0.268032E-006        0.0326
   204        0.00006798     0.000000E+000     0.801512E-006        0.0326
   205        0.00007245     0.000000E+000     0.871167E-006        0.0327
   206        0.00007487     0.000000E+000     0.891821E-006        0.0328
   207        0.00007666     0.000000E+000     0.898827E-006        0.0328
   208        0.00007827     0.000000E+000     0.903097E-006        0.0329
   209        0.00007976     0.000000E+000     0.906192E-006        0.0330
   210        0.00008112     0.000000E+000     0.907760E-006        0.0331
   211        0.00008252     0.000000E+000     0.912099E-006        0.0332
   212        0.00008376     0.000000E+000     0.915017E-006        0.0332
   213        0.00008494     0.000000E+000     0.919576E-006        0.0333
   214        0.00008592     0.000000E+000     0.925041E-006        0.0334
   215        0.00008671     0.000000E+000     0.933315E-006        0.0335
   216        0.00008728     0.000000E+000     0.943769E-006        0.0336
   217        0.00008739     0.000000E+000     0.944448E-006        0.0337
   218        0.00008751     0.000000E+000     0.941888E-006        0.0338
   219        0.00008774     0.000000E+000     0.948061E-006        0.0338
   220        0.00008774     0.000000E+000     0.940479E-006        0.0339
   221 *      0.00004399     0.000000E+000     0.308534E-006        0.0340
   221        0.00004399     0.000000E+000     0.189210E-006        0.0341
   222 *      0.00004405     0.000000E+000     0.268506E-006        0.0341
   222        0.00004405     0.000000E+000     0.186447E-006        0.0342
   223 *      0.00004434     0.000000E+000     0.368161E-006        0.0342
   223        0.00004434     0.000000E+000     0.203521E-006        0.0342
   224 *      0.00004318     0.000000E+000     0.575490E-006        0.0343
   224        0.00004318     0.000000E+000     0.252563E-006        0.0343
   225        0.00007739     0.000000E+000     0.527379E-006        0.0344
   226        0.00009640     0.000000E+000     0.804416E-006        0.0344
   227        0.00010259     0.000000E+000     0.798020E-006        0.0345
   228        0.00010947     0.000000E+000     0.843905E-006        0.0346
   229        0.00011446     0.000000E+000     0.860697E-006        0.0348
   230        0.00011863     0.000000E+000     0.863001E-006        0.0349
   231        0.00012289     0.000000E+000     0.864279E-006        0.0350
   232        0.00012723     0.000000E+000     0.864338E-006        0.0351
   233        0.00013163     0.000000E+000     0.863592E-006        0.0352
   234        0.00013635     0.000000E+000     0.866606E-006        0.0354
   235        0.00014112     0.000000E+000     0.871534E-006        0.0355
   236        0.00014559     0.000000E+000     0.876928E-006        0.0356
   237        0.00015001     0.000000E+000     0.890094E-006        0.0358
   238        0.00015361     0.000000E+000     0.907865E-006        0.0359
   239        0.00015624     0.000000E+000     0.938028E-006        0.0361
   240 *      0.00007831     0.000000E+000     0.250425E-006        0.0363
   240        0.00007831     0.000000E+000     0.261988E-006        0.0363
   241        0.00013824     0.000000E+000     0.884940E-006        0.0364
   242 *      0.00007097     0.000000E+000     0.410693E-006        0.0365
   242        0.00007097     0.000000E+000     0.320957E-006        0.0366
   243        0.00011595     0.000000E+000     0.868489E-006        0.0367
   244        0.00011991     0.000000E+000     0.732714E-006        0.0368
   245 *      0.00006611     0.000000E+000     0.333598E-006        0.0369
   245        0.00006611     0.000000E+000     0.275254E-006        0.0370
   246        0.00011465     0.000000E+000     0.943734E-006        0.0371
   247        0.00011486     0.000000E+000     0.783535E-006        0.0372
   248 *      0.00006172     0.000000E+000     0.274818E-006        0.0373
   248        0.00006172     0.000000E+000     0.254742E-006        0.0374
   249        0.00011019     0.000000E+000     0.737422E-006        0.0374
   250        0.00012108     0.000000E+000     0.794316E-006        0.0375
   251        0.00012937     0.000000E+000     0.781870E-006        0.0376
   252        0.00013921     0.000000E+000     0.874930E-006        0.0378
   253        0.00014339     0.000000E+000     0.793491E-006        0.0379
   254 *      0.00007666     0.000000E+000     0.308749E-006        0.0381
   254        0.00007666     0.000000E+000     0.273614E-006        0.0381
   255        0.00013317     0.000000E+000     0.854831E-006        0.0382
   256        0.00013856     0.000000E+000     0.793626E-006        0.0383
   257 *      0.00007412     0.000000E+000     0.270253E-006        0.0385
   257        0.00007412     0.000000E+000     0.244062E-006        0.0386
   258        0.00013459     0.000000E+000     0.798423E-006        0.0386
   259        0.00014341     0.000000E+000     0.795468E-006        0.0388
   260        0.00015312     0.000000E+000     0.884407E-006        0.0389
   261        0.00015706     0.000000E+000     0.836193E-006        0.0391
   262        0.00016472     0.000000E+000     0.967730E-006        0.0392
   263        0.00016339     0.000000E+000     0.879369E-006        0.0394
   264        0.00016793     0.000000E+000     0.973246E-006        0.0395
   265        0.00016608     0.000000E+000     0.879869E-006        0.0397
   266        0.00017080     0.000000E+000     0.919611E-006        0.0399
   267        0.00017277     0.000000E+000     0.892880E-006        0.0400
   268        0.00017686     0.000000E+000     0.920010E-006        0.0402
   269        0.00017898     0.000000E+000     0.945562E-006        0.0404
   270        0.00017898     0.000000E+000     0.981152E-006        0.0406
   271 *      0.00008816     0.000000E+000     0.259857E-006        0.0408
   271        0.00008816     0.000000E+000     0.273164E-006        0.0408
   272        0.00015342     0.000000E+000     0.869270E-006        0.0409
   273 *      0.00007918     0.000000E+000     0.267770E-006        0.0411
   273        0.00007918     0.000000E+000     0.292243E-006        0.0412
   274        0.00013414     0.000000E+000     0.923194E-006        0.0412
   275 *      0.00006769     0.000000E+000     0.299897E-006        0.0414
   275        0.00006769     0.000000E+000     0.356727E-006        0.0414
   276 *      0.00005307     0.000000E+000     0.274521E-006        0.0415
   276        0.00005307     0.000000E+000     0.332244E-006        0.0416
   277 *      0.00004280     0.000000E+000     0.261253E-006        0.0416
   277        0.00004280     0.000000E+000     0.301999E-006        0.0417
   278        0.00007161     0.000000E+000     0.967254E-006        0.0417
   279 *      0.00003554     0.000000E+000     0.297776E-006        0.0418
   279        0.00003554     0.000000E+000     0.327152E-006        0.0418
   280        0.00005763     0.000000E+000     0.927283E-006        0.0418
   281 *      0.00002908     0.000000E+000     0.260007E-006        0.0419
   281        0.00002908     0.000000E+000     0.266905E-006        0.0419
   282        0.00005104     0.000000E+000     0.835658E-006        0.0420
   283        0.00005354     0.000000E+000     0.942665E-006        0.0420
   284        0.00005369     0.000000E+000     0.964334E-006        0.0421
   285        0.00005334     0.000000E+000     0.963232E-006        0.0421
   286        0.00005305     0.000000E+000     0.960578E-006        0.0422
   287        0.00005281     0.000000E+000     0.957388E-006        0.0422
   288        0.00005261     0.000000E+000     0.954678E-006        0.0423
   289        0.00005247     0.000000E+000     0.950667E-006        0.0423
   290        0.00005242     0.000000E+000     0.895291E-006        0.0424
   291        0.00005359     0.000000E+000     0.694595E-006        0.0424
   292        0.00006028     0.000000E+000     0.813248E-006        0.0425
   293        0.00006390     0.000000E+000     0.883443E-006        0.0426
   294        0.00006565     0.000000E+000     0.908301E-006        0.0426
   295        0.00006672     0.000000E+000     0.919860E-006        0.0427
   296        0.00006751     0.000000E+000     0.958187E-006        0.0428
   297        0.00006727     0.000000E+000     0.981884E-006        0.0428
   298        0.00006641     0.000000E+000     0.976348E-006        0.0429
   299        0.00006572     0.000000E+000     0.959225E-006        0.0430
   300        0.00006542     0.000000E+000     0.942848E-006        0.0430
   301        0.00006557     0.000000E+000     0.932122E-006        0.0431
   302        0.00006603     0.000000E+000     0.924865E-006        0.0431
   303        0.00006665     0.000000E+000     0.918858E-006        0.0432
   304        0.00006744     0.000000E+000     0.915488E-006        0.0433
   305        0.00006834     0.000000E+000     0.913220E-006        0.0433
   306        0.00006934     0.000000E+000     0.912200E-006        0.0434
   307        0.00007038     0.000000E+000     0.910423E-006        0.0435
   308        0.00007145     0.000000E+000     0.910814E-006        0.0436
   309        0.00007255     0.000000E+000     0.937489E-006        0.0436
   310 *      0.00003642     0.000000E+000     0.293508E-006        0.0437
   310        0.00003642     0.000000E+000     0.229085E-006        0.0437
   311 *      0.00003387     0.000000E+000     0.339743E-006        0.0438
   311        0.00003387     0.000000E+000     0.194585E-006        0.0438
   312        0.00006710     0.000000E+000     0.867604E-006        0.0438
   313 *      0.00003471     0.000000E+000     0.276928E-006        0.0439
   313        0.00003471     0.000000E+000     0.395665E-006        0.0439
   314 *      0.00002615     0.000000E+000     0.969793E-006        0.0440
   314        0.00002615     0.000000E+000     0.558306E-006        0.0440
   315 *      0.00001722     0.000000E+000     0.357540E-006        0.0440
   315        0.00001722     0.000000E+000     0.414766E-006        0.0440
   316        0.00002548     0.000000E+000     0.618740E-006        0.0441
   317        0.00002993     0.000000E+000     0.975376E-006        0.0441
   318        0.00002963     0.000000E+000     0.957100E-006        0.0441
   319        0.00002953     0.000000E+000     0.873951E-006        0.0441
   320        0.00003047     0.000000E+000     0.874226E-006        0.0442
   321        0.00003143     0.000000E+000     0.889702E-006        0.0442
   322        0.00003221     0.000000E+000     0.919741E-006        0.0442
   323        0.00003261     0.000000E+000     0.976892E-006        0.0443
   324 *      0.00001612     0.000000E+000     0.279578E-006        0.0443
   324        0.00001612     0.000000E+000     0.343908E-006        0.0443
   325 *      0.00001283     0.000000E+000     0.275509E-006        0.0443
   325        0.00001283     0.000000E+000     0.220624E-006        0.0444
   326        0.00002423     0.000000E+000     0.720757E-006        0.0444
   327        0.00002689     0.000000E+000     0.820088E-006        0.0444
   328        0.00002842     0.000000E+000     0.888003E-006        0.0444
   329        0.00002915     0.000000E+000     0.966055E-006        0.0444
   330 *      0.00001448     0.000000E+000     0.284811E-006        0.0445
   330        0.00001448     0.000000E+000     0.296747E-006        0.0445
   331        0.00002440     0.000000E+000     0.818138E-006        0.0445
   332        0.00002581     0.000000E+000     0.841002E-006        0.0445
   333        0.00002702     0.000000E+000     0.827516E-006        0.0446
   334        0.00002847     0.000000E+000     0.839474E-006        0.0446
   335        0.00002983     0.000000E+000     0.860577E-006        0.0446
   336        0.00003096     0.000000E+000     0.884732E-006        0.0446
   337        0.00003180     0.000000E+000     0.907303E-006        0.0447
   338        0.00003236     0.000000E+000     0.918849E-006        0.0447
   339        0.00003276     0.000000E+000     0.920706E-006        0.0447
   340        0.00003313     0.000000E+000     0.946258E-006        0.0448
   341        0.00003317     0.000000E+000     0.952343E-006        0.0448
   342        0.00003313     0.000000E+000     0.949718E-006        0.0448
   343        0.00003313     0.000000E+000     0.945590E-006        0.0449
   344        0.00003317     0.000000E+000     0.941411E-006        0.0449
   345        0.00003327     0.000000E+000     0.939250E-006        0.0449
   346        0.00003342     0.000000E+000     0.938370E-006        0.0450
   347        0.00003356     0.000000E+000     0.936694E-006        0.0450
   348        0.00003372     0.000000E+000     0.935462E-006        0.0450
   349        0.00003391     0.000000E+000     0.934745E-006        0.0451
   350        0.00003410     0.000000E+000     0.933437E-006        0.0451
   351        0.00003431     0.000000E+000     0.932729E-006        0.0451
   352        0.00003455     0.000000E+000     0.932750E-006        0.0452
   353        0.00003479     0.000000E+000     0.932609E-006        0.0452
   354        0.00003504     0.000000E+000     0.932611E-006        0.0452
   355        0.00003526     0.000000E+000     0.931769E-006        0.0453
   356        0.00003552     0.000000E+000     0.932563E-006        0.0453
   357        0.00003575     0.000000E+000     0.932623E-006        0.0453
   358        0.00003598     0.000000E+000     0.933143E-006        0.0454
   359        0.00003622     0.000000E+000     0.934098E-006        0.0454
   360        0.00003644     0.000000E+000     0.934220E-006        0.0454
   361        0.00003666     0.000000E+000     0.934699E-006        0.0455
   362        0.00003688     0.000000E+000     0.935500E-006        0.0455
   363        0.00003708     0.000000E+000     0.935320E-006        0.0456
   364        0.00003729     0.000000E+000     0.935380E-006        0.0456
   365        0.00003749     0.000000E+000     0.935646E-006        0.0456
   366        0.00003770     0.000000E+000     0.936087E-006        0.0457
   367        0.00003791     0.000000E+000     0.936673E-006        0.0457
   368        0.00003810     0.000000E+000     0.936069E-006        0.0457
   369        0.00003829     0.000000E+000     0.935548E-006        0.0458
   370        0.00003850     0.000000E+000     0.936401E-006        0.0458
   371        0.00003870     0.000000E+000     0.935967E-006        0.0459
   372        0.00003889     0.000000E+000     0.935543E-006        0.0459
   373        0.00003912     0.000000E+000     0.936447E-006        0.0459
   374        0.00003932     0.000000E+000     0.935975E-006        0.0460
   375        0.00003952     0.000000E+000     0.935449E-006        0.0460
   376        0.00003972     0.000000E+000     0.934849E-006        0.0461
   377        0.00003996     0.000000E+000     0.935529E-006        0.0461
   378        0.00004017     0.000000E+000     0.934721E-006        0.0461
   379        0.00004041     0.000000E+000     0.935170E-006        0.0462
   380        0.00004062     0.000000E+000     0.934075E-006        0.0462
   381        0.00004087     0.000000E+000     0.934213E-006        0.0463
   382        0.00004112     0.000000E+000     0.934162E-006        0.0463
   383        0.00004137     0.000000E+000     0.933901E-006        0.0463
   384        0.00004163     0.000000E+000     0.933407E-006        0.0464
   385        0.00004189     0.000000E+000     0.932655E-006        0.0464
   386        0.00004215     0.000000E+000     0.931623E-006        0.0465
   387        0.00004245     0.000000E+000     0.931753E-006        0.0465
   388        0.00004276     0.000000E+000     0.931569E-006        0.0466
   389        0.00004307     0.000000E+000     0.931055E-006        0.0466
   390        0.00004339     0.000000E+000     0.930201E-006        0.0466
   391        0.00004371     0.000000E+000     0.929003E-006        0.0467
   392        0.00004407     0.000000E+000     0.928985E-006        0.0467
   393        0.00004443     0.000000E+000     0.928649E-006        0.0468
   394        0.00004481     0.000000E+000     0.928011E-006        0.0468
   395        0.00004519     0.000000E+000     0.927094E-006        0.0469
   396        0.00004558     0.000000E+000     0.925919E-006        0.0469
   397        0.00004601     0.000000E+000     0.926091E-006        0.0469
   398        0.00004646     0.000000E+000     0.926051E-006        0.0470
   399        0.00004691     0.000000E+000     0.925801E-006        0.0470
   400        0.00004737     0.000000E+000     0.925342E-006        0.0471
   401        0.00004784     0.000000E+000     0.924665E-006        0.0471
   402        0.00004832     0.000000E+000     0.923759E-006        0.0472
   403        0.00004882     0.000000E+000     0.922610E-006        0.0472
   404        0.00004932     0.000000E+000     0.921209E-006        0.0473
   405        0.00004988     0.000000E+000     0.921270E-006        0.0473
   406        0.00005045     0.000000E+000     0.921075E-006        0.0474
   407        0.00005104     0.000000E+000     0.920610E-006        0.0474
   408        0.00005164     0.000000E+000     0.919837E-006        0.0475
   409        0.00005226     0.000000E+000     0.918664E-006        0.0475
   410        0.00005289     0.000000E+000     0.916878E-006        0.0476
   411        0.00005360     0.000000E+000     0.915881E-006        0.0476
   412        0.00005432     0.000000E+000     0.913018E-006        0.0477
   413        0.00005512     0.000000E+000     0.909058E-006        0.0477
   414        0.00005601     0.000000E+000     0.903021E-006        0.0478
   415        0.00005705     0.000000E+000     0.894793E-006        0.0479
   416        0.00005833     0.000000E+000     0.880344E-006        0.0479
   417        0.00006001     0.000000E+000     0.852198E-006        0.0480
   418        0.00006246     0.000000E+000     0.800210E-006        0.0480
   419        0.00006663     0.000000E+000     0.724224E-006        0.0481
   420        0.00007374     0.000000E+000     0.640869E-006        0.0482
   421        0.00008542     0.000000E+000     0.589329E-006        0.0482
   422        0.00010214     0.000000E+000     0.578344E-006        0.0483
   423        0.00012281     0.000000E+000     0.596675E-006        0.0484
   424        0.00014618     0.000000E+000     0.636470E-006        0.0485
   425 *      0.00008495     0.000000E+000     0.141564E-005        0.0487
   425        0.00008495     0.000000E+000     0.178796E-005        0.0488
   426 *      0.00003527     0.000000E+000     0.374278E-006        0.0489
   426        0.00003527     0.000000E+000     0.393107E-006        0.0489
   427        0.00005325     0.000000E+000     0.921831E-006        0.0489
   428        0.00005381     0.000000E+000     0.976848E-006        0.0490
   429        0.00005320     0.000000E+000     0.972660E-006        0.0490
   430        0.00005270     0.000000E+000     0.958500E-006        0.0491
   431        0.00005248     0.000000E+000     0.944297E-006        0.0491
   432        0.00005259     0.000000E+000     0.934642E-006        0.0492
   433        0.00005287     0.000000E+000     0.925652E-006        0.0492
   434        0.00005337     0.000000E+000     0.920660E-006        0.0493
   435        0.00005399     0.000000E+000     0.916884E-006        0.0494
   436        0.00005469     0.000000E+000     0.913186E-006        0.0494
   437        0.00005547     0.000000E+000     0.910171E-006        0.0495
   438        0.00005634     0.000000E+000     0.908311E-006        0.0495
   439        0.00005730     0.000000E+000     0.907984E-006        0.0496
   440        0.00005823     0.000000E+000     0.905351E-006        0.0496
   441        0.00005926     0.000000E+000     0.904735E-006        0.0497
   442        0.00006032     0.000000E+000     0.904183E-006        0.0498
   443        0.00006143     0.000000E+000     0.903763E-006        0.0498
   444        0.00006258     0.000000E+000     0.903500E-006        0.0499
   445        0.00006378     0.000000E+000     0.903384E-006        0.0499
   446        0.00006494     0.000000E+000     0.901068E-006        0.0500
   447        0.00006623     0.000000E+000     0.901202E-006        0.0501
   448        0.00006748     0.000000E+000     0.899175E-006        0.0501
   449        0.00006888     0.000000E+000     0.900122E-006        0.0502
   450        0.00007025     0.000000E+000     0.899581E-006        0.0503
   451        0.00007167     0.000000E+000     0.900409E-006        0.0503
   452        0.00007304     0.000000E+000     0.900072E-006        0.0504
   453        0.00007446     0.000000E+000     0.900972E-006        0.0505
   454        0.00007595     0.000000E+000     0.902902E-006        0.0506
   455        0.00007738     0.000000E+000     0.902949E-006        0.0506
   456        0.00007887     0.000000E+000     0.903854E-006        0.0507
   457        0.00008028     0.000000E+000     0.902779E-006        0.0508
   458        0.00008175     0.000000E+000     0.902696E-006        0.0509
   459        0.00008328     0.000000E+000     0.903728E-006        0.0509
   460        0.00008487     0.000000E+000     0.905991E-006        0.0510
   461        0.00008636     0.000000E+000     0.906409E-006        0.0511
   462        0.00008792     0.000000E+000     0.908154E-006        0.0512
   463        0.00008937     0.000000E+000     0.907972E-006        0.0513
   464        0.00009088     0.000000E+000     0.909124E-006        0.0514
   465        0.00009226     0.000000E+000     0.908197E-006        0.0515
   466        0.00009369     0.000000E+000     0.908555E-006        0.0516
   467        0.00009516     0.000000E+000     0.910196E-006        0.0517
   468        0.00009669     0.000000E+000     0.913120E-006        0.0518
   469        0.00009807     0.000000E+000     0.913635E-006        0.0518
   470        0.00009949     0.000000E+000     0.915353E-006        0.0519
   471        0.00010074     0.000000E+000     0.914448E-006        0.0520
   472        0.00010203     0.000000E+000     0.914658E-006        0.0521
   473        0.00010335     0.000000E+000     0.915968E-006        0.0523
   474        0.00010472     0.000000E+000     0.918369E-006        0.0524
   475        0.00010588     0.000000E+000     0.917786E-006        0.0525
   476        0.00010708     0.000000E+000     0.918198E-006        0.0526
   477        0.00010830     0.000000E+000     0.919586E-006        0.0527
   478        0.00010956     0.000000E+000     0.921935E-006        0.0528
   479        0.00011059     0.000000E+000     0.920924E-006        0.0529
   480        0.00011191     0.000000E+000     0.925127E-006        0.0530
   481        0.00011298     0.000000E+000     0.925804E-006        0.0531
   482        0.00011409     0.000000E+000     0.927290E-006        0.0532
   483        0.00011493     0.000000E+000     0.925018E-006        0.0533
   484        0.00011608     0.000000E+000     0.928028E-006        0.0535
   485        0.00011695     0.000000E+000     0.927116E-006        0.0536
   486        0.00011785     0.000000E+000     0.926839E-006        0.0537
   487        0.00011875     0.000000E+000     0.927166E-006        0.0538
   488        0.00011968     0.000000E+000     0.928065E-006        0.0539
   489        0.00012062     0.000000E+000     0.929508E-006        0.0540
   490        0.00012158     0.000000E+000     0.931470E-006        0.0542
   491        0.00012223     0.000000E+000     0.928969E-006        0.0543
   492        0.00012322     0.000000E+000     0.931875E-006        0.0544
   493        0.00012389     0.000000E+000     0.930170E-006        0.0545
   494        0.00012458     0.000000E+000     0.928832E-006        0.0547
   495        0.00012561     0.000000E+000     0.932968E-006        0.0548
   496        0.00012632     0.000000E+000     0.932287E-006        0.0549
   497        0.00012703     0.000000E+000     0.931913E-006        0.0550
   498        0.00012775     0.000000E+000     0.931829E-006        0.0552
   499        0.00012849     0.000000E+000     0.932022E-006        0.0553
   500        0.00012923     0.000000E+000     0.932482E-006        0.0554
   501        0.00012999     0.000000E+000     0.933202E-006        0.0555
   502        0.00013076     0.000000E+000     0.934176E-006        0.0557
   503        0.00013153     0.000000E+000     0.935402E-006        0.0558
   504        0.00013193     0.000000E+000     0.931304E-006        0.0559
   505        0.00013273     0.000000E+000     0.933015E-006        0.0561
   506        0.00013354     0.000000E+000     0.934976E-006        0.0562
   507        0.00013394     0.000000E+000     0.931478E-006        0.0563
   508        0.00013477     0.000000E+000     0.933927E-006        0.0565
   509        0.00013562     0.000000E+000     0.936636E-006        0.0566
   510        0.00013604     0.000000E+000     0.933736E-006        0.0567
   511        0.00013691     0.000000E+000     0.936947E-006        0.0569
   512        0.00013734     0.000000E+000     0.934457E-006        0.0570
   513        0.00013779     0.000000E+000     0.932182E-006        0.0571
   514        0.00013868     0.000000E+000     0.936140E-006        0.0573
   515        0.00013913     0.000000E+000     0.934265E-006        0.0574
   516        0.00013959     0.000000E+000     0.932596E-006        0.0576
   517        0.00014052     0.000000E+000     0.937295E-006        0.0577
   518        0.00014099     0.000000E+000     0.936007E-006        0.0578
   519        0.00014146     0.000000E+000     0.934908E-006        0.0580
   520        0.00014194     0.000000E+000     0.933992E-006        0.0581
   521        0.00014243     0.000000E+000     0.933251E-006        0.0583
   522        0.00014292     0.000000E+000     0.932679E-006        0.0584
   523        0.00014391     0.000000E+000     0.938725E-006        0.0586
   524        0.00014441     0.000000E+000     0.938464E-006        0.0587
   525        0.00014492     0.000000E+000     0.938352E-006        0.0588
   526        0.00014543     0.000000E+000     0.938380E-006        0.0590
   527        0.00014595     0.000000E+000     0.938542E-006        0.0591
   528        0.00014648     0.000000E+000     0.938830E-006        0.0593
   529        0.00014701     0.000000E+000     0.939239E-006        0.0594
   530        0.00014755     0.000000E+000     0.939762E-006        0.0596
   531        0.00014809     0.000000E+000     0.940394E-006        0.0597
   532        0.00014864     0.000000E+000     0.941128E-006        0.0599
   533        0.00014864     0.000000E+000     0.934999E-006        0.0600
   534        0.00014919     0.000000E+000     0.935914E-006        0.0602
   535        0.00014976     0.000000E+000     0.936917E-006        0.0603
   536        0.00015033     0.000000E+000     0.938003E-006        0.0605
   537        0.00015090     0.000000E+000     0.939169E-006        0.0606
   538        0.00015149     0.000000E+000     0.940412E-006        0.0608
   539        0.00015207     0.000000E+000     0.941729E-006        0.0609
   540        0.00015207     0.000000E+000     0.935794E-006        0.0611
   541        0.00015267     0.000000E+000     0.937233E-006        0.0612
   542        0.00015328     0.000000E+000     0.938738E-006        0.0614
   543        0.00015389     0.000000E+000     0.940306E-006        0.0615
   544        0.00015389     0.000000E+000     0.934418E-006        0.0617
   545        0.00015452     0.000000E+000     0.936088E-006        0.0618
   546        0.00015515     0.000000E+000     0.937816E-006        0.0620
   547        0.00015578     0.000000E+000     0.939601E-006        0.0621
   548        0.00015643     0.000000E+000     0.941444E-006        0.0623
   549        0.00015643     0.000000E+000     0.935531E-006        0.0625
   550        0.00015709     0.000000E+000     0.937460E-006        0.0626
   551        0.00015775     0.000000E+000     0.939443E-006        0.0628
   552        0.00015843     0.000000E+000     0.941481E-006        0.0629
   553        0.00015843     0.000000E+000     0.935527E-006        0.0631
   554        0.00015911     0.000000E+000     0.937647E-006        0.0632
   555        0.00015981     0.000000E+000     0.939821E-006        0.0634
   556        0.00015981     0.000000E+000     0.933842E-006        0.0636
   557        0.00016052     0.000000E+000     0.936099E-006        0.0637
   558        0.00016123     0.000000E+000     0.938412E-006        0.0639
   559        0.00016196     0.000000E+000     0.940785E-006        0.0640
   560        0.00016196     0.000000E+000     0.934738E-006        0.0642
   561        0.00016270     0.000000E+000     0.937198E-006        0.0644
   562        0.00016345     0.000000E+000     0.939721E-006        0.0645
   563        0.00016345     0.000000E+000     0.933644E-006        0.0647
   564        0.00016421     0.000000E+000     0.936263E-006        0.0649
   565        0.00016499     0.000000E+000     0.938952E-006        0.0650
   566        0.00016499     0.000000E+000     0.932848E-006        0.0652
   567        0.00016578     0.000000E+000     0.935643E-006        0.0654
   568        0.00016658     0.000000E+000     0.938515E-006        0.0655
   569        0.00016658     0.000000E+000     0.932391E-006        0.0657
   570        0.00016739     0.000000E+000     0.935382E-006        0.0659
   571        0.00016822     0.000000E+000     0.938459E-006        0.0660
   572        0.00016822     0.000000E+000     0.932323E-006        0.0662
   573        0.00016907     0.000000E+000     0.935533E-006        0.0664
   574        0.00016993     0.000000E+000     0.938839E-006        0.0665
   575        0.00016993     0.000000E+000     0.932698E-006        0.0667
   576        0.00017080     0.000000E+000     0.936152E-006        0.0669
   577        0.00017169     0.000000E+000     0.939710E-006        0.0670
   578        0.00017169     0.000000E+000     0.933570E-006        0.0672
   579        0.00017260     0.000000E+000     0.937291E-006        0.0674
   580        0.00017260     0.000000E+000     0.931187E-006        0.0676
   581        0.00017353     0.000000E+000     0.935077E-006        0.0677
   582        0.00017447     0.000000E+000     0.939088E-006        0.0679
   583        0.00017447     0.000000E+000     0.932990E-006        0.0681
   584        0.00017543     0.000000E+000     0.937183E-006        0.0682
   585        0.00017543     0.000000E+000     0.931124E-006        0.0684
   586        0.00017642     0.000000E+000     0.935506E-006        0.0686
   587        0.00017742     0.000000E+000     0.940024E-006        0.0688
   588        0.00017742     0.000000E+000     0.933967E-006        0.0690
   589        0.00017845     0.000000E+000     0.938686E-006        0.0691
   590        0.00017845     0.000000E+000     0.932664E-006        0.0693
   591        0.00017950     0.000000E+000     0.937590E-006        0.0695
   592        0.00017950     0.000000E+000     0.931599E-006        0.0697
   593        0.00018057     0.000000E+000     0.936739E-006        0.0698
   594        0.00018057     0.000000E+000     0.930776E-006        0.0700
   595        0.00018167     0.000000E+000     0.936137E-006        0.0702
   596        0.00018167     0.000000E+000     0.930199E-006        0.0704
   597        0.00018280     0.000000E+000     0.935788E-006        0.0706
   598        0.00018280     0.000000E+000     0.929871E-006        0.0708
   599        0.00018396     0.000000E+000     0.935695E-006        0.0709
   600        0.00018396     0.000000E+000     0.929796E-006        0.0711
   601        0.00018515     0.000000E+000     0.935863E-006        0.0713
   602        0.00018515     0.000000E+000     0.929979E-006        0.0715
   603        0.00018636     0.000000E+000     0.936298E-006        0.0717
   604        0.00018636     0.000000E+000     0.930425E-006        0.0719
   605        0.00018761     0.000000E+000     0.937006E-006        0.0720
   606        0.00018761     0.000000E+000     0.931142E-006        0.0722
   607        0.00018890     0.000000E+000     0.937997E-006        0.0724
   608        0.00018890     0.000000E+000     0.932138E-006        0.0726
   609        0.00019022     0.000000E+000     0.939279E-006        0.0728
   610        0.00019022     0.000000E+000     0.933423E-006        0.0730
   611        0.00019022     0.000000E+000     0.927630E-006        0.0732
   612        0.00019159     0.000000E+000     0.935144E-006        0.0734
   613        0.00019159     0.000000E+000     0.929350E-006        0.0736
   614        0.00019300     0.000000E+000     0.937183E-006        0.0738
   615        0.00019300     0.000000E+000     0.931387E-006        0.0739
   616        0.00019445     0.000000E+000     0.939555E-006        0.0741
   617        0.00019445     0.000000E+000     0.933755E-006        0.0743
   618        0.00019445     0.000000E+000     0.928017E-006        0.0745
   619        0.00019596     0.000000E+000     0.936625E-006        0.0747
   620        0.00019596     0.000000E+000     0.930881E-006        0.0749
   621        0.00019596     0.000000E+000     0.925200E-006        0.0751
   622        0.00019752     0.000000E+000     0.934280E-006        0.0753
   623        0.00019752     0.000000E+000     0.928591E-006        0.0755
   624        0.00019914     0.000000E+000     0.938081E-006        0.0757
   625        0.00019914     0.000000E+000     0.932382E-006        0.0759
   626        0.00019914     0.000000E+000     0.926748E-006        0.0761
   627        0.00020083     0.000000E+000     0.936778E-006        0.0763
   628        0.00020083     0.000000E+000     0.931132E-006        0.0765
   629        0.00020083     0.000000E+000     0.925551E-006        0.0767
   630        0.00020259     0.000000E+000     0.936164E-006        0.0769
   631        0.00020259     0.000000E+000     0.930569E-006        0.0771
   632        0.00020259     0.000000E+000     0.925039E-006        0.0773
   633        0.00020443     0.000000E+000     0.936284E-006        0.0775
   634        0.00020443     0.000000E+000     0.930738E-006        0.0777
   635        0.00020443     0.000000E+000     0.925258E-006        0.0779
   636        0.00020636     0.000000E+000     0.937190E-006        0.0781
   637        0.00020636     0.000000E+000     0.931689E-006        0.0783
   638        0.00020636     0.000000E+000     0.926255E-006        0.0785
   639        0.00020839     0.000000E+000     0.938936E-006        0.0787
   640        0.00020839     0.000000E+000     0.933477E-006        0.0790
   641        0.00020839     0.000000E+000     0.928085E-006        0.0792
   642        0.00020839     0.000000E+000     0.922760E-006        0.0794
   643        0.00021053     0.000000E+000     0.936412E-006        0.0796
   644        0.00021053     0.000000E+000     0.931056E-006        0.0798
   645        0.00021053     0.000000E+000     0.925766E-006        0.0800
   646        0.00021053     0.000000E+000     0.920542E-006        0.0802
   647        0.00021282     0.000000E+000     0.935281E-006        0.0804
   648        0.00021282     0.000000E+000     0.930020E-006        0.0806
   649        0.00021282     0.000000E+000     0.924824E-006        0.0808
   650        0.00021282     0.000000E+000     0.919694E-006        0.0811
   651        0.00021527     0.000000E+000     0.935659E-006        0.0813
   652        0.00021527     0.000000E+000     0.930485E-006        0.0815
   653        0.00021527     0.000000E+000     0.925379E-006        0.0817
   654        0.00021527     0.000000E+000     0.920338E-006        0.0819
   655        0.00021789     0.000000E+000     0.937698E-006        0.0821
   656        0.00021789     0.000000E+000     0.932609E-006        0.0824
   657        0.00021789     0.000000E+000     0.927589E-006        0.0826
   658        0.00021789     0.000000E+000     0.922638E-006        0.0828
   659        0.00021789     0.000000E+000     0.917756E-006        0.0830
   660        0.00022076     0.000000E+000     0.936987E-006        0.0832
   661        0.00022076     0.000000E+000     0.932059E-006        0.0834
   662        0.00022076     0.000000E+000     0.927208E-006        0.0837
   663        0.00022076     0.000000E+000     0.922435E-006        0.0839
   664        0.00022076     0.000000E+000     0.917744E-006        0.0841
   665        0.00022076     0.000000E+000     0.913138E-006        0.0843
   666        0.00022396     0.000000E+000     0.934988E-006        0.0845
   667        0.00022396     0.000000E+000     0.930375E-006        0.0848
   668        0.00022396     0.000000E+000     0.925872E-006        0.0850
   669        0.00022396     0.000000E+000     0.921488E-006        0.0852
   670        0.00022396     0.000000E+000     0.917238E-006        0.0854
   671        0.00022396     0.000000E+000     0.913139E-006        0.0857
   672        0.00022396     0.000000E+000     0.909213E-006        0.0859
   673        0.00022763     0.000000E+000     0.935227E-006        0.0861
   674        0.00022763     0.000000E+000     0.931569E-006        0.0863
   675        0.00022763     0.000000E+000     0.928216E-006        0.0866
   676        0.00022763     0.000000E+000     0.925231E-006        0.0868
   677        0.00022763     0.000000E+000     0.922694E-006        0.0870
   678        0.00022763     0.000000E+000     0.920693E-006        0.0873
   679        0.00022763     0.000000E+000     0.919314E-006        0.0875
   680        0.00022763     0.000000E+000     0.918604E-006        0.0877
   681        0.00022763     0.000000E+000     0.918512E-006        0.0879
   682        0.00022763     0.000000E+000     0.918830E-006        0.0882
   683        0.00022763     0.000000E+000     0.919186E-006        0.0884
   684        0.00022763     0.000000E+000     0.919153E-006        0.0886
   685        0.00022763     0.000000E+000     0.918392E-006        0.0888
   686        0.00022763     0.000000E+000     0.916735E-006        0.0891
   687        0.00022763     0.000000E+000     0.914178E-006        0.0893
   688        0.00022763     0.000000E+000     0.910823E-006        0.0895
   689        0.00022763     0.000000E+000     0.906814E-006        0.0898
   690        0.00022763     0.000000E+000     0.902301E-006        0.0900
   691        0.00022763     0.000000E+000     0.897414E-006        0.0902
   692        0.00022763     0.000000E+000     0.892262E-006        0.0904
   693        0.00022763     0.000000E+000     0.886933E-006        0.0907
   694        0.00023347     0.000000E+000     0.926914E-006        0.0909
   695        0.00023347     0.000000E+000     0.920998E-006        0.0911
   696        0.00023347     0.000000E+000     0.915069E-006        0.0914
   697        0.00023347     0.000000E+000     0.909164E-006        0.0916
   698        0.00023347     0.000000E+000     0.903316E-006        0.0918
   699        0.00023347     0.000000E+000     0.897550E-006        0.0921
   700        0.00023347     0.000000E+000     0.891890E-006        0.0923
   701        0.00023347     0.000000E+000     0.886355E-006        0.0925
   702        0.00023347     0.000000E+000     0.880965E-006        0.0928
   703        0.00023347     0.000000E+000     0.875736E-006        0.0930
   704        0.00023347     0.000000E+000     0.870688E-006        0.0932
   705        0.00023347     0.000000E+000     0.865837E-006        0.0935
   706        0.00023347     0.000000E+000     0.861203E-006        0.0937
   707        0.00023347     0.000000E+000     0.856805E-006        0.0939
   708        0.00023347     0.000000E+000     0.852666E-006        0.0942
   709        0.00023347     0.000000E+000     0.848807E-006        0.0944
   710        0.00023347     0.000000E+000     0.845253E-006        0.0946
   711        0.00023347     0.000000E+000     0.842029E-006        0.0949
   712        0.00023347     0.000000E+000     0.839160E-006        0.0951
   713        0.00023347     0.000000E+000     0.836672E-006        0.0953
   714        0.00023347     0.000000E+000     0.834589E-006        0.0956
   715        0.00023347     0.000000E+000     0.832930E-006        0.0958
   716        0.00023347     0.000000E+000     0.831712E-006        0.0960
   717        0.00023347     0.000000E+000     0.830942E-006        0.0963
   718        0.00023347     0.000000E+000     0.830623E-006        0.0965
   719        0.00023347     0.000000E+000     0.830744E-006        0.0967
   720        0.00023347     0.000000E+000     0.831288E-006        0.0970
   721        0.00023347     0.000000E+000     0.832227E-006        0.0972
   722        0.00023347     0.000000E+000     0.833522E-006        0.0974
   723        0.00023347     0.000000E+000     0.835127E-006        0.0977
   724        0.00023347     0.000000E+000     0.836987E-006        0.0979
   725        0.00023347     0.000000E+000     0.839040E-006        0.0981
   726        0.00023347     0.000000E+000     0.841219E-006        0.0984
   727        0.00023347     0.000000E+000     0.843454E-006        0.0986
   728        0.00023347     0.000000E+000     0.845667E-006        0.0988
   729        0.00023347     0.000000E+000     0.847787E-006        0.0991
   730        0.00023347     0.000000E+000     0.849736E-006        0.0993
   731        0.00023347     0.000000E+000     0.851442E-006        0.0995
   732        0.00023347     0.000000E+000     0.852836E-006        0.0998
   733        0.00024272     0.000000E+000     0.922145E-006        0.1000
   734        0.00024510     0.000000E+000     0.940854E-006        0.1002
   735        0.00024571     0.000000E+000     0.945576E-006        0.1005
   736        0.00024571     0.000000E+000     0.945065E-006        0.1007
   737        0.00024571     0.000000E+000     0.943889E-006        0.1010
   738        0.00024632     0.000000E+000     0.946683E-006        0.1012
   739        0.00024632     0.000000E+000     0.944115E-006        0.1015
   740        0.00024632     0.000000E+000     0.940856E-006        0.1017
   741        0.00024694     0.000000E+000     0.941601E-006        0.1020
   742        0.00024757     0.000000E+000     0.941692E-006        0.1022
   743        0.00024820     0.000000E+000     0.941149E-006        0.1025
   744        0.00024883     0.000000E+000     0.940000E-006        0.1027
   745        0.00024947     0.000000E+000     0.938276E-006        0.1030
   746        0.00025012     0.000000E+000     0.936016E-006        0.1032
   747        0.00025142     0.000000E+000     0.938075E-006        0.1035
   748        0.00025208     0.000000E+000     0.934836E-006        0.1037
   749        0.00025341     0.000000E+000     0.936047E-006        0.1040
   750        0.00025476     0.000000E+000     0.936892E-006        0.1042
   751        0.00025544     0.000000E+000     0.932448E-006        0.1045
   752        0.00025681     0.000000E+000     0.932655E-006        0.1047
   753        0.00025821     0.000000E+000     0.932596E-006        0.1050
   754        0.00025962     0.000000E+000     0.932300E-006        0.1052
   755        0.00026106     0.000000E+000     0.931798E-006        0.1055
   756        0.00026251     0.000000E+000     0.931118E-006        0.1058
   757        0.00026399     0.000000E+000     0.930285E-006        0.1060
   758        0.00026548     0.000000E+000     0.929326E-006        0.1063
   759        0.00026700     0.000000E+000     0.928264E-006        0.1065
   760        0.00026932     0.000000E+000     0.932435E-006        0.1068
   761        0.00027089     0.000000E+000     0.931224E-006        0.1071
   762        0.00027248     0.000000E+000     0.929973E-006        0.1074
   763        0.00027410     0.000000E+000     0.928699E-006        0.1076
   764        0.00027574     0.000000E+000     0.927420E-006        0.1079
   765        0.00027824     0.000000E+000     0.931717E-006        0.1082
   766        0.00027995     0.000000E+000     0.930464E-006        0.1085
   767        0.00028167     0.000000E+000     0.929250E-006        0.1087
   768        0.00028343     0.000000E+000     0.928087E-006        0.1090
   769        0.00028521     0.000000E+000     0.926986E-006        0.1093
   770        0.00028702     0.000000E+000     0.925959E-006        0.1096
   771        0.00028979     0.000000E+000     0.930913E-006        0.1099
   772        0.00029167     0.000000E+000     0.930054E-006        0.1102
   773        0.00029359     0.000000E+000     0.929294E-006        0.1105
   774        0.00029553     0.000000E+000     0.928643E-006        0.1107
   775        0.00029751     0.000000E+000     0.928105E-006        0.1110
   776        0.00029952     0.000000E+000     0.927688E-006        0.1113
   777        0.00030156     0.000000E+000     0.927397E-006        0.1116
   778        0.00030364     0.000000E+000     0.927236E-006        0.1119
   779        0.00030576     0.000000E+000     0.927211E-006        0.1122
   780        0.00030791     0.000000E+000     0.927324E-006        0.1126
   781        0.00031010     0.000000E+000     0.927580E-006        0.1129
   782        0.00031233     0.000000E+000     0.927982E-006        0.1132
   783        0.00031460     0.000000E+000     0.928532E-006        0.1135
   784        0.00031692     0.000000E+000     0.929234E-006        0.1138
   785        0.00031927     0.000000E+000     0.930090E-006        0.1141
   786        0.00032167     0.000000E+000     0.931102E-006        0.1144
   787        0.00032412     0.000000E+000     0.932272E-006        0.1148
   788        0.00032536     0.000000E+000     0.926535E-006        0.1151
   789        0.00032788     0.000000E+000     0.928009E-006        0.1154
   790        0.00033046     0.000000E+000     0.929644E-006        0.1157
   791        0.00033308     0.000000E+000     0.931442E-006        0.1161
   792        0.00033441     0.000000E+000     0.926030E-006        0.1164
   793        0.00033712     0.000000E+000     0.928132E-006        0.1167
   794        0.00033988     0.000000E+000     0.930400E-006        0.1171
   795        0.00034129     0.000000E+000     0.925222E-006        0.1174
   796        0.00034414     0.000000E+000     0.927792E-006        0.1177
   797        0.00034706     0.000000E+000     0.930530E-006        0.1181
   798        0.00034854     0.000000E+000     0.925561E-006        0.1184
   799        0.00035156     0.000000E+000     0.928599E-006        0.1188
   800        0.00035464     0.000000E+000     0.931807E-006        0.1191
   801        0.00035621     0.000000E+000     0.927021E-006        0.1195
   802        0.00035941     0.000000E+000     0.930528E-006        0.1199
   803        0.00036103     0.000000E+000     0.925868E-006        0.1202
   804        0.00036435     0.000000E+000     0.929673E-006        0.1206
   805        0.00036603     0.000000E+000     0.925126E-006        0.1209
   806        0.00036947     0.000000E+000     0.929228E-006        0.1213
   807        0.00037122     0.000000E+000     0.924782E-006        0.1217
   808        0.00037479     0.000000E+000     0.929182E-006        0.1220
   809        0.00037661     0.000000E+000     0.924825E-006        0.1224
   810        0.00038032     0.000000E+000     0.929524E-006        0.1228
   811        0.00038221     0.000000E+000     0.925245E-006        0.1232
   812        0.00038607     0.000000E+000     0.930247E-006        0.1236
   813        0.00038804     0.000000E+000     0.926034E-006        0.1239
   814        0.00039004     0.000000E+000     0.921880E-006        0.1243
   815        0.00039413     0.000000E+000     0.927303E-006        0.1247
   816        0.00039621     0.000000E+000     0.923200E-006        0.1251
   817        0.00040047     0.000000E+000     0.928938E-006        0.1255
   818        0.00040265     0.000000E+000     0.924876E-006        0.1259
   819        0.00040486     0.000000E+000     0.920863E-006        0.1263
   820        0.00040939     0.000000E+000     0.927040E-006        0.1267
   821        0.00041170     0.000000E+000     0.923056E-006        0.1271
   822        0.00041405     0.000000E+000     0.919115E-006        0.1275
   823        0.00041887     0.000000E+000     0.925750E-006        0.1280
   824        0.00042133     0.000000E+000     0.921827E-006        0.1284
   825        0.00042384     0.000000E+000     0.917942E-006        0.1288
   826        0.00042898     0.000000E+000     0.925061E-006        0.1292
   827        0.00043161     0.000000E+000     0.921186E-006        0.1296
   828        0.00043429     0.000000E+000     0.917347E-006        0.1301
   829        0.00043978     0.000000E+000     0.924984E-006        0.1305
   830        0.00044260     0.000000E+000     0.921147E-006        0.1310
   831        0.00044548     0.000000E+000     0.917345E-006        0.1314
   832        0.00045138     0.000000E+000     0.925545E-006        0.1318
   833        0.00045441     0.000000E+000     0.921741E-006        0.1323
   834        0.00045750     0.000000E+000     0.917971E-006        0.1327
   835        0.00046065     0.000000E+000     0.914235E-006        0.1332
   836        0.00046714     0.000000E+000     0.923212E-006        0.1337
   837        0.00047048     0.000000E+000     0.919473E-006        0.1341
   838        0.00047389     0.000000E+000     0.915768E-006        0.1346
   839        0.00047737     0.000000E+000     0.912099E-006        0.1351
   840        0.00048455     0.000000E+000     0.921967E-006        0.1356
   841        0.00048825     0.000000E+000     0.918298E-006        0.1360
   842        0.00049204     0.000000E+000     0.914667E-006        0.1365
   843        0.00049591     0.000000E+000     0.911077E-006        0.1370
   844        0.00050391     0.000000E+000     0.921985E-006        0.1375
   845        0.00050804     0.000000E+000     0.918400E-006        0.1380
   846        0.00051227     0.000000E+000     0.914861E-006        0.1385
   847        0.00051661     0.000000E+000     0.911367E-006        0.1390
   848        0.00052107     0.000000E+000     0.907922E-006        0.1396
   849        0.00052564     0.000000E+000     0.904528E-006        0.1401
   850        0.00053511     0.000000E+000     0.917210E-006        0.1406
   851        0.00054002     0.000000E+000     0.913842E-006        0.1411
   852        0.00054506     0.000000E+000     0.910530E-006        0.1417
   853        0.00055026     0.000000E+000     0.907278E-006        0.1422
   854        0.00055560     0.000000E+000     0.904088E-006        0.1428
   855        0.00056110     0.000000E+000     0.900961E-006        0.1433
   856        0.00057255     0.000000E+000     0.915967E-006        0.1439
   857        0.00057851     0.000000E+000     0.912893E-006        0.1445
   858        0.00058467     0.000000E+000     0.909891E-006        0.1450
   859        0.00059102     0.000000E+000     0.906963E-006        0.1456
   860        0.00059759     0.000000E+000     0.904110E-006        0.1462
   861        0.00060438     0.000000E+000     0.901335E-006        0.1468
   862        0.00061141     0.000000E+000     0.898638E-006        0.1474
   863        0.00061869     0.000000E+000     0.896022E-006        0.1480
   864        0.00062623     0.000000E+000     0.893487E-006        0.1486
   865        0.00063406     0.000000E+000     0.891032E-006        0.1493
   866        0.00064219     0.000000E+000     0.888658E-006        0.1499
   867        0.00065064     0.000000E+000     0.886363E-006        0.1506
   868        0.00065943     0.000000E+000     0.884146E-006        0.1512
   869        0.00066859     0.000000E+000     0.882004E-006        0.1519
   870        0.00067814     0.000000E+000     0.879934E-006        0.1525
   871        0.00068811     0.000000E+000     0.877932E-006        0.1532
   872        0.00069854     0.000000E+000     0.875992E-006        0.1539
   873        0.00070946     0.000000E+000     0.874108E-006        0.1546
   874        0.00072090     0.000000E+000     0.872274E-006        0.1553
   875        0.00073291     0.000000E+000     0.870481E-006        0.1560
   876        0.00074555     0.000000E+000     0.868719E-006        0.1568
   877        0.00075886     0.000000E+000     0.866975E-006        0.1575
   878        0.00077292     0.000000E+000     0.865236E-006        0.1583
   879        0.00078778     0.000000E+000     0.863490E-006        0.1590
   880        0.00080354     0.000000E+000     0.861721E-006        0.1598
   881        0.00082028     0.000000E+000     0.859913E-006        0.1606
   882        0.00083811     0.000000E+000     0.858052E-006        0.1614
   883        0.00085716     0.000000E+000     0.856123E-006        0.1623
   884        0.00087756     0.000000E+000     0.854114E-006        0.1631
   885        0.00089950     0.000000E+000     0.852016E-006        0.1640
   886        0.00092317     0.000000E+000     0.849816E-006        0.1649
   887        0.00094882     0.000000E+000     0.847520E-006        0.1658
   888        0.00097672     0.000000E+000     0.845144E-006        0.1668
   889        0.00100725     0.000000E+000     0.842716E-006        0.1678
   890        0.00104082     0.000000E+000     0.840306E-006        0.1688
   891        0.00107799     0.000000E+000     0.838009E-006        0.1698
   892        0.00111946     0.000000E+000     0.835971E-006        0.1709
   893        0.00116610     0.000000E+000     0.834412E-006        0.1720
   894        0.00121910     0.000000E+000     0.833655E-006        0.1732
   895        0.00128006     0.000000E+000     0.834171E-006        0.1744
   896        0.00128006     0.000000E+000     0.755357E-006        0.1757
   897        0.00135536     0.000000E+000     0.759872E-006        0.1770
   898        0.00144571     0.000000E+000     0.768116E-006        0.1783
   899        0.00155692     0.000000E+000     0.782231E-006        0.1798
   900        0.00155692     0.000000E+000     0.684658E-006        0.1813
   901        0.00171261     0.000000E+000     0.715013E-006        0.1829
   902        0.00171261     0.000000E+000     0.615321E-006        0.1846
   903        0.00195727     0.000000E+000     0.680627E-006        0.1863
   904        0.00195727     0.000000E+000     0.575756E-006        0.1883
   905        0.00195727     0.000000E+000     0.489944E-006        0.1902
   906        0.00195727     0.000000E+000     0.420576E-006        0.1922
   907        0.00195727     0.000000E+000     0.364933E-006        0.1941
   908        0.00195727     0.000000E+000     0.320412E-006        0.1961
   909        0.00195727     0.000000E+000     0.284686E-006        0.1980
   910        0.00303030     0.000000E+000     0.594062E-006        0.2000
   911        0.00359147     0.000000E+000     0.715057E-006        0.2030
   912        0.00389076     0.000000E+000     0.723441E-006        0.2066
   913        0.00426131     0.000000E+000     0.753563E-006        0.2105
   914        0.00448559     0.000000E+000     0.729088E-006        0.2148
   915        0.00474945     0.000000E+000     0.716186E-006        0.2193
   916        0.00506608     0.000000E+000     0.713613E-006        0.2240
   917        0.00545577     0.000000E+000     0.721977E-006        0.2291
   918        0.00595175     0.000000E+000     0.744102E-006        0.2345
   919        0.00595175     0.000000E+000     0.642754E-006        0.2405
   920        0.00669572     0.000000E+000     0.697359E-006        0.2464
   921        0.00669572     0.000000E+000     0.594069E-006        0.2531
   922        0.00669572     0.000000E+000     0.506780E-006        0.2598
   923        0.00836965     0.000000E+000     0.661262E-006        0.2665
   924        0.00836965     0.000000E+000     0.543317E-006        0.2749
   925        0.00836965     0.000000E+000     0.446755E-006        0.2833
   926        0.00836965     0.000000E+000     0.367540E-006        0.2916
   927        0.01111111     0.000000E+000     0.513725E-006        0.3000
   928        0.01269841     0.000000E+000     0.507367E-006        0.3111
   929        0.01523810     0.000000E+000     0.526034E-006        0.3238
   930        0.01523810     0.000000E+000     0.369699E-006        0.3390
   931        0.01523810     0.000000E+000     0.259900E-006        0.3543
   932        0.01523810     0.000000E+000     0.182693E-006        0.3695
   933        0.01523810     0.000000E+000     0.128392E-006        0.3848
   934        0.02500000     0.000000E+000     0.213395E-006        0.4000
   935        0.03750000     0.000000E+000     0.229688E-006        0.4250
   936        0.03750000     0.000000E+000     0.974224E-007        0.4625
   937        0.05000000     0.000000E+000     0.632991E-007        0.5000
   938        0.05000000     0.000000E+000     0.210151E-007        0.5500
   939        0.10000000     0.000000E+000     0.164196E-007        0.6000
   940        0.10000000     0.000000E+000     0.332500E-008        0.7000
   941        0.10000000     0.000000E+000     0.210691E-008        0.8000
   942        0.10000000     0.000000E+000     0.244210E-008        0.9000
