#Update-step  Updatetime     Error of A        Error of phi      Time in fs
     1 *      0.02500000     0.000000E+000     0.105065E-003        0.0000
     1        0.02500000     0.000000E+000     0.119981E-004        0.0250
     2        0.05000000     0.000000E+000     0.381218E-005        0.0500
     3        0.10000000     0.000000E+000     0.296922E-006        0.1000
     4        0.10000000     0.000000E+000     0.818719E-007        0.2000
     5        0.10000000     0.000000E+000     0.140347E-007        0.3000
     6        0.10000000     0.000000E+000     0.323463E-008        0.4000
     7        0.10000000     0.000000E+000     0.153587E-006        0.5000
     8        0.10000000     0.000000E+000     0.310132E-007        0.6000
     9        0.10000000     0.000000E+000     0.723209E-008        0.7000
    10        0.10000000     0.000000E+000     0.200074E-008        0.8000
    11        0.10000000     0.000000E+000     0.602327E-009        0.9000
