#Update-step  Updatetime     Error of A        Error of phi      Time in fs
     1                                         0.104343E-002
     1        0.00370370     0.000000E+000     0.125138E-003        0.0000
     2        0.00481481     0.000000E+000     0.962225E-004        0.0037
     3        0.00703704     0.000000E+000     0.106950E-003        0.0085
     4        0.00938272     0.000000E+000     0.899608E-004        0.0156
     5        0.01251029     0.000000E+000     0.710793E-004        0.0249
     6        0.01563786     0.000000E+000     0.484772E-004        0.0374
     7        0.02345679     0.000000E+000     0.422458E-004        0.0531
     8        0.02345679     0.000000E+000     0.188019E-004        0.0765
     9        0.05000000     0.000000E+000     0.310670E-004        0.1000
    10        0.05000000     0.000000E+000     0.124114E-004        0.1500
    11        0.10000000     0.000000E+000     0.228625E-004        0.2000
    12        0.10000000     0.000000E+000     0.128192E-004        0.3000
    13        0.10000000     0.000000E+000     0.666838E-005        0.4000
    14        0.10000000     0.000000E+000     0.783954E-005        0.5000
    15        0.10000000     0.000000E+000     0.491194E-005        0.6000
    16        0.10000000     0.000000E+000     0.135059E-005        0.7000
    17        0.10000000     0.000000E+000     0.775024E-006        0.8000
    18        0.10000000     0.000000E+000     0.596524E-006        0.9000
