#Update-step  Updatetime     Error of A        Error of phi      Time in fs
     1                                         0.223606E-003
     1 *      0.00128205     0.000000E+000     0.977372E-006        0.0000
     1        0.00128205     0.000000E+000     0.896575E-006        0.0013
     2 *      0.00069597     0.000000E+000     0.265570E-006        0.0026
     2        0.00069597     0.000000E+000     0.419605E-006        0.0033
     3        0.00102174     0.000000E+000     0.563418E-006        0.0040
     4        0.00123405     0.000000E+000     0.696669E-006        0.0050
     5        0.00137924     0.000000E+000     0.767719E-006        0.0062
     6        0.00149047     0.000000E+000     0.796605E-006        0.0076
     7        0.00156756     0.000000E+000     0.783967E-006        0.0091
     8        0.00168587     0.000000E+000     0.803425E-006        0.0106
     9        0.00178908     0.000000E+000     0.796175E-006        0.0123
    10        0.00190835     0.000000E+000     0.790343E-006        0.0141
    11        0.00199923     0.000000E+000     0.751039E-006        0.0160
    12        0.00215706     0.000000E+000     0.750415E-006        0.0180
    13        0.00234739     0.000000E+000     0.755169E-006        0.0202
    14        0.00249884     0.000000E+000     0.722253E-006        0.0225
    15        0.00267732     0.000000E+000     0.696860E-006        0.0250
    16        0.00289151     0.000000E+000     0.680704E-006        0.0277
    17        0.00315437     0.000000E+000     0.676080E-006        0.0306
    18        0.00348641     0.000000E+000     0.686655E-006        0.0338
    19        0.00392222     0.000000E+000     0.719124E-006        0.0372
    20        0.00420237     0.000000E+000     0.684077E-006        0.0412
    21        0.00455257     0.000000E+000     0.669873E-006        0.0454
    22        0.00500783     0.000000E+000     0.682148E-006        0.0499
    23        0.00563381     0.000000E+000     0.736274E-006        0.0549
    24        0.00563381     0.000000E+000     0.653090E-006        0.0606
    25        0.00563381     0.000000E+000     0.617933E-006        0.0662
    26        0.00563381     0.000000E+000     0.642351E-006        0.0718
    27        0.00563381     0.000000E+000     0.770619E-006        0.0775
    28 *      0.00281690     0.000000E+000     0.294559E-006        0.0831
    28        0.00281690     0.000000E+000     0.409977E-006        0.0859
    29 *      0.00187794     0.000000E+000     0.290011E-006        0.0887
    29        0.00187794     0.000000E+000     0.435937E-006        0.0906
    30 *      0.00125196     0.000000E+000     0.328122E-006        0.0925
    30        0.00125196     0.000000E+000     0.506091E-006        0.0937
    31 *      0.00083464     0.000000E+000     0.378288E-006        0.0950
    31        0.00083464     0.000000E+000     0.560314E-006        0.0958
    32        0.00083464     0.000000E+000     0.864060E-006        0.0967
    33 *      0.00041732     0.000000E+000     0.366250E-006        0.0975
    33        0.00041732     0.000000E+000     0.596673E-006        0.0979
    34 *      0.00020866     0.000000E+000     0.474786E-006        0.0983
    34        0.00020866     0.000000E+000     0.798422E-006        0.0985
    35 *      0.00010433     0.000000E+000     0.283086E-006        0.0987
    35        0.00010433     0.000000E+000     0.316517E-006        0.0989
    36        0.00014904     0.000000E+000     0.700348E-006        0.0990
    37        0.00014904     0.000000E+000     0.757825E-006        0.0991
    38        0.00014904     0.000000E+000     0.796427E-006        0.0993
    39        0.00014904     0.000000E+000     0.822249E-006        0.0994
    40        0.00014904     0.000000E+000     0.839699E-006        0.0996
    41        0.00014904     0.000000E+000     0.851685E-006        0.0997
    42        0.00014904     0.000000E+000     0.860075E-006        0.0999
    43        0.00015456     0.000000E+000     0.931277E-006        0.1000
    44        0.00015552     0.000000E+000     0.947801E-006        0.1002
    45        0.00015552     0.000000E+000     0.951428E-006        0.1003
    46        0.00015528     0.000000E+000     0.951193E-006        0.1005
    47        0.00015504     0.000000E+000     0.950344E-006        0.1006
    48        0.00015480     0.000000E+000     0.949087E-006        0.1008
    49        0.00015480     0.000000E+000     0.950538E-006        0.1009
    50        0.00015455     0.000000E+000     0.948889E-006        0.1011
    51        0.00015455     0.000000E+000     0.950161E-006        0.1012
    52        0.00015431     0.000000E+000     0.948470E-006        0.1014
    53        0.00015431     0.000000E+000     0.949751E-006        0.1015
    54        0.00015431     0.000000E+000     0.950983E-006        0.1017
    55        0.00015407     0.000000E+000     0.949139E-006        0.1019
    56        0.00015407     0.000000E+000     0.950191E-006        0.1020
    57        0.00015383     0.000000E+000     0.948217E-006        0.1022
    58        0.00015383     0.000000E+000     0.949200E-006        0.1023
    59        0.00015383     0.000000E+000     0.950167E-006        0.1025
    60        0.00015358     0.000000E+000     0.948117E-006        0.1026
    61        0.00015358     0.000000E+000     0.949023E-006        0.1028
    62        0.00015358     0.000000E+000     0.949884E-006        0.1029
    63        0.00015358     0.000000E+000     0.950691E-006        0.1031
    64        0.00015334     0.000000E+000     0.948424E-006        0.1032
    65        0.00015334     0.000000E+000     0.949088E-006        0.1034
    66        0.00015334     0.000000E+000     0.949671E-006        0.1035
    67        0.00015334     0.000000E+000     0.950168E-006        0.1037
    68        0.00015310     0.000000E+000     0.947555E-006        0.1039
    69        0.00015310     0.000000E+000     0.947864E-006        0.1040
    70        0.00015310     0.000000E+000     0.948077E-006        0.1042
    71        0.00015310     0.000000E+000     0.948191E-006        0.1043
    72        0.00015310     0.000000E+000     0.948205E-006        0.1045
    73        0.00015310     0.000000E+000     0.948119E-006        0.1046
    74        0.00015310     0.000000E+000     0.947932E-006        0.1048
    75        0.00015310     0.000000E+000     0.947646E-006        0.1049
    76        0.00015310     0.000000E+000     0.947262E-006        0.1051
    77        0.00015310     0.000000E+000     0.946780E-006        0.1052
    78        0.00015310     0.000000E+000     0.946203E-006        0.1054
    79        0.00015310     0.000000E+000     0.945533E-006        0.1055
    80        0.00015335     0.000000E+000     0.947839E-006        0.1057
    81        0.00015335     0.000000E+000     0.946985E-006        0.1058
    82        0.00015335     0.000000E+000     0.946043E-006        0.1060
    83        0.00015335     0.000000E+000     0.945016E-006        0.1062
    84        0.00015360     0.000000E+000     0.946998E-006        0.1063
    85        0.00015360     0.000000E+000     0.945804E-006        0.1065
    86        0.00015385     0.000000E+000     0.947641E-006        0.1066
    87        0.00015385     0.000000E+000     0.946290E-006        0.1068
    88        0.00015385     0.000000E+000     0.944867E-006        0.1069
    89        0.00015411     0.000000E+000     0.946498E-006        0.1071
    90        0.00015411     0.000000E+000     0.944931E-006        0.1072
    91        0.00015436     0.000000E+000     0.946440E-006        0.1074
    92        0.00015436     0.000000E+000     0.944739E-006        0.1075
    93        0.00015462     0.000000E+000     0.946132E-006        0.1077
    94        0.00015462     0.000000E+000     0.944306E-006        0.1078
    95        0.00015488     0.000000E+000     0.945593E-006        0.1080
    96        0.00015514     0.000000E+000     0.946834E-006        0.1082
    97        0.00015514     0.000000E+000     0.944831E-006        0.1083
    98        0.00015541     0.000000E+000     0.945977E-006        0.1085
    99        0.00015541     0.000000E+000     0.943870E-006        0.1086
   100        0.00015567     0.000000E+000     0.944929E-006        0.1088
   101        0.00015594     0.000000E+000     0.945949E-006        0.1089
   102        0.00015594     0.000000E+000     0.943695E-006        0.1091
   103        0.00015621     0.000000E+000     0.944639E-006        0.1092
   104        0.00015648     0.000000E+000     0.945550E-006        0.1094
   105        0.00015675     0.000000E+000     0.946429E-006        0.1096
   106        0.00015675     0.000000E+000     0.943999E-006        0.1097
   107        0.00015702     0.000000E+000     0.944814E-006        0.1099
   108        0.00015730     0.000000E+000     0.945602E-006        0.1100
   109        0.00015757     0.000000E+000     0.946363E-006        0.1102
   110        0.00015757     0.000000E+000     0.943782E-006        0.1103
   111        0.00015785     0.000000E+000     0.944491E-006        0.1105
   112        0.00015813     0.000000E+000     0.945177E-006        0.1107
   113        0.00015841     0.000000E+000     0.945843E-006        0.1108
   114        0.00015841     0.000000E+000     0.943131E-006        0.1110
   115        0.00015869     0.000000E+000     0.943754E-006        0.1111
   116        0.00015898     0.000000E+000     0.944359E-006        0.1113
   117        0.00015926     0.000000E+000     0.944948E-006        0.1114
   118        0.00015955     0.000000E+000     0.945521E-006        0.1116
   119        0.00015984     0.000000E+000     0.946079E-006        0.1118
   120        0.00015984     0.000000E+000     0.943199E-006        0.1119
   121        0.00016013     0.000000E+000     0.943727E-006        0.1121
   122        0.00016042     0.000000E+000     0.944244E-006        0.1122
   123        0.00016072     0.000000E+000     0.944749E-006        0.1124
   124        0.00016101     0.000000E+000     0.945245E-006        0.1126
   125        0.00016131     0.000000E+000     0.945731E-006        0.1127
   126        0.00016131     0.000000E+000     0.942716E-006        0.1129
   127        0.00016161     0.000000E+000     0.943183E-006        0.1131
   128        0.00016191     0.000000E+000     0.943643E-006        0.1132
   129        0.00016222     0.000000E+000     0.944097E-006        0.1134
   130        0.00016252     0.000000E+000     0.944545E-006        0.1135
   131        0.00016283     0.000000E+000     0.944989E-006        0.1137
   132        0.00016314     0.000000E+000     0.945428E-006        0.1139
   133        0.00016314     0.000000E+000     0.942287E-006        0.1140
   134        0.00016345     0.000000E+000     0.942717E-006        0.1142
   135        0.00016376     0.000000E+000     0.943145E-006        0.1144
   136        0.00016407     0.000000E+000     0.943572E-006        0.1145
   137        0.00016439     0.000000E+000     0.943997E-006        0.1147
   138        0.00016471     0.000000E+000     0.944422E-006        0.1148
   139        0.00016503     0.000000E+000     0.944848E-006        0.1150
   140        0.00016535     0.000000E+000     0.945274E-006        0.1152
   141        0.00016535     0.000000E+000     0.942019E-006        0.1153
   142        0.00016567     0.000000E+000     0.942446E-006        0.1155
   143        0.00016600     0.000000E+000     0.942874E-006        0.1157
   144        0.00016633     0.000000E+000     0.943306E-006        0.1158
   145        0.00016666     0.000000E+000     0.943740E-006        0.1160
   146        0.00016699     0.000000E+000     0.944179E-006        0.1162
   147        0.00016732     0.000000E+000     0.944621E-006        0.1163
   148        0.00016766     0.000000E+000     0.945069E-006        0.1165
   149        0.00016800     0.000000E+000     0.945522E-006        0.1167
   150        0.00016800     0.000000E+000     0.942172E-006        0.1168
   151        0.00016834     0.000000E+000     0.942634E-006        0.1170
   152        0.00016868     0.000000E+000     0.943103E-006        0.1172
   153        0.00016903     0.000000E+000     0.943578E-006        0.1173
   154        0.00016937     0.000000E+000     0.944062E-006        0.1175
   155        0.00016972     0.000000E+000     0.944553E-006        0.1177
   156        0.00017007     0.000000E+000     0.945053E-006        0.1179
   157        0.00017007     0.000000E+000     0.941653E-006        0.1180
   158        0.00017043     0.000000E+000     0.942168E-006        0.1182
   159        0.00017078     0.000000E+000     0.942693E-006        0.1184
   160        0.00017114     0.000000E+000     0.943228E-006        0.1185
   161        0.00017150     0.000000E+000     0.943773E-006        0.1187
   162        0.00017187     0.000000E+000     0.944331E-006        0.1189
   163        0.00017223     0.000000E+000     0.944899E-006        0.1191
   164        0.00017223     0.000000E+000     0.941463E-006        0.1192
   165        0.00017260     0.000000E+000     0.942052E-006        0.1194
   166        0.00017297     0.000000E+000     0.942654E-006        0.1196
   167        0.00017335     0.000000E+000     0.943270E-006        0.1197
   168        0.00017372     0.000000E+000     0.943900E-006        0.1199
   169        0.00017410     0.000000E+000     0.944544E-006        0.1201
   170        0.00017448     0.000000E+000     0.945203E-006        0.1203
   171        0.00017448     0.000000E+000     0.941744E-006        0.1204
   172        0.00017487     0.000000E+000     0.942429E-006        0.1206
   173        0.00017525     0.000000E+000     0.943131E-006        0.1208
   174        0.00017564     0.000000E+000     0.943849E-006        0.1210
   175        0.00017603     0.000000E+000     0.944585E-006        0.1211
   176        0.00017603     0.000000E+000     0.941124E-006        0.1213
   177        0.00017643     0.000000E+000     0.941890E-006        0.1215
   178        0.00017683     0.000000E+000     0.942675E-006        0.1217
   179        0.00017723     0.000000E+000     0.943479E-006        0.1218
   180        0.00017763     0.000000E+000     0.944302E-006        0.1220
   181        0.00017804     0.000000E+000     0.945144E-006        0.1222
   182        0.00017804     0.000000E+000     0.941686E-006        0.1224
   183        0.00017845     0.000000E+000     0.942566E-006        0.1226
   184        0.00017886     0.000000E+000     0.943467E-006        0.1227
   185        0.00017928     0.000000E+000     0.944391E-006        0.1229
   186        0.00017928     0.000000E+000     0.940947E-006        0.1231
   187        0.00017970     0.000000E+000     0.941910E-006        0.1233
   188        0.00018012     0.000000E+000     0.942898E-006        0.1234
   189        0.00018055     0.000000E+000     0.943909E-006        0.1236
   190        0.00018098     0.000000E+000     0.944946E-006        0.1238
   191        0.00018098     0.000000E+000     0.941521E-006        0.1240
   192        0.00018141     0.000000E+000     0.942602E-006        0.1242
   193        0.00018185     0.000000E+000     0.943710E-006        0.1244
   194        0.00018228     0.000000E+000     0.944846E-006        0.1245
   195        0.00018228     0.000000E+000     0.941445E-006        0.1247
   196        0.00018273     0.000000E+000     0.942629E-006        0.1249
   197        0.00018317     0.000000E+000     0.943843E-006        0.1251
   198        0.00018363     0.000000E+000     0.945086E-006        0.1253
   199        0.00018363     0.000000E+000     0.941715E-006        0.1254
   200        0.00018408     0.000000E+000     0.943011E-006        0.1256
   201        0.00018454     0.000000E+000     0.944338E-006        0.1258
   202        0.00018454     0.000000E+000     0.940999E-006        0.1260
   203        0.00018500     0.000000E+000     0.942381E-006        0.1262
   204        0.00018547     0.000000E+000     0.943796E-006        0.1264
   205        0.00018594     0.000000E+000     0.945246E-006        0.1266
   206        0.00018594     0.000000E+000     0.941942E-006        0.1267
   207        0.00018641     0.000000E+000     0.943449E-006        0.1269
   208        0.00018689     0.000000E+000     0.944992E-006        0.1271
   209        0.00018689     0.000000E+000     0.941722E-006        0.1273
   210        0.00018737     0.000000E+000     0.943324E-006        0.1275
   211        0.00018786     0.000000E+000     0.944962E-006        0.1277
   212        0.00018786     0.000000E+000     0.941726E-006        0.1279
   213        0.00018835     0.000000E+000     0.943424E-006        0.1281
   214        0.00018884     0.000000E+000     0.945158E-006        0.1282
   215        0.00018884     0.000000E+000     0.941951E-006        0.1284
   216        0.00018935     0.000000E+000     0.943744E-006        0.1286
   217        0.00018935     0.000000E+000     0.940562E-006        0.1288
   218        0.00018985     0.000000E+000     0.942412E-006        0.1290
   219        0.00019036     0.000000E+000     0.944295E-006        0.1292
   220        0.00019036     0.000000E+000     0.941131E-006        0.1294
   221        0.00019088     0.000000E+000     0.943066E-006        0.1296
   222        0.00019140     0.000000E+000     0.945031E-006        0.1298
   223        0.00019140     0.000000E+000     0.941872E-006        0.1299
   224        0.00019192     0.000000E+000     0.943880E-006        0.1301
   225        0.00019192     0.000000E+000     0.940723E-006        0.1303
   226        0.00019246     0.000000E+000     0.942765E-006        0.1305
   227        0.00019299     0.000000E+000     0.944828E-006        0.1307
   228        0.00019299     0.000000E+000     0.941642E-006        0.1309
   229        0.00019353     0.000000E+000     0.943725E-006        0.1311
   230        0.00019353     0.000000E+000     0.940514E-006        0.1313
   231        0.00019408     0.000000E+000     0.942604E-006        0.1315
   232        0.00019464     0.000000E+000     0.944701E-006        0.1317
   233        0.00019464     0.000000E+000     0.941413E-006        0.1319
   234        0.00019519     0.000000E+000     0.943497E-006        0.1321
   235        0.00019519     0.000000E+000     0.940150E-006        0.1323
   236        0.00019576     0.000000E+000     0.942207E-006        0.1325
   237        0.00019633     0.000000E+000     0.944253E-006        0.1327
   238        0.00019633     0.000000E+000     0.940775E-006        0.1329
   239        0.00019691     0.000000E+000     0.942775E-006        0.1331
   240        0.00019749     0.000000E+000     0.944754E-006        0.1332
   241        0.00019749     0.000000E+000     0.941115E-006        0.1334
   242        0.00019808     0.000000E+000     0.943027E-006        0.1336
   243        0.00019808     0.000000E+000     0.939275E-006        0.1338
   244        0.00019868     0.000000E+000     0.941111E-006        0.1340
   245        0.00019928     0.000000E+000     0.942912E-006        0.1342
   246        0.00019928     0.000000E+000     0.938960E-006        0.1344
   247        0.00019989     0.000000E+000     0.940673E-006        0.1346
   248        0.00020050     0.000000E+000     0.942348E-006        0.1348
   249        0.00020112     0.000000E+000     0.943983E-006        0.1350
   250        0.00020112     0.000000E+000     0.939729E-006        0.1352
   251        0.00020175     0.000000E+000     0.941270E-006        0.1354
   252        0.00020239     0.000000E+000     0.942768E-006        0.1356
   253        0.00020239     0.000000E+000     0.938292E-006        0.1358
   254        0.00020303     0.000000E+000     0.939694E-006        0.1360
   255        0.00020368     0.000000E+000     0.941056E-006        0.1362
   256        0.00020433     0.000000E+000     0.942377E-006        0.1365
   257        0.00020433     0.000000E+000     0.937598E-006        0.1367
   258        0.00020500     0.000000E+000     0.938829E-006        0.1369
   259        0.00020567     0.000000E+000     0.940025E-006        0.1371
   260        0.00020634     0.000000E+000     0.941186E-006        0.1373
   261        0.00020703     0.000000E+000     0.942312E-006        0.1375
   262        0.00020703     0.000000E+000     0.937164E-006        0.1377
   263        0.00020772     0.000000E+000     0.938216E-006        0.1379
   264        0.00020842     0.000000E+000     0.939240E-006        0.1381
   265        0.00020912     0.000000E+000     0.940236E-006        0.1383
   266        0.00020984     0.000000E+000     0.941208E-006        0.1385
   267        0.00021056     0.000000E+000     0.942157E-006        0.1387
   268        0.00021056     0.000000E+000     0.936609E-006        0.1389
   269        0.00021129     0.000000E+000     0.937510E-006        0.1391
   270        0.00021203     0.000000E+000     0.938395E-006        0.1394
   271        0.00021278     0.000000E+000     0.939266E-006        0.1396
   272        0.00021353     0.000000E+000     0.940126E-006        0.1398
   273        0.00021429     0.000000E+000     0.940978E-006        0.1400
   274        0.00021506     0.000000E+000     0.941824E-006        0.1402
   275        0.00021506     0.000000E+000     0.935891E-006        0.1404
   276        0.00021585     0.000000E+000     0.936723E-006        0.1406
   277        0.00021664     0.000000E+000     0.937558E-006        0.1409
   278        0.00021744     0.000000E+000     0.938396E-006        0.1411
   279        0.00021824     0.000000E+000     0.939242E-006        0.1413
   280        0.00021906     0.000000E+000     0.940098E-006        0.1415
   281        0.00021989     0.000000E+000     0.940966E-006        0.1417
   282        0.00021989     0.000000E+000     0.934746E-006        0.1419
   283        0.00022073     0.000000E+000     0.935636E-006        0.1422
   284        0.00022158     0.000000E+000     0.936546E-006        0.1424
   285        0.00022244     0.000000E+000     0.937479E-006        0.1426
   286        0.00022330     0.000000E+000     0.938438E-006        0.1428
   287        0.00022418     0.000000E+000     0.939426E-006        0.1431
   288        0.00022507     0.000000E+000     0.940444E-006        0.1433
   289        0.00022507     0.000000E+000     0.934029E-006        0.1435
   290        0.00022598     0.000000E+000     0.935105E-006        0.1437
   291        0.00022689     0.000000E+000     0.936221E-006        0.1440
   292        0.00022782     0.000000E+000     0.937378E-006        0.1442
   293        0.00022876     0.000000E+000     0.938581E-006        0.1444
   294        0.00022970     0.000000E+000     0.939834E-006        0.1446
   295        0.00022970     0.000000E+000     0.933329E-006        0.1449
   296        0.00023067     0.000000E+000     0.934665E-006        0.1451
   297        0.00023165     0.000000E+000     0.936054E-006        0.1453
   298        0.00023264     0.000000E+000     0.937498E-006        0.1456
   299        0.00023364     0.000000E+000     0.939001E-006        0.1458
   300        0.00023466     0.000000E+000     0.940564E-006        0.1460
   301        0.00023466     0.000000E+000     0.934000E-006        0.1463
   302        0.00023569     0.000000E+000     0.935669E-006        0.1465
   303        0.00023674     0.000000E+000     0.937406E-006        0.1467
   304        0.00023780     0.000000E+000     0.939212E-006        0.1470
   305        0.00023780     0.000000E+000     0.932652E-006        0.1472
   306        0.00023888     0.000000E+000     0.934578E-006        0.1474
   307        0.00023998     0.000000E+000     0.936580E-006        0.1477
   308        0.00024109     0.000000E+000     0.938659E-006        0.1479
   309        0.00024109     0.000000E+000     0.932110E-006        0.1482
   310        0.00024222     0.000000E+000     0.934324E-006        0.1484
   311        0.00024337     0.000000E+000     0.936620E-006        0.1486
   312        0.00024453     0.000000E+000     0.939001E-006        0.1489
   313        0.00024453     0.000000E+000     0.932460E-006        0.1491
   314        0.00024572     0.000000E+000     0.934982E-006        0.1494
   315        0.00024692     0.000000E+000     0.937595E-006        0.1496
   316        0.00024814     0.000000E+000     0.940300E-006        0.1499
   317        0.00024814     0.000000E+000     0.933763E-006        0.1501
   318        0.00024939     0.000000E+000     0.936619E-006        0.1504
   319        0.00025066     0.000000E+000     0.939575E-006        0.1506
   320        0.00025066     0.000000E+000     0.933061E-006        0.1509
   321        0.00025195     0.000000E+000     0.936175E-006        0.1511
   322        0.00025326     0.000000E+000     0.939394E-006        0.1514
   323        0.00025326     0.000000E+000     0.932897E-006        0.1516
   324        0.00025460     0.000000E+000     0.936279E-006        0.1519
   325        0.00025596     0.000000E+000     0.939772E-006        0.1521
   326        0.00025596     0.000000E+000     0.933285E-006        0.1524
   327        0.00025735     0.000000E+000     0.936949E-006        0.1526
   328        0.00025735     0.000000E+000     0.930499E-006        0.1529
   329        0.00025878     0.000000E+000     0.934337E-006        0.1532
   330        0.00026022     0.000000E+000     0.938296E-006        0.1534
   331        0.00026022     0.000000E+000     0.931844E-006        0.1537
   332        0.00026170     0.000000E+000     0.935984E-006        0.1539
   333        0.00026320     0.000000E+000     0.940254E-006        0.1542
   334        0.00026320     0.000000E+000     0.933791E-006        0.1545
   335        0.00026474     0.000000E+000     0.938250E-006        0.1547
   336        0.00026474     0.000000E+000     0.931811E-006        0.1550
   337        0.00026632     0.000000E+000     0.936466E-006        0.1553
   338        0.00026632     0.000000E+000     0.930048E-006        0.1555
   339        0.00026793     0.000000E+000     0.934902E-006        0.1558
   340        0.00026958     0.000000E+000     0.939904E-006        0.1561
   341        0.00026958     0.000000E+000     0.933451E-006        0.1563
   342        0.00027126     0.000000E+000     0.938664E-006        0.1566
   343        0.00027126     0.000000E+000     0.932222E-006        0.1569
   344        0.00027299     0.000000E+000     0.937652E-006        0.1571
   345        0.00027299     0.000000E+000     0.931217E-006        0.1574
   346        0.00027476     0.000000E+000     0.936870E-006        0.1577
   347        0.00027476     0.000000E+000     0.930439E-006        0.1580
   348        0.00027658     0.000000E+000     0.936323E-006        0.1582
   349        0.00027658     0.000000E+000     0.929891E-006        0.1585
   350        0.00027845     0.000000E+000     0.936015E-006        0.1588
   351        0.00027845     0.000000E+000     0.929576E-006        0.1591
   352        0.00028037     0.000000E+000     0.935949E-006        0.1593
   353        0.00028037     0.000000E+000     0.929500E-006        0.1596
   354        0.00028235     0.000000E+000     0.936131E-006        0.1599
   355        0.00028235     0.000000E+000     0.929668E-006        0.1602
   356        0.00028438     0.000000E+000     0.936568E-006        0.1605
   357        0.00028438     0.000000E+000     0.930086E-006        0.1608
   358        0.00028647     0.000000E+000     0.937267E-006        0.1610
   359        0.00028647     0.000000E+000     0.930761E-006        0.1613
   360        0.00028862     0.000000E+000     0.938236E-006        0.1616
   361        0.00028862     0.000000E+000     0.931702E-006        0.1619
   362        0.00028862     0.000000E+000     0.925227E-006        0.1622
   363        0.00029086     0.000000E+000     0.933078E-006        0.1625
   364        0.00029086     0.000000E+000     0.926567E-006        0.1628
   365        0.00029317     0.000000E+000     0.934745E-006        0.1631
   366        0.00029317     0.000000E+000     0.928195E-006        0.1634
   367        0.00029555     0.000000E+000     0.936716E-006        0.1636
   368        0.00029555     0.000000E+000     0.930121E-006        0.1639
   369        0.00029555     0.000000E+000     0.923582E-006        0.1642
   370        0.00029804     0.000000E+000     0.932543E-006        0.1645
   371        0.00029804     0.000000E+000     0.925952E-006        0.1648
   372        0.00030060     0.000000E+000     0.935303E-006        0.1651
   373        0.00030060     0.000000E+000     0.928654E-006        0.1654
   374        0.00030060     0.000000E+000     0.922061E-006        0.1657
   375        0.00030329     0.000000E+000     0.931908E-006        0.1660
   376        0.00030329     0.000000E+000     0.925250E-006        0.1663
   377        0.00030607     0.000000E+000     0.935543E-006        0.1666
   378        0.00030607     0.000000E+000     0.928813E-006        0.1669
   379        0.00030607     0.000000E+000     0.922138E-006        0.1673
   380        0.00030899     0.000000E+000     0.933001E-006        0.1676
   381        0.00030899     0.000000E+000     0.926247E-006        0.1679
   382        0.00031202     0.000000E+000     0.937626E-006        0.1682
   383        0.00031202     0.000000E+000     0.930785E-006        0.1685
   384        0.00031202     0.000000E+000     0.923999E-006        0.1688
   385        0.00031520     0.000000E+000     0.936042E-006        0.1691
   386        0.00031520     0.000000E+000     0.929160E-006        0.1694
   387        0.00031520     0.000000E+000     0.922333E-006        0.1697
   388        0.00031855     0.000000E+000     0.935102E-006        0.1701
   389        0.00031855     0.000000E+000     0.928169E-006        0.1704
   390        0.00031855     0.000000E+000     0.921292E-006        0.1707
   391        0.00032209     0.000000E+000     0.934858E-006        0.1710
   392        0.00032209     0.000000E+000     0.927863E-006        0.1713
   393        0.00032209     0.000000E+000     0.920924E-006        0.1717
   394        0.00032584     0.000000E+000     0.935373E-006        0.1720
   395        0.00032584     0.000000E+000     0.928305E-006        0.1723
   396        0.00032584     0.000000E+000     0.921293E-006        0.1726
   397        0.00032584     0.000000E+000     0.914337E-006        0.1730
   398        0.00032986     0.000000E+000     0.929930E-006        0.1733
   399        0.00032986     0.000000E+000     0.922828E-006        0.1736
   400        0.00032986     0.000000E+000     0.915783E-006        0.1739
   401        0.00033414     0.000000E+000     0.932499E-006        0.1743
   402        0.00033414     0.000000E+000     0.925293E-006        0.1746
   403        0.00033414     0.000000E+000     0.918145E-006        0.1749
   404        0.00033414     0.000000E+000     0.911054E-006        0.1753
   405        0.00033878     0.000000E+000     0.929247E-006        0.1756
   406        0.00033878     0.000000E+000     0.921975E-006        0.1759
   407        0.00033878     0.000000E+000     0.914762E-006        0.1763
   408        0.00034377     0.000000E+000     0.934433E-006        0.1766
   409        0.00034377     0.000000E+000     0.927018E-006        0.1770
   410        0.00034377     0.000000E+000     0.919662E-006        0.1773
   411        0.00034377     0.000000E+000     0.912366E-006        0.1777
   412        0.00034377     0.000000E+000     0.905129E-006        0.1780
   413        0.00034931     0.000000E+000     0.927081E-006        0.1783
   414        0.00034931     0.000000E+000     0.919610E-006        0.1787
   415        0.00034931     0.000000E+000     0.912201E-006        0.1790
   416        0.00034931     0.000000E+000     0.904851E-006        0.1794
   417        0.00035544     0.000000E+000     0.929255E-006        0.1797
   418        0.00035544     0.000000E+000     0.921638E-006        0.1801
   419        0.00035544     0.000000E+000     0.914084E-006        0.1805
   420        0.00035544     0.000000E+000     0.906591E-006        0.1808
   421        0.00035544     0.000000E+000     0.899161E-006        0.1812
   422        0.00036241     0.000000E+000     0.927019E-006        0.1815
   423        0.00036241     0.000000E+000     0.919273E-006        0.1819
   424        0.00036241     0.000000E+000     0.911591E-006        0.1822
   425        0.00036241     0.000000E+000     0.903973E-006        0.1826
   426        0.00036241     0.000000E+000     0.896418E-006        0.1830
   427        0.00037046     0.000000E+000     0.928773E-006        0.1833
   428        0.00037046     0.000000E+000     0.920838E-006        0.1837
   429        0.00037046     0.000000E+000     0.912970E-006        0.1841
   430        0.00037046     0.000000E+000     0.905169E-006        0.1844
   431        0.00037046     0.000000E+000     0.897434E-006        0.1848
   432        0.00037046     0.000000E+000     0.889765E-006        0.1852
   433        0.00037046     0.000000E+000     0.882160E-006        0.1856
   434        0.00038047     0.000000E+000     0.922412E-006        0.1859
   435        0.00038047     0.000000E+000     0.914314E-006        0.1863
   436        0.00038047     0.000000E+000     0.906287E-006        0.1867
   437        0.00038047     0.000000E+000     0.898329E-006        0.1871
   438        0.00038047     0.000000E+000     0.890439E-006        0.1874
   439        0.00038047     0.000000E+000     0.882618E-006        0.1878
   440        0.00038047     0.000000E+000     0.874865E-006        0.1882
   441        0.00038047     0.000000E+000     0.867179E-006        0.1886
   442        0.00039406     0.000000E+000     0.921886E-006        0.1890
   443        0.00039406     0.000000E+000     0.913496E-006        0.1894
   444        0.00039406     0.000000E+000     0.905182E-006        0.1898
   445        0.00039406     0.000000E+000     0.896941E-006        0.1901
   446        0.00039406     0.000000E+000     0.888775E-006        0.1905
   447        0.00039406     0.000000E+000     0.880681E-006        0.1909
   448        0.00039406     0.000000E+000     0.872660E-006        0.1913
   449        0.00039406     0.000000E+000     0.864710E-006        0.1917
   450        0.00039406     0.000000E+000     0.856832E-006        0.1921
   451        0.00039406     0.000000E+000     0.849024E-006        0.1925
   452        0.00039406     0.000000E+000     0.841286E-006        0.1929
   453        0.00039406     0.000000E+000     0.833617E-006        0.1933
   454        0.00039406     0.000000E+000     0.826017E-006        0.1937
   455        0.00039406     0.000000E+000     0.818484E-006        0.1941
   456        0.00039406     0.000000E+000     0.811020E-006        0.1945
   457        0.00039406     0.000000E+000     0.803622E-006        0.1949
   458        0.00039406     0.000000E+000     0.796290E-006        0.1953
   459        0.00039406     0.000000E+000     0.789024E-006        0.1957
   460        0.00039406     0.000000E+000     0.781822E-006        0.1961
   461        0.00039406     0.000000E+000     0.774686E-006        0.1965
   462        0.00039406     0.000000E+000     0.767613E-006        0.1968
   463        0.00039406     0.000000E+000     0.760604E-006        0.1972
   464        0.00039406     0.000000E+000     0.753657E-006        0.1976
   465        0.00039406     0.000000E+000     0.746773E-006        0.1980
   466        0.00039406     0.000000E+000     0.739951E-006        0.1984
   467        0.00039406     0.000000E+000     0.733190E-006        0.1988
   468        0.00039406     0.000000E+000     0.726489E-006        0.1992
   469        0.00039406     0.000000E+000     0.719849E-006        0.1996
   470        0.00043668     0.000000E+000     0.875401E-006        0.2000
   471        0.00044848     0.000000E+000     0.913866E-006        0.2004
   472        0.00045466     0.000000E+000     0.929348E-006        0.2009
   473        0.00045676     0.000000E+000     0.928056E-006        0.2013
   474        0.00045889     0.000000E+000     0.926798E-006        0.2018
   475        0.00046324     0.000000E+000     0.934342E-006        0.2023
   476        0.00046546     0.000000E+000     0.933138E-006        0.2027
   477        0.00046771     0.000000E+000     0.931970E-006        0.2032
   478        0.00046999     0.000000E+000     0.930840E-006        0.2037
   479        0.00047231     0.000000E+000     0.929749E-006        0.2041
   480        0.00047466     0.000000E+000     0.928698E-006        0.2046
   481        0.00047704     0.000000E+000     0.927687E-006        0.2051
   482        0.00047946     0.000000E+000     0.926717E-006        0.2055
   483        0.00048192     0.000000E+000     0.925790E-006        0.2060
   484        0.00048442     0.000000E+000     0.924907E-006        0.2065
   485        0.00048695     0.000000E+000     0.924067E-006        0.2070
   486        0.00049213     0.000000E+000     0.933090E-006        0.2075
   487        0.00049478     0.000000E+000     0.932332E-006        0.2080
   488        0.00049747     0.000000E+000     0.931623E-006        0.2085
   489        0.00050020     0.000000E+000     0.930964E-006        0.2090
   490        0.00050298     0.000000E+000     0.930357E-006        0.2095
   491        0.00050581     0.000000E+000     0.929803E-006        0.2100
   492        0.00050868     0.000000E+000     0.929304E-006        0.2105
   493        0.00051161     0.000000E+000     0.928862E-006        0.2110
   494        0.00051458     0.000000E+000     0.928477E-006        0.2115
   495        0.00051761     0.000000E+000     0.928152E-006        0.2120
   496        0.00052069     0.000000E+000     0.927888E-006        0.2125
   497        0.00052382     0.000000E+000     0.927688E-006        0.2130
   498        0.00052702     0.000000E+000     0.927553E-006        0.2136
   499        0.00053027     0.000000E+000     0.927485E-006        0.2141
   500        0.00053359     0.000000E+000     0.927487E-006        0.2146
   501        0.00053696     0.000000E+000     0.927560E-006        0.2152
   502        0.00054040     0.000000E+000     0.927707E-006        0.2157
   503        0.00054391     0.000000E+000     0.927931E-006        0.2162
   504        0.00054749     0.000000E+000     0.928234E-006        0.2168
   505        0.00055114     0.000000E+000     0.928619E-006        0.2173
   506        0.00055487     0.000000E+000     0.929089E-006        0.2179
   507        0.00055867     0.000000E+000     0.929646E-006        0.2184
   508        0.00056255     0.000000E+000     0.930295E-006        0.2190
   509        0.00056651     0.000000E+000     0.931038E-006        0.2196
   510        0.00057055     0.000000E+000     0.931879E-006        0.2201
   511        0.00057469     0.000000E+000     0.932822E-006        0.2207
   512        0.00057469     0.000000E+000     0.920338E-006        0.2213
   513        0.00057895     0.000000E+000     0.921470E-006        0.2218
   514        0.00058330     0.000000E+000     0.922714E-006        0.2224
   515        0.00058775     0.000000E+000     0.924073E-006        0.2230
   516        0.00059231     0.000000E+000     0.925553E-006        0.2236
   517        0.00059697     0.000000E+000     0.927158E-006        0.2242
   518        0.00060175     0.000000E+000     0.928895E-006        0.2248
   519        0.00060664     0.000000E+000     0.930768E-006        0.2254
   520        0.00060664     0.000000E+000     0.917615E-006        0.2260
   521        0.00061169     0.000000E+000     0.919727E-006        0.2266
   522        0.00061688     0.000000E+000     0.921990E-006        0.2272
   523        0.00062220     0.000000E+000     0.924411E-006        0.2278
   524        0.00062765     0.000000E+000     0.926998E-006        0.2284
   525        0.00063326     0.000000E+000     0.929760E-006        0.2291
   526        0.00063326     0.000000E+000     0.916044E-006        0.2297
   527        0.00063907     0.000000E+000     0.919096E-006        0.2303
   528        0.00064504     0.000000E+000     0.922343E-006        0.2310
   529        0.00065118     0.000000E+000     0.925795E-006        0.2316
   530        0.00065751     0.000000E+000     0.929463E-006        0.2323
   531        0.00065751     0.000000E+000     0.915227E-006        0.2329
   532        0.00066408     0.000000E+000     0.919243E-006        0.2336
   533        0.00067086     0.000000E+000     0.923504E-006        0.2343
   534        0.00067785     0.000000E+000     0.928024E-006        0.2349
   535        0.00067785     0.000000E+000     0.913371E-006        0.2356
   536        0.00068513     0.000000E+000     0.918297E-006        0.2363
   537        0.00069266     0.000000E+000     0.923519E-006        0.2370
   538        0.00069266     0.000000E+000     0.908619E-006        0.2377
   539        0.00070053     0.000000E+000     0.914297E-006        0.2384
   540        0.00070868     0.000000E+000     0.920317E-006        0.2391
   541        0.00071712     0.000000E+000     0.926702E-006        0.2398
   542        0.00071712     0.000000E+000     0.911225E-006        0.2405
   543        0.00072597     0.000000E+000     0.918159E-006        0.2412
   544        0.00073516     0.000000E+000     0.925520E-006        0.2419
   545        0.00073516     0.000000E+000     0.909676E-006        0.2427
   546        0.00074483     0.000000E+000     0.917669E-006        0.2434
   547        0.00074483     0.000000E+000     0.901753E-006        0.2441
   548        0.00075504     0.000000E+000     0.910433E-006        0.2449
   549        0.00076567     0.000000E+000     0.919671E-006        0.2456
   550        0.00076567     0.000000E+000     0.903277E-006        0.2464
   551        0.00077693     0.000000E+000     0.913323E-006        0.2472
   552        0.00078870     0.000000E+000     0.924042E-006        0.2479
   553        0.00078870     0.000000E+000     0.907077E-006        0.2487
   554        0.00080122     0.000000E+000     0.918763E-006        0.2495
   555        0.00080122     0.000000E+000     0.901631E-006        0.2503
   556        0.00081457     0.000000E+000     0.914393E-006        0.2511
   557        0.00081457     0.000000E+000     0.897058E-006        0.2519
   558        0.00082887     0.000000E+000     0.911028E-006        0.2528
   559        0.00082887     0.000000E+000     0.893454E-006        0.2536
   560        0.00084421     0.000000E+000     0.908788E-006        0.2544
   561        0.00084421     0.000000E+000     0.890936E-006        0.2553
   562        0.00086077     0.000000E+000     0.907822E-006        0.2561
   563        0.00086077     0.000000E+000     0.889641E-006        0.2570
   564        0.00087870     0.000000E+000     0.908312E-006        0.2578
   565        0.00087870     0.000000E+000     0.889745E-006        0.2587
   566        0.00089823     0.000000E+000     0.910487E-006        0.2596
   567        0.00089823     0.000000E+000     0.891465E-006        0.2605
   568        0.00091961     0.000000E+000     0.914638E-006        0.2614
   569        0.00091961     0.000000E+000     0.895077E-006        0.2623
   570        0.00091961     0.000000E+000     0.875933E-006        0.2632
   571        0.00094381     0.000000E+000     0.902617E-006        0.2641
   572        0.00094381     0.000000E+000     0.882807E-006        0.2651
   573        0.00097078     0.000000E+000     0.913149E-006        0.2660
   574        0.00097078     0.000000E+000     0.892539E-006        0.2670
   575        0.00097078     0.000000E+000     0.872394E-006        0.2680
   576        0.00100210     0.000000E+000     0.908224E-006        0.2689
   577        0.00100210     0.000000E+000     0.887068E-006        0.2699
   578        0.00100210     0.000000E+000     0.866403E-006        0.2709
   579        0.00100210     0.000000E+000     0.846218E-006        0.2719
   580        0.00104064     0.000000E+000     0.890845E-006        0.2729
   581        0.00104064     0.000000E+000     0.869299E-006        0.2740
   582        0.00104064     0.000000E+000     0.848271E-006        0.2750
   583        0.00104064     0.000000E+000     0.827750E-006        0.2761
   584        0.00109019     0.000000E+000     0.885898E-006        0.2771
   585        0.00109019     0.000000E+000     0.863455E-006        0.2782
   586        0.00109019     0.000000E+000     0.841579E-006        0.2793
   587        0.00109019     0.000000E+000     0.820254E-006        0.2804
   588        0.00109019     0.000000E+000     0.799467E-006        0.2815
   589        0.00116287     0.000000E+000     0.885705E-006        0.2826
   590        0.00116287     0.000000E+000     0.861777E-006        0.2837
   591        0.00116287     0.000000E+000     0.838494E-006        0.2849
   592        0.00116287     0.000000E+000     0.815835E-006        0.2860
   593        0.00116287     0.000000E+000     0.793786E-006        0.2872
   594        0.00116287     0.000000E+000     0.772330E-006        0.2884
   595        0.00116287     0.000000E+000     0.751450E-006        0.2895
   596        0.00116287     0.000000E+000     0.731132E-006        0.2907
   597        0.00116287     0.000000E+000     0.711360E-006        0.2919
   598        0.00116287     0.000000E+000     0.692120E-006        0.2930
   599        0.00116287     0.000000E+000     0.673396E-006        0.2942
   600        0.00116287     0.000000E+000     0.655176E-006        0.2953
   601        0.00116287     0.000000E+000     0.637446E-006        0.2965
   602        0.00116287     0.000000E+000     0.620193E-006        0.2977
   603        0.00116287     0.000000E+000     0.603403E-006        0.2988
   604        0.00136986     0.000000E+000     0.812414E-006        0.3000
   605        0.00145044     0.000000E+000     0.880871E-006        0.3014
   606        0.00147242     0.000000E+000     0.876945E-006        0.3028
   607        0.00149543     0.000000E+000     0.873378E-006        0.3043
   608        0.00151955     0.000000E+000     0.870195E-006        0.3058
   609        0.00157106     0.000000E+000     0.896765E-006        0.3073
   610        0.00159862     0.000000E+000     0.894328E-006        0.3089
   611        0.00162768     0.000000E+000     0.892408E-006        0.3105
   612        0.00165840     0.000000E+000     0.891049E-006        0.3121
   613        0.00169091     0.000000E+000     0.890306E-006        0.3138
   614        0.00172542     0.000000E+000     0.890241E-006        0.3155
   615        0.00176213     0.000000E+000     0.890925E-006        0.3172
   616        0.00180129     0.000000E+000     0.892443E-006        0.3189
   617        0.00184318     0.000000E+000     0.894896E-006        0.3207
   618        0.00184318     0.000000E+000     0.856647E-006        0.3226
   619        0.00188926     0.000000E+000     0.861000E-006        0.3244
   620        0.00193898     0.000000E+000     0.866595E-006        0.3263
   621        0.00199284     0.000000E+000     0.873617E-006        0.3283
   622        0.00205145     0.000000E+000     0.882297E-006        0.3303
   623        0.00205145     0.000000E+000     0.840346E-006        0.3323
   624        0.00211763     0.000000E+000     0.852084E-006        0.3344
   625        0.00219065     0.000000E+000     0.866253E-006        0.3365
   626        0.00219065     0.000000E+000     0.822283E-006        0.3387
   627        0.00227490     0.000000E+000     0.840768E-006        0.3409
   628        0.00236969     0.000000E+000     0.863107E-006        0.3431
   629        0.00236969     0.000000E+000     0.815746E-006        0.3455
   630        0.00248253     0.000000E+000     0.844852E-006        0.3479
   631        0.00248253     0.000000E+000     0.796298E-006        0.3503
   632        0.00262045     0.000000E+000     0.834667E-006        0.3528
   633        0.00262045     0.000000E+000     0.784058E-006        0.3555
   634        0.00279515     0.000000E+000     0.835994E-006        0.3581
   635        0.00279515     0.000000E+000     0.781971E-006        0.3609
   636        0.00279515     0.000000E+000     0.731405E-006        0.3637
   637        0.00304926     0.000000E+000     0.811329E-006        0.3665
   638        0.00304926     0.000000E+000     0.754191E-006        0.3695
   639        0.00304926     0.000000E+000     0.701036E-006        0.3726
   640        0.00304926     0.000000E+000     0.651589E-006        0.3756
   641        0.00304926     0.000000E+000     0.605594E-006        0.3787
   642        0.00304926     0.000000E+000     0.562812E-006        0.3817
   643        0.00304926     0.000000E+000     0.523020E-006        0.3848
   644        0.00304926     0.000000E+000     0.486016E-006        0.3878
   645        0.00304926     0.000000E+000     0.451598E-006        0.3909
   646        0.00304926     0.000000E+000     0.419591E-006        0.3939
   647        0.00304926     0.000000E+000     0.389829E-006        0.3970
   648        0.00416667     0.000000E+000     0.666076E-006        0.4000
   649        0.00456349     0.000000E+000     0.718601E-006        0.4042
   650        0.00507055     0.000000E+000     0.789009E-006        0.4087
   651        0.00538746     0.000000E+000     0.784402E-006        0.4138
   652        0.00577227     0.000000E+000     0.786042E-006        0.4192
   653        0.00577227     0.000000E+000     0.683174E-006        0.4250
   654        0.00629703     0.000000E+000     0.701437E-006        0.4307
   655        0.00699670     0.000000E+000     0.735670E-006        0.4370
   656        0.00699670     0.000000E+000     0.620055E-006        0.4440
   657        0.00816281     0.000000E+000     0.699842E-006        0.4510
   658        0.00816281     0.000000E+000     0.572757E-006        0.4592
   659        0.00816281     0.000000E+000     0.468479E-006        0.4673
   660        0.00816281     0.000000E+000     0.382961E-006        0.4755
   661        0.00816281     0.000000E+000     0.312866E-006        0.4837
   662        0.00816281     0.000000E+000     0.255445E-006        0.4918
   663        0.01250000     0.000000E+000     0.460444E-006        0.5000
   664        0.01458333     0.000000E+000     0.445687E-006        0.5125
   665        0.01822917     0.000000E+000     0.459417E-006        0.5271
   666        0.01822917     0.000000E+000     0.290121E-006        0.5453
   667        0.01822917     0.000000E+000     0.182663E-006        0.5635
   668        0.01822917     0.000000E+000     0.114651E-006        0.5818
   669        0.03333333     0.000000E+000     0.194889E-006        0.6000
   670        0.03333333     0.000000E+000     0.824701E-007        0.6333
   671        0.03333333     0.000000E+000     0.346585E-007        0.6667
   672        0.05000000     0.000000E+000     0.259435E-007        0.7000
   673        0.05000000     0.000000E+000     0.698630E-008        0.7500
   674        0.10000000     0.000000E+000     0.400169E-008        0.8000
   675        0.10000000     0.000000E+000     0.320662E-009        0.9000
