#Update-step  Updatetime     Error of A        Error of phi      Time in fs
     1                                         0.364381E-004
     1        0.00400000     0.000000E+000     0.854210E-006        0.0000
     2        0.00400000     0.000000E+000     0.678593E-006        0.0040
     3        0.00438095     0.000000E+000     0.650463E-006        0.0080
     4        0.00486772     0.000000E+000     0.637245E-006        0.0124
     5        0.00551675     0.000000E+000     0.640060E-006        0.0172
     6 *      0.00297056     0.000000E+000     0.755274E-006        0.0228
     6        0.00297056     0.000000E+000     0.282251E-006        0.0257
     7        0.00509239     0.000000E+000     0.511802E-006        0.0287
     8        0.00601828     0.000000E+000     0.452906E-006        0.0338
     9        0.00752285     0.000000E+000     0.575761E-006        0.0398
    10 *      0.00438833     0.000000E+000     0.318906E-006        0.0473
    10        0.00438833     0.000000E+000     0.276988E-006        0.0517
    11        0.00731388     0.000000E+000     0.533708E-006        0.0561
    12        0.00731388     0.000000E+000     0.652698E-006        0.0634
    13                                         0.349775E-005
    13        0.00053192     0.000000E+000     0.785236E-007        0.0707
    14        0.00119682     0.000000E+000     0.289087E-006        0.0713
    15        0.00183512     0.000000E+000     0.386289E-006        0.0725
    16        0.00233561     0.000000E+000     0.335395E-006        0.0743
    17 *      0.00166829     0.000000E+000     0.293690E-006        0.0766
    17        0.00166829     0.000000E+000     0.107118E-006        0.0783
    18        0.00400390     0.000000E+000     0.369627E-006        0.0800
    19        0.00533853     0.000000E+000     0.368779E-006        0.0840
    20        0.00533853     0.000000E+000     0.452362E-006        0.0893
    21        0.00533853     0.000000E+000     0.324802E-006        0.0947
    22        0.00769231     0.000000E+000     0.483272E-006        0.1000
    23 *      0.00461538     0.000000E+000     0.118963E-005        0.1077
    23        0.00461538     0.000000E+000     0.612532E-006        0.1123
    24 *      0.00276923     0.000000E+000     0.366112E-006        0.1169
    24        0.00276923     0.000000E+000     0.101623E-005        0.1197
    25 *      0.00143590     0.000000E+000     0.198553E-005        0.1225
    25        0.00143590     0.000000E+000     0.183728E-004        0.1239
    26        0.00046960     0.000000E+000     0.104044E-006        0.1253
    27        0.00098929     0.000000E+000     0.295955E-006        0.1258
    28        0.00149404     0.000000E+000     0.343491E-006        0.1268
    29        0.00210923     0.000000E+000     0.340093E-006        0.1283
    30        0.00302628     0.000000E+000     0.352293E-006        0.1304
    31        0.00416114     0.000000E+000     0.379867E-006        0.1334
    32        0.00567428     0.000000E+000     0.417580E-006        0.1376
    33        0.00709285     0.000000E+000     0.731706E-006        0.1433
    34        0.00709285     0.000000E+000     0.578801E-006        0.1504
    35 *      0.00425571     0.000000E+000     0.179612E-005        0.1574
    35        0.00425571     0.000000E+000     0.669215E-005        0.1617
    36 *      0.00100134     0.000000E+000     0.303243E-006        0.1660
    36        0.00100134     0.000000E+000     0.709921E-007        0.1670
    37        0.00267025     0.000000E+000     0.247687E-006        0.1680
    38        0.00419611     0.000000E+000     0.277707E-006        0.1706
    39        0.00629416     0.000000E+000     0.413041E-006        0.1748
    40 *      0.00314708     0.000000E+000     0.281834E-006        0.1811
    40        0.00314708     0.000000E+000     0.170248E-006        0.1843
    41        0.00629416     0.000000E+000     0.450954E-006        0.1874
    42 *      0.00314708     0.000000E+000     0.127570E-005        0.1937
    42        0.00314708     0.000000E+000     0.255252E-006        0.1969
    43 *      0.00277778     0.000000E+000     0.282307E-006        0.2000
    43        0.00277778     0.000000E+000     0.129770E-006        0.2028
    44        0.00629630     0.000000E+000     0.387152E-006        0.2056
    45 *      0.00400673     0.000000E+000     0.753017E-006        0.2119
    45        0.00400673     0.000000E+000     0.212637E-006        0.2159
    46        0.00728497     0.000000E+000     0.452521E-006        0.2199
    47                                         0.422796E-005
    47        0.00063348     0.000000E+000     0.912279E-007        0.2272
    48        0.00136257     0.000000E+000     0.181169E-006        0.2278
    49        0.00244323     0.000000E+000     0.216383E-006        0.2291
    50        0.00402414     0.000000E+000     0.260860E-006        0.2316
    51        0.00585330     0.000000E+000     0.370274E-006        0.2356
    52        0.00731662     0.000000E+000     0.561488E-006        0.2415
    53                                         0.320058E-005
    53        0.00064020     0.000000E+000     0.803154E-007        0.2488
    54        0.00144503     0.000000E+000     0.847694E-006        0.2494
    55                                         0.256654E-004
    55        0.00006613     0.000000E+000     0.206797E-006        0.2509
    56        0.00011384     0.000000E+000     0.407053E-006        0.2509
    57        0.00015540     0.000000E+000     0.337765E-006        0.2510
    58        0.00022696     0.000000E+000     0.284980E-006        0.2512
    59        0.00034942     0.000000E+000     0.256842E-006        0.2514
    60        0.00055425     0.000000E+000     0.237557E-006        0.2518
    61        0.00089934     0.000000E+000     0.226492E-006        0.2523
    62        0.00146143     0.000000E+000     0.218052E-006        0.2532
    63        0.00238444     0.000000E+000     0.228620E-006        0.2547
    64        0.00390181     0.000000E+000     0.282737E-006        0.2571
    65        0.00557402     0.000000E+000     0.363230E-006        0.2610
    66        0.00668882     0.000000E+000     0.366704E-006        0.2666
    67        0.00891843     0.000000E+000     0.552414E-006        0.2732
    68        0.00891843     0.000000E+000     0.365308E-006        0.2822
    69        0.00891843     0.000000E+000     0.319757E-006        0.2911
    70        0.01250000     0.000000E+000     0.593869E-006        0.3000
    71        0.01458333     0.000000E+000     0.875146E-006        0.3125
    72 *      0.00729167     0.000000E+000     0.321524E-006        0.3271
    72        0.00729167     0.000000E+000     0.590793E-006        0.3344
    73        0.00833333     0.000000E+000     0.634826E-006        0.3417
    74 *      0.00416667     0.000000E+000     0.302606E-006        0.3500
    74        0.00416667     0.000000E+000     0.409874E-006        0.3542
    75 *      0.00297619     0.000000E+000     0.309392E-006        0.3583
    75        0.00297619     0.000000E+000     0.428743E-006        0.3613
    76 *      0.00198413     0.000000E+000     0.287550E-006        0.3643
    76        0.00198413     0.000000E+000     0.395869E-006        0.3663
    77 *      0.00144300     0.000000E+000     0.308323E-006        0.3683
    77        0.00144300     0.000000E+000     0.426695E-006        0.3697
    78 *      0.00103072     0.000000E+000     0.317921E-006        0.3711
    78        0.00103072     0.000000E+000     0.425680E-006        0.3722
    79 *      0.00074441     0.000000E+000     0.294326E-006        0.3732
    79        0.00074441     0.000000E+000     0.333311E-006        0.3739
    80        0.00115044     0.000000E+000     0.744246E-006        0.3747
    81        0.00120797     0.000000E+000     0.312863E-006        0.3758
    82        0.00176549     0.000000E+000     0.389921E-006        0.3770
    83 *      0.00117699     0.000000E+000     0.541982E-006        0.3788
    83        0.00117699     0.000000E+000     0.178132E-006        0.3800
    84        0.00235399     0.000000E+000     0.422748E-006        0.3812
    85        0.00274632     0.000000E+000     0.337333E-006        0.3835
    86 *      0.00171645     0.000000E+000     0.535268E-006        0.3863
    86        0.00171645     0.000000E+000     0.212848E-006        0.3880
    87        0.00257467     0.000000E+000     0.393803E-006        0.3897
    88 *      0.00128734     0.000000E+000     0.346165E-006        0.3923
    88        0.00128734     0.000000E+000     0.141480E-004        0.3936
    89        0.00046812     0.000000E+000     0.647505E-007        0.3949
    90        0.00093624     0.000000E+000     0.213386E-006        0.3953
    91        0.00124833     0.000000E+000     0.261223E-006        0.3963
    92        0.00124833     0.000000E+000     0.205204E-006        0.3975
    93        0.00124833     0.000000E+000     0.719217E-006        0.3988
    94 *      0.00068493     0.000000E+000     0.283588E-005        0.4000
    94        0.00068493     0.000000E+000     0.462854E-004        0.4007
    95        0.00015508     0.000000E+000     0.138377E-006        0.4014
    96        0.00030207     0.000000E+000     0.350144E-006        0.4015
    97        0.00043439     0.000000E+000     0.318259E-006        0.4018
    98        0.00064728     0.000000E+000     0.306927E-006        0.4023
    99        0.00097091     0.000000E+000     0.265353E-006        0.4029
   100        0.00152572     0.000000E+000     0.287959E-006        0.4039
   101        0.00230719     0.000000E+000     0.442098E-006        0.4054
   102        0.00297702     0.000000E+000     0.687586E-006        0.4077
   103 *      0.00165390     0.000000E+000     0.966961E-006        0.4107
   103        0.00165390     0.000000E+000     0.232908E-006        0.4123
   104        0.00296561     0.000000E+000     0.289386E-006        0.4140
   105        0.00437037     0.000000E+000     0.483630E-006        0.4170
   106 *      0.00280953     0.000000E+000     0.255451E-006        0.4213
   106        0.00280953     0.000000E+000     0.430808E-006        0.4241
   107 *      0.00202910     0.000000E+000     0.834102E-006        0.4270
   107        0.00202910     0.000000E+000     0.265452E-005        0.4290
   108                                         0.429271E-005
   108        0.00009984     0.000000E+000     0.851921E-007        0.4310
   109        0.00022222     0.000000E+000     0.607152E-006        0.4311
   110 *      0.00013104     0.000000E+000     0.395504E-006        0.4313
   110        0.00013104     0.000000E+000     0.754406E-006        0.4315
   111 *      0.00007652     0.000000E+000     0.587663E-006        0.4316
   111        0.00007652     0.000000E+000     0.784966E-006        0.4317
   112 *      0.00004403     0.000000E+000     0.317397E-006        0.4317
   112        0.00004403     0.000000E+000     0.350257E-006        0.4318
   113        0.00006956     0.000000E+000     0.959773E-006        0.4318
   114 *      0.00003464     0.000000E+000     0.284398E-006        0.4319
   114        0.00003464     0.000000E+000     0.311679E-006        0.4319
   115        0.00005726     0.000000E+000     0.940398E-006        0.4320
   116 *      0.00002873     0.000000E+000     0.510893E-006        0.4320
   116        0.00002873     0.000000E+000     0.560409E-006        0.4321
   117        0.00003777     0.000000E+000     0.952028E-006        0.4321
   118        0.00003773     0.000000E+000     0.827160E-006        0.4321
   119        0.00003974     0.000000E+000     0.702193E-006        0.4322
   120        0.00004451     0.000000E+000     0.634278E-006        0.4322
   121        0.00005180     0.000000E+000     0.624902E-006        0.4322
   122        0.00006061     0.000000E+000     0.671548E-006        0.4323
   123        0.00006902     0.000000E+000     0.747524E-006        0.4324
   124        0.00007550     0.000000E+000     0.820562E-006        0.4324
   125        0.00007978     0.000000E+000     0.869840E-006        0.4325
   126        0.00008241     0.000000E+000     0.893534E-006        0.4326
   127        0.00008427     0.000000E+000     0.904480E-006        0.4327
   128        0.00008577     0.000000E+000     0.909729E-006        0.4328
   129        0.00008711     0.000000E+000     0.912436E-006        0.4328
   130        0.00008837     0.000000E+000     0.913871E-006        0.4329
   131        0.00008967     0.000000E+000     0.921838E-006        0.4330
   132        0.00009065     0.000000E+000     0.923549E-006        0.4331
   133        0.00009151     0.000000E+000     0.923879E-006        0.4332
   134        0.00009240     0.000000E+000     0.925231E-006        0.4333
   135        0.00009331     0.000000E+000     0.927528E-006        0.4334
   136        0.00009410     0.000000E+000     0.928102E-006        0.4335
   137        0.00009491     0.000000E+000     0.929523E-006        0.4336
   138        0.00009559     0.000000E+000     0.929170E-006        0.4337
   139        0.00009629     0.000000E+000     0.929881E-006        0.4338
   140        0.00009699     0.000000E+000     0.932332E-006        0.4339
   141        0.00009756     0.000000E+000     0.936956E-006        0.4339
   142 *      0.00004900     0.000000E+000     0.255676E-006        0.4340
   142        0.00004900     0.000000E+000     0.228380E-006        0.4341
   143        0.00009134     0.000000E+000     0.783000E-006        0.4341
   144        0.00009816     0.000000E+000     0.891750E-006        0.4342
   145        0.00010041     0.000000E+000     0.921336E-006        0.4343
   146        0.00010149     0.000000E+000     0.930155E-006        0.4344
   147        0.00010229     0.000000E+000     0.933910E-006        0.4345
   148        0.00010293     0.000000E+000     0.935239E-006        0.4346
   149        0.00010342     0.000000E+000     0.934026E-006        0.4347
   150        0.00010408     0.000000E+000     0.936153E-006        0.4348
   151        0.00010458     0.000000E+000     0.935651E-006        0.4349
   152        0.00010509     0.000000E+000     0.935500E-006        0.4351
   153        0.00010561     0.000000E+000     0.935724E-006        0.4352
   154        0.00010612     0.000000E+000     0.936378E-006        0.4353
   155        0.00010665     0.000000E+000     0.937594E-006        0.4354
   156        0.00010718     0.000000E+000     0.939734E-006        0.4355
   157        0.00010754     0.000000E+000     0.941068E-006        0.4356
   158        0.00010790     0.000000E+000     0.973029E-006        0.4357
   159        0.00010682     0.000000E+000     0.927498E-006        0.4358
   160        0.00010772     0.000000E+000     0.927538E-006        0.4359
   161        0.00010863     0.000000E+000     0.930353E-006        0.4360
   162        0.00010938     0.000000E+000     0.931459E-006        0.4361
   163        0.00011013     0.000000E+000     0.933551E-006        0.4362
   164        0.00011071     0.000000E+000     0.933205E-006        0.4363
   165        0.00011129     0.000000E+000     0.933593E-006        0.4365
   166        0.00011188     0.000000E+000     0.934780E-006        0.4366
   167        0.00011248     0.000000E+000     0.936975E-006        0.4367
   168        0.00011288     0.000000E+000     0.937275E-006        0.4368
   169        0.00011328     0.000000E+000     0.939869E-006        0.4369
   170        0.00011369     0.000000E+000     0.946571E-006        0.4370
   171        0.00011369     0.000000E+000     0.954467E-006        0.4371
   172        0.00011349     0.000000E+000     0.975998E-006        0.4372
   173 *      0.00005613     0.000000E+000     0.256341E-006        0.4374
   173        0.00005613     0.000000E+000     0.272553E-006        0.4374
   174        0.00009771     0.000000E+000     0.907264E-006        0.4375
   175 *      0.00004971     0.000000E+000     0.352522E-006        0.4376
   175        0.00004971     0.000000E+000     0.535418E-006        0.4376
   176 *      0.00003326     0.000000E+000     0.384368E-006        0.4377
   176        0.00003326     0.000000E+000     0.317426E-006        0.4377
   177        0.00005462     0.000000E+000     0.882757E-006        0.4377
   178        0.00005615     0.000000E+000     0.899573E-006        0.4378
   179        0.00005729     0.000000E+000     0.966188E-006        0.4378
   180        0.00005692     0.000000E+000     0.848911E-006        0.4379
   181 *      0.00002969     0.000000E+000     0.343759E-006        0.4380
   181        0.00002969     0.000000E+000     0.178311E-006        0.4380
   182 *      0.00003038     0.000000E+000     0.435450E-006        0.4380
   182        0.00003038     0.000000E+000     0.187170E-006        0.4380
   183 *      0.00003053     0.000000E+000     0.390011E-006        0.4381
   183        0.00003053     0.000000E+000     0.196579E-006        0.4381
   184 *      0.00003012     0.000000E+000     0.367906E-006        0.4381
   184        0.00003012     0.000000E+000     0.193548E-006        0.4382
   185 *      0.00002988     0.000000E+000     0.360468E-006        0.4382
   185        0.00002988     0.000000E+000     0.189674E-006        0.4382
   186 *      0.00002988     0.000000E+000     0.365748E-006        0.4383
   186        0.00002988     0.000000E+000     0.188076E-006        0.4383
   187 *      0.00003000     0.000000E+000     0.372897E-006        0.4383
   187        0.00003000     0.000000E+000     0.189353E-006        0.4383
   188 *      0.00003003     0.000000E+000     0.373494E-006        0.4384
   188        0.00003003     0.000000E+000     0.190689E-006        0.4384
   189 *      0.00002997     0.000000E+000     0.369612E-006        0.4384
   189        0.00002997     0.000000E+000     0.190884E-006        0.4385
   190 *      0.00002991     0.000000E+000     0.366759E-006        0.4385
   190        0.00002991     0.000000E+000     0.190519E-006        0.4385
   191 *      0.00002986     0.000000E+000     0.365660E-006        0.4386
   191        0.00002986     0.000000E+000     0.189973E-006        0.4386
   192 *      0.00002986     0.000000E+000     0.365992E-006        0.4386
   192        0.00002986     0.000000E+000     0.190127E-006        0.4386
   193 *      0.00002983     0.000000E+000     0.365956E-006        0.4387
   193        0.00002983     0.000000E+000     0.190145E-006        0.4387
   194 *      0.00002980     0.000000E+000     0.364906E-006        0.4387
   194        0.00002980     0.000000E+000     0.190213E-006        0.4388
   195 *      0.00002977     0.000000E+000     0.364034E-006        0.4388
   195        0.00002977     0.000000E+000     0.190218E-006        0.4388
   196 *      0.00002974     0.000000E+000     0.363425E-006        0.4389
   196        0.00002974     0.000000E+000     0.190208E-006        0.4389
   197 *      0.00002971     0.000000E+000     0.362870E-006        0.4389
   197        0.00002971     0.000000E+000     0.190216E-006        0.4389
   198 *      0.00002968     0.000000E+000     0.362310E-006        0.4390
   198        0.00002968     0.000000E+000     0.190236E-006        0.4390
   199 *      0.00002965     0.000000E+000     0.361787E-006        0.4390
   199        0.00002965     0.000000E+000     0.190266E-006        0.4391
   200 *      0.00002962     0.000000E+000     0.361312E-006        0.4391
   200        0.00002962     0.000000E+000     0.190303E-006        0.4391
   201 *      0.00002960     0.000000E+000     0.360891E-006        0.4392
   201        0.00002960     0.000000E+000     0.190361E-006        0.4392
   202 *      0.00002957     0.000000E+000     0.360515E-006        0.4392
   202        0.00002957     0.000000E+000     0.190412E-006        0.4392
   203 *      0.00002954     0.000000E+000     0.360224E-006        0.4393
   203        0.00002954     0.000000E+000     0.190498E-006        0.4393
   204 *      0.00002948     0.000000E+000     0.359253E-006        0.4393
   204        0.00002948     0.000000E+000     0.190308E-006        0.4394
   205 *      0.00002945     0.000000E+000     0.358675E-006        0.4394
   205        0.00002945     0.000000E+000     0.190319E-006        0.4394
   206 *      0.00002942     0.000000E+000     0.358881E-006        0.4394
   206        0.00002942     0.000000E+000     0.190466E-006        0.4395
   207 *      0.00002939     0.000000E+000     0.358820E-006        0.4395
   207        0.00002939     0.000000E+000     0.190606E-006        0.4395
   208 *      0.00002934     0.000000E+000     0.358197E-006        0.4396
   208        0.00002934     0.000000E+000     0.190500E-006        0.4396
   209 *      0.00002928     0.000000E+000     0.357213E-006        0.4396
   209        0.00002928     0.000000E+000     0.190300E-006        0.4397
   210 *      0.00002925     0.000000E+000     0.357358E-006        0.4397
   210        0.00002925     0.000000E+000     0.190451E-006        0.4397
   211 *      0.00002922     0.000000E+000     0.357923E-006        0.4397
   211        0.00002922     0.000000E+000     0.190732E-006        0.4398
   212 *      0.00002917     0.000000E+000     0.357614E-006        0.4398
   212        0.00002917     0.000000E+000     0.190714E-006        0.4398
   213 *      0.00002911     0.000000E+000     0.357100E-006        0.4399
   213        0.00002911     0.000000E+000     0.190622E-006        0.4399
   214 *      0.00002905     0.000000E+000     0.356995E-006        0.4399
   214        0.00002905     0.000000E+000     0.190632E-006        0.4399
   215 *      0.00002900     0.000000E+000     0.356866E-006        0.4400
   215        0.00002900     0.000000E+000     0.190628E-006        0.4400
   216 *      0.00002894     0.000000E+000     0.357012E-006        0.4400
   216        0.00002894     0.000000E+000     0.190706E-006        0.4401
   217 *      0.00002889     0.000000E+000     0.357206E-006        0.4401
   217        0.00002889     0.000000E+000     0.190794E-006        0.4401
   218 *      0.00002883     0.000000E+000     0.357657E-006        0.4401
   218        0.00002883     0.000000E+000     0.190968E-006        0.4402
   219 *      0.00002878     0.000000E+000     0.358205E-006        0.4402
   219        0.00002878     0.000000E+000     0.191166E-006        0.4402
   220 *      0.00002869     0.000000E+000     0.358187E-006        0.4403
   220        0.00002869     0.000000E+000     0.191111E-006        0.4403
   221 *      0.00002861     0.000000E+000     0.358135E-006        0.4403
   221        0.00002861     0.000000E+000     0.190989E-006        0.4403
   222 *      0.00002853     0.000000E+000     0.358662E-006        0.4404
   222        0.00002853     0.000000E+000     0.191098E-006        0.4404
   223 *      0.00002845     0.000000E+000     0.359048E-006        0.4404
   223        0.00002845     0.000000E+000     0.191063E-006        0.4405
   224 *      0.00002836     0.000000E+000     0.360364E-006        0.4405
   224        0.00002836     0.000000E+000     0.191462E-006        0.4405
   225 *      0.00002826     0.000000E+000     0.360398E-006        0.4405
   225        0.00002826     0.000000E+000     0.191111E-006        0.4406
   226 *      0.00002818     0.000000E+000     0.362755E-006        0.4406
   226        0.00002818     0.000000E+000     0.191916E-006        0.4406
   227 *      0.00002804     0.000000E+000     0.362479E-006        0.4407
   227        0.00002804     0.000000E+000     0.191100E-006        0.4407
   228 *      0.00002796     0.000000E+000     0.367038E-006        0.4407
   228        0.00002796     0.000000E+000     0.193043E-006        0.4407
   229 *      0.00002778     0.000000E+000     0.363941E-006        0.4408
   229        0.00002778     0.000000E+000     0.189651E-006        0.4408
   230 *      0.00002778     0.000000E+000     0.380097E-006        0.4408
   230        0.00002778     0.000000E+000     0.199896E-006        0.4409
   231 *      0.00002724     0.000000E+000     0.342549E-006        0.4409
   231        0.00002724     0.000000E+000     0.170720E-006        0.4409
   232 *      0.00002837     0.000000E+000     0.456359E-006        0.4409
   232        0.00002837     0.000000E+000     0.284634E-006        0.4410
   233        0.00004856     0.000000E+000     0.476324E-006        0.4410
   234        0.00006272     0.000000E+000     0.457992E-006        0.4410
   235        0.00008214     0.000000E+000     0.805102E-006        0.4411
   236        0.00008739     0.000000E+000     0.917119E-006        0.4412
   237        0.00008844     0.000000E+000     0.934773E-006        0.4413
   238        0.00008898     0.000000E+000     0.937211E-006        0.4414
   239        0.00008938     0.000000E+000     0.935737E-006        0.4415
   240        0.00008980     0.000000E+000     0.935327E-006        0.4415
   241        0.00009021     0.000000E+000     0.985070E-006        0.4416
   242        0.00008897     0.000000E+000     0.908014E-006        0.4417
   243        0.00009049     0.000000E+000     0.941802E-006        0.4418
   244 *      0.00004539     0.000000E+000     0.251836E-006        0.4419
   244        0.00004539     0.000000E+000     0.301055E-006        0.4419
   245        0.00007602     0.000000E+000     0.700773E-006        0.4420
   246        0.00008519     0.000000E+000     0.810913E-006        0.4421
   247        0.00009038     0.000000E+000     0.898064E-006        0.4422
   248        0.00009226     0.000000E+000     0.942473E-006        0.4422
   249        0.00009241     0.000000E+000     0.963204E-006        0.4423
   250        0.00009182     0.000000E+000     0.979758E-006        0.4424
   251        0.00009066     0.000000E+000     0.983406E-006        0.4425
   252        0.00008939     0.000000E+000     0.969037E-006        0.4426
   253        0.00008870     0.000000E+000     0.962924E-006        0.4427
   254        0.00008815     0.000000E+000     0.963381E-006        0.4428
   255        0.00008761     0.000000E+000     0.972464E-006        0.4429
   256 *      0.00004340     0.000000E+000     0.250155E-006        0.4430
   256        0.00004340     0.000000E+000     0.257565E-006        0.4430
   257        0.00007727     0.000000E+000     0.838388E-006        0.4431
   258 *      0.00004051     0.000000E+000     0.250841E-006        0.4431
   258        0.00004051     0.000000E+000     0.262875E-006        0.4432
   259        0.00007152     0.000000E+000     0.857207E-006        0.4432
   260 *      0.00003717     0.000000E+000     0.259745E-006        0.4433
   260        0.00003717     0.000000E+000     0.277350E-006        0.4433
   261        0.00006429     0.000000E+000     0.883752E-006        0.4434
   262 *      0.00003301     0.000000E+000     0.267963E-006        0.4434
   262        0.00003301     0.000000E+000     0.289311E-006        0.4435
   263        0.00005618     0.000000E+000     0.900933E-006        0.4435
   264 *      0.00002866     0.000000E+000     0.272627E-006        0.4435
   264        0.00002866     0.000000E+000     0.296881E-006        0.4436
   265        0.00004829     0.000000E+000     0.916102E-006        0.4436
   266 *      0.00002448     0.000000E+000     0.278907E-006        0.4436
   266        0.00002448     0.000000E+000     0.296679E-006        0.4437
   267        0.00004125     0.000000E+000     0.865729E-006        0.4437
   268        0.00004272     0.000000E+000     0.937559E-006        0.4437
   269        0.00004291     0.000000E+000     0.921923E-006        0.4438
   270        0.00004338     0.000000E+000     0.924100E-006        0.4438
   271        0.00004382     0.000000E+000     0.917444E-006        0.4439
   272        0.00004437     0.000000E+000     0.920511E-006        0.4439
   273        0.00004491     0.000000E+000     0.923957E-006        0.4440
   274        0.00004538     0.000000E+000     0.924390E-006        0.4440
   275        0.00004583     0.000000E+000     0.921967E-006        0.4440
   276        0.00004632     0.000000E+000     0.918531E-006        0.4441
   277        0.00004690     0.000000E+000     0.914307E-006        0.4441
   278        0.00004758     0.000000E+000     0.907553E-006        0.4442
   279        0.00004841     0.000000E+000     0.897173E-006        0.4442
   280        0.00004944     0.000000E+000     0.880368E-006        0.4443
   281        0.00005089     0.000000E+000     0.855433E-006        0.4443
   282        0.00005292     0.000000E+000     0.808856E-006        0.4444
   283        0.00005624     0.000000E+000     0.714839E-006        0.4444
   284        0.00006258     0.000000E+000     0.492787E-006        0.4445
   285 *      0.00003995     0.000000E+000     0.254157E-006        0.4446
   285        0.00003995     0.000000E+000     0.286227E-006        0.4446
   286        0.00006827     0.000000E+000     0.908187E-006        0.4446
   287 *      0.00003469     0.000000E+000     0.268192E-006        0.4447
   287        0.00003469     0.000000E+000     0.283631E-006        0.4447
   288        0.00005945     0.000000E+000     0.868485E-006        0.4448
   289 *      0.00003075     0.000000E+000     0.253974E-006        0.4448
   289        0.00003075     0.000000E+000     0.263874E-006        0.4449
   290        0.00005419     0.000000E+000     0.841732E-006        0.4449
   291        0.00005670     0.000000E+000     0.975771E-006        0.4449
   292 *      0.00002806     0.000000E+000     0.255471E-006        0.4450
   292        0.00002806     0.000000E+000     0.262228E-006        0.4450
   293        0.00004959     0.000000E+000     0.832473E-006        0.4451
   294        0.00005213     0.000000E+000     0.957180E-006        0.4451
   295        0.00005198     0.000000E+000     0.989518E-006        0.4452
   296 *      0.00002558     0.000000E+000     0.250698E-006        0.4452
   296        0.00002558     0.000000E+000     0.254744E-006        0.4452
   297        0.00004569     0.000000E+000     0.818870E-006        0.4453
   298        0.00004831     0.000000E+000     0.937775E-006        0.4453
   299        0.00004853     0.000000E+000     0.968540E-006        0.4454
   300        0.00004814     0.000000E+000     0.973291E-006        0.4454
   301        0.00004768     0.000000E+000     0.971838E-006        0.4455
   302        0.00004727     0.000000E+000     0.969360E-006        0.4455
   303        0.00004690     0.000000E+000     0.965962E-006        0.4455
   304        0.00004658     0.000000E+000     0.961762E-006        0.4456
   305        0.00004634     0.000000E+000     0.958508E-006        0.4456
   306        0.00004618     0.000000E+000     0.956308E-006        0.4457
   307        0.00004606     0.000000E+000     0.953682E-006        0.4457
   308        0.00004599     0.000000E+000     0.950783E-006        0.4458
   309        0.00004595     0.000000E+000     0.947771E-006        0.4458
   310        0.00004599     0.000000E+000     0.946398E-006        0.4459
   311        0.00004603     0.000000E+000     0.943628E-006        0.4459
   312        0.00004614     0.000000E+000     0.942809E-006        0.4460
   313        0.00004626     0.000000E+000     0.940894E-006        0.4460
   314        0.00004642     0.000000E+000     0.939622E-006        0.4461
   315        0.00004658     0.000000E+000     0.937517E-006        0.4461
   316        0.00004678     0.000000E+000     0.936304E-006        0.4462
   317        0.00004703     0.000000E+000     0.936093E-006        0.4462
   318        0.00004728     0.000000E+000     0.935353E-006        0.4462
   319        0.00004753     0.000000E+000     0.934156E-006        0.4463
   320        0.00004783     0.000000E+000     0.934207E-006        0.4463
   321        0.00004813     0.000000E+000     0.933909E-006        0.4464
   322        0.00004843     0.000000E+000     0.933291E-006        0.4464
   323        0.00004874     0.000000E+000     0.932368E-006        0.4465
   324        0.00004905     0.000000E+000     0.931140E-006        0.4465
   325        0.00004942     0.000000E+000     0.931299E-006        0.4466
   326        0.00004978     0.000000E+000     0.931116E-006        0.4466
   327        0.00005016     0.000000E+000     0.930537E-006        0.4467
   328        0.00005054     0.000000E+000     0.929488E-006        0.4467
   329        0.00005093     0.000000E+000     0.927867E-006        0.4468
   330        0.00005137     0.000000E+000     0.927317E-006        0.4468
   331        0.00005182     0.000000E+000     0.925895E-006        0.4469
   332        0.00005228     0.000000E+000     0.923366E-006        0.4469
   333        0.00005280     0.000000E+000     0.921243E-006        0.4470
   334        0.00005339     0.000000E+000     0.919138E-006        0.4470
   335        0.00005404     0.000000E+000     0.916517E-006        0.4471
   336        0.00005477     0.000000E+000     0.912650E-006        0.4471
   337        0.00005558     0.000000E+000     0.906609E-006        0.4472
   338        0.00005653     0.000000E+000     0.899294E-006        0.4473
   339        0.00005771     0.000000E+000     0.892382E-006        0.4473
   340        0.00005907     0.000000E+000     0.886340E-006        0.4474
   341        0.00006063     0.000000E+000     0.887027E-006        0.4474
   342        0.00006221     0.000000E+000     0.892688E-006        0.4475
   343        0.00006365     0.000000E+000     0.898426E-006        0.4476
   344        0.00006499     0.000000E+000     0.903353E-006        0.4476
   345        0.00006622     0.000000E+000     0.904388E-006        0.4477
   346        0.00006742     0.000000E+000     0.901498E-006        0.4477
   347        0.00006875     0.000000E+000     0.898499E-006        0.4478
   348        0.00007014     0.000000E+000     0.894113E-006        0.4479
   349        0.00007169     0.000000E+000     0.893188E-006        0.4480
   350        0.00007330     0.000000E+000     0.895543E-006        0.4480
   351        0.00007489     0.000000E+000     0.899637E-006        0.4481
   352        0.00007644     0.000000E+000     0.905395E-006        0.4482
   353        0.00007782     0.000000E+000     0.909608E-006        0.4483
   354        0.00007901     0.000000E+000     0.911558E-006        0.4483
   355        0.00008023     0.000000E+000     0.916237E-006        0.4484
   356        0.00008125     0.000000E+000     0.917551E-006        0.4485
   357        0.00008229     0.000000E+000     0.920860E-006        0.4486
   358        0.00008322     0.000000E+000     0.922978E-006        0.4487
   359        0.00008404     0.000000E+000     0.923637E-006        0.4487
   360        0.00008488     0.000000E+000     0.925661E-006        0.4488
   361        0.00008559     0.000000E+000     0.925850E-006        0.4489
   362        0.00008631     0.000000E+000     0.927155E-006        0.4490
   363        0.00008705     0.000000E+000     0.929498E-006        0.4491
   364        0.00008765     0.000000E+000     0.929627E-006        0.4492
   365        0.00008826     0.000000E+000     0.930637E-006        0.4493
   366        0.00008888     0.000000E+000     0.932477E-006        0.4493
   367        0.00008951     0.000000E+000     0.935108E-006        0.4494
   368        0.00008999     0.000000E+000     0.935174E-006        0.4495
   369        0.00009047     0.000000E+000     0.935922E-006        0.4496
   370        0.00009096     0.000000E+000     0.937319E-006        0.4497
   371        0.00009129     0.000000E+000     0.935943E-006        0.4498
   372        0.00009179     0.000000E+000     0.938540E-006        0.4499
   373        0.00009213     0.000000E+000     0.938264E-006        0.4500
   374        0.00009247     0.000000E+000     0.938509E-006        0.4501
   375        0.00009282     0.000000E+000     0.939278E-006        0.4502
   376        0.00009316     0.000000E+000     0.940628E-006        0.4503
   377        0.00009352     0.000000E+000     0.942872E-006        0.4503
   378        0.00009369     0.000000E+000     0.945531E-006        0.4504
   379        0.00009369     0.000000E+000     0.933118E-006        0.4505
   380        0.00009423     0.000000E+000     0.940257E-006        0.4506
   381        0.00009459     0.000000E+000     0.944988E-006        0.4507
   382        0.00009477     0.000000E+000     0.946922E-006        0.4508
   383        0.00009477     0.000000E+000     0.945920E-006        0.4509
   384        0.00009477     0.000000E+000     0.945576E-006        0.4510
   385        0.00009477     0.000000E+000     0.945881E-006        0.4511
   386        0.00009477     0.000000E+000     0.946853E-006        0.4512
   387        0.00009477     0.000000E+000     0.948531E-006        0.4513
   388        0.00009477     0.000000E+000     0.950976E-006        0.4514
   389        0.00009459     0.000000E+000     0.950588E-006        0.4515
   390        0.00009440     0.000000E+000     0.951166E-006        0.4516
   391        0.00009422     0.000000E+000     0.952874E-006        0.4517
   392        0.00009404     0.000000E+000     0.955945E-006        0.4518
   393        0.00009367     0.000000E+000     0.957004E-006        0.4519
   394        0.00009331     0.000000E+000     0.960192E-006        0.4519
   395        0.00009276     0.000000E+000     0.962454E-006        0.4520
   396        0.00009223     0.000000E+000     0.968408E-006        0.4521
   397        0.00009152     0.000000E+000     0.975751E-006        0.4522
   398        0.00009048     0.000000E+000     0.982883E-006        0.4523
   399 *      0.00004465     0.000000E+000     0.251323E-006        0.4524
   399        0.00004465     0.000000E+000     0.258093E-006        0.4525
   400        0.00007930     0.000000E+000     0.834621E-006        0.4525
   401        0.00008320     0.000000E+000     0.985286E-006        0.4526
   402 *      0.00004102     0.000000E+000     0.269460E-006        0.4527
   402        0.00004102     0.000000E+000     0.290238E-006        0.4527
   403        0.00006970     0.000000E+000     0.911512E-006        0.4527
   404 *      0.00003537     0.000000E+000     0.291980E-006        0.4528
   404        0.00003537     0.000000E+000     0.336985E-006        0.4528
   405 *      0.00002835     0.000000E+000     0.257892E-006        0.4529
   405        0.00002835     0.000000E+000     0.303195E-006        0.4529
   406 *      0.00002367     0.000000E+000     0.253749E-006        0.4529
   406        0.00002367     0.000000E+000     0.298459E-006        0.4530
   407        0.00003981     0.000000E+000     0.989628E-006        0.4530
   408 *      0.00001959     0.000000E+000     0.313521E-006        0.4530
   408        0.00001959     0.000000E+000     0.349956E-006        0.4530
   409        0.00003096     0.000000E+000     0.956134E-006        0.4531
   410 *      0.00001544     0.000000E+000     0.269453E-006        0.4531
   410        0.00001544     0.000000E+000     0.282458E-006        0.4531
   411        0.00002651     0.000000E+000     0.863277E-006        0.4531
   412        0.00002748     0.000000E+000     0.981652E-006        0.4532
   413 *      0.00001356     0.000000E+000     0.252576E-006        0.4532
   413        0.00001356     0.000000E+000     0.257769E-006        0.4532
   414        0.00002413     0.000000E+000     0.826927E-006        0.4532
   415        0.00002543     0.000000E+000     0.942549E-006        0.4532
   416        0.00002550     0.000000E+000     0.969752E-006        0.4533
   417        0.00002529     0.000000E+000     0.971403E-006        0.4533
   418        0.00002508     0.000000E+000     0.963447E-006        0.4533
   419        0.00002494     0.000000E+000     0.950148E-006        0.4533
   420        0.00002493     0.000000E+000     0.932574E-006        0.4534
   421        0.00002510     0.000000E+000     0.917945E-006        0.4534
   422        0.00002543     0.000000E+000     0.911117E-006        0.4534
   423        0.00002583     0.000000E+000     0.910642E-006        0.4534
   424        0.00002623     0.000000E+000     0.913805E-006        0.4535
   425        0.00002661     0.000000E+000     0.917500E-006        0.4535
   426        0.00002695     0.000000E+000     0.921478E-006        0.4535
   427        0.00002725     0.000000E+000     0.925503E-006        0.4535
   428        0.00002751     0.000000E+000     0.929314E-006        0.4536
   429        0.00002774     0.000000E+000     0.933674E-006        0.4536
   430        0.00002790     0.000000E+000     0.935929E-006        0.4536
   431        0.00002806     0.000000E+000     0.938926E-006        0.4536
   432        0.00002818     0.000000E+000     0.941033E-006        0.4537
   433        0.00002826     0.000000E+000     0.941768E-006        0.4537
   434        0.00002835     0.000000E+000     0.943037E-006        0.4537
   435        0.00002842     0.000000E+000     0.943430E-006        0.4538
   436        0.00002849     0.000000E+000     0.943969E-006        0.4538
   437        0.00002854     0.000000E+000     0.943506E-006        0.4538
   438        0.00002861     0.000000E+000     0.944459E-006        0.4538
   439        0.00002867     0.000000E+000     0.944726E-006        0.4539
   440        0.00002872     0.000000E+000     0.945709E-006        0.4539
   441        0.00002876     0.000000E+000     0.946361E-006        0.4539
   442        0.00002879     0.000000E+000     0.947562E-006        0.4540
   443        0.00002881     0.000000E+000     0.946425E-006        0.4540
   444        0.00002885     0.000000E+000     0.935504E-006        0.4540
   445        0.00002901     0.000000E+000     0.544565E-006        0.4540
   446        0.00003571     0.000000E+000     0.158483E-006        0.4541
   447        0.00006679     0.000000E+000     0.533676E-006        0.4541
   448        0.00008271     0.000000E+000     0.804593E-006        0.4542
   449        0.00008795     0.000000E+000     0.913519E-006        0.4543
   450        0.00008916     0.000000E+000     0.930998E-006        0.4544
   451        0.00008968     0.000000E+000     0.923924E-006        0.4544
   452        0.00009058     0.000000E+000     0.925999E-006        0.4545
   453        0.00009131     0.000000E+000     0.926930E-006        0.4546
   454        0.00009205     0.000000E+000     0.930294E-006        0.4547
   455        0.00009261     0.000000E+000     0.932151E-006        0.4548
   456        0.00009319     0.000000E+000     0.936050E-006        0.4549
   457        0.00009358     0.000000E+000     0.937952E-006        0.4550
   458        0.00009397     0.000000E+000     0.941500E-006        0.4551
   459        0.00009416     0.000000E+000     0.942602E-006        0.4552
   460        0.00009436     0.000000E+000     0.944989E-006        0.4553
   461        0.00009436     0.000000E+000     0.944545E-006        0.4554
   462        0.00009456     0.000000E+000     0.949060E-006        0.4555
   463        0.00009456     0.000000E+000     0.950444E-006        0.4556
   464        0.00009436     0.000000E+000     0.948543E-006        0.4556
   465        0.00009436     0.000000E+000     0.951267E-006        0.4557
   466        0.00009416     0.000000E+000     0.950484E-006        0.4558
   467        0.00009396     0.000000E+000     0.950119E-006        0.4559
   468        0.00009376     0.000000E+000     0.950088E-006        0.4560
   469        0.00009376     0.000000E+000     0.954352E-006        0.4561
   470        0.00009356     0.000000E+000     0.954773E-006        0.4562
   471        0.00009336     0.000000E+000     0.955325E-006        0.4563
   472        0.00009316     0.000000E+000     0.955952E-006        0.4564
   473        0.00009276     0.000000E+000     0.952558E-006        0.4565
   474        0.00009257     0.000000E+000     0.953189E-006        0.4566
   475        0.00009237     0.000000E+000     0.953764E-006        0.4567
   476        0.00009217     0.000000E+000     0.954247E-006        0.4568
   477        0.00009197     0.000000E+000     0.954610E-006        0.4569
   478        0.00009178     0.000000E+000     0.954824E-006        0.4570
   479        0.00009158     0.000000E+000     0.954867E-006        0.4570
   480        0.00009139     0.000000E+000     0.954718E-006        0.4571
   481        0.00009119     0.000000E+000     0.954359E-006        0.4572
   482        0.00009100     0.000000E+000     0.953777E-006        0.4573
   483        0.00009080     0.000000E+000     0.952957E-006        0.4574
   484        0.00009061     0.000000E+000     0.951890E-006        0.4575
   485        0.00009042     0.000000E+000     0.950566E-006        0.4576
   486        0.00009022     0.000000E+000     0.948978E-006        0.4577
   487        0.00009022     0.000000E+000     0.951148E-006        0.4578
   488        0.00009003     0.000000E+000     0.949003E-006        0.4579
   489        0.00009003     0.000000E+000     0.950613E-006        0.4580
   490        0.00008984     0.000000E+000     0.947889E-006        0.4580
   491        0.00008984     0.000000E+000     0.948914E-006        0.4581
   492        0.00008984     0.000000E+000     0.949644E-006        0.4582
   493        0.00008984     0.000000E+000     0.950073E-006        0.4583
   494        0.00008984     0.000000E+000     0.950195E-006        0.4584
   495        0.00008964     0.000000E+000     0.945931E-006        0.4585
   496        0.00008964     0.000000E+000     0.945432E-006        0.4586
   497        0.00008964     0.000000E+000     0.944618E-006        0.4587
   498        0.00008984     0.000000E+000     0.947578E-006        0.4588
   499        0.00008984     0.000000E+000     0.946118E-006        0.4589
   500        0.00008984     0.000000E+000     0.944333E-006        0.4589
   501        0.00009004     0.000000E+000     0.946347E-006        0.4590
   502        0.00009004     0.000000E+000     0.943897E-006        0.4591
   503        0.00009024     0.000000E+000     0.945265E-006        0.4592
   504        0.00009024     0.000000E+000     0.942140E-006        0.4593
   505        0.00009044     0.000000E+000     0.942850E-006        0.4594
   506        0.00009064     0.000000E+000     0.943228E-006        0.4595
   507        0.00009084     0.000000E+000     0.943272E-006        0.4596
   508        0.00009105     0.000000E+000     0.942978E-006        0.4597
   509        0.00009126     0.000000E+000     0.942343E-006        0.4598
   510        0.00009146     0.000000E+000     0.941365E-006        0.4598
   511        0.00009167     0.000000E+000     0.940043E-006        0.4599
   512        0.00009188     0.000000E+000     0.938376E-006        0.4600
   513        0.00009231     0.000000E+000     0.940680E-006        0.4601
   514        0.00009252     0.000000E+000     0.938306E-006        0.4602
   515        0.00009296     0.000000E+000     0.939949E-006        0.4603
   516        0.00009318     0.000000E+000     0.936860E-006        0.4604
   517        0.00009362     0.000000E+000     0.937831E-006        0.4605
   518        0.00009406     0.000000E+000     0.938465E-006        0.4606
   519        0.00009429     0.000000E+000     0.934285E-006        0.4607
   520        0.00009474     0.000000E+000     0.934236E-006        0.4608
   521        0.00009521     0.000000E+000     0.933844E-006        0.4609
   522        0.00009567     0.000000E+000     0.933105E-006        0.4610
   523        0.00009614     0.000000E+000     0.932019E-006        0.4611
   524        0.00009662     0.000000E+000     0.930583E-006        0.4612
   525        0.00009735     0.000000E+000     0.933446E-006        0.4613
   526        0.00009784     0.000000E+000     0.931291E-006        0.4614
   527        0.00009834     0.000000E+000     0.928781E-006        0.4614
   528        0.00009910     0.000000E+000     0.930670E-006        0.4615
   529        0.00009988     0.000000E+000     0.932237E-006        0.4616
   530        0.00010040     0.000000E+000     0.928606E-006        0.4617
   531        0.00010120     0.000000E+000     0.929502E-006        0.4618
   532        0.00010202     0.000000E+000     0.930061E-006        0.4619
   533        0.00010284     0.000000E+000     0.930277E-006        0.4621
   534        0.00010341     0.000000E+000     0.925096E-006        0.4622
   535        0.00010426     0.000000E+000     0.924618E-006        0.4623
   536        0.00010514     0.000000E+000     0.923787E-006        0.4624
   537        0.00010603     0.000000E+000     0.922602E-006        0.4625
   538        0.00010694     0.000000E+000     0.921058E-006        0.4626
   539        0.00010818     0.000000E+000     0.924465E-006        0.4627
   540        0.00010913     0.000000E+000     0.922182E-006        0.4628
   541        0.00011010     0.000000E+000     0.919534E-006        0.4629
   542        0.00011143     0.000000E+000     0.922021E-006        0.4630
   543        0.00011245     0.000000E+000     0.918618E-006        0.4631
   544        0.00011384     0.000000E+000     0.920495E-006        0.4632
   545        0.00011491     0.000000E+000     0.916332E-006        0.4633
   546        0.00011637     0.000000E+000     0.917599E-006        0.4635
   547        0.00011788     0.000000E+000     0.918570E-006        0.4636
   548        0.00011904     0.000000E+000     0.913260E-006        0.4637
   549        0.00012063     0.000000E+000     0.913643E-006        0.4638
   550        0.00012226     0.000000E+000     0.913744E-006        0.4639
   551        0.00012395     0.000000E+000     0.913571E-006        0.4641
   552        0.00012569     0.000000E+000     0.913135E-006        0.4642
   553        0.00012748     0.000000E+000     0.912446E-006        0.4643
   554        0.00012934     0.000000E+000     0.911520E-006        0.4644
   555        0.00013125     0.000000E+000     0.910375E-006        0.4646
   556        0.00013323     0.000000E+000     0.909030E-006        0.4647
   557        0.00013528     0.000000E+000     0.907509E-006        0.4648
   558        0.00013741     0.000000E+000     0.905838E-006        0.4650
   559        0.00013961     0.000000E+000     0.904046E-006        0.4651
   560        0.00014188     0.000000E+000     0.902165E-006        0.4652
   561        0.00014425     0.000000E+000     0.900231E-006        0.4654
   562        0.00014670     0.000000E+000     0.898283E-006        0.4655
   563        0.00014926     0.000000E+000     0.896364E-006        0.4657
   564        0.00015259     0.000000E+000     0.902480E-006        0.4658
   565        0.00015537     0.000000E+000     0.900736E-006        0.4660
   566        0.00015828     0.000000E+000     0.899173E-006        0.4661
   567        0.00016131     0.000000E+000     0.897849E-006        0.4663
   568        0.00016447     0.000000E+000     0.896827E-006        0.4664
   569        0.00016778     0.000000E+000     0.896173E-006        0.4666
   570        0.00017124     0.000000E+000     0.895961E-006        0.4668
   571        0.00017486     0.000000E+000     0.896270E-006        0.4670
   572        0.00017866     0.000000E+000     0.897182E-006        0.4671
   573        0.00018164     0.000000E+000     0.888891E-006        0.4673
   574        0.00018579     0.000000E+000     0.891252E-006        0.4675
   575        0.00019016     0.000000E+000     0.894497E-006        0.4677
   576        0.00019360     0.000000E+000     0.888016E-006        0.4679
   577        0.00019841     0.000000E+000     0.893292E-006        0.4681
   578        0.00020220     0.000000E+000     0.888461E-006        0.4683
   579        0.00020617     0.000000E+000     0.884629E-006        0.4685
   580        0.00021174     0.000000E+000     0.893749E-006        0.4687
   581        0.00021615     0.000000E+000     0.892127E-006        0.4689
   582        0.00022078     0.000000E+000     0.891791E-006        0.4691
   583        0.00022565     0.000000E+000     0.892846E-006        0.4693
   584        0.00023078     0.000000E+000     0.895406E-006        0.4695
   585        0.00023436     0.000000E+000     0.885812E-006        0.4698
   586        0.00023998     0.000000E+000     0.891643E-006        0.4700
   587        0.00024392     0.000000E+000     0.884791E-006        0.4702
   588        0.00025012     0.000000E+000     0.894331E-006        0.4705
   589        0.00025447     0.000000E+000     0.890518E-006        0.4707
   590        0.00025901     0.000000E+000     0.888393E-006        0.4710
   591        0.00026376     0.000000E+000     0.888016E-006        0.4712
   592        0.00026874     0.000000E+000     0.889459E-006        0.4715
   593        0.00027396     0.000000E+000     0.892806E-006        0.4718
   594        0.00027944     0.000000E+000     0.898161E-006        0.4721
   595        0.00028520     0.000000E+000     0.905645E-006        0.4723
   596        0.00028820     0.000000E+000     0.896420E-006        0.4726
   597        0.00029447     0.000000E+000     0.908228E-006        0.4729
   598        0.00029774     0.000000E+000     0.902395E-006        0.4732
   599        0.00030112     0.000000E+000     0.898379E-006        0.4735
   600        0.00030462     0.000000E+000     0.896166E-006        0.4738
   601        0.00030825     0.000000E+000     0.895752E-006        0.4741
   602        0.00031201     0.000000E+000     0.897147E-006        0.4744
   603        0.00031591     0.000000E+000     0.900372E-006        0.4747
   604        0.00031996     0.000000E+000     0.905466E-006        0.4750
   605        0.00032417     0.000000E+000     0.912479E-006        0.4754
   606        0.00032855     0.000000E+000     0.921479E-006        0.4757
   607        0.00032855     0.000000E+000     0.907485E-006        0.4760
   608        0.00033318     0.000000E+000     0.920194E-006        0.4763
   609        0.00033318     0.000000E+000     0.908894E-006        0.4767
   610        0.00033808     0.000000E+000     0.925395E-006        0.4770
   611        0.00033808     0.000000E+000     0.916650E-006        0.4773
   612        0.00033808     0.000000E+000     0.909326E-006        0.4777
   613        0.00034336     0.000000E+000     0.931448E-006        0.4780
   614        0.00034336     0.000000E+000     0.926612E-006        0.4784
   615        0.00034336     0.000000E+000     0.923175E-006        0.4787
   616        0.00034336     0.000000E+000     0.921165E-006        0.4791
   617        0.00034336     0.000000E+000     0.920677E-006        0.4794
   618        0.00034336     0.000000E+000     0.921926E-006        0.4797
   619        0.00034336     0.000000E+000     0.925374E-006        0.4801
   620        0.00034336     0.000000E+000     0.932103E-006        0.4804
   621        0.00034336     0.000000E+000     0.945187E-006        0.4808
   622        0.00034336     0.000000E+000     0.977982E-006        0.4811
   623 *      0.00016856     0.000000E+000     0.322052E-006        0.4815
   623        0.00016856     0.000000E+000     0.252560E-006        0.4816
   624        0.00029843     0.000000E+000     0.785380E-006        0.4818
   625        0.00031975     0.000000E+000     0.918605E-006        0.4821
   626 *      0.00015987     0.000000E+000     0.256547E-006        0.4824
   626        0.00015987     0.000000E+000     0.543832E-006        0.4826
   627 *      0.00010528     0.000000E+000     0.657612E-006        0.4827
   627        0.00010528     0.000000E+000     0.148179E-005        0.4828
   628 *      0.00004712     0.000000E+000     0.428844E-006        0.4829
   628        0.00004712     0.000000E+000     0.455291E-006        0.4830
   629        0.00006704     0.000000E+000     0.949613E-006        0.4830
   630        0.00006704     0.000000E+000     0.974027E-006        0.4831
   631        0.00006625     0.000000E+000     0.961620E-006        0.4832
   632        0.00006573     0.000000E+000     0.945866E-006        0.4832
   633        0.00006573     0.000000E+000     0.940709E-006        0.4833
   634        0.00006573     0.000000E+000     0.935130E-006        0.4834
   635        0.00006599     0.000000E+000     0.928405E-006        0.4834
   636        0.00006652     0.000000E+000     0.930194E-006        0.4835
   637        0.00006679     0.000000E+000     0.926441E-006        0.4836
   638        0.00006734     0.000000E+000     0.929434E-006        0.4836
   639        0.00006791     0.000000E+000     0.933091E-006        0.4837
   640        0.00006819     0.000000E+000     0.928959E-006        0.4838
   641        0.00006877     0.000000E+000     0.932913E-006        0.4838
   642        0.00006907     0.000000E+000     0.929174E-006        0.4839
   643        0.00006937     0.000000E+000     0.925711E-006        0.4840
   644        0.00006997     0.000000E+000     0.930641E-006        0.4840
   645        0.00007028     0.000000E+000     0.927909E-006        0.4841
   646        0.00007091     0.000000E+000     0.933970E-006        0.4842
   647        0.00007123     0.000000E+000     0.932380E-006        0.4843
   648        0.00007156     0.000000E+000     0.931541E-006        0.4843
   649        0.00007189     0.000000E+000     0.931518E-006        0.4844
   650        0.00007222     0.000000E+000     0.931959E-006        0.4845
   651        0.00007256     0.000000E+000     0.932320E-006        0.4845
   652        0.00007291     0.000000E+000     0.932674E-006        0.4846
   653        0.00007326     0.000000E+000     0.933051E-006        0.4847
   654        0.00007361     0.000000E+000     0.933465E-006        0.4848
   655        0.00007397     0.000000E+000     0.933922E-006        0.4848
   656        0.00007433     0.000000E+000     0.934431E-006        0.4849
   657        0.00007470     0.000000E+000     0.934997E-006        0.4850
   658        0.00007508     0.000000E+000     0.935625E-006        0.4851
   659        0.00007546     0.000000E+000     0.936320E-006        0.4851
   660        0.00007585     0.000000E+000     0.937085E-006        0.4852
   661        0.00007624     0.000000E+000     0.937922E-006        0.4853
   662        0.00007624     0.000000E+000     0.929148E-006        0.4854
   663        0.00007664     0.000000E+000     0.930120E-006        0.4854
   664        0.00007705     0.000000E+000     0.931167E-006        0.4855
   665        0.00007746     0.000000E+000     0.932288E-006        0.4856
   666        0.00007788     0.000000E+000     0.933484E-006        0.4857
   667        0.00007831     0.000000E+000     0.934750E-006        0.4857
   668        0.00007875     0.000000E+000     0.936086E-006        0.4858
   669        0.00007919     0.000000E+000     0.937486E-006        0.4859
   670        0.00007919     0.000000E+000     0.928442E-006        0.4860
   671        0.00007964     0.000000E+000     0.929932E-006        0.4861
   672        0.00008010     0.000000E+000     0.931471E-006        0.4861
   673        0.00008057     0.000000E+000     0.933053E-006        0.4862
   674        0.00008105     0.000000E+000     0.934673E-006        0.4863
   675        0.00008153     0.000000E+000     0.936327E-006        0.4864
   676        0.00008153     0.000000E+000     0.926822E-006        0.4865
   677        0.00008203     0.000000E+000     0.928504E-006        0.4865
   678        0.00008254     0.000000E+000     0.930212E-006        0.4866
   679        0.00008305     0.000000E+000     0.931949E-006        0.4867
   680        0.00008358     0.000000E+000     0.933718E-006        0.4868
   681        0.00008411     0.000000E+000     0.935524E-006        0.4869
   682        0.00008411     0.000000E+000     0.925400E-006        0.4870
   683        0.00008466     0.000000E+000     0.927267E-006        0.4870
   684        0.00008522     0.000000E+000     0.929198E-006        0.4871
   685        0.00008580     0.000000E+000     0.931208E-006        0.4872
   686        0.00008638     0.000000E+000     0.933310E-006        0.4873
   687        0.00008638     0.000000E+000     0.922837E-006        0.4874
   688        0.00008698     0.000000E+000     0.925131E-006        0.4875
   689        0.00008759     0.000000E+000     0.927570E-006        0.4876
   690        0.00008822     0.000000E+000     0.930176E-006        0.4876
   691        0.00008886     0.000000E+000     0.932969E-006        0.4877
   692        0.00008886     0.000000E+000     0.922448E-006        0.4878
   693        0.00008951     0.000000E+000     0.925612E-006        0.4879
   694        0.00009019     0.000000E+000     0.929024E-006        0.4880
   695        0.00009088     0.000000E+000     0.932705E-006        0.4881
   696        0.00009088     0.000000E+000     0.922414E-006        0.4882
   697        0.00009159     0.000000E+000     0.926598E-006        0.4883
   698        0.00009231     0.000000E+000     0.931104E-006        0.4884
   699        0.00009231     0.000000E+000     0.921132E-006        0.4885
   700        0.00009306     0.000000E+000     0.926217E-006        0.4886
   701        0.00009383     0.000000E+000     0.931672E-006        0.4886
   702        0.00009383     0.000000E+000     0.922051E-006        0.4887
   703        0.00009463     0.000000E+000     0.928144E-006        0.4888
   704        0.00009544     0.000000E+000     0.934649E-006        0.4889
   705        0.00009544     0.000000E+000     0.925381E-006        0.4890
   706        0.00009629     0.000000E+000     0.932576E-006        0.4891
   707        0.00009629     0.000000E+000     0.923612E-006        0.4892
   708        0.00009716     0.000000E+000     0.931521E-006        0.4893
   709        0.00009716     0.000000E+000     0.922846E-006        0.4894
   710        0.00009807     0.000000E+000     0.931495E-006        0.4895
   711        0.00009807     0.000000E+000     0.923092E-006        0.4896
   712        0.00009901     0.000000E+000     0.932511E-006        0.4897
   713        0.00009901     0.000000E+000     0.924365E-006        0.4898
   714        0.00010000     0.000000E+000     0.934587E-006        0.4899
   715        0.00010000     0.000000E+000     0.926681E-006        0.4900
   716        0.00010000     0.000000E+000     0.919005E-006        0.4901
   717        0.00010103     0.000000E+000     0.930334E-006        0.4902
   718        0.00010103     0.000000E+000     0.922871E-006        0.4903
   719        0.00010210     0.000000E+000     0.935097E-006        0.4904
   720        0.00010210     0.000000E+000     0.927834E-006        0.4905
   721        0.00010210     0.000000E+000     0.920780E-006        0.4906
   722        0.00010324     0.000000E+000     0.934237E-006        0.4907
   723        0.00010324     0.000000E+000     0.927359E-006        0.4908
   724        0.00010324     0.000000E+000     0.920679E-006        0.4909
   725        0.00010444     0.000000E+000     0.935456E-006        0.4910
   726        0.00010444     0.000000E+000     0.928931E-006        0.4911
   727        0.00010444     0.000000E+000     0.922592E-006        0.4912
   728        0.00010444     0.000000E+000     0.916433E-006        0.4913
   729        0.00010572     0.000000E+000     0.932944E-006        0.4914
   730        0.00010572     0.000000E+000     0.926910E-006        0.4915
   731        0.00010572     0.000000E+000     0.921045E-006        0.4916
   732        0.00010572     0.000000E+000     0.915344E-006        0.4918
   733        0.00010712     0.000000E+000     0.933772E-006        0.4919
   734        0.00010712     0.000000E+000     0.928167E-006        0.4920
   735        0.00010712     0.000000E+000     0.922715E-006        0.4921
   736        0.00010712     0.000000E+000     0.917412E-006        0.4922
   737        0.00010712     0.000000E+000     0.912250E-006        0.4923
   738        0.00010865     0.000000E+000     0.933195E-006        0.4924
   739        0.00010865     0.000000E+000     0.928091E-006        0.4925
   740        0.00010865     0.000000E+000     0.923120E-006        0.4926
   741        0.00010865     0.000000E+000     0.918277E-006        0.4927
   742        0.00010865     0.000000E+000     0.913555E-006        0.4928
   743        0.00010865     0.000000E+000     0.908951E-006        0.4929
   744        0.00011037     0.000000E+000     0.933251E-006        0.4930
   745        0.00011037     0.000000E+000     0.928655E-006        0.4932
   746        0.00011037     0.000000E+000     0.924167E-006        0.4933
   747        0.00011037     0.000000E+000     0.919782E-006        0.4934
   748        0.00011037     0.000000E+000     0.915495E-006        0.4935
   749        0.00011037     0.000000E+000     0.911300E-006        0.4936
   750        0.00011037     0.000000E+000     0.907192E-006        0.4937
   751        0.00011037     0.000000E+000     0.903167E-006        0.4938
   752        0.00011241     0.000000E+000     0.932665E-006        0.4939
   753        0.00011241     0.000000E+000     0.928574E-006        0.4940
   754        0.00011241     0.000000E+000     0.924557E-006        0.4942
   755        0.00011241     0.000000E+000     0.920608E-006        0.4943
   756        0.00011241     0.000000E+000     0.916724E-006        0.4944
   757        0.00011241     0.000000E+000     0.912900E-006        0.4945
   758        0.00011241     0.000000E+000     0.909130E-006        0.4946
   759        0.00011241     0.000000E+000     0.905412E-006        0.4947
   760        0.00011241     0.000000E+000     0.901741E-006        0.4948
   761        0.00011241     0.000000E+000     0.898113E-006        0.4949
   762        0.00011241     0.000000E+000     0.894526E-006        0.4951
   763        0.00011241     0.000000E+000     0.890975E-006        0.4952
   764        0.00011516     0.000000E+000     0.931062E-006        0.4953
   765        0.00011516     0.000000E+000     0.927316E-006        0.4954
   766        0.00011516     0.000000E+000     0.923603E-006        0.4955
   767        0.00011516     0.000000E+000     0.919918E-006        0.4956
   768        0.00011516     0.000000E+000     0.916260E-006        0.4957
   769        0.00011516     0.000000E+000     0.912626E-006        0.4959
   770        0.00011516     0.000000E+000     0.909015E-006        0.4960
   771        0.00011516     0.000000E+000     0.905426E-006        0.4961
   772        0.00011516     0.000000E+000     0.901856E-006        0.4962
   773        0.00011516     0.000000E+000     0.898306E-006        0.4963
   774        0.00011516     0.000000E+000     0.894773E-006        0.4964
   775        0.00011516     0.000000E+000     0.891257E-006        0.4965
   776        0.00011516     0.000000E+000     0.887758E-006        0.4967
   777        0.00011516     0.000000E+000     0.884274E-006        0.4968
   778        0.00011516     0.000000E+000     0.880806E-006        0.4969
   779        0.00011516     0.000000E+000     0.877353E-006        0.4970
   780        0.00011516     0.000000E+000     0.873914E-006        0.4971
   781        0.00011516     0.000000E+000     0.870490E-006        0.4972
   782        0.00011516     0.000000E+000     0.867080E-006        0.4974
   783        0.00011516     0.000000E+000     0.863685E-006        0.4975
   784        0.00011516     0.000000E+000     0.860303E-006        0.4976
   785        0.00011516     0.000000E+000     0.856936E-006        0.4977
   786        0.00011516     0.000000E+000     0.853582E-006        0.4978
   787        0.00011516     0.000000E+000     0.850243E-006        0.4979
   788        0.00011516     0.000000E+000     0.846917E-006        0.4980
   789        0.00011516     0.000000E+000     0.843606E-006        0.4982
   790        0.00011516     0.000000E+000     0.840308E-006        0.4983
   791        0.00011516     0.000000E+000     0.837025E-006        0.4984
   792        0.00011516     0.000000E+000     0.833755E-006        0.4985
   793        0.00011516     0.000000E+000     0.830499E-006        0.4986
   794        0.00011516     0.000000E+000     0.827258E-006        0.4987
   795        0.00011516     0.000000E+000     0.824030E-006        0.4988
   796        0.00011516     0.000000E+000     0.820817E-006        0.4990
   797        0.00011516     0.000000E+000     0.817618E-006        0.4991
   798        0.00011516     0.000000E+000     0.814432E-006        0.4992
   799        0.00011516     0.000000E+000     0.811261E-006        0.4993
   800        0.00011516     0.000000E+000     0.808104E-006        0.4994
   801        0.00011516     0.000000E+000     0.804960E-006        0.4995
   802        0.00011516     0.000000E+000     0.801830E-006        0.4997
   803        0.00011516     0.000000E+000     0.798714E-006        0.4998
   804        0.00011516     0.000000E+000     0.795612E-006        0.4999
   805        0.00012300     0.000000E+000     0.903667E-006        0.5000
   806        0.00012532     0.000000E+000     0.933962E-006        0.5001
   807        0.00012611     0.000000E+000     0.941766E-006        0.5002
   808        0.00012643     0.000000E+000     0.942517E-006        0.5004
   809        0.00012675     0.000000E+000     0.943278E-006        0.5005
   810        0.00012707     0.000000E+000     0.944051E-006        0.5006
   811        0.00012724     0.000000E+000     0.942423E-006        0.5008
   812        0.00012757     0.000000E+000     0.943213E-006        0.5009
   813        0.00012789     0.000000E+000     0.944013E-006        0.5010
   814        0.00012806     0.000000E+000     0.942388E-006        0.5011
   815        0.00012839     0.000000E+000     0.943205E-006        0.5013
   816        0.00012873     0.000000E+000     0.944032E-006        0.5014
   817        0.00012890     0.000000E+000     0.942407E-006        0.5015
   818        0.00012924     0.000000E+000     0.943248E-006        0.5017
   819        0.00012958     0.000000E+000     0.944097E-006        0.5018
   820        0.00012975     0.000000E+000     0.942467E-006        0.5019
   821        0.00013009     0.000000E+000     0.943328E-006        0.5020
   822        0.00013044     0.000000E+000     0.944196E-006        0.5022
   823        0.00013061     0.000000E+000     0.942554E-006        0.5023
   824        0.00013096     0.000000E+000     0.943429E-006        0.5024
   825        0.00013114     0.000000E+000     0.941778E-006        0.5026
   826        0.00013150     0.000000E+000     0.942656E-006        0.5027
   827        0.00013185     0.000000E+000     0.943537E-006        0.5028
   828        0.00013203     0.000000E+000     0.941863E-006        0.5030
   829        0.00013239     0.000000E+000     0.942744E-006        0.5031
   830        0.00013276     0.000000E+000     0.943625E-006        0.5032
   831        0.00013294     0.000000E+000     0.941922E-006        0.5034
   832        0.00013331     0.000000E+000     0.942799E-006        0.5035
   833        0.00013368     0.000000E+000     0.943676E-006        0.5036
   834        0.00013386     0.000000E+000     0.941938E-006        0.5038
   835        0.00013424     0.000000E+000     0.942808E-006        0.5039
   836        0.00013461     0.000000E+000     0.943677E-006        0.5040
   837        0.00013480     0.000000E+000     0.941901E-006        0.5042
   838        0.00013518     0.000000E+000     0.942763E-006        0.5043
   839        0.00013557     0.000000E+000     0.943622E-006        0.5044
   840        0.00013576     0.000000E+000     0.941806E-006        0.5046
   841        0.00013615     0.000000E+000     0.942657E-006        0.5047
   842        0.00013654     0.000000E+000     0.943506E-006        0.5048
   843        0.00013673     0.000000E+000     0.941648E-006        0.5050
   844        0.00013713     0.000000E+000     0.942488E-006        0.5051
   845        0.00013753     0.000000E+000     0.943326E-006        0.5052
   846        0.00013773     0.000000E+000     0.941426E-006        0.5054
   847        0.00013813     0.000000E+000     0.942254E-006        0.5055
   848        0.00013854     0.000000E+000     0.943079E-006        0.5057
   849        0.00013874     0.000000E+000     0.941135E-006        0.5058
   850        0.00013915     0.000000E+000     0.941951E-006        0.5059
   851        0.00013956     0.000000E+000     0.942763E-006        0.5061
   852        0.00013977     0.000000E+000     0.940773E-006        0.5062
   853        0.00014019     0.000000E+000     0.941575E-006        0.5064
   854        0.00014061     0.000000E+000     0.942372E-006        0.5065
   855        0.00014104     0.000000E+000     0.943165E-006        0.5066
   856        0.00014125     0.000000E+000     0.941108E-006        0.5068
   857        0.00014168     0.000000E+000     0.941889E-006        0.5069
   858        0.00014211     0.000000E+000     0.942664E-006        0.5071
   859        0.00014233     0.000000E+000     0.940556E-006        0.5072
   860        0.00014277     0.000000E+000     0.941317E-006        0.5073
   861        0.00014321     0.000000E+000     0.942072E-006        0.5075
   862        0.00014366     0.000000E+000     0.942821E-006        0.5076
   863        0.00014388     0.000000E+000     0.940636E-006        0.5078
   864        0.00014433     0.000000E+000     0.941368E-006        0.5079
   865        0.00014479     0.000000E+000     0.942093E-006        0.5081
   866        0.00014524     0.000000E+000     0.942811E-006        0.5082
   867        0.00014548     0.000000E+000     0.940541E-006        0.5084
   868        0.00014594     0.000000E+000     0.941239E-006        0.5085
   869        0.00014641     0.000000E+000     0.941929E-006        0.5086
   870        0.00014688     0.000000E+000     0.942610E-006        0.5088
   871        0.00014712     0.000000E+000     0.940250E-006        0.5089
   872        0.00014759     0.000000E+000     0.940908E-006        0.5091
   873        0.00014808     0.000000E+000     0.941557E-006        0.5092
   874        0.00014856     0.000000E+000     0.942195E-006        0.5094
   875        0.00014881     0.000000E+000     0.939738E-006        0.5095
   876        0.00014930     0.000000E+000     0.940352E-006        0.5097
   877        0.00014979     0.000000E+000     0.940954E-006        0.5098
   878        0.00015029     0.000000E+000     0.941545E-006        0.5100
   879        0.00015080     0.000000E+000     0.942124E-006        0.5101
   880        0.00015105     0.000000E+000     0.939535E-006        0.5103
   881        0.00015156     0.000000E+000     0.940086E-006        0.5104
   882        0.00015208     0.000000E+000     0.940626E-006        0.5106
   883        0.00015260     0.000000E+000     0.941152E-006        0.5107
   884        0.00015312     0.000000E+000     0.941665E-006        0.5109
   885        0.00015339     0.000000E+000     0.938935E-006        0.5110
   886        0.00015392     0.000000E+000     0.939419E-006        0.5112
   887        0.00015445     0.000000E+000     0.939890E-006        0.5113
   888        0.00015500     0.000000E+000     0.940346E-006        0.5115
   889        0.00015554     0.000000E+000     0.940789E-006        0.5117
   890        0.00015609     0.000000E+000     0.941217E-006        0.5118
   891        0.00015665     0.000000E+000     0.941632E-006        0.5120
   892        0.00015693     0.000000E+000     0.938686E-006        0.5121
   893        0.00015749     0.000000E+000     0.939069E-006        0.5123
   894        0.00015806     0.000000E+000     0.939438E-006        0.5124
   895        0.00015863     0.000000E+000     0.939791E-006        0.5126
   896        0.00015921     0.000000E+000     0.940130E-006        0.5128
   897        0.00015980     0.000000E+000     0.940454E-006        0.5129
   898        0.00016039     0.000000E+000     0.940763E-006        0.5131
   899        0.00016098     0.000000E+000     0.941056E-006        0.5132
   900        0.00016128     0.000000E+000     0.937850E-006        0.5134
   901        0.00016188     0.000000E+000     0.938112E-006        0.5136
   902        0.00016249     0.000000E+000     0.938359E-006        0.5137
   903        0.00016311     0.000000E+000     0.938591E-006        0.5139
   904        0.00016373     0.000000E+000     0.938808E-006        0.5140
   905        0.00016436     0.000000E+000     0.939010E-006        0.5142
   906        0.00016499     0.000000E+000     0.939197E-006        0.5144
   907        0.00016563     0.000000E+000     0.939369E-006        0.5145
   908        0.00016628     0.000000E+000     0.939526E-006        0.5147
   909        0.00016693     0.000000E+000     0.939668E-006        0.5149
   910        0.00016759     0.000000E+000     0.939796E-006        0.5150
   911        0.00016825     0.000000E+000     0.939908E-006        0.5152
   912        0.00016892     0.000000E+000     0.940006E-006        0.5154
   913        0.00016960     0.000000E+000     0.940090E-006        0.5155
   914        0.00016994     0.000000E+000     0.936392E-006        0.5157
   915        0.00017063     0.000000E+000     0.936446E-006        0.5159
   916        0.00017133     0.000000E+000     0.936487E-006        0.5160
   917        0.00017203     0.000000E+000     0.936513E-006        0.5162
   918        0.00017274     0.000000E+000     0.936526E-006        0.5164
   919        0.00017346     0.000000E+000     0.936525E-006        0.5166
   920        0.00017419     0.000000E+000     0.936511E-006        0.5167
   921        0.00017492     0.000000E+000     0.936484E-006        0.5169
   922        0.00017566     0.000000E+000     0.936443E-006        0.5171
   923        0.00017641     0.000000E+000     0.936390E-006        0.5173
   924        0.00017717     0.000000E+000     0.936324E-006        0.5174
   925        0.00017794     0.000000E+000     0.936246E-006        0.5176
   926        0.00017871     0.000000E+000     0.936156E-006        0.5178
   927        0.00017949     0.000000E+000     0.936054E-006        0.5180
   928        0.00018028     0.000000E+000     0.935940E-006        0.5182
   929        0.00018108     0.000000E+000     0.935814E-006        0.5183
   930        0.00018189     0.000000E+000     0.935678E-006        0.5185
   931        0.00018271     0.000000E+000     0.935531E-006        0.5187
   932        0.00018353     0.000000E+000     0.935373E-006        0.5189
   933        0.00018437     0.000000E+000     0.935204E-006        0.5191
   934        0.00018522     0.000000E+000     0.935026E-006        0.5192
   935        0.00018607     0.000000E+000     0.934839E-006        0.5194
   936        0.00018694     0.000000E+000     0.934641E-006        0.5196
   937        0.00018781     0.000000E+000     0.934435E-006        0.5198
   938        0.00018870     0.000000E+000     0.934221E-006        0.5200
   939        0.00018959     0.000000E+000     0.933997E-006        0.5202
   940        0.00019050     0.000000E+000     0.933766E-006        0.5204
   941        0.00019142     0.000000E+000     0.933528E-006        0.5206
   942        0.00019235     0.000000E+000     0.933282E-006        0.5208
   943        0.00019329     0.000000E+000     0.933030E-006        0.5209
   944        0.00019424     0.000000E+000     0.932771E-006        0.5211
   945        0.00019521     0.000000E+000     0.932506E-006        0.5213
   946        0.00019618     0.000000E+000     0.932236E-006        0.5215
   947        0.00019717     0.000000E+000     0.931961E-006        0.5217
   948        0.00019817     0.000000E+000     0.931681E-006        0.5219
   949        0.00019918     0.000000E+000     0.931397E-006        0.5221
   950        0.00020021     0.000000E+000     0.931109E-006        0.5223
   951        0.00020125     0.000000E+000     0.930818E-006        0.5225
   952        0.00020230     0.000000E+000     0.930524E-006        0.5227
   953        0.00020391     0.000000E+000     0.935125E-006        0.5229
   954        0.00020500     0.000000E+000     0.934826E-006        0.5231
   955        0.00020610     0.000000E+000     0.934525E-006        0.5233
   956        0.00020722     0.000000E+000     0.934223E-006        0.5235
   957        0.00020835     0.000000E+000     0.933922E-006        0.5237
   958        0.00020950     0.000000E+000     0.933621E-006        0.5240
   959        0.00021066     0.000000E+000     0.933322E-006        0.5242
   960        0.00021184     0.000000E+000     0.933024E-006        0.5244
   961        0.00021304     0.000000E+000     0.932729E-006        0.5246
   962        0.00021425     0.000000E+000     0.932437E-006        0.5248
   963        0.00021548     0.000000E+000     0.932148E-006        0.5250
   964        0.00021673     0.000000E+000     0.931865E-006        0.5252
   965        0.00021800     0.000000E+000     0.931586E-006        0.5254
   966        0.00021929     0.000000E+000     0.931313E-006        0.5257
   967        0.00022059     0.000000E+000     0.931047E-006        0.5259
   968        0.00022192     0.000000E+000     0.930789E-006        0.5261
   969        0.00022326     0.000000E+000     0.930539E-006        0.5263
   970        0.00022463     0.000000E+000     0.930297E-006        0.5265
   971        0.00022601     0.000000E+000     0.930066E-006        0.5268
   972        0.00022742     0.000000E+000     0.929845E-006        0.5270
   973        0.00022885     0.000000E+000     0.929636E-006        0.5272
   974        0.00023031     0.000000E+000     0.929439E-006        0.5275
   975        0.00023178     0.000000E+000     0.929255E-006        0.5277
   976        0.00023328     0.000000E+000     0.929086E-006        0.5279
   977        0.00023481     0.000000E+000     0.928932E-006        0.5281
   978        0.00023636     0.000000E+000     0.928793E-006        0.5284
   979        0.00023793     0.000000E+000     0.928672E-006        0.5286
   980        0.00023953     0.000000E+000     0.928569E-006        0.5289
   981        0.00024116     0.000000E+000     0.928485E-006        0.5291
   982        0.00024282     0.000000E+000     0.928421E-006        0.5293
   983        0.00024451     0.000000E+000     0.928379E-006        0.5296
   984        0.00024622     0.000000E+000     0.928358E-006        0.5298
   985        0.00024797     0.000000E+000     0.928360E-006        0.5301
   986        0.00024975     0.000000E+000     0.928387E-006        0.5303
   987        0.00025156     0.000000E+000     0.928440E-006        0.5306
   988        0.00025340     0.000000E+000     0.928520E-006        0.5308
   989        0.00025528     0.000000E+000     0.928627E-006        0.5311
   990        0.00025719     0.000000E+000     0.928764E-006        0.5313
   991        0.00025914     0.000000E+000     0.928931E-006        0.5316
   992        0.00026112     0.000000E+000     0.929129E-006        0.5318
   993        0.00026315     0.000000E+000     0.929359E-006        0.5321
   994        0.00026521     0.000000E+000     0.929623E-006        0.5324
   995        0.00026732     0.000000E+000     0.929922E-006        0.5326
   996        0.00026946     0.000000E+000     0.930257E-006        0.5329
   997        0.00027055     0.000000E+000     0.923173E-006        0.5332
   998        0.00027277     0.000000E+000     0.923577E-006        0.5334
   999        0.00027504     0.000000E+000     0.924020E-006        0.5337
  1000        0.00027735     0.000000E+000     0.924502E-006        0.5340
  1001        0.00027971     0.000000E+000     0.925023E-006        0.5343
  1002        0.00028212     0.000000E+000     0.925585E-006        0.5345
  1003        0.00028458     0.000000E+000     0.926188E-006        0.5348
  1004        0.00028710     0.000000E+000     0.926832E-006        0.5351
  1005        0.00028968     0.000000E+000     0.927518E-006        0.5354
  1006        0.00029231     0.000000E+000     0.928246E-006        0.5357
  1007        0.00029365     0.000000E+000     0.920591E-006        0.5360
  1008        0.00029638     0.000000E+000     0.921390E-006        0.5363
  1009        0.00029918     0.000000E+000     0.922228E-006        0.5366
  1010        0.00030204     0.000000E+000     0.923105E-006        0.5369
  1011        0.00030497     0.000000E+000     0.924019E-006        0.5372
  1012        0.00030798     0.000000E+000     0.924969E-006        0.5375
  1013        0.00031106     0.000000E+000     0.925952E-006        0.5378
  1014        0.00031263     0.000000E+000     0.917720E-006        0.5381
  1015        0.00031583     0.000000E+000     0.918748E-006        0.5384
  1016        0.00031912     0.000000E+000     0.919801E-006        0.5387
  1017        0.00032250     0.000000E+000     0.920876E-006        0.5390
  1018        0.00032597     0.000000E+000     0.921971E-006        0.5394
  1019        0.00032953     0.000000E+000     0.923082E-006        0.5397
  1020        0.00033135     0.000000E+000     0.914130E-006        0.5400
  1021        0.00033508     0.000000E+000     0.915246E-006        0.5404
  1022        0.00033891     0.000000E+000     0.916372E-006        0.5407
  1023        0.00034285     0.000000E+000     0.917506E-006        0.5410
  1024        0.00034690     0.000000E+000     0.918648E-006        0.5414
  1025        0.00035108     0.000000E+000     0.919800E-006        0.5417
  1026        0.00035539     0.000000E+000     0.920966E-006        0.5421
  1027        0.00035760     0.000000E+000     0.910860E-006        0.5424
  1028        0.00036212     0.000000E+000     0.912051E-006        0.5428
  1029        0.00036680     0.000000E+000     0.913281E-006        0.5431
  1030        0.00037162     0.000000E+000     0.914564E-006        0.5435
  1031        0.00037661     0.000000E+000     0.915920E-006        0.5439
  1032        0.00038177     0.000000E+000     0.917370E-006        0.5443
  1033        0.00038442     0.000000E+000     0.906376E-006        0.5446
  1034        0.00038987     0.000000E+000     0.908066E-006        0.5450
  1035        0.00039552     0.000000E+000     0.909945E-006        0.5454
  1036        0.00040138     0.000000E+000     0.912054E-006        0.5458
  1037        0.00040747     0.000000E+000     0.914442E-006        0.5462
  1038        0.00041060     0.000000E+000     0.903287E-006        0.5466
  1039        0.00041707     0.000000E+000     0.906330E-006        0.5470
  1040        0.00042379     0.000000E+000     0.909812E-006        0.5474
  1041        0.00043080     0.000000E+000     0.913793E-006        0.5479
  1042        0.00043442     0.000000E+000     0.903163E-006        0.5483
  1043        0.00044191     0.000000E+000     0.908157E-006        0.5487
  1044        0.00044578     0.000000E+000     0.898014E-006        0.5492
  1045        0.00045382     0.000000E+000     0.904054E-006        0.5496
  1046        0.00046222     0.000000E+000     0.910677E-006        0.5501
  1047        0.00046658     0.000000E+000     0.900891E-006        0.5505
  1048        0.00047564     0.000000E+000     0.908418E-006        0.5510
  1049        0.00048035     0.000000E+000     0.898674E-006        0.5515
  1050        0.00049015     0.000000E+000     0.906941E-006        0.5520
  1051        0.00049526     0.000000E+000     0.896982E-006        0.5525
  1052        0.00050591     0.000000E+000     0.905837E-006        0.5530
  1053        0.00051147     0.000000E+000     0.895430E-006        0.5535
  1054        0.00052309     0.000000E+000     0.904770E-006        0.5540
  1055        0.00052918     0.000000E+000     0.893727E-006        0.5545
  1056        0.00053548     0.000000E+000     0.882513E-006        0.5550
  1057        0.00054870     0.000000E+000     0.892356E-006        0.5556
  1058        0.00055564     0.000000E+000     0.880357E-006        0.5561
  1059        0.00057027     0.000000E+000     0.890734E-006        0.5567
  1060        0.00057797     0.000000E+000     0.877932E-006        0.5572
  1061        0.00059425     0.000000E+000     0.889044E-006        0.5578
  1062        0.00060287     0.000000E+000     0.875498E-006        0.5584
  1063        0.00062113     0.000000E+000     0.887685E-006        0.5590
  1064        0.00063084     0.000000E+000     0.873555E-006        0.5596
  1065        0.00064101     0.000000E+000     0.859560E-006        0.5603
  1066        0.00066274     0.000000E+000     0.874051E-006        0.5609
  1067        0.00067437     0.000000E+000     0.859925E-006        0.5616
  1068        0.00069935     0.000000E+000     0.877117E-006        0.5622
  1069        0.00071280     0.000000E+000     0.863211E-006        0.5629
  1070        0.00072705     0.000000E+000     0.849878E-006        0.5636
  1071        0.00075799     0.000000E+000     0.872176E-006        0.5644
  1072        0.00077483     0.000000E+000     0.859038E-006        0.5651
  1073        0.00079285     0.000000E+000     0.846336E-006        0.5659
  1074        0.00081219     0.000000E+000     0.834241E-006        0.5667
  1075        0.00083302     0.000000E+000     0.823029E-006        0.5675
  1076        0.00087930     0.000000E+000     0.857533E-006        0.5683
  1077        0.00090516     0.000000E+000     0.848244E-006        0.5692
  1078        0.00093344     0.000000E+000     0.840870E-006        0.5701
  1079        0.00096456     0.000000E+000     0.835771E-006        0.5711
  1080        0.00099901     0.000000E+000     0.833362E-006        0.5720
  1081        0.00103743     0.000000E+000     0.834145E-006        0.5730
  1082        0.00108066     0.000000E+000     0.838734E-006        0.5741
  1083        0.00112978     0.000000E+000     0.847916E-006        0.5751
  1084        0.00112978     0.000000E+000     0.784702E-006        0.5763
  1085        0.00118924     0.000000E+000     0.803460E-006        0.5774
  1086        0.00125919     0.000000E+000     0.829909E-006        0.5786
  1087        0.00125919     0.000000E+000     0.764712E-006        0.5799
  1088        0.00134914     0.000000E+000     0.807238E-006        0.5811
  1089        0.00134914     0.000000E+000     0.742574E-006        0.5825
  1090        0.00147179     0.000000E+000     0.811428E-006        0.5838
  1091        0.00147179     0.000000E+000     0.745770E-006        0.5853
  1092        0.00147179     0.000000E+000     0.688059E-006        0.5868
  1093        0.00147179     0.000000E+000     0.637213E-006        0.5882
  1094        0.00147179     0.000000E+000     0.592205E-006        0.5897
  1095        0.00147179     0.000000E+000     0.552124E-006        0.5912
  1096        0.00147179     0.000000E+000     0.516195E-006        0.5926
  1097        0.00147179     0.000000E+000     0.483782E-006        0.5941
  1098        0.00147179     0.000000E+000     0.454369E-006        0.5956
  1099        0.00147179     0.000000E+000     0.427536E-006        0.5971
  1100        0.00147179     0.000000E+000     0.402945E-006        0.5985
  1101        0.00200000     0.000000E+000     0.693137E-006        0.6000
  1102        0.00222727     0.000000E+000     0.792309E-006        0.6020
  1103        0.00233592     0.000000E+000     0.800722E-006        0.6042
  1104        0.00245886     0.000000E+000     0.813690E-006        0.6066
  1105        0.00259937     0.000000E+000     0.832027E-006        0.6090
  1106        0.00267814     0.000000E+000     0.807230E-006        0.6116
  1107        0.00276453     0.000000E+000     0.785744E-006        0.6143
  1108        0.00296200     0.000000E+000     0.821607E-006        0.6171
  1109        0.00307592     0.000000E+000     0.805213E-006        0.6200
  1110        0.00320408     0.000000E+000     0.792817E-006        0.6231
  1111        0.00334972     0.000000E+000     0.784771E-006        0.6263
  1112        0.00351721     0.000000E+000     0.781668E-006        0.6297
  1113        0.00371261     0.000000E+000     0.784440E-006        0.6332
  1114        0.00394465     0.000000E+000     0.794569E-006        0.6369
  1115        0.00422641     0.000000E+000     0.814463E-006        0.6408
  1116        0.00422641     0.000000E+000     0.727384E-006        0.6451
  1117        0.00461063     0.000000E+000     0.769839E-006        0.6493
  1118        0.00461063     0.000000E+000     0.684683E-006        0.6539
  1119        0.00518696     0.000000E+000     0.765295E-006        0.6585
  1120        0.00518696     0.000000E+000     0.676255E-006        0.6637
  1121        0.00518696     0.000000E+000     0.600714E-006        0.6689
  1122        0.00518696     0.000000E+000     0.536738E-006        0.6741
  1123        0.00518696     0.000000E+000     0.482639E-006        0.6793
  1124        0.00518696     0.000000E+000     0.436884E-006        0.6844
  1125        0.00518696     0.000000E+000     0.398042E-006        0.6896
  1126        0.00518696     0.000000E+000     0.364733E-006        0.6948
  1127        0.00714286     0.000000E+000     0.612386E-006        0.7000
  1128        0.00773810     0.000000E+000     0.635040E-006        0.7071
  1129        0.00851190     0.000000E+000     0.667944E-006        0.7149
  1130        0.00957589     0.000000E+000     0.712095E-006        0.7234
  1131        0.00957589     0.000000E+000     0.586921E-006        0.7330
  1132        0.01149107     0.000000E+000     0.656365E-006        0.7425
  1133        0.01149107     0.000000E+000     0.493516E-006        0.7540
  1134        0.01149107     0.000000E+000     0.364379E-006        0.7655
  1135        0.01149107     0.000000E+000     0.266250E-006        0.7770
  1136        0.01149107     0.000000E+000     0.193592E-006        0.7885
  1137        0.02000000     0.000000E+000     0.373142E-006        0.8000
  1138        0.02666667     0.000000E+000     0.349370E-006        0.8200
  1139        0.02666667     0.000000E+000     0.172311E-006        0.8467
  1140        0.02666667     0.000000E+000     0.864984E-007        0.8733
  1141        0.05000000     0.000000E+000     0.116887E-006        0.9000
  1142        0.05000000     0.000000E+000     0.351125E-007        0.9500
