#    Start: ------ Host: "jupiterace" ----------Wed Nov  9 07:10:35 2022

#    Time[fs]   CPU-time[s]     Delta-CPU    Real time        RealT[s]     [h]
#       -0.00           5.8                  Nov  9 07:10:39         0     0.00
         0.00         154.9       149.150    Nov  9 07:11:02        23     0.01
         0.00         360.6       205.690    Nov  9 07:11:39        60     0.02
         0.00         548.9       188.350    Nov  9 07:12:13        94     0.03
         0.00         729.1       180.180    Nov  9 07:12:46       127     0.04
         0.00         901.2       172.120    Nov  9 07:13:17       158     0.04
         0.01        1065.0       163.760    Nov  9 07:13:46       187     0.05
         0.01        1224.1       159.060    Nov  9 07:14:15       216     0.06
         0.01        1376.0       151.960    Nov  9 07:14:43       244     0.07
         0.01        1519.8       143.820    Nov  9 07:15:09       270     0.07
         0.01        1659.3       139.480    Nov  9 07:15:34       295     0.08
         0.01        1793.6       134.300    Nov  9 07:15:58       319     0.09
         0.01        1920.5       126.850    Nov  9 07:16:21       342     0.10
         0.01        2044.1       123.660    Nov  9 07:16:43       364     0.10
         0.01        2163.3       119.190    Nov  9 07:17:04       385     0.11
         0.01        2280.3       116.940    Nov  9 07:17:25       406     0.11
         0.02        2391.6       111.380    Nov  9 07:17:45       426     0.12
         0.02        2497.7       106.080    Nov  9 07:18:05       446     0.12
         0.02        2603.2       105.470    Nov  9 07:18:24       465     0.13
         0.02        2705.7       102.480    Nov  9 07:18:42       483     0.13
         0.02        2801.8        96.170    Nov  9 07:18:59       500     0.14
         0.02        2892.9        91.040    Nov  9 07:19:16       517     0.14
         0.02        2980.2        87.320    Nov  9 07:19:31       532     0.15
         0.02        3066.4        86.230    Nov  9 07:19:47       548     0.15
         0.02        3149.6        83.180    Nov  9 07:20:02       563     0.16
         0.02        3230.9        81.250    Nov  9 07:20:17       578     0.16
         0.02        3309.3        78.430    Nov  9 07:20:31       592     0.16
         0.03        3385.0        75.690    Nov  9 07:20:44       605     0.17
         0.03        3458.8        73.770    Nov  9 07:20:58       619     0.17
         0.03        3530.4        71.660    Nov  9 07:21:11       632     0.18
         0.03        3598.0        67.580    Nov  9 07:21:23       644     0.18
         0.03        3663.5        65.510    Nov  9 07:21:35       656     0.18
         0.03        3725.5        62.040    Nov  9 07:21:46       667     0.19
         0.03        3788.6        63.100    Nov  9 07:21:58       679     0.19
         0.03        3848.7        60.010    Nov  9 07:22:09       690     0.19
         0.03        3906.7        58.020    Nov  9 07:22:19       700     0.19
         0.04        3964.1        57.380    Nov  9 07:22:30       711     0.20
         0.04        4019.7        55.640    Nov  9 07:22:40       721     0.20
         0.04        4075.0        55.350    Nov  9 07:22:50       731     0.20
         0.04        4127.2        52.140    Nov  9 07:22:59       740     0.21
         0.04        4177.7        50.560    Nov  9 07:23:08       749     0.21
         0.04        4228.1        50.380    Nov  9 07:23:17       758     0.21
         0.04        4275.2        47.080    Nov  9 07:23:26       767     0.21
         0.04        4322.2        46.980    Nov  9 07:23:34       775     0.22
         0.04        4366.7        44.550    Nov  9 07:23:42       783     0.22
         0.04        4411.6        44.840    Nov  9 07:23:51       792     0.22
         0.05        4453.3        41.710    Nov  9 07:23:58       799     0.22
         0.05        4494.6        41.310    Nov  9 07:24:06       807     0.22
         0.05        4534.5        39.930    Nov  9 07:24:13       814     0.23
         0.05        4574.2        39.680    Nov  9 07:24:20       821     0.23
         0.05        4615.0        40.760    Nov  9 07:24:28       829     0.23
         0.05        4652.1        37.110    Nov  9 07:24:34       835     0.23
         0.05        4688.4        36.300    Nov  9 07:24:41       842     0.23
         0.05        4726.1        37.680    Nov  9 07:24:48       849     0.24
         0.05        4761.6        35.590    Nov  9 07:24:54       855     0.24
         0.05        4796.8        35.130    Nov  9 07:25:01       862     0.24
         0.06        4831.1        34.380    Nov  9 07:25:07       868     0.24
         0.06        4864.3        33.130    Nov  9 07:25:13       874     0.24
         0.06        4896.8        32.500    Nov  9 07:25:19       880     0.24
         0.06        4929.5        32.730    Nov  9 07:25:25       886     0.25
         0.06        4960.2        30.720    Nov  9 07:25:30       891     0.25
         0.06        4991.2        30.980    Nov  9 07:25:36       897     0.25
         0.06        5021.6        30.380    Nov  9 07:25:41       902     0.25
         0.06        5051.7        30.100    Nov  9 07:25:47       908     0.25
         0.06        5079.1        27.400    Nov  9 07:25:52       913     0.25
         0.06        5105.8        26.680    Nov  9 07:25:57       918     0.26
         0.07        5133.2        27.390    Nov  9 07:26:02       923     0.26
         0.07        5160.5        27.340    Nov  9 07:26:07       928     0.26
         0.07        5187.6        27.110    Nov  9 07:26:12       933     0.26
         0.07        5212.6        24.960    Nov  9 07:26:16       937     0.26
         0.07        5237.5        24.970    Nov  9 07:26:21       942     0.26
         0.07        5262.1        24.530    Nov  9 07:26:25       946     0.26
         0.07        5287.1        25.010    Nov  9 07:26:30       951     0.26
         0.07        5311.9        24.850    Nov  9 07:26:34       955     0.27
         0.07        5334.3        22.330    Nov  9 07:26:38       959     0.27
         0.07        5356.7        22.470    Nov  9 07:26:42       963     0.27
         0.08        5379.1        22.340    Nov  9 07:26:46       967     0.27
         0.08        5401.5        22.440    Nov  9 07:26:51       972     0.27
         0.08        5423.9        22.380    Nov  9 07:26:55       976     0.27
         0.08        5446.2        22.310    Nov  9 07:26:59       980     0.27
         0.08        5466.3        20.080    Nov  9 07:27:02       983     0.27
         0.08        5485.1        18.800    Nov  9 07:27:06       987     0.27
         0.08        5503.7        18.620    Nov  9 07:27:09       990     0.28
         0.08        5523.5        19.810    Nov  9 07:27:13       994     0.28
         0.08        5542.7        19.210    Nov  9 07:27:16       997     0.28
         0.08        5562.0        19.310    Nov  9 07:27:20      1001     0.28
         0.09        5581.9        19.860    Nov  9 07:27:23      1004     0.28
         0.09        5598.9        17.010    Nov  9 07:27:26      1007     0.28
         0.09        5615.5        16.620    Nov  9 07:27:29      1010     0.28
         0.09        5632.6        17.090    Nov  9 07:27:32      1013     0.28
         0.09        5650.1        17.520    Nov  9 07:27:35      1016     0.28
         0.09        5667.6        17.460    Nov  9 07:27:39      1020     0.28
         0.09        5684.4        16.810    Nov  9 07:27:42      1023     0.28
         0.09        5701.7        17.290    Nov  9 07:27:45      1026     0.28
         0.09        5718.5        16.780    Nov  9 07:27:48      1029     0.29
         0.09        5731.9        13.480    Nov  9 07:27:50      1031     0.29
         0.10        5746.8        14.810    Nov  9 07:27:53      1034     0.29
         0.10        5760.8        14.010    Nov  9 07:27:55      1036     0.29
         0.10        5775.7        14.920    Nov  9 07:27:58      1039     0.29
         0.10        5789.9        14.240    Nov  9 07:28:01      1042     0.29
         0.10        5804.6        14.670    Nov  9 07:28:03      1044     0.29
         0.10        5819.1        14.530    Nov  9 07:28:06      1047     0.29
         0.10        5834.3        15.140    Nov  9 07:28:09      1050     0.29
         0.10        5848.2        13.890    Nov  9 07:28:11      1052     0.29
         0.10        5863.1        14.950    Nov  9 07:28:14      1055     0.29
         0.10        5875.1        11.980    Nov  9 07:28:16      1057     0.29
         0.11        5887.6        12.490    Nov  9 07:28:18      1059     0.29
         0.11        5898.9        11.300    Nov  9 07:28:21      1062     0.29
         0.11        5909.9        11.020    Nov  9 07:28:23      1064     0.30
         0.11        5922.3        12.370    Nov  9 07:28:25      1066     0.30
         0.11        5934.2        11.950    Nov  9 07:28:27      1068     0.30
         0.11        5946.6        12.380    Nov  9 07:28:29      1070     0.30
         0.11        5957.8        11.180    Nov  9 07:28:31      1072     0.30
         0.11        5970.1        12.370    Nov  9 07:28:34      1075     0.30
         0.11        5982.7        12.500    Nov  9 07:28:36      1077     0.30
         0.11        5994.9        12.260    Nov  9 07:28:38      1079     0.30
         0.12        6007.3        12.400    Nov  9 07:28:40      1081     0.30
         0.12        6019.0        11.720    Nov  9 07:28:42      1083     0.30
         0.12        6031.1        12.080    Nov  9 07:28:45      1086     0.30
         0.12        6040.2         9.100    Nov  9 07:28:46      1087     0.30
         0.12        6050.1         9.880    Nov  9 07:28:48      1089     0.30
         0.12        6060.1        10.020    Nov  9 07:28:50      1091     0.30
         0.12        6069.8         9.700    Nov  9 07:28:52      1093     0.30
         0.12        6079.8         9.980    Nov  9 07:28:53      1094     0.30
         0.12        6089.8        10.020    Nov  9 07:28:55      1096     0.30
         0.12        6098.5         8.680    Nov  9 07:28:57      1098     0.30
         0.13        6108.4         9.860    Nov  9 07:28:59      1100     0.31
         0.13        6118.4        10.010    Nov  9 07:29:00      1101     0.31
         0.13        6127.9         9.510    Nov  9 07:29:02      1103     0.31
         0.13        6137.8         9.970    Nov  9 07:29:04      1105     0.31
         0.13        6147.9        10.040    Nov  9 07:29:06      1107     0.31
         0.13        6157.0         9.120    Nov  9 07:29:08      1109     0.31
         0.13        6167.1        10.060    Nov  9 07:29:09      1110     0.31
         0.13        6177.1        10.050    Nov  9 07:29:11      1112     0.31
         0.13        6186.8         9.670    Nov  9 07:29:13      1114     0.31
         0.13        6196.6         9.790    Nov  9 07:29:15      1116     0.31
         0.14        6206.3         9.750    Nov  9 07:29:16      1117     0.31
         0.14        6213.3         6.970    Nov  9 07:29:18      1119     0.31
         0.14        6220.7         7.380    Nov  9 07:29:19      1120     0.31
         0.14        6228.1         7.420    Nov  9 07:29:20      1121     0.31
         0.14        6235.6         7.540    Nov  9 07:29:22      1123     0.31
         0.14        6241.8         6.210    Nov  9 07:29:23      1124     0.31
         0.14        6249.4         7.530    Nov  9 07:29:24      1125     0.31
         0.14        6256.6         7.260    Nov  9 07:29:26      1127     0.31
         0.14        6264.1         7.440    Nov  9 07:29:27      1128     0.31
         0.14        6270.9         6.850    Nov  9 07:29:28      1129     0.31
         0.15        6278.4         7.530    Nov  9 07:29:30      1131     0.31
         0.15        6285.9         7.500    Nov  9 07:29:31      1132     0.31
         0.15        6292.8         6.860    Nov  9 07:29:32      1133     0.31
         0.15        6300.3         7.450    Nov  9 07:29:34      1135     0.32
         0.15        6307.8         7.540    Nov  9 07:29:35      1136     0.32
         0.15        6315.3         7.490    Nov  9 07:29:36      1137     0.32
         0.15        6322.5         7.250    Nov  9 07:29:38      1139     0.32
         0.15        6330.0         7.470    Nov  9 07:29:39      1140     0.32
         0.15        6337.5         7.460    Nov  9 07:29:40      1141     0.32
         0.15        6345.1         7.580    Nov  9 07:29:42      1143     0.32
         0.16        6352.0         6.990    Nov  9 07:29:43      1144     0.32
         0.16        6359.5         7.480    Nov  9 07:29:44      1145     0.32
         0.16        6367.1         7.530    Nov  9 07:29:46      1147     0.32
         0.16        6374.6         7.500    Nov  9 07:29:47      1148     0.32
         0.16        6381.4         6.880    Nov  9 07:29:48      1149     0.32
         0.16        6388.8         7.370    Nov  9 07:29:50      1151     0.32
         0.16        6396.3         7.490    Nov  9 07:29:51      1152     0.32
         0.16        6403.8         7.530    Nov  9 07:29:53      1154     0.32
         0.16        6410.8         6.950    Nov  9 07:29:54      1155     0.32
         0.16        6418.2         7.390    Nov  9 07:29:55      1156     0.32
         0.17        6425.2         7.000    Nov  9 07:29:56      1157     0.32
         0.17        6432.1         6.940    Nov  9 07:29:58      1159     0.32
         0.17        6435.9         3.780    Nov  9 07:29:58      1159     0.32
         0.17        6440.8         4.970    Nov  9 07:29:59      1160     0.32
         0.17        6445.8         4.940    Nov  9 07:30:00      1161     0.32
         0.17        6450.8         5.020    Nov  9 07:30:01      1162     0.32
         0.17        6455.8         4.980    Nov  9 07:30:02      1163     0.32
         0.17        6460.7         4.950    Nov  9 07:30:03      1164     0.32
         0.17        6464.8         4.060    Nov  9 07:30:04      1165     0.32
         0.17        6469.7         4.870    Nov  9 07:30:05      1166     0.32
         0.18        6474.7         5.020    Nov  9 07:30:05      1166     0.32
         0.18        6479.7         4.980    Nov  9 07:30:06      1167     0.32
         0.18        6484.7         4.980    Nov  9 07:30:07      1168     0.32
         0.18        6488.8         4.190    Nov  9 07:30:08      1169     0.32
         0.18        6493.5         4.640    Nov  9 07:30:09      1170     0.33
         0.18        6498.5         5.000    Nov  9 07:30:10      1171     0.33
         0.18        6503.5         5.000    Nov  9 07:30:11      1172     0.33
         0.18        6508.5         5.030    Nov  9 07:30:12      1173     0.33
         0.18        6513.4         4.920    Nov  9 07:30:13      1174     0.33
         0.18        6517.1         3.700    Nov  9 07:30:13      1174     0.33
         0.19        6521.6         4.490    Nov  9 07:30:14      1175     0.33
         0.19        6526.7         5.060    Nov  9 07:30:15      1176     0.33
         0.19        6531.7         4.970    Nov  9 07:30:16      1177     0.33
         0.19        6536.7         5.060    Nov  9 07:30:17      1178     0.33
         0.19        6541.6         4.920    Nov  9 07:30:18      1179     0.33
         0.19        6545.5         3.890    Nov  9 07:30:19      1180     0.33
         0.19        6549.8         4.240    Nov  9 07:30:19      1180     0.33
         0.19        6554.6         4.800    Nov  9 07:30:20      1181     0.33
         0.19        6559.6         5.050    Nov  9 07:30:21      1182     0.33
         0.19        6564.6         4.950    Nov  9 07:30:22      1183     0.33
         0.20        6569.6         5.000    Nov  9 07:30:23      1184     0.33
         0.20        6573.5         3.960    Nov  9 07:30:24      1185     0.33
         0.20        6578.4         4.900    Nov  9 07:30:24      1185     0.33
         0.20        6583.4         5.010    Nov  9 07:30:25      1186     0.33
         0.20        6588.4         4.940    Nov  9 07:30:26      1187     0.33
         0.20        6593.3         4.890    Nov  9 07:30:27      1188     0.33
         0.20        6598.3         5.000    Nov  9 07:30:28      1189     0.33
         0.20        6601.9         3.610    Nov  9 07:30:29      1190     0.33
         0.20        6606.6         4.770    Nov  9 07:30:30      1191     0.33
         0.20        6611.6         4.960    Nov  9 07:30:31      1192     0.33
         0.21        6616.6         5.020    Nov  9 07:30:31      1192     0.33
         0.21        6621.7         5.050    Nov  9 07:30:32      1193     0.33
         0.21        6626.8         5.080    Nov  9 07:30:33      1194     0.33
         0.21        6630.8         4.030    Nov  9 07:30:34      1195     0.33
         0.21        6635.8         5.010    Nov  9 07:30:35      1196     0.33
         0.21        6640.7         4.920    Nov  9 07:30:36      1197     0.33
         0.21        6645.5         4.760    Nov  9 07:30:37      1198     0.33
         0.21        6650.2         4.730    Nov  9 07:30:38      1199     0.33
         0.21        6654.9         4.740    Nov  9 07:30:38      1199     0.33
         0.21        6658.3         3.380    Nov  9 07:30:39      1200     0.33
         0.22        6663.0         4.730    Nov  9 07:30:40      1201     0.33
         0.22        6667.7         4.690    Nov  9 07:30:41      1202     0.33
         0.22        6672.6         4.840    Nov  9 07:30:42      1203     0.33
         0.22        6677.4         4.810    Nov  9 07:30:42      1203     0.33
         0.22        6682.3         4.930    Nov  9 07:30:43      1204     0.33
         0.22        6686.1         3.790    Nov  9 07:30:44      1205     0.33
         0.22        6690.1         3.970    Nov  9 07:30:45      1206     0.34
         0.22        6694.8         4.710    Nov  9 07:30:46      1207     0.34
         0.22        6699.5         4.690    Nov  9 07:30:47      1208     0.34
         0.22        6704.2         4.670    Nov  9 07:30:47      1208     0.34
         0.23        6708.8         4.670    Nov  9 07:30:48      1209     0.34
         0.23        6713.4         4.570    Nov  9 07:30:49      1210     0.34
         0.23        6715.9         2.530    Nov  9 07:30:50      1211     0.34
         0.23        6720.0         4.120    Nov  9 07:30:50      1211     0.34
         0.23        6724.8         4.720    Nov  9 07:30:51      1212     0.34
         0.23        6729.4         4.650    Nov  9 07:30:52      1213     0.34
         0.23        6734.1         4.730    Nov  9 07:30:53      1214     0.34
         0.23        6738.8         4.640    Nov  9 07:30:54      1215     0.34
         0.23        6742.4         3.620    Nov  9 07:30:54      1215     0.34
         0.23        6746.0         3.620    Nov  9 07:30:55      1216     0.34
         0.24        6750.7         4.720    Nov  9 07:30:56      1217     0.34
         0.24        6755.7         4.960    Nov  9 07:30:57      1218     0.34
         0.24        6760.4         4.680    Nov  9 07:30:57      1218     0.34
         0.24        6765.1         4.690    Nov  9 07:30:58      1219     0.34
         0.24        6769.7         4.620    Nov  9 07:30:59      1220     0.34
         0.24        6772.4         2.690    Nov  9 07:31:00      1221     0.34
         0.24        6776.8         4.410    Nov  9 07:31:01      1222     0.34
         0.24        6781.4         4.650    Nov  9 07:31:01      1222     0.34
         0.24        6786.1         4.690    Nov  9 07:31:02      1223     0.34
         0.24        6790.8         4.690    Nov  9 07:31:03      1224     0.34
         0.25        6795.5         4.660    Nov  9 07:31:04      1225     0.34
         0.25        6799.2         3.700    Nov  9 07:31:05      1226     0.34
         0.25        6801.7         2.530    Nov  9 07:31:05      1226     0.34
         0.25        6805.1         3.430    Nov  9 07:31:06      1227     0.34
         0.25        6807.6         2.430    Nov  9 07:31:06      1227     0.34
         0.25        6810.7         3.120    Nov  9 07:31:07      1228     0.34
         0.25        6813.4         2.720    Nov  9 07:31:07      1228     0.34
         0.25        6815.9         2.540    Nov  9 07:31:08      1229     0.34
         0.25        6818.7         2.700    Nov  9 07:31:08      1229     0.34
         0.25        6821.2         2.570    Nov  9 07:31:09      1230     0.34
         0.26        6823.9         2.690    Nov  9 07:31:09      1230     0.34
         0.26        6825.3         1.420    Nov  9 07:31:10      1231     0.34
         0.26        6827.2         1.920    Nov  9 07:31:10      1231     0.34
         0.26        6829.9         2.660    Nov  9 07:31:11      1232     0.34
         0.26        6832.8         2.900    Nov  9 07:31:11      1232     0.34
         0.26        6835.6         2.760    Nov  9 07:31:12      1233     0.34
         0.26        6838.6         3.050    Nov  9 07:31:13      1234     0.34
         0.26        6841.3         2.680    Nov  9 07:31:13      1234     0.34
         0.26        6844.4         3.080    Nov  9 07:31:14      1235     0.34
         0.26        6847.1         2.670    Nov  9 07:31:14      1235     0.34
         0.27        6849.4         2.320    Nov  9 07:31:15      1236     0.34
         0.27        6851.9         2.560    Nov  9 07:31:15      1236     0.34
         0.27        6854.6         2.700    Nov  9 07:31:16      1237     0.34
         0.27        6857.5         2.870    Nov  9 07:31:16      1237     0.34
         0.27        6860.2         2.730    Nov  9 07:31:17      1238     0.34
         0.27        6863.0         2.790    Nov  9 07:31:18      1239     0.34
         0.27        6865.8         2.820    Nov  9 07:31:18      1239     0.34
         0.27        6868.8         3.000    Nov  9 07:31:19      1240     0.34
         0.27        6871.3         2.500    Nov  9 07:31:19      1240     0.34
         0.27        6873.9         2.520    Nov  9 07:31:20      1241     0.34
         0.28        6876.7         2.830    Nov  9 07:31:21      1242     0.34
         0.28        6879.6         2.860    Nov  9 07:31:21      1242     0.34
         0.28        6882.4         2.800    Nov  9 07:31:22      1243     0.35
         0.28        6885.4         3.040    Nov  9 07:31:22      1243     0.35
         0.28        6888.1         2.660    Nov  9 07:31:23      1244     0.35
         0.28        6891.1         3.000    Nov  9 07:31:24      1245     0.35
         0.28        6893.8         2.790    Nov  9 07:31:24      1245     0.35
         0.28        6896.7         2.850    Nov  9 07:31:25      1246     0.35
         0.28        6899.5         2.790    Nov  9 07:31:25      1246     0.35
         0.28        6902.2         2.740    Nov  9 07:31:26      1247     0.35
         0.29        6905.0         2.790    Nov  9 07:31:27      1248     0.35
         0.29        6908.0         2.970    Nov  9 07:31:27      1248     0.35
         0.29        6910.8         2.790    Nov  9 07:31:28      1249     0.35
         0.29        6913.8         2.990    Nov  9 07:31:28      1249     0.35
         0.29        6916.6         2.790    Nov  9 07:31:29      1250     0.35
         0.29        6919.4         2.830    Nov  9 07:31:30      1251     0.35
         0.29        6922.1         2.690    Nov  9 07:31:30      1251     0.35
         0.29        6924.9         2.860    Nov  9 07:31:31      1252     0.35
         0.29        6927.8         2.900    Nov  9 07:31:31      1252     0.35
         0.29        6930.9         3.050    Nov  9 07:31:32      1253     0.35
         0.30        6933.7         2.780    Nov  9 07:31:33      1254     0.35
         0.30        6936.5         2.850    Nov  9 07:31:33      1254     0.35
         0.30        6941.6         5.120    Nov  9 07:31:34      1255     0.35
         0.30        6950.4         8.740    Nov  9 07:31:36      1257     0.35
         0.30        6957.7         7.330    Nov  9 07:31:37      1258     0.35
         0.30        6965.2         7.500    Nov  9 07:31:38      1259     0.35
         0.30        6972.7         7.480    Nov  9 07:31:40      1261     0.35
         0.30        6979.8         7.090    Nov  9 07:31:41      1262     0.35
         0.30        6986.9         7.140    Nov  9 07:31:42      1263     0.35
         0.30        6991.8         4.940    Nov  9 07:31:43      1264     0.35
         0.31        6996.3         4.430    Nov  9 07:31:44      1265     0.35
         0.31        7001.2         4.910    Nov  9 07:31:45      1266     0.35
         0.31        7006.0         4.850    Nov  9 07:31:46      1267     0.35
         0.31        7010.9         4.910    Nov  9 07:31:47      1268     0.35
         0.31        7013.4         2.480    Nov  9 07:31:47      1268     0.35
         0.31        7016.5         3.040    Nov  9 07:31:48      1269     0.35
         0.31        7019.3         2.800    Nov  9 07:31:48      1269     0.35
         0.31        7022.1         2.850    Nov  9 07:31:49      1270     0.35
         0.31        7025.1         3.020    Nov  9 07:31:50      1271     0.35
         0.31        7028.1         2.960    Nov  9 07:31:50      1271     0.35
         0.32        7030.8         2.700    Nov  9 07:31:51      1272     0.35
         0.32        7033.6         2.840    Nov  9 07:31:51      1272     0.35
         0.32        7036.5         2.820    Nov  9 07:31:52      1273     0.35
         0.32        7039.3         2.870    Nov  9 07:31:53      1274     0.35
         0.32        7042.3         2.980    Nov  9 07:31:53      1274     0.35
         0.32        7044.9         2.620    Nov  9 07:31:54      1275     0.35
         0.32        7048.1         3.170    Nov  9 07:31:55      1276     0.35
         0.32        7051.0         2.920    Nov  9 07:31:55      1276     0.35
         0.32        7053.2         2.170    Nov  9 07:31:56      1277     0.35
         0.32        7055.8         2.570    Nov  9 07:31:56      1277     0.35
         0.33        7058.6         2.830    Nov  9 07:31:57      1278     0.35
         0.33        7061.5         2.900    Nov  9 07:31:57      1278     0.35
         0.33        7064.3         2.810    Nov  9 07:31:58      1279     0.36
         0.33        7066.9         2.570    Nov  9 07:31:58      1279     0.36
         0.33        7069.8         2.930    Nov  9 07:31:59      1280     0.36
         0.33        7072.8         2.960    Nov  9 07:32:00      1281     0.36
         0.33        7075.4         2.670    Nov  9 07:32:00      1281     0.36
         0.33        7077.6         2.180    Nov  9 07:32:01      1282     0.36
         0.33        7080.3         2.690    Nov  9 07:32:01      1282     0.36
         0.33        7082.8         2.520    Nov  9 07:32:02      1283     0.36
         0.34        7085.4         2.620    Nov  9 07:32:02      1283     0.36
         0.34        7088.0         2.530    Nov  9 07:32:03      1284     0.36
         0.34        7090.8         2.780    Nov  9 07:32:03      1284     0.36
         0.34        7093.5         2.750    Nov  9 07:32:04      1285     0.36
         0.34        7096.2         2.670    Nov  9 07:32:04      1285     0.36
         0.34        7099.1         2.940    Nov  9 07:32:05      1286     0.36
         0.34        7101.9         2.750    Nov  9 07:32:06      1287     0.36
         0.34        7104.6         2.790    Nov  9 07:32:06      1287     0.36
         0.34        7107.5         2.860    Nov  9 07:32:07      1288     0.36
         0.34        7110.4         2.860    Nov  9 07:32:08      1289     0.36
         0.35        7113.3         2.950    Nov  9 07:32:08      1289     0.36
         0.35        7116.2         2.860    Nov  9 07:32:09      1290     0.36
         0.35        7119.1         2.950    Nov  9 07:32:09      1290     0.36
         0.35        7121.9         2.810    Nov  9 07:32:10      1291     0.36
         0.35        7124.7         2.750    Nov  9 07:32:11      1292     0.36
         0.35        7127.5         2.840    Nov  9 07:32:11      1292     0.36
         0.35        7130.3         2.770    Nov  9 07:32:12      1293     0.36
         0.35        7133.1         2.780    Nov  9 07:32:12      1293     0.36
         0.35        7135.9         2.780    Nov  9 07:32:13      1294     0.36
         0.35        7138.6         2.780    Nov  9 07:32:14      1295     0.36
         0.36        7141.6         2.930    Nov  9 07:32:14      1295     0.36
         0.36        7144.3         2.720    Nov  9 07:32:15      1296     0.36
         0.36        7147.3         2.980    Nov  9 07:32:15      1296     0.36
         0.36        7149.9         2.660    Nov  9 07:32:16      1297     0.36
         0.36        7152.6         2.700    Nov  9 07:32:17      1298     0.36
         0.36        7155.6         2.920    Nov  9 07:32:17      1298     0.36
         0.36        7158.4         2.820    Nov  9 07:32:18      1299     0.36
         0.36        7161.3         2.940    Nov  9 07:32:18      1299     0.36
         0.36        7163.9         2.590    Nov  9 07:32:19      1300     0.36
         0.36        7166.7         2.790    Nov  9 07:32:20      1301     0.36
         0.37        7169.7         3.000    Nov  9 07:32:20      1301     0.36
         0.37        7172.5         2.850    Nov  9 07:32:21      1302     0.36
         0.37        7175.4         2.820    Nov  9 07:32:22      1303     0.36
         0.37        7178.2         2.800    Nov  9 07:32:22      1303     0.36
         0.37        7181.0         2.820    Nov  9 07:32:23      1304     0.36
         0.37        7183.9         2.950    Nov  9 07:32:23      1304     0.36
         0.37        7186.6         2.620    Nov  9 07:32:24      1305     0.36
         0.37        7189.4         2.840    Nov  9 07:32:24      1305     0.36
         0.37        7192.1         2.660    Nov  9 07:32:25      1306     0.36
         0.37        7195.1         3.070    Nov  9 07:32:26      1307     0.36
         0.38        7197.8         2.710    Nov  9 07:32:26      1307     0.36
         0.38        7200.4         2.590    Nov  9 07:32:27      1308     0.36
         0.38        7203.2         2.770    Nov  9 07:32:27      1308     0.36
         0.38        7205.8         2.620    Nov  9 07:32:28      1309     0.36
         0.38        7208.6         2.790    Nov  9 07:32:28      1309     0.36
         0.38        7211.4         2.830    Nov  9 07:32:29      1310     0.36
         0.38        7214.2         2.760    Nov  9 07:32:30      1311     0.36
         0.38        7216.8         2.650    Nov  9 07:32:30      1311     0.36
         0.38        7219.5         2.610    Nov  9 07:32:31      1312     0.36
         0.38        7222.1         2.670    Nov  9 07:32:31      1312     0.36
         0.39        7224.8         2.680    Nov  9 07:32:32      1313     0.36
         0.39        7227.6         2.780    Nov  9 07:32:32      1313     0.36
         0.39        7230.4         2.820    Nov  9 07:32:33      1314     0.36
         0.39        7233.2         2.810    Nov  9 07:32:34      1315     0.37
         0.39        7236.0         2.820    Nov  9 07:32:34      1315     0.37
         0.39        7238.4         2.330    Nov  9 07:32:35      1316     0.37
         0.39        7240.5         2.120    Nov  9 07:32:35      1316     0.37
         0.39        7242.9         2.390    Nov  9 07:32:36      1317     0.37
         0.39        7245.2         2.310    Nov  9 07:32:36      1317     0.37
         0.39        7247.5         2.360    Nov  9 07:32:37      1318     0.37
         0.40        7249.9         2.320    Nov  9 07:32:37      1318     0.37
         0.40        7252.3         2.420    Nov  9 07:32:38      1319     0.37
         0.40        7254.4         2.130    Nov  9 07:32:38      1319     0.37
         0.40        7256.8         2.390    Nov  9 07:32:39      1320     0.37
         0.40        7259.0         2.170    Nov  9 07:32:39      1320     0.37
         0.40        7261.4         2.380    Nov  9 07:32:40      1321     0.37
         0.40        7263.5         2.180    Nov  9 07:32:40      1321     0.37
         0.40        7266.2         2.710    Nov  9 07:32:41      1322     0.37
         0.40        7268.8         2.570    Nov  9 07:32:41      1322     0.37
         0.40        7270.9         2.130    Nov  9 07:32:42      1323     0.37
         0.41        7273.7         2.730    Nov  9 07:32:42      1323     0.37
         0.41        7276.5         2.810    Nov  9 07:32:43      1324     0.37
         0.41        7279.4         2.890    Nov  9 07:32:43      1324     0.37
         0.41        7282.2         2.820    Nov  9 07:32:44      1325     0.37
         0.41        7285.2         2.980    Nov  9 07:32:45      1326     0.37
         0.41        7288.0         2.830    Nov  9 07:32:45      1326     0.37
         0.41        7290.8         2.770    Nov  9 07:32:46      1327     0.37
         0.41        7293.6         2.820    Nov  9 07:32:46      1327     0.37
         0.41        7296.1         2.500    Nov  9 07:32:47      1328     0.37
         0.41        7299.0         2.930    Nov  9 07:32:48      1329     0.37
         0.42        7301.8         2.770    Nov  9 07:32:48      1329     0.37
         0.42        7304.5         2.660    Nov  9 07:32:49      1330     0.37
         0.42        7307.4         2.970    Nov  9 07:32:49      1330     0.37
         0.42        7310.0         2.590    Nov  9 07:32:50      1331     0.37
         0.42        7312.8         2.780    Nov  9 07:32:50      1331     0.37
         0.42        7315.5         2.670    Nov  9 07:32:51      1332     0.37
         0.42        7318.3         2.830    Nov  9 07:32:52      1333     0.37
         0.42        7320.9         2.590    Nov  9 07:32:52      1333     0.37
         0.42        7323.7         2.780    Nov  9 07:32:53      1334     0.37
         0.42        7326.3         2.650    Nov  9 07:32:53      1334     0.37
         0.43        7329.3         3.030    Nov  9 07:32:54      1335     0.37
         0.43        7331.9         2.600    Nov  9 07:32:54      1335     0.37
         0.43        7334.9         2.980    Nov  9 07:32:55      1336     0.37
         0.43        7337.6         2.640    Nov  9 07:32:56      1337     0.37
         0.43        7340.4         2.830    Nov  9 07:32:56      1337     0.37
         0.43        7342.9         2.530    Nov  9 07:32:57      1338     0.37
         0.43        7345.2         2.320    Nov  9 07:32:57      1338     0.37
         0.43        7347.9         2.640    Nov  9 07:32:58      1339     0.37
         0.43        7350.8         2.960    Nov  9 07:32:58      1339     0.37
         0.43        7353.6         2.730    Nov  9 07:32:59      1340     0.37
         0.44        7356.2         2.670    Nov  9 07:32:59      1340     0.37
         0.44        7359.4         3.180    Nov  9 07:33:00      1341     0.37
         0.44        7361.9         2.490    Nov  9 07:33:01      1342     0.37
         0.44        7365.0         3.120    Nov  9 07:33:01      1342     0.37
         0.44        7367.6         2.540    Nov  9 07:33:02      1343     0.37
         0.44        7370.1         2.510    Nov  9 07:33:02      1343     0.37
         0.44        7373.0         2.940    Nov  9 07:33:03      1344     0.37
         0.44        7375.7         2.720    Nov  9 07:33:04      1345     0.37
         0.44        7378.3         2.600    Nov  9 07:33:04      1345     0.37
         0.44        7381.5         3.130    Nov  9 07:33:05      1346     0.37
         0.45        7384.1         2.680    Nov  9 07:33:05      1346     0.37
         0.45        7386.8         2.630    Nov  9 07:33:06      1347     0.37
         0.45        7389.6         2.800    Nov  9 07:33:07      1348     0.37
         0.45        7392.3         2.680    Nov  9 07:33:07      1348     0.37
         0.45        7394.8         2.520    Nov  9 07:33:08      1349     0.37
         0.45        7397.3         2.560    Nov  9 07:33:08      1349     0.37
         0.45        7400.2         2.820    Nov  9 07:33:09      1350     0.38
         0.45        7402.8         2.670    Nov  9 07:33:09      1350     0.38
         0.45        7405.6         2.790    Nov  9 07:33:10      1351     0.38
         0.45        7408.2         2.620    Nov  9 07:33:10      1351     0.38
         0.46        7411.0         2.800    Nov  9 07:33:11      1352     0.38
         0.46        7413.7         2.650    Nov  9 07:33:11      1352     0.38
         0.46        7416.8         3.080    Nov  9 07:33:12      1353     0.38
         0.46        7419.4         2.660    Nov  9 07:33:13      1354     0.38
         0.46        7422.0         2.570    Nov  9 07:33:13      1354     0.38
         0.46        7425.2         3.200    Nov  9 07:33:14      1355     0.38
         0.46        7427.9         2.720    Nov  9 07:33:14      1355     0.38
         0.46        7430.6         2.680    Nov  9 07:33:15      1356     0.38
         0.46        7433.6         3.010    Nov  9 07:33:16      1357     0.38
         0.46        7436.2         2.610    Nov  9 07:33:16      1357     0.38
         0.47        7439.0         2.790    Nov  9 07:33:17      1358     0.38
         0.47        7441.7         2.650    Nov  9 07:33:17      1358     0.38
         0.47        7444.4         2.700    Nov  9 07:33:18      1359     0.38
         0.47        7447.0         2.660    Nov  9 07:33:18      1359     0.38
         0.47        7450.1         3.090    Nov  9 07:33:19      1360     0.38
         0.47        7452.9         2.830    Nov  9 07:33:20      1361     0.38
         0.47        7455.6         2.680    Nov  9 07:33:20      1361     0.38
         0.47        7458.6         2.950    Nov  9 07:33:21      1362     0.38
         0.47        7461.5         2.950    Nov  9 07:33:22      1363     0.38
         0.47        7464.2         2.660    Nov  9 07:33:22      1363     0.38
         0.48        7466.9         2.670    Nov  9 07:33:23      1364     0.38
         0.48        7469.4         2.560    Nov  9 07:33:23      1364     0.38
         0.48        7472.0         2.550    Nov  9 07:33:24      1365     0.38
         0.48        7474.9         2.930    Nov  9 07:33:24      1365     0.38
         0.48        7477.6         2.740    Nov  9 07:33:25      1366     0.38
         0.48        7480.4         2.730    Nov  9 07:33:26      1367     0.38
         0.48        7483.1         2.770    Nov  9 07:33:26      1367     0.38
         0.48        7486.0         2.900    Nov  9 07:33:27      1368     0.38
         0.48        7488.6         2.600    Nov  9 07:33:27      1368     0.38
         0.48        7490.6         1.950    Nov  9 07:33:28      1369     0.38
         0.49        7493.1         2.530    Nov  9 07:33:28      1369     0.38
         0.49        7496.2         3.090    Nov  9 07:33:29      1370     0.38
         0.49        7498.9         2.650    Nov  9 07:33:30      1371     0.38
         0.49        7501.3         2.450    Nov  9 07:33:30      1371     0.38
         0.49        7504.2         2.890    Nov  9 07:33:31      1372     0.38
         0.49        7506.8         2.600    Nov  9 07:33:31      1372     0.38
         0.49        7509.5         2.750    Nov  9 07:33:32      1373     0.38
         0.49        7512.0         2.430    Nov  9 07:33:32      1373     0.38
         0.49        7514.7         2.740    Nov  9 07:33:33      1374     0.38
         0.49        7517.2         2.450    Nov  9 07:33:33      1374     0.38
         0.50        7520.1         2.970    Nov  9 07:33:34      1375     0.38
         0.50        7522.7         2.580    Nov  9 07:33:34      1375     0.38
         0.50        7525.3         2.560    Nov  9 07:33:35      1376     0.38
         0.50        7528.4         3.110    Nov  9 07:33:36      1377     0.38
         0.50        7531.1         2.690    Nov  9 07:33:36      1377     0.38
         0.50        7533.6         2.510    Nov  9 07:33:37      1378     0.38
         0.50        7536.2         2.620    Nov  9 07:33:37      1378     0.38
         0.50        7538.7         2.530    Nov  9 07:33:38      1379     0.38
         0.50        7541.6         2.830    Nov  9 07:33:38      1379     0.38
         0.50        7544.1         2.520    Nov  9 07:33:39      1380     0.38
         0.51        7547.2         3.110    Nov  9 07:33:40      1381     0.38
         0.51        7550.0         2.760    Nov  9 07:33:40      1381     0.38
         0.51        7552.4         2.450    Nov  9 07:33:41      1382     0.38
         0.51        7555.3         2.860    Nov  9 07:33:42      1383     0.38
         0.51        7557.9         2.640    Nov  9 07:33:42      1383     0.38
         0.51        7560.7         2.760    Nov  9 07:33:43      1384     0.38
         0.51        7563.0         2.320    Nov  9 07:33:43      1384     0.38
         0.51        7565.5         2.550    Nov  9 07:33:44      1385     0.38
         0.51        7568.3         2.770    Nov  9 07:33:44      1385     0.38
         0.51        7571.1         2.760    Nov  9 07:33:45      1386     0.39
         0.52        7573.8         2.740    Nov  9 07:33:46      1387     0.39
         0.52        7576.6         2.790    Nov  9 07:33:46      1387     0.39
         0.52        7579.5         2.940    Nov  9 07:33:47      1388     0.39
         0.52        7582.1         2.600    Nov  9 07:33:47      1388     0.39
         0.52        7585.0         2.830    Nov  9 07:33:48      1389     0.39
         0.52        7587.6         2.680    Nov  9 07:33:48      1389     0.39
         0.52        7590.4         2.750    Nov  9 07:33:49      1390     0.39
         0.52        7593.2         2.840    Nov  9 07:33:50      1391     0.39
         0.52        7596.0         2.760    Nov  9 07:33:50      1391     0.39
         0.52        7598.6         2.630    Nov  9 07:33:51      1392     0.39
         0.53        7601.4         2.830    Nov  9 07:33:51      1392     0.39
         0.53        7604.0         2.530    Nov  9 07:33:52      1393     0.39
         0.53        7606.5         2.560    Nov  9 07:33:52      1393     0.39
         0.53        7609.6         3.110    Nov  9 07:33:53      1394     0.39
         0.53        7612.3         2.620    Nov  9 07:33:54      1395     0.39
         0.53        7614.7         2.470    Nov  9 07:33:54      1395     0.39
         0.53        7617.5         2.800    Nov  9 07:33:55      1396     0.39
         0.53        7620.0         2.500    Nov  9 07:33:55      1396     0.39
         0.53        7622.8         2.710    Nov  9 07:33:56      1397     0.39
         0.53        7625.5         2.730    Nov  9 07:33:56      1397     0.39
         0.54        7628.2         2.760    Nov  9 07:33:57      1398     0.39
         0.54        7631.0         2.760    Nov  9 07:33:58      1399     0.39
         0.54        7633.9         2.930    Nov  9 07:33:58      1399     0.39
         0.54        7636.5         2.570    Nov  9 07:33:59      1400     0.39
         0.54        7639.3         2.800    Nov  9 07:34:00      1401     0.39
         0.54        7642.2         2.910    Nov  9 07:34:00      1401     0.39
         0.54        7644.8         2.540    Nov  9 07:34:01      1402     0.39
         0.54        7647.8         3.010    Nov  9 07:34:01      1402     0.39
         0.54        7650.5         2.700    Nov  9 07:34:02      1403     0.39
         0.54        7653.0         2.580    Nov  9 07:34:02      1403     0.39
         0.55        7655.6         2.550    Nov  9 07:34:03      1404     0.39
         0.55        7658.1         2.500    Nov  9 07:34:04      1405     0.39
         0.55        7660.9         2.770    Nov  9 07:34:04      1405     0.39
         0.55        7663.6         2.740    Nov  9 07:34:05      1406     0.39
         0.55        7666.1         2.470    Nov  9 07:34:05      1406     0.39
         0.55        7668.8         2.700    Nov  9 07:34:06      1407     0.39
         0.55        7671.5         2.720    Nov  9 07:34:06      1407     0.39
         0.55        7674.0         2.540    Nov  9 07:34:07      1408     0.39
         0.55        7676.6         2.580    Nov  9 07:34:07      1408     0.39
         0.55        7679.5         2.890    Nov  9 07:34:08      1409     0.39
         0.56        7682.1         2.600    Nov  9 07:34:09      1410     0.39
         0.56        7685.0         2.950    Nov  9 07:34:09      1410     0.39
         0.56        7687.7         2.690    Nov  9 07:34:10      1411     0.39
         0.56        7690.3         2.550    Nov  9 07:34:10      1411     0.39
         0.56        7693.2         2.930    Nov  9 07:34:11      1412     0.39
         0.56        7695.8         2.590    Nov  9 07:34:12      1413     0.39
         0.56        7698.7         2.890    Nov  9 07:34:12      1413     0.39
         0.56        7701.4         2.710    Nov  9 07:34:13      1414     0.39
         0.56        7704.2         2.770    Nov  9 07:34:13      1414     0.39
         0.56        7706.5         2.320    Nov  9 07:34:14      1415     0.39
         0.57        7709.1         2.650    Nov  9 07:34:14      1415     0.39
         0.57        7711.9         2.770    Nov  9 07:34:15      1416     0.39
         0.57        7714.8         2.890    Nov  9 07:34:16      1417     0.39
         0.57        7717.3         2.510    Nov  9 07:34:16      1417     0.39
         0.57        7720.1         2.830    Nov  9 07:34:17      1418     0.39
         0.57        7722.7         2.570    Nov  9 07:34:17      1418     0.39
         0.57        7725.4         2.730    Nov  9 07:34:18      1419     0.39
         0.57        7728.0         2.530    Nov  9 07:34:18      1419     0.39
         0.57        7730.6         2.590    Nov  9 07:34:19      1420     0.39
         0.57        7733.0         2.430    Nov  9 07:34:19      1420     0.39
         0.58        7735.5         2.500    Nov  9 07:34:20      1421     0.39
         0.58        7738.5         3.000    Nov  9 07:34:21      1422     0.40
         0.58        7741.4         2.900    Nov  9 07:34:21      1422     0.40
         0.58        7744.3         2.940    Nov  9 07:34:22      1423     0.40
         0.58        7746.9         2.510    Nov  9 07:34:22      1423     0.40
         0.58        7749.9         3.050    Nov  9 07:34:23      1424     0.40
         0.58        7752.7         2.770    Nov  9 07:34:24      1425     0.40
         0.58        7754.9         2.210    Nov  9 07:34:24      1425     0.40
         0.58        7757.6         2.680    Nov  9 07:34:25      1426     0.40
         0.58        7760.3         2.710    Nov  9 07:34:25      1426     0.40
         0.59        7763.0         2.730    Nov  9 07:34:26      1427     0.40
         0.59        7765.7         2.730    Nov  9 07:34:27      1428     0.40
         0.59        7768.7         3.010    Nov  9 07:34:27      1428     0.40
         0.59        7771.4         2.640    Nov  9 07:34:28      1429     0.40
         0.59        7773.9         2.570    Nov  9 07:34:28      1429     0.40
         0.59        7777.1         3.110    Nov  9 07:34:29      1430     0.40
         0.59        7779.4         2.380    Nov  9 07:34:30      1431     0.40
         0.59        7782.3         2.830    Nov  9 07:34:30      1431     0.40
         0.59        7785.1         2.780    Nov  9 07:34:31      1432     0.40
         0.59        7787.8         2.740    Nov  9 07:34:31      1432     0.40
         0.60        7790.7         2.870    Nov  9 07:34:32      1433     0.40
         0.60        7793.4         2.740    Nov  9 07:34:33      1434     0.40
         0.60        7796.3         2.880    Nov  9 07:34:33      1434     0.40
         0.60        7799.0         2.700    Nov  9 07:34:34      1435     0.40
         0.60        7801.4         2.450    Nov  9 07:34:34      1435     0.40
         0.60        7804.1         2.620    Nov  9 07:34:35      1436     0.40
         0.60        7806.6         2.510    Nov  9 07:34:35      1436     0.40
         0.60        7809.3         2.770    Nov  9 07:34:36      1437     0.40
         0.60        7811.9         2.540    Nov  9 07:34:36      1437     0.40
         0.60        7815.0         3.110    Nov  9 07:34:37      1438     0.40
         0.61        7817.7         2.740    Nov  9 07:34:38      1439     0.40
         0.61        7820.3         2.540    Nov  9 07:34:38      1439     0.40
         0.61        7823.1         2.870    Nov  9 07:34:39      1440     0.40
         0.61        7825.6         2.480    Nov  9 07:34:39      1440     0.40
         0.61        7828.2         2.560    Nov  9 07:34:40      1441     0.40
         0.61        7830.8         2.680    Nov  9 07:34:40      1441     0.40
         0.61        7833.5         2.660    Nov  9 07:34:41      1442     0.40
         0.61        7836.3         2.770    Nov  9 07:34:42      1443     0.40
         0.61        7839.2         2.950    Nov  9 07:34:42      1443     0.40
         0.61        7841.7         2.510    Nov  9 07:34:43      1444     0.40
         0.62        7844.6         2.810    Nov  9 07:34:43      1444     0.40
         0.62        7847.4         2.890    Nov  9 07:34:44      1445     0.40
         0.62        7849.8         2.360    Nov  9 07:34:45      1446     0.40
         0.62        7852.2         2.430    Nov  9 07:34:45      1446     0.40
         0.62        7854.8         2.580    Nov  9 07:34:46      1447     0.40
         0.62        7857.9         3.120    Nov  9 07:34:46      1447     0.40
         0.62        7860.7         2.760    Nov  9 07:34:47      1448     0.40
         0.62        7863.2         2.510    Nov  9 07:34:47      1448     0.40
         0.62        7866.1         2.920    Nov  9 07:34:48      1449     0.40
         0.62        7868.9         2.750    Nov  9 07:34:49      1450     0.40
         0.63        7871.7         2.870    Nov  9 07:34:49      1450     0.40
         0.63        7873.8         2.060    Nov  9 07:34:50      1451     0.40
         0.63        7876.5         2.670    Nov  9 07:34:50      1451     0.40
         0.63        7879.4         2.890    Nov  9 07:34:51      1452     0.40
         0.63        7881.9         2.520    Nov  9 07:34:52      1453     0.40
         0.63        7884.6         2.670    Nov  9 07:34:52      1453     0.40
         0.63        7887.1         2.550    Nov  9 07:34:53      1454     0.40
         0.63        7890.2         3.060    Nov  9 07:34:53      1454     0.40
         0.63        7892.8         2.620    Nov  9 07:34:54      1455     0.40
         0.63        7895.3         2.560    Nov  9 07:34:54      1455     0.40
         0.64        7898.2         2.830    Nov  9 07:34:55      1456     0.40
         0.64        7900.9         2.750    Nov  9 07:34:56      1457     0.40
         0.64        7903.5         2.600    Nov  9 07:34:56      1457     0.40
         0.64        7906.5         2.970    Nov  9 07:34:57      1458     0.41
         0.64        7909.2         2.720    Nov  9 07:34:57      1458     0.41
         0.64        7911.8         2.580    Nov  9 07:34:58      1459     0.41
         0.64        7914.6         2.840    Nov  9 07:34:59      1460     0.41
         0.64        7917.2         2.540    Nov  9 07:34:59      1460     0.41
         0.64        7920.1         2.930    Nov  9 07:35:00      1461     0.41
         0.64        7922.6         2.490    Nov  9 07:35:00      1461     0.41
         0.65        7925.3         2.720    Nov  9 07:35:01      1462     0.41
         0.65        7927.9         2.590    Nov  9 07:35:01      1462     0.41
         0.65        7931.0         3.110    Nov  9 07:35:02      1463     0.41
         0.65        7933.7         2.650    Nov  9 07:35:03      1464     0.41
         0.65        7936.2         2.500    Nov  9 07:35:03      1464     0.41
         0.65        7938.9         2.750    Nov  9 07:35:04      1465     0.41
         0.65        7941.5         2.630    Nov  9 07:35:04      1465     0.41
         0.65        7944.1         2.550    Nov  9 07:35:05      1466     0.41
         0.65        7946.8         2.680    Nov  9 07:35:05      1466     0.41
         0.65        7949.7         2.920    Nov  9 07:35:06      1467     0.41
         0.66        7952.5         2.760    Nov  9 07:35:07      1468     0.41
         0.66        7955.3         2.810    Nov  9 07:35:07      1468     0.41
         0.66        7958.0         2.760    Nov  9 07:35:08      1469     0.41
         0.66        7960.8         2.730    Nov  9 07:35:08      1469     0.41
         0.66        7963.7         2.940    Nov  9 07:35:09      1470     0.41
         0.66        7966.4         2.720    Nov  9 07:35:10      1471     0.41
         0.66        7968.7         2.250    Nov  9 07:35:10      1471     0.41
         0.66        7971.2         2.530    Nov  9 07:35:11      1472     0.41
         0.66        7973.9         2.740    Nov  9 07:35:11      1472     0.41
         0.66        7976.8         2.850    Nov  9 07:35:12      1473     0.41
         0.67        7979.5         2.750    Nov  9 07:35:12      1473     0.41
         0.67        7982.4         2.890    Nov  9 07:35:13      1474     0.41
         0.67        7985.1         2.660    Nov  9 07:35:14      1475     0.41
         0.67        7987.8         2.710    Nov  9 07:35:14      1475     0.41
         0.67        7990.7         2.890    Nov  9 07:35:15      1476     0.41
         0.67        7993.3         2.590    Nov  9 07:35:15      1476     0.41
         0.67        7996.1         2.790    Nov  9 07:35:16      1477     0.41
         0.67        7998.8         2.710    Nov  9 07:35:17      1478     0.41
         0.67        8001.5         2.700    Nov  9 07:35:17      1478     0.41
         0.67        8004.4         2.890    Nov  9 07:35:18      1479     0.41
         0.68        8007.1         2.710    Nov  9 07:35:18      1479     0.41
         0.68        8009.9         2.880    Nov  9 07:35:19      1480     0.41
         0.68        8012.7         2.740    Nov  9 07:35:20      1481     0.41
         0.68        8015.4         2.710    Nov  9 07:35:20      1481     0.41
         0.68        8018.0         2.580    Nov  9 07:35:21      1482     0.41
         0.68        8020.6         2.670    Nov  9 07:35:21      1482     0.41
         0.68        8023.6         2.930    Nov  9 07:35:22      1483     0.41
         0.68        8026.2         2.650    Nov  9 07:35:23      1484     0.41
         0.68        8028.9         2.670    Nov  9 07:35:23      1484     0.41
         0.68        8031.8         2.890    Nov  9 07:35:24      1485     0.41
         0.69        8034.6         2.770    Nov  9 07:35:24      1485     0.41
         0.69        8037.4         2.870    Nov  9 07:35:25      1486     0.41
         0.69        8039.6         2.200    Nov  9 07:35:26      1487     0.41
         0.69        8042.4         2.750    Nov  9 07:35:26      1487     0.41
         0.69        8045.3         2.880    Nov  9 07:35:27      1488     0.41
         0.69        8048.0         2.740    Nov  9 07:35:27      1488     0.41
         0.69        8050.9         2.910    Nov  9 07:35:28      1489     0.41
         0.69        8053.7         2.760    Nov  9 07:35:29      1490     0.41
         0.69        8056.3         2.650    Nov  9 07:35:29      1490     0.41
         0.69        8059.2         2.930    Nov  9 07:35:30      1491     0.41
         0.70        8062.0         2.760    Nov  9 07:35:31      1492     0.41
         0.70        8064.6         2.590    Nov  9 07:35:31      1492     0.41
         0.70        8067.0         2.370    Nov  9 07:35:32      1493     0.41
         0.70        8069.4         2.410    Nov  9 07:35:32      1493     0.41
         0.70        8071.8         2.390    Nov  9 07:35:33      1494     0.41
         0.70        8073.8         1.990    Nov  9 07:35:33      1494     0.41
         0.70        8076.2         2.470    Nov  9 07:35:34      1495     0.42
         0.70        8079.0         2.740    Nov  9 07:35:34      1495     0.42
         0.70        8081.3         2.290    Nov  9 07:35:35      1496     0.42
         0.70        8083.6         2.360    Nov  9 07:35:35      1496     0.42
         0.71        8085.9         2.270    Nov  9 07:35:36      1497     0.42
         0.71        8088.4         2.470    Nov  9 07:35:36      1497     0.42
         0.71        8090.8         2.440    Nov  9 07:35:37      1498     0.42
         0.71        8093.0         2.240    Nov  9 07:35:37      1498     0.42
         0.71        8095.5         2.440    Nov  9 07:35:38      1499     0.42
         0.71        8098.0         2.510    Nov  9 07:35:38      1499     0.42
         0.71        8100.7         2.670    Nov  9 07:35:39      1500     0.42
         0.71        8103.4         2.760    Nov  9 07:35:39      1500     0.42
         0.71        8106.7         3.250    Nov  9 07:35:40      1501     0.42
         0.71        8109.8         3.150    Nov  9 07:35:41      1502     0.42
         0.72        8112.7         2.860    Nov  9 07:35:41      1502     0.42
         0.72        8117.6         4.900    Nov  9 07:35:42      1503     0.42
         0.72        8122.6         5.060    Nov  9 07:35:43      1504     0.42
         0.72        8127.3         4.700    Nov  9 07:35:44      1505     0.42
         0.72        8132.3         5.000    Nov  9 07:35:45      1506     0.42
         0.72        8137.4         5.090    Nov  9 07:35:46      1507     0.42
         0.72        8142.2         4.770    Nov  9 07:35:47      1508     0.42
         0.72        8146.8         4.630    Nov  9 07:35:48      1509     0.42
         0.72        8151.6         4.780    Nov  9 07:35:48      1509     0.42
         0.72        8156.1         4.460    Nov  9 07:35:49      1510     0.42
         0.73        8160.8         4.720    Nov  9 07:35:50      1511     0.42
         0.73        8163.3         2.540    Nov  9 07:35:50      1511     0.42
         0.73        8166.5         3.150    Nov  9 07:35:51      1512     0.42
         0.73        8169.1         2.640    Nov  9 07:35:52      1513     0.42
         0.73        8172.0         2.860    Nov  9 07:35:52      1513     0.42
         0.73        8175.0         2.980    Nov  9 07:35:53      1514     0.42
         0.73        8177.7         2.780    Nov  9 07:35:54      1515     0.42
         0.73        8180.0         2.270    Nov  9 07:35:54      1515     0.42
         0.73        8182.1         2.140    Nov  9 07:35:54      1515     0.42
         0.73        8185.2         3.020    Nov  9 07:35:55      1516     0.42
         0.74        8188.0         2.850    Nov  9 07:35:56      1517     0.42
         0.74        8190.6         2.560    Nov  9 07:35:56      1517     0.42
         0.74        8193.6         2.990    Nov  9 07:35:57      1518     0.42
         0.74        8196.5         2.900    Nov  9 07:35:58      1519     0.42
         0.74        8199.4         2.930    Nov  9 07:35:58      1519     0.42
         0.74        8202.1         2.670    Nov  9 07:35:59      1520     0.42
         0.74        8204.9         2.850    Nov  9 07:35:59      1520     0.42
         0.74        8207.3         2.400    Nov  9 07:36:00      1521     0.42
         0.74        8210.1         2.740    Nov  9 07:36:00      1521     0.42
         0.74        8213.0         2.970    Nov  9 07:36:01      1522     0.42
         0.75        8215.9         2.820    Nov  9 07:36:02      1523     0.42
         0.75        8218.4         2.570    Nov  9 07:36:02      1523     0.42
         0.75        8221.3         2.900    Nov  9 07:36:03      1524     0.42
         0.75        8224.3         2.950    Nov  9 07:36:03      1524     0.42
         0.75        8227.2         2.940    Nov  9 07:36:04      1525     0.42
         0.75        8230.1         2.870    Nov  9 07:36:05      1526     0.42
         0.75        8233.1         2.990    Nov  9 07:36:05      1526     0.42
         0.75        8236.0         2.970    Nov  9 07:36:06      1527     0.42
         0.75        8239.0         2.930    Nov  9 07:36:07      1528     0.42
         0.75        8241.7         2.770    Nov  9 07:36:07      1528     0.42
         0.76        8244.4         2.650    Nov  9 07:36:08      1529     0.42
         0.76        8247.3         2.950    Nov  9 07:36:08      1529     0.42
         0.76        8250.4         3.020    Nov  9 07:36:09      1530     0.42
         0.76        8253.3         2.920    Nov  9 07:36:10      1531     0.43
         0.76        8256.2         2.920    Nov  9 07:36:10      1531     0.43
         0.76        8259.0         2.800    Nov  9 07:36:11      1532     0.43
         0.76        8261.7         2.680    Nov  9 07:36:12      1533     0.43
         0.76        8264.1         2.440    Nov  9 07:36:12      1533     0.43
         0.76        8267.2         3.110    Nov  9 07:36:13      1534     0.43
         0.76        8270.2         2.940    Nov  9 07:36:13      1534     0.43
         0.77        8272.9         2.770    Nov  9 07:36:14      1535     0.43
         0.77        8275.2         2.230    Nov  9 07:36:14      1535     0.43
         0.77        8277.9         2.690    Nov  9 07:36:15      1536     0.43
         0.77        8280.6         2.790    Nov  9 07:36:16      1537     0.43
         0.77        8283.5         2.900    Nov  9 07:36:16      1537     0.43
         0.77        8286.3         2.780    Nov  9 07:36:17      1538     0.43
         0.77        8289.2         2.900    Nov  9 07:36:17      1538     0.43
         0.77        8291.9         2.630    Nov  9 07:36:18      1539     0.43
         0.77        8294.6         2.700    Nov  9 07:36:18      1539     0.43
         0.77        8297.2         2.690    Nov  9 07:36:19      1540     0.43
         0.78        8299.6         2.330    Nov  9 07:36:20      1541     0.43
         0.78        8302.1         2.520    Nov  9 07:36:20      1541     0.43
         0.78        8304.8         2.720    Nov  9 07:36:21      1542     0.43
         0.78        8307.4         2.550    Nov  9 07:36:21      1542     0.43
         0.78        8310.5         3.130    Nov  9 07:36:22      1543     0.43
         0.78        8313.4         2.860    Nov  9 07:36:23      1544     0.43
         0.78        8316.1         2.730    Nov  9 07:36:23      1544     0.43
         0.78        8318.7         2.590    Nov  9 07:36:24      1545     0.43
         0.78        8321.6         2.900    Nov  9 07:36:24      1545     0.43
         0.78        8324.2         2.640    Nov  9 07:36:25      1546     0.43
         0.79        8326.8         2.570    Nov  9 07:36:25      1546     0.43
         0.79        8329.7         2.880    Nov  9 07:36:26      1547     0.43
         0.79        8332.2         2.520    Nov  9 07:36:27      1548     0.43
         0.79        8334.9         2.690    Nov  9 07:36:27      1548     0.43
         0.79        8337.6         2.740    Nov  9 07:36:28      1549     0.43
         0.79        8340.1         2.470    Nov  9 07:36:28      1549     0.43
         0.79        8342.9         2.810    Nov  9 07:36:29      1550     0.43
         0.79        8345.6         2.720    Nov  9 07:36:29      1550     0.43
         0.79        8348.2         2.560    Nov  9 07:36:30      1551     0.43
         0.79        8350.9         2.730    Nov  9 07:36:31      1552     0.43
         0.80        8353.4         2.480    Nov  9 07:36:31      1552     0.43
         0.80        8356.3         2.900    Nov  9 07:36:32      1553     0.43
         0.80        8359.1         2.840    Nov  9 07:36:32      1553     0.43
         0.80        8361.7         2.570    Nov  9 07:36:33      1554     0.43
         0.80        8364.4         2.710    Nov  9 07:36:33      1554     0.43
         0.80        8367.1         2.690    Nov  9 07:36:34      1555     0.43
         0.80        8369.8         2.720    Nov  9 07:36:35      1556     0.43
         0.80        8372.5         2.660    Nov  9 07:36:35      1556     0.43
         0.80        8375.1         2.580    Nov  9 07:36:36      1557     0.43
         0.80        8377.7         2.680    Nov  9 07:36:36      1557     0.43
         0.81        8380.3         2.530    Nov  9 07:36:37      1558     0.43
         0.81        8383.1         2.790    Nov  9 07:36:37      1558     0.43
         0.81        8385.5         2.400    Nov  9 07:36:38      1559     0.43
         0.81        8388.3         2.870    Nov  9 07:36:38      1559     0.43
         0.81        8391.0         2.710    Nov  9 07:36:39      1560     0.43
         0.81        8393.6         2.530    Nov  9 07:36:40      1561     0.43
         0.81        8395.6         2.080    Nov  9 07:36:40      1561     0.43
         0.81        8398.3         2.670    Nov  9 07:36:41      1562     0.43
         0.81        8400.8         2.460    Nov  9 07:36:41      1562     0.43
         0.81        8403.4         2.660    Nov  9 07:36:42      1563     0.43
         0.82        8406.0         2.580    Nov  9 07:36:42      1563     0.43
         0.82        8408.7         2.690    Nov  9 07:36:43      1564     0.43
         0.82        8411.2         2.520    Nov  9 07:36:43      1564     0.43
         0.82        8414.0         2.760    Nov  9 07:36:44      1565     0.43
         0.82        8416.6         2.590    Nov  9 07:36:45      1566     0.43
         0.82        8418.9         2.290    Nov  9 07:36:45      1566     0.43
         0.82        8421.4         2.480    Nov  9 07:36:46      1567     0.44
         0.82        8424.0         2.620    Nov  9 07:36:46      1567     0.44
         0.82        8426.8         2.810    Nov  9 07:36:47      1568     0.44
         0.82        8429.5         2.700    Nov  9 07:36:47      1568     0.44
         0.83        8432.3         2.850    Nov  9 07:36:48      1569     0.44
         0.83        8435.0         2.680    Nov  9 07:36:49      1570     0.44
         0.83        8437.5         2.460    Nov  9 07:36:49      1570     0.44
         0.83        8440.4         2.880    Nov  9 07:36:50      1571     0.44
         0.83        8442.9         2.510    Nov  9 07:36:50      1571     0.44
         0.83        8445.6         2.730    Nov  9 07:36:51      1572     0.44
         0.83        8448.2         2.600    Nov  9 07:36:52      1573     0.44
         0.83        8450.8         2.640    Nov  9 07:36:52      1573     0.44
         0.83        8453.7         2.880    Nov  9 07:36:53      1574     0.44
         0.83        8456.3         2.580    Nov  9 07:36:53      1574     0.44
         0.84        8459.2         2.870    Nov  9 07:36:54      1575     0.44
         0.84        8461.9         2.700    Nov  9 07:36:55      1576     0.44
         0.84        8464.6         2.700    Nov  9 07:36:55      1576     0.44
         0.84        8467.3         2.720    Nov  9 07:36:56      1577     0.44
         0.84        8470.0         2.690    Nov  9 07:36:56      1577     0.44
         0.84        8472.8         2.780    Nov  9 07:36:57      1578     0.44
         0.84        8475.2         2.500    Nov  9 07:36:58      1579     0.44
         0.84        8477.7         2.450    Nov  9 07:36:58      1579     0.44
         0.84        8480.0         2.310    Nov  9 07:36:59      1580     0.44
         0.84        8482.3         2.270    Nov  9 07:36:59      1580     0.44
         0.85        8484.7         2.430    Nov  9 07:37:00      1581     0.44
         0.85        8487.0         2.310    Nov  9 07:37:00      1581     0.44
         0.85        8489.6         2.540    Nov  9 07:37:01      1582     0.44
         0.85        8491.9         2.340    Nov  9 07:37:01      1582     0.44
         0.85        8494.7         2.760    Nov  9 07:37:02      1583     0.44
         0.85        8497.2         2.500    Nov  9 07:37:02      1583     0.44
         0.85        8499.4         2.290    Nov  9 07:37:03      1584     0.44
         0.85        8501.9         2.470    Nov  9 07:37:03      1584     0.44
         0.85        8504.5         2.580    Nov  9 07:37:04      1585     0.44
         0.85        8507.0         2.480    Nov  9 07:37:04      1585     0.44
         0.86        8509.8         2.790    Nov  9 07:37:05      1586     0.44
         0.86        8512.0         2.260    Nov  9 07:37:06      1587     0.44
         0.86        8514.5         2.500    Nov  9 07:37:06      1587     0.44
         0.86        8516.8         2.250    Nov  9 07:37:07      1588     0.44
         0.86        8519.6         2.860    Nov  9 07:37:07      1588     0.44
         0.86        8522.3         2.630    Nov  9 07:37:08      1589     0.44
         0.86        8524.1         1.860    Nov  9 07:37:08      1589     0.44
         0.86        8526.4         2.300    Nov  9 07:37:09      1590     0.44
         0.86        8528.9         2.500    Nov  9 07:37:09      1590     0.44
         0.86        8531.5         2.610    Nov  9 07:37:10      1591     0.44
         0.87        8534.1         2.590    Nov  9 07:37:10      1591     0.44
         0.87        8536.1         1.980    Nov  9 07:37:11      1592     0.44
         0.87        8538.6         2.500    Nov  9 07:37:11      1592     0.44
         0.87        8541.4         2.750    Nov  9 07:37:12      1593     0.44
         0.87        8544.0         2.630    Nov  9 07:37:13      1594     0.44
         0.87        8546.5         2.550    Nov  9 07:37:13      1594     0.44
         0.87        8549.3         2.750    Nov  9 07:37:14      1595     0.44
         0.87        8551.7         2.430    Nov  9 07:37:14      1595     0.44
         0.87        8554.5         2.750    Nov  9 07:37:15      1596     0.44
         0.87        8557.0         2.530    Nov  9 07:37:15      1596     0.44
         0.88        8559.6         2.570    Nov  9 07:37:16      1597     0.44
         0.88        8562.1         2.570    Nov  9 07:37:16      1597     0.44
         0.88        8564.9         2.800    Nov  9 07:37:17      1598     0.44
         0.88        8567.7         2.740    Nov  9 07:37:18      1599     0.44
         0.88        8570.3         2.630    Nov  9 07:37:18      1599     0.44
         0.88        8572.9         2.630    Nov  9 07:37:19      1600     0.44
         0.88        8575.7         2.760    Nov  9 07:37:20      1601     0.44
         0.88        8578.3         2.560    Nov  9 07:37:20      1601     0.44
         0.88        8581.0         2.720    Nov  9 07:37:21      1602     0.45
         0.88        8583.4         2.460    Nov  9 07:37:21      1602     0.45
         0.89        8586.0         2.570    Nov  9 07:37:22      1603     0.45
         0.89        8588.7         2.730    Nov  9 07:37:22      1603     0.45
         0.89        8591.2         2.440    Nov  9 07:37:23      1604     0.45
         0.89        8593.8         2.630    Nov  9 07:37:23      1604     0.45
         0.89        8596.4         2.620    Nov  9 07:37:24      1605     0.45
         0.89        8599.0         2.570    Nov  9 07:37:25      1606     0.45
         0.89        8601.6         2.570    Nov  9 07:37:25      1606     0.45
         0.89        8604.2         2.610    Nov  9 07:37:26      1607     0.45
         0.89        8606.8         2.640    Nov  9 07:37:26      1607     0.45
         0.89        8609.4         2.580    Nov  9 07:37:27      1608     0.45
         0.90        8612.0         2.590    Nov  9 07:37:27      1608     0.45
         0.90        8614.6         2.630    Nov  9 07:37:28      1609     0.45
         0.90        8617.3         2.690    Nov  9 07:37:29      1610     0.45
         0.90        8619.7         2.410    Nov  9 07:37:29      1610     0.45
         0.90        8622.7         2.970    Nov  9 07:37:30      1611     0.45
         0.90        8625.5         2.780    Nov  9 07:37:30      1611     0.45
         0.90        8627.8         2.360    Nov  9 07:37:31      1612     0.45
         0.90        8630.5         2.640    Nov  9 07:37:32      1613     0.45
         0.90        8633.0         2.560    Nov  9 07:37:32      1613     0.45
         0.90        8635.6         2.600    Nov  9 07:37:33      1614     0.45
         0.91        8638.3         2.650    Nov  9 07:37:33      1614     0.45
         0.91        8640.9         2.630    Nov  9 07:37:34      1615     0.45
         0.91        8643.5         2.630    Nov  9 07:37:34      1615     0.45
         0.91        8646.3         2.800    Nov  9 07:37:35      1616     0.45
         0.91        8648.9         2.590    Nov  9 07:37:36      1617     0.45
         0.91        8651.7         2.780    Nov  9 07:37:36      1617     0.45
         0.91        8654.3         2.630    Nov  9 07:37:37      1618     0.45
         0.91        8656.8         2.440    Nov  9 07:37:37      1618     0.45
         0.91        8659.5         2.700    Nov  9 07:37:38      1619     0.45
         0.91        8662.3         2.790    Nov  9 07:37:39      1620     0.45
         0.92        8665.1         2.810    Nov  9 07:37:39      1620     0.45
         0.92        8667.6         2.520    Nov  9 07:37:40      1621     0.45
         0.92        8670.0         2.420    Nov  9 07:37:40      1621     0.45
         0.92        8672.7         2.700    Nov  9 07:37:41      1622     0.45
         0.92        8675.3         2.600    Nov  9 07:37:41      1622     0.45
         0.92        8677.8         2.430    Nov  9 07:37:42      1623     0.45
         0.92        8680.2         2.460    Nov  9 07:37:42      1623     0.45
         0.92        8682.8         2.620    Nov  9 07:37:43      1624     0.45
         0.92        8685.4         2.590    Nov  9 07:37:44      1625     0.45
         0.92        8687.9         2.480    Nov  9 07:37:44      1625     0.45
         0.93        8690.7         2.780    Nov  9 07:37:45      1626     0.45
         0.93        8693.1         2.460    Nov  9 07:37:45      1626     0.45
         0.93        8695.9         2.770    Nov  9 07:37:46      1627     0.45
         0.93        8698.6         2.650    Nov  9 07:37:46      1627     0.45
         0.93        8701.0         2.490    Nov  9 07:37:47      1628     0.45
         0.93        8703.7         2.620    Nov  9 07:37:48      1629     0.45
         0.93        8706.4         2.680    Nov  9 07:37:48      1629     0.45
         0.93        8709.1         2.760    Nov  9 07:37:49      1630     0.45
         0.93        8711.9         2.770    Nov  9 07:37:49      1630     0.45
         0.93        8714.3         2.430    Nov  9 07:37:50      1631     0.45
         0.94        8717.2         2.940    Nov  9 07:37:51      1632     0.45
         0.94        8719.9         2.600    Nov  9 07:37:51      1632     0.45
         0.94        8722.3         2.410    Nov  9 07:37:52      1633     0.45
         0.94        8724.9         2.650    Nov  9 07:37:52      1633     0.45
         0.94        8727.3         2.430    Nov  9 07:37:53      1634     0.45
         0.94        8730.0         2.710    Nov  9 07:37:53      1634     0.45
         0.94        8732.6         2.570    Nov  9 07:37:54      1635     0.45
         0.94        8735.4         2.760    Nov  9 07:37:54      1635     0.45
         0.94        8738.0         2.590    Nov  9 07:37:55      1636     0.45
         0.94        8740.5         2.540    Nov  9 07:37:56      1637     0.45
         0.95        8743.2         2.700    Nov  9 07:37:56      1637     0.45
         0.95        8745.6         2.420    Nov  9 07:37:57      1638     0.46
         0.95        8748.0         2.390    Nov  9 07:37:57      1638     0.46
         0.95        8750.4         2.370    Nov  9 07:37:58      1639     0.46
         0.95        8753.3         2.900    Nov  9 07:37:58      1639     0.46
         0.95        8755.9         2.620    Nov  9 07:37:59      1640     0.46
         0.95        8758.3         2.410    Nov  9 07:37:59      1640     0.46
         0.95        8760.9         2.530    Nov  9 07:38:00      1641     0.46
         0.95        8763.5         2.640    Nov  9 07:38:01      1642     0.46
         0.95        8766.1         2.630    Nov  9 07:38:01      1642     0.46
         0.96        8768.8         2.700    Nov  9 07:38:02      1643     0.46
         0.96        8771.1         2.240    Nov  9 07:38:02      1643     0.46
         0.96        8773.6         2.590    Nov  9 07:38:03      1644     0.46
         0.96        8776.2         2.590    Nov  9 07:38:03      1644     0.46
         0.96        8778.8         2.590    Nov  9 07:38:04      1645     0.46
         0.96        8781.4         2.580    Nov  9 07:38:04      1645     0.46
         0.96        8784.0         2.560    Nov  9 07:38:05      1646     0.46
         0.96        8786.5         2.500    Nov  9 07:38:06      1647     0.46
         0.96        8789.2         2.700    Nov  9 07:38:06      1647     0.46
         0.96        8791.7         2.560    Nov  9 07:38:07      1648     0.46
         0.97        8794.0         2.280    Nov  9 07:38:07      1648     0.46
         0.97        8796.8         2.790    Nov  9 07:38:08      1649     0.46
         0.97        8799.3         2.530    Nov  9 07:38:08      1649     0.46
         0.97        8802.1         2.760    Nov  9 07:38:09      1650     0.46
         0.97        8804.7         2.650    Nov  9 07:38:10      1651     0.46
         0.97        8807.4         2.620    Nov  9 07:38:10      1651     0.46
         0.97        8810.1         2.730    Nov  9 07:38:11      1652     0.46
         0.97        8812.6         2.560    Nov  9 07:38:11      1652     0.46
         0.97        8815.4         2.730    Nov  9 07:38:12      1653     0.46
         0.97        8817.9         2.520    Nov  9 07:38:12      1653     0.46
         0.98        8820.5         2.580    Nov  9 07:38:13      1654     0.46
         0.98        8823.2         2.760    Nov  9 07:38:14      1655     0.46
         0.98        8825.7         2.440    Nov  9 07:38:14      1655     0.46
         0.98        8828.2         2.570    Nov  9 07:38:15      1656     0.46
         0.98        8830.8         2.600    Nov  9 07:38:15      1656     0.46
         0.98        8833.5         2.630    Nov  9 07:38:16      1657     0.46
         0.98        8836.1         2.630    Nov  9 07:38:16      1657     0.46
         0.98        8838.8         2.660    Nov  9 07:38:17      1658     0.46
         0.98        8841.4         2.610    Nov  9 07:38:18      1659     0.46
         0.98        8843.9         2.550    Nov  9 07:38:18      1659     0.46
         0.99        8846.5         2.620    Nov  9 07:38:19      1660     0.46
         0.99        8849.2         2.610    Nov  9 07:38:19      1660     0.46
         0.99        8851.7         2.530    Nov  9 07:38:20      1661     0.46
         0.99        8854.1         2.450    Nov  9 07:38:20      1661     0.46
         0.99        8856.9         2.780    Nov  9 07:38:21      1662     0.46
         0.99        8859.5         2.620    Nov  9 07:38:22      1663     0.46
         0.99        8862.0         2.480    Nov  9 07:38:22      1663     0.46
         0.99        8864.4         2.340    Nov  9 07:38:23      1664     0.46
         0.99        8866.6         2.270    Nov  9 07:38:23      1664     0.46
         0.99        8869.3         2.650    Nov  9 07:38:24      1665     0.46
         0.99        8872.0         2.670    Nov  9 07:38:24      1665     0.46
         1.00        8874.7         2.710    Nov  9 07:38:25      1666     0.46
         1.00        8877.4         2.750    Nov  9 07:38:25      1666     0.46
         1.00        8879.9         2.500    Nov  9 07:38:26      1667     0.46
         1.00        8882.4         2.530    Nov  9 07:38:27      1668     0.46
         1.00        8885.2         2.750    Nov  9 07:38:27      1668     0.46
