#Update-step  Updatetime     Error of A        Error of phi      Time in fs
     1                                         0.116820E-003
     1 *      0.00151515     0.000000E+000     0.350362E-006        0.0000
     1        0.00151515     0.000000E+000     0.322317E-006        0.0015
     2        0.00242424     0.000000E+000     0.742752E-006        0.0030
     3        0.00262626     0.000000E+000     0.761027E-006        0.0055
     4        0.00278543     0.000000E+000     0.743075E-006        0.0081
     5        0.00297113     0.000000E+000     0.730192E-006        0.0109
     6        0.00319121     0.000000E+000     0.720926E-006        0.0138
     7        0.00345714     0.000000E+000     0.713594E-006        0.0170
     8        0.00378639     0.000000E+000     0.729885E-006        0.0205
     9        0.00398568     0.000000E+000     0.725011E-006        0.0243
    10        0.00422013     0.000000E+000     0.656958E-006        0.0283
    11        0.00482301     0.000000E+000     0.732083E-006        0.0325
    12        0.00522492     0.000000E+000     0.733294E-006        0.0373
    13        0.00574742     0.000000E+000     0.783779E-006        0.0425
    14        0.00574742     0.000000E+000     0.664915E-006        0.0483
    15 *      0.00328424     0.000000E+000     0.319793E-006        0.0540
    15        0.00328424     0.000000E+000     0.945648E-006        0.0573
    16                                         0.184322E-004
    16        0.00015828     0.000000E+000     0.178311E-006        0.0606
    17 *      0.00014222     0.000000E+000     0.327317E-006        0.0607
    17        0.00014222     0.000000E+000     0.566620E-006        0.0609
    18 *      0.00009278     0.000000E+000     0.306123E-006        0.0610
    18        0.00009278     0.000000E+000     0.325349E-006        0.0611
    19        0.00015090     0.000000E+000     0.882783E-006        0.0612
    20        0.00015515     0.000000E+000     0.941569E-006        0.0614
    21        0.00015515     0.000000E+000     0.931946E-006        0.0615
    22        0.00015578     0.000000E+000     0.920590E-006        0.0617
    23        0.00015706     0.000000E+000     0.911498E-006        0.0618
    24        0.00015903     0.000000E+000     0.908146E-006        0.0620
    25        0.00016175     0.000000E+000     0.913433E-006        0.0622
    26        0.00016386     0.000000E+000     0.917896E-006        0.0623
    27        0.00016530     0.000000E+000     0.939554E-006        0.0625
    28 *      0.00008265     0.000000E+000     0.511251E-006        0.0626
    28        0.00008265     0.000000E+000     0.494522E-006        0.0627
    29        0.00011409     0.000000E+000     0.910969E-006        0.0628
    30        0.00011587     0.000000E+000     0.898158E-006        0.0629
    31 *      0.00005905     0.000000E+000     0.261000E-006        0.0630
    31        0.00005905     0.000000E+000     0.252951E-006        0.0631
    32        0.00010557     0.000000E+000     0.782132E-006        0.0632
    33        0.00011339     0.000000E+000     0.862878E-006        0.0633
    34        0.00011739     0.000000E+000     0.902475E-006        0.0634
    35 *      0.00005985     0.000000E+000     0.286943E-006        0.0635
    35        0.00005985     0.000000E+000     0.243758E-006        0.0636
    36        0.00010862     0.000000E+000     0.773040E-006        0.0636
    37 *      0.00005871     0.000000E+000     0.270441E-006        0.0637
    37        0.00005871     0.000000E+000     0.326794E-006        0.0638
    38 *      0.00004758     0.000000E+000     0.282137E-006        0.0638
    38        0.00004758     0.000000E+000     0.508619E-006        0.0639
    39        0.00006499     0.000000E+000     0.229804E-006        0.0639
    40        0.00010812     0.000000E+000     0.626014E-006        0.0640
    41        0.00012639     0.000000E+000     0.983424E-006        0.0641
    42 *      0.00006231     0.000000E+000     0.306126E-006        0.0642
    42        0.00006231     0.000000E+000     0.342087E-006        0.0643
    43        0.00009929     0.000000E+000     0.960138E-006        0.0644
    44 *      0.00004937     0.000000E+000     0.276348E-006        0.0645
    44        0.00004937     0.000000E+000     0.298605E-006        0.0645
    45        0.00008301     0.000000E+000     0.905406E-006        0.0646
    46 *      0.00004220     0.000000E+000     0.264611E-006        0.0646
    46        0.00004220     0.000000E+000     0.279522E-006        0.0647
    47        0.00007274     0.000000E+000     0.871662E-006        0.0647
    48 *      0.00003753     0.000000E+000     0.253663E-006        0.0648
    48        0.00003753     0.000000E+000     0.264832E-006        0.0648
    49        0.00006603     0.000000E+000     0.851638E-006        0.0649
    50        0.00006875     0.000000E+000     0.991222E-006        0.0649
    51 *      0.00003378     0.000000E+000     0.251694E-006        0.0650
    51        0.00003378     0.000000E+000     0.259924E-006        0.0650
    52        0.00005991     0.000000E+000     0.840928E-006        0.0651
    53        0.00006271     0.000000E+000     0.973066E-006        0.0651
    54 *      0.00003102     0.000000E+000     0.254100E-006        0.0652
    54        0.00003102     0.000000E+000     0.264348E-006        0.0652
    55        0.00005463     0.000000E+000     0.843572E-006        0.0653
    56        0.00005705     0.000000E+000     0.932806E-006        0.0653
    57 *      0.00002872     0.000000E+000     0.257633E-006        0.0654
    57        0.00002872     0.000000E+000     0.249257E-006        0.0654
    58        0.00005176     0.000000E+000     0.870862E-006        0.0654
    59        0.00005344     0.000000E+000     0.868535E-006        0.0655
    60        0.00005524     0.000000E+000     0.980867E-006        0.0655
    61 *      0.00002727     0.000000E+000     0.315126E-006        0.0656
    61        0.00002727     0.000000E+000     0.316022E-006        0.0656
    62        0.00004486     0.000000E+000     0.861577E-006        0.0656
    63        0.00004650     0.000000E+000     0.950237E-006        0.0657
    64        0.00004643     0.000000E+000     0.971840E-006        0.0657
    65        0.00004600     0.000000E+000     0.965082E-006        0.0658
    66        0.00004569     0.000000E+000     0.951112E-006        0.0658
    67        0.00004563     0.000000E+000     0.940929E-006        0.0659
    68        0.00004575     0.000000E+000     0.935864E-006        0.0659
    69        0.00004600     0.000000E+000     0.932207E-006        0.0660
    70        0.00004631     0.000000E+000     0.924923E-006        0.0660
    71        0.00004676     0.000000E+000     0.916356E-006        0.0661
    72        0.00004735     0.000000E+000     0.799798E-006        0.0661
    73 *      0.00002526     0.000000E+000     0.272481E-006        0.0661
    73        0.00002526     0.000000E+000     0.357475E-006        0.0662
    74 *      0.00001979     0.000000E+000     0.278452E-006        0.0662
    74        0.00001979     0.000000E+000     0.279310E-006        0.0662
    75        0.00003414     0.000000E+000     0.831525E-006        0.0662
    76        0.00003588     0.000000E+000     0.922008E-006        0.0663
    77        0.00003627     0.000000E+000     0.943565E-006        0.0663
    78        0.00003635     0.000000E+000     0.947850E-006        0.0663
    79        0.00003635     0.000000E+000     0.947640E-006        0.0664
    80        0.00003635     0.000000E+000     0.945532E-006        0.0664
    81        0.00003638     0.000000E+000     0.943740E-006        0.0665
    82        0.00003646     0.000000E+000     0.943534E-006        0.0665
    83        0.00003654     0.000000E+000     0.943046E-006        0.0665
    84        0.00003662     0.000000E+000     0.942380E-006        0.0666
    85        0.00003670     0.000000E+000     0.941684E-006        0.0666
    86        0.00003683     0.000000E+000     0.943202E-006        0.0666
    87        0.00003691     0.000000E+000     0.942989E-006        0.0667
    88        0.00003699     0.000000E+000     0.943359E-006        0.0667
    89        0.00003707     0.000000E+000     0.944607E-006        0.0667
    90        0.00003711     0.000000E+000     0.945002E-006        0.0668
    91        0.00003715     0.000000E+000     0.947112E-006        0.0668
    92        0.00003720     0.000000E+000     0.951495E-006        0.0669
    93        0.00003715     0.000000E+000     0.954462E-006        0.0669
    94        0.00003707     0.000000E+000     0.958521E-006        0.0669
    95        0.00003691     0.000000E+000     0.961528E-006        0.0670
    96        0.00003670     0.000000E+000     0.964837E-006        0.0670
    97        0.00003646     0.000000E+000     0.966024E-006        0.0670
    98        0.00003622     0.000000E+000     0.960270E-006        0.0671
    99        0.00003606     0.000000E+000     0.932164E-006        0.0671
   100        0.00003630     0.000000E+000     0.868068E-006        0.0672
   101        0.00003754     0.000000E+000     0.868276E-006        0.0672
   102        0.00003883     0.000000E+000     0.880125E-006        0.0672
   103        0.00003997     0.000000E+000     0.886076E-006        0.0673
   104        0.00004102     0.000000E+000     0.895618E-006        0.0673
   105        0.00004192     0.000000E+000     0.911842E-006        0.0673
   106        0.00004258     0.000000E+000     0.928706E-006        0.0674
   107        0.00004291     0.000000E+000     0.939533E-006        0.0674
   108        0.00004308     0.000000E+000     0.954813E-006        0.0675
   109        0.00004297     0.000000E+000     0.894877E-006        0.0675
   110        0.00004390     0.000000E+000     0.931199E-006        0.0676
   111        0.00004420     0.000000E+000     0.941283E-006        0.0676
   112        0.00004432     0.000000E+000     0.944238E-006        0.0676
   113        0.00004438     0.000000E+000     0.944970E-006        0.0677
   114        0.00004444     0.000000E+000     0.945933E-006        0.0677
   115        0.00004450     0.000000E+000     0.947034E-006        0.0678
   116        0.00004450     0.000000E+000     0.945594E-006        0.0678
   117        0.00004456     0.000000E+000     0.946765E-006        0.0679
   118        0.00004456     0.000000E+000     0.945282E-006        0.0679
   119        0.00004463     0.000000E+000     0.946338E-006        0.0680
   120        0.00004469     0.000000E+000     0.947288E-006        0.0680
   121        0.00004469     0.000000E+000     0.945474E-006        0.0680
   122        0.00004475     0.000000E+000     0.946137E-006        0.0681
   123        0.00004481     0.000000E+000     0.946626E-006        0.0681
   124        0.00004481     0.000000E+000     0.944275E-006        0.0682
   125        0.00004488     0.000000E+000     0.944359E-006        0.0682
   126        0.00004494     0.000000E+000     0.944213E-006        0.0683
   127        0.00004501     0.000000E+000     0.943817E-006        0.0683
   128        0.00004507     0.000000E+000     0.943150E-006        0.0684
   129        0.00004513     0.000000E+000     0.942187E-006        0.0684
   130        0.00004526     0.000000E+000     0.943586E-006        0.0685
   131        0.00004533     0.000000E+000     0.941943E-006        0.0685
   132        0.00004546     0.000000E+000     0.942609E-006        0.0685
   133        0.00004559     0.000000E+000     0.942846E-006        0.0686
   134        0.00004566     0.000000E+000     0.939878E-006        0.0686
   135        0.00004579     0.000000E+000     0.939087E-006        0.0687
   136        0.00004599     0.000000E+000     0.940415E-006        0.0687
   137        0.00004613     0.000000E+000     0.938288E-006        0.0688
   138        0.00004633     0.000000E+000     0.938108E-006        0.0688
   139        0.00004654     0.000000E+000     0.936992E-006        0.0689
   140        0.00004675     0.000000E+000     0.934795E-006        0.0689
   141        0.00004704     0.000000E+000     0.934150E-006        0.0690
   142        0.00004732     0.000000E+000     0.932065E-006        0.0690
   143        0.00004761     0.000000E+000     0.928322E-006        0.0691
   144        0.00004798     0.000000E+000     0.925531E-006        0.0691
   145        0.00004844     0.000000E+000     0.923464E-006        0.0691
   146        0.00004890     0.000000E+000     0.919000E-006        0.0692
   147        0.00004945     0.000000E+000     0.914833E-006        0.0692
   148        0.00005009     0.000000E+000     0.910868E-006        0.0693
   149        0.00005084     0.000000E+000     0.907217E-006        0.0693
   150        0.00005170     0.000000E+000     0.904449E-006        0.0694
   151        0.00005259     0.000000E+000     0.901070E-006        0.0694
   152        0.00005361     0.000000E+000     0.904250E-006        0.0695
   153        0.00005457     0.000000E+000     0.920399E-006        0.0696
   154 *      0.00002758     0.000000E+000     0.255365E-006        0.0696
   154        0.00002758     0.000000E+000     0.266166E-006        0.0696
   155        0.00004846     0.000000E+000     0.790273E-006        0.0697
   156        0.00005196     0.000000E+000     0.858232E-006        0.0697
   157        0.00005400     0.000000E+000     0.873668E-006        0.0698
   158        0.00005569     0.000000E+000     0.875924E-006        0.0698
   159        0.00005739     0.000000E+000     0.878191E-006        0.0699
   160        0.00005908     0.000000E+000     0.882005E-006        0.0699
   161        0.00006075     0.000000E+000     0.889999E-006        0.0700
   162        0.00006227     0.000000E+000     0.903090E-006        0.0700
   163        0.00006346     0.000000E+000     0.925319E-006        0.0701
   164        0.00006400     0.000000E+000     0.962823E-006        0.0702
   165 *      0.00003180     0.000000E+000     0.261111E-006        0.0702
   165        0.00003180     0.000000E+000     0.281288E-006        0.0703
   166        0.00005469     0.000000E+000     0.924273E-006        0.0703
   167 *      0.00002760     0.000000E+000     0.321114E-006        0.0704
   167        0.00002760     0.000000E+000     0.284477E-006        0.0704
   168        0.00004726     0.000000E+000     0.756079E-006        0.0704
   169        0.00005146     0.000000E+000     0.843623E-006        0.0705
   170 *      0.00002691     0.000000E+000     0.264072E-006        0.0705
   170        0.00002691     0.000000E+000     0.256930E-006        0.0705
   171        0.00004794     0.000000E+000     0.802388E-006        0.0706
   172        0.00005102     0.000000E+000     0.954457E-006        0.0706
   173 *      0.00002542     0.000000E+000     0.255965E-006        0.0707
   173        0.00002542     0.000000E+000     0.261313E-006        0.0707
   174        0.00004499     0.000000E+000     0.814112E-006        0.0707
   175        0.00004762     0.000000E+000     0.870946E-006        0.0708
   176        0.00004915     0.000000E+000     0.957948E-006        0.0708
   177        0.00004898     0.000000E+000     0.972913E-006        0.0709
   178        0.00004849     0.000000E+000     0.961234E-006        0.0709
   179        0.00004825     0.000000E+000     0.983312E-006        0.0710
   180        0.00004762     0.000000E+000     0.991396E-006        0.0710
   181        0.00004685     0.000000E+000     0.985352E-006        0.0710
   182        0.00004617     0.000000E+000     0.969901E-006        0.0711
   183        0.00004581     0.000000E+000     0.951358E-006        0.0711
   184        0.00004573     0.000000E+000     0.927740E-006        0.0712
   185        0.00004610     0.000000E+000     0.903990E-006        0.0712
   186        0.00004693     0.000000E+000     0.880201E-006        0.0713
   187        0.00004827     0.000000E+000     0.858790E-006        0.0713
   188        0.00005013     0.000000E+000     0.845291E-006        0.0714
   189        0.00005233     0.000000E+000     0.854678E-006        0.0714
   190        0.00005443     0.000000E+000     0.895332E-006        0.0715
   191        0.00005560     0.000000E+000     0.925145E-006        0.0715
   192        0.00005615     0.000000E+000     0.940936E-006        0.0716
   193        0.00005626     0.000000E+000     0.944431E-006        0.0716
   194        0.00005637     0.000000E+000     0.948552E-006        0.0717
   195        0.00005637     0.000000E+000     0.948753E-006        0.0718
   196        0.00005637     0.000000E+000     0.948251E-006        0.0718
   197        0.00005637     0.000000E+000     0.946668E-006        0.0719
   198        0.00005637     0.000000E+000     0.943693E-006        0.0719
   199        0.00005649     0.000000E+000     0.942811E-006        0.0720
   200        0.00005660     0.000000E+000     0.940003E-006        0.0720
   201        0.00005672     0.000000E+000     0.935033E-006        0.0721
   202        0.00005695     0.000000E+000     0.931449E-006        0.0722
   203        0.00005730     0.000000E+000     0.929025E-006        0.0722
   204        0.00005778     0.000000E+000     0.927549E-006        0.0723
   205        0.00005826     0.000000E+000     0.922954E-006        0.0723
   206        0.00005889     0.000000E+000     0.918862E-006        0.0724
   207        0.00005952     0.000000E+000     0.911146E-006        0.0724
   208        0.00006044     0.000000E+000     0.907423E-006        0.0725
   209        0.00006138     0.000000E+000     0.899522E-006        0.0726
   210        0.00006265     0.000000E+000     0.895144E-006        0.0726
   211        0.00006397     0.000000E+000     0.885664E-006        0.0727
   212        0.00006566     0.000000E+000     0.878534E-006        0.0727
   213        0.00006762     0.000000E+000     0.868166E-006        0.0728
   214        0.00006989     0.000000E+000     0.852343E-006        0.0729
   215        0.00007271     0.000000E+000     0.833962E-006        0.0730
   216        0.00007620     0.000000E+000     0.831272E-006        0.0730
   217 *      0.00004003     0.000000E+000     0.322756E-006        0.0731
   217        0.00004003     0.000000E+000     0.621167E-006        0.0731
   218        0.00005051     0.000000E+000     0.481509E-006        0.0732
   219        0.00006497     0.000000E+000     0.552855E-006        0.0732
   220        0.00007947     0.000000E+000     0.775507E-006        0.0733
   221        0.00008561     0.000000E+000     0.869954E-006        0.0734
   222        0.00008846     0.000000E+000     0.904162E-006        0.0735
   223        0.00008996     0.000000E+000     0.912543E-006        0.0736
   224        0.00009121     0.000000E+000     0.916966E-006        0.0736
   225        0.00009217     0.000000E+000     0.917068E-006        0.0737
   226        0.00009315     0.000000E+000     0.919043E-006        0.0738
   227        0.00009416     0.000000E+000     0.922766E-006        0.0739
   228        0.00009520     0.000000E+000     0.928047E-006        0.0740
   229        0.00009590     0.000000E+000     0.927821E-006        0.0741
   230        0.00009662     0.000000E+000     0.928497E-006        0.0742
   231        0.00009735     0.000000E+000     0.929793E-006        0.0743
   232        0.00009810     0.000000E+000     0.931461E-006        0.0744
   233        0.00009848     0.000000E+000     0.926155E-006        0.0745
   234        0.00009925     0.000000E+000     0.927911E-006        0.0746
   235        0.00010003     0.000000E+000     0.929507E-006        0.0747
   236        0.00010083     0.000000E+000     0.930853E-006        0.0748
   237        0.00010124     0.000000E+000     0.924476E-006        0.0749
   238        0.00010206     0.000000E+000     0.925175E-006        0.0750
   239        0.00010291     0.000000E+000     0.925547E-006        0.0751
   240        0.00010377     0.000000E+000     0.925607E-006        0.0752
   241        0.00010465     0.000000E+000     0.925378E-006        0.0753
   242        0.00010555     0.000000E+000     0.924868E-006        0.0754
   243        0.00010646     0.000000E+000     0.923972E-006        0.0755
   244 *      0.00005370     0.000000E+000     0.304012E-006        0.0756
   244        0.00005370     0.000000E+000     0.298835E-006        0.0757
   245        0.00009023     0.000000E+000     0.649794E-006        0.0757
   246        0.00010379     0.000000E+000     0.844474E-006        0.0758
   247        0.00010846     0.000000E+000     0.935545E-006        0.0759
   248        0.00010896     0.000000E+000     0.971984E-006        0.0760
   249 *      0.00005399     0.000000E+000     0.278421E-006        0.0761
   249        0.00005399     0.000000E+000     0.239175E-006        0.0762
   250        0.00009856     0.000000E+000     0.793264E-006        0.0762
   251        0.00010513     0.000000E+000     0.886314E-006        0.0763
   252        0.00010753     0.000000E+000     0.910592E-006        0.0765
   253        0.00010903     0.000000E+000     0.918984E-006        0.0766
   254        0.00011006     0.000000E+000     0.918825E-006        0.0767
   255        0.00011112     0.000000E+000     0.918541E-006        0.0768
   256        0.00011220     0.000000E+000     0.918187E-006        0.0769
   257        0.00011330     0.000000E+000     0.917817E-006        0.0770
   258        0.00011443     0.000000E+000     0.917487E-006        0.0771
   259        0.00011560     0.000000E+000     0.917248E-006        0.0772
   260        0.00011679     0.000000E+000     0.917146E-006        0.0773
   261        0.00011801     0.000000E+000     0.917223E-006        0.0775
   262        0.00011927     0.000000E+000     0.917518E-006        0.0776
   263        0.00012055     0.000000E+000     0.918065E-006        0.0777
   264        0.00012188     0.000000E+000     0.918898E-006        0.0778
   265        0.00012324     0.000000E+000     0.920046E-006        0.0779
   266        0.00012464     0.000000E+000     0.921537E-006        0.0781
   267        0.00012608     0.000000E+000     0.923397E-006        0.0782
   268        0.00012682     0.000000E+000     0.914980E-006        0.0783
   269        0.00012833     0.000000E+000     0.917607E-006        0.0784
   270        0.00012989     0.000000E+000     0.920670E-006        0.0786
   271        0.00013068     0.000000E+000     0.913018E-006        0.0787
   272        0.00013232     0.000000E+000     0.916953E-006        0.0788
   273        0.00013400     0.000000E+000     0.921392E-006        0.0790
   274        0.00013487     0.000000E+000     0.914584E-006        0.0791
   275        0.00013664     0.000000E+000     0.920007E-006        0.0792
   276        0.00013755     0.000000E+000     0.913844E-006        0.0794
   277        0.00013942     0.000000E+000     0.920329E-006        0.0795
   278        0.00014038     0.000000E+000     0.914848E-006        0.0796
   279        0.00014236     0.000000E+000     0.922486E-006        0.0798
   280        0.00014338     0.000000E+000     0.917731E-006        0.0799
   281        0.00014442     0.000000E+000     0.913405E-006        0.0801
   282        0.00014656     0.000000E+000     0.922884E-006        0.0802
   283        0.00014766     0.000000E+000     0.919366E-006        0.0804
   284        0.00014879     0.000000E+000     0.916314E-006        0.0805
   285        0.00014994     0.000000E+000     0.913742E-006        0.0807
   286        0.00015112     0.000000E+000     0.911664E-006        0.0808
   287        0.00015233     0.000000E+000     0.910094E-006        0.0810
   288        0.00015483     0.000000E+000     0.923845E-006        0.0811
   289        0.00015612     0.000000E+000     0.923341E-006        0.0813
   290        0.00015744     0.000000E+000     0.923423E-006        0.0814
   291        0.00015880     0.000000E+000     0.924118E-006        0.0816
   292        0.00016019     0.000000E+000     0.925451E-006        0.0817
   293        0.00016162     0.000000E+000     0.927452E-006        0.0819
   294        0.00016309     0.000000E+000     0.930154E-006        0.0821
   295        0.00016309     0.000000E+000     0.916723E-006        0.0822
   296        0.00016461     0.000000E+000     0.920812E-006        0.0824
   297        0.00016618     0.000000E+000     0.925682E-006        0.0826
   298        0.00016779     0.000000E+000     0.931374E-006        0.0827
   299        0.00016779     0.000000E+000     0.919824E-006        0.0829
   300        0.00016947     0.000000E+000     0.927067E-006        0.0831
   301        0.00016947     0.000000E+000     0.916629E-006        0.0832
   302        0.00017122     0.000000E+000     0.925481E-006        0.0834
   303        0.00017122     0.000000E+000     0.916129E-006        0.0836
   304        0.00017304     0.000000E+000     0.926648E-006        0.0837
   305        0.00017304     0.000000E+000     0.918345E-006        0.0839
   306        0.00017494     0.000000E+000     0.930582E-006        0.0841
   307        0.00017494     0.000000E+000     0.923276E-006        0.0843
   308        0.00017494     0.000000E+000     0.916572E-006        0.0844
   309        0.00017695     0.000000E+000     0.931254E-006        0.0846
   310        0.00017695     0.000000E+000     0.925437E-006        0.0848
   311        0.00017695     0.000000E+000     0.920130E-006        0.0850
   312        0.00017909     0.000000E+000     0.937256E-006        0.0851
   313        0.00017909     0.000000E+000     0.932702E-006        0.0853
   314        0.00017909     0.000000E+000     0.928566E-006        0.0855
   315        0.00017909     0.000000E+000     0.924811E-006        0.0857
   316        0.00017909     0.000000E+000     0.921397E-006        0.0859
   317        0.00017909     0.000000E+000     0.918289E-006        0.0860
   318        0.00018144     0.000000E+000     0.939451E-006        0.0862
   319        0.00018144     0.000000E+000     0.936740E-006        0.0864
   320        0.00018144     0.000000E+000     0.934235E-006        0.0866
   321        0.00018144     0.000000E+000     0.931917E-006        0.0868
   322        0.00018144     0.000000E+000     0.929720E-006        0.0869
   323        0.00018144     0.000000E+000     0.927628E-006        0.0871
   324        0.00018144     0.000000E+000     0.925607E-006        0.0873
   325        0.00018144     0.000000E+000     0.923627E-006        0.0875
   326        0.00018144     0.000000E+000     0.921660E-006        0.0877
   327        0.00018144     0.000000E+000     0.919679E-006        0.0878
   328        0.00018144     0.000000E+000     0.917658E-006        0.0880
   329        0.00018144     0.000000E+000     0.915577E-006        0.0882
   330        0.00018144     0.000000E+000     0.913413E-006        0.0884
   331        0.00018144     0.000000E+000     0.911149E-006        0.0886
   332        0.00018144     0.000000E+000     0.908767E-006        0.0888
   333        0.00018447     0.000000E+000     0.936425E-006        0.0889
   334        0.00018447     0.000000E+000     0.933635E-006        0.0891
   335        0.00018447     0.000000E+000     0.930682E-006        0.0893
   336        0.00018447     0.000000E+000     0.927555E-006        0.0895
   337        0.00018447     0.000000E+000     0.924248E-006        0.0897
   338        0.00018447     0.000000E+000     0.920758E-006        0.0899
   339        0.00018447     0.000000E+000     0.917081E-006        0.0900
   340        0.00018447     0.000000E+000     0.913218E-006        0.0902
   341        0.00018447     0.000000E+000     0.909170E-006        0.0904
   342        0.00018447     0.000000E+000     0.904941E-006        0.0906
   343        0.00018447     0.000000E+000     0.900536E-006        0.0908
   344        0.00018831     0.000000E+000     0.933354E-006        0.0910
   345        0.00018831     0.000000E+000     0.928324E-006        0.0911
   346        0.00018831     0.000000E+000     0.923129E-006        0.0913
   347        0.00018831     0.000000E+000     0.917780E-006        0.0915
   348        0.00018831     0.000000E+000     0.912291E-006        0.0917
   349        0.00018831     0.000000E+000     0.906675E-006        0.0919
   350        0.00018831     0.000000E+000     0.900945E-006        0.0921
   351        0.00018831     0.000000E+000     0.895118E-006        0.0923
   352        0.00018831     0.000000E+000     0.889207E-006        0.0925
   353        0.00018831     0.000000E+000     0.883229E-006        0.0927
   354        0.00019340     0.000000E+000     0.924886E-006        0.0928
   355        0.00019340     0.000000E+000     0.918326E-006        0.0930
   356        0.00019340     0.000000E+000     0.911744E-006        0.0932
   357        0.00019340     0.000000E+000     0.905157E-006        0.0934
   358        0.00019340     0.000000E+000     0.898581E-006        0.0936
   359        0.00019340     0.000000E+000     0.892034E-006        0.0938
   360        0.00019340     0.000000E+000     0.885531E-006        0.0940
   361        0.00019340     0.000000E+000     0.879089E-006        0.0942
   362        0.00019340     0.000000E+000     0.872723E-006        0.0944
   363        0.00019340     0.000000E+000     0.866447E-006        0.0946
   364        0.00019340     0.000000E+000     0.860275E-006        0.0948
   365        0.00019340     0.000000E+000     0.854222E-006        0.0950
   366        0.00020146     0.000000E+000     0.920002E-006        0.0952
   367        0.00020146     0.000000E+000     0.913489E-006        0.0954
   368        0.00020146     0.000000E+000     0.907157E-006        0.0956
   369        0.00020146     0.000000E+000     0.901021E-006        0.0958
   370        0.00020146     0.000000E+000     0.895093E-006        0.0960
   371        0.00020146     0.000000E+000     0.889387E-006        0.0962
   372        0.00020146     0.000000E+000     0.883914E-006        0.0964
   373        0.00020146     0.000000E+000     0.878686E-006        0.0966
   374        0.00020146     0.000000E+000     0.873716E-006        0.0968
   375        0.00020146     0.000000E+000     0.869015E-006        0.0970
   376        0.00020146     0.000000E+000     0.864596E-006        0.0972
   377        0.00020146     0.000000E+000     0.860468E-006        0.0974
   378        0.00020146     0.000000E+000     0.856647E-006        0.0976
   379        0.00020146     0.000000E+000     0.853145E-006        0.0978
   380        0.00020146     0.000000E+000     0.849974E-006        0.0980
   381        0.00020146     0.000000E+000     0.847149E-006        0.0982
   382        0.00020146     0.000000E+000     0.844686E-006        0.0984
   383        0.00020146     0.000000E+000     0.842601E-006        0.0986
   384        0.00020146     0.000000E+000     0.840912E-006        0.0988
   385        0.00020146     0.000000E+000     0.839638E-006        0.0990
   386        0.00020146     0.000000E+000     0.838801E-006        0.0992
   387        0.00020146     0.000000E+000     0.838423E-006        0.0994
   388        0.00020146     0.000000E+000     0.838531E-006        0.0996
   389        0.00020146     0.000000E+000     0.839152E-006        0.0998
   390        0.00021097     0.000000E+000     0.921226E-006        0.1000
   391        0.00021322     0.000000E+000     0.942993E-006        0.1002
   392        0.00021368     0.000000E+000     0.949888E-006        0.1004
   393        0.00021368     0.000000E+000     0.953592E-006        0.1006
   394        0.00021322     0.000000E+000     0.954092E-006        0.1009
   395        0.00021276     0.000000E+000     0.955516E-006        0.1011
   396        0.00021185     0.000000E+000     0.953830E-006        0.1013
   397        0.00021140     0.000000E+000     0.957253E-006        0.1015
   398        0.00021049     0.000000E+000     0.957674E-006        0.1017
   399        0.00020959     0.000000E+000     0.959228E-006        0.1019
   400        0.00020870     0.000000E+000     0.961963E-006        0.1021
   401        0.00020737     0.000000E+000     0.961849E-006        0.1023
   402        0.00020605     0.000000E+000     0.962993E-006        0.1025
   403        0.00020475     0.000000E+000     0.965406E-006        0.1027
   404        0.00020346     0.000000E+000     0.969085E-006        0.1029
   405        0.00020177     0.000000E+000     0.969955E-006        0.1032
   406        0.00020010     0.000000E+000     0.971947E-006        0.1034
   407        0.00019804     0.000000E+000     0.970905E-006        0.1036
   408        0.00019603     0.000000E+000     0.970578E-006        0.1038
   409        0.00019444     0.000000E+000     0.974576E-006        0.1039
   410        0.00019249     0.000000E+000     0.974771E-006        0.1041
   411        0.00019057     0.000000E+000     0.974835E-006        0.1043
   412        0.00018869     0.000000E+000     0.974484E-006        0.1045
   413        0.00018684     0.000000E+000     0.973168E-006        0.1047
   414        0.00018502     0.000000E+000     0.969987E-006        0.1049
   415        0.00018323     0.000000E+000     0.963999E-006        0.1051
   416        0.00018218     0.000000E+000     0.961951E-006        0.1053
   417        0.00018113     0.000000E+000     0.956205E-006        0.1055
   418        0.00018044     0.000000E+000     0.950565E-006        0.1056
   419        0.00018009     0.000000E+000     0.945456E-006        0.1058
   420        0.00018009     0.000000E+000     0.941234E-006        0.1060
   421        0.00018044     0.000000E+000     0.938061E-006        0.1062
   422        0.00018114     0.000000E+000     0.936190E-006        0.1064
   423        0.00018184     0.000000E+000     0.932397E-006        0.1065
   424        0.00018291     0.000000E+000     0.930707E-006        0.1067
   425        0.00018399     0.000000E+000     0.927811E-006        0.1069
   426        0.00018546     0.000000E+000     0.927635E-006        0.1071
   427        0.00018696     0.000000E+000     0.926724E-006        0.1073
   428        0.00018848     0.000000E+000     0.925260E-006        0.1075
   429        0.00019003     0.000000E+000     0.923395E-006        0.1076
   430        0.00019201     0.000000E+000     0.925065E-006        0.1078
   431        0.00019363     0.000000E+000     0.922715E-006        0.1080
   432        0.00019569     0.000000E+000     0.924382E-006        0.1082
   433        0.00019738     0.000000E+000     0.922809E-006        0.1084
   434        0.00019954     0.000000E+000     0.926525E-006        0.1086
   435        0.00020130     0.000000E+000     0.927685E-006        0.1088
   436        0.00020310     0.000000E+000     0.930318E-006        0.1090
   437        0.00020447     0.000000E+000     0.930303E-006        0.1092
   438        0.00020586     0.000000E+000     0.931728E-006        0.1094
   439        0.00020728     0.000000E+000     0.934122E-006        0.1096
   440        0.00020824     0.000000E+000     0.932274E-006        0.1098
   441        0.00020969     0.000000E+000     0.933897E-006        0.1100
   442        0.00021068     0.000000E+000     0.929920E-006        0.1103
   443        0.00021217     0.000000E+000     0.929266E-006        0.1105
   444        0.00021370     0.000000E+000     0.928277E-006        0.1107
   445        0.00021525     0.000000E+000     0.928143E-006        0.1109
   446        0.00021682     0.000000E+000     0.930456E-006        0.1111
   447        0.00021842     0.000000E+000     0.936300E-006        0.1113
   448        0.00021951     0.000000E+000     0.940725E-006        0.1115
   449        0.00022005     0.000000E+000     0.942685E-006        0.1118
   450        0.00022061     0.000000E+000     0.946061E-006        0.1120
   451        0.00022061     0.000000E+000     0.945620E-006        0.1122
   452        0.00022061     0.000000E+000     0.945775E-006        0.1124
   453        0.00022061     0.000000E+000     0.946325E-006        0.1126
   454        0.00022061     0.000000E+000     0.947132E-006        0.1129
   455        0.00022061     0.000000E+000     0.948090E-006        0.1131
   456        0.00022061     0.000000E+000     0.949111E-006        0.1133
   457        0.00022061     0.000000E+000     0.950111E-006        0.1135
   458        0.00022061     0.000000E+000     0.950995E-006        0.1137
   459        0.00022004     0.000000E+000     0.946821E-006        0.1140
   460        0.00022004     0.000000E+000     0.947168E-006        0.1142
   461        0.00022004     0.000000E+000     0.947322E-006        0.1144
   462        0.00022004     0.000000E+000     0.948997E-006        0.1146
   463        0.00022004     0.000000E+000     0.953298E-006        0.1148
   464        0.00021947     0.000000E+000     0.953231E-006        0.1151
   465        0.00021891     0.000000E+000     0.953450E-006        0.1153
   466        0.00021834     0.000000E+000     0.953924E-006        0.1155
   467        0.00021778     0.000000E+000     0.954643E-006        0.1157
   468        0.00021721     0.000000E+000     0.955603E-006        0.1159
   469        0.00021665     0.000000E+000     0.956806E-006        0.1162
   470        0.00021554     0.000000E+000     0.953329E-006        0.1164
   471        0.00021498     0.000000E+000     0.955017E-006        0.1166
   472        0.00021443     0.000000E+000     0.956963E-006        0.1168
   473        0.00021332     0.000000E+000     0.954263E-006        0.1170
   474        0.00021277     0.000000E+000     0.956745E-006        0.1172
   475        0.00021168     0.000000E+000     0.954617E-006        0.1174
   476        0.00021114     0.000000E+000     0.957688E-006        0.1177
   477        0.00021006     0.000000E+000     0.956189E-006        0.1179
   478        0.00020952     0.000000E+000     0.959918E-006        0.1181
   479        0.00020845     0.000000E+000     0.959118E-006        0.1183
   480        0.00020739     0.000000E+000     0.958699E-006        0.1185
   481        0.00020634     0.000000E+000     0.958682E-006        0.1187
   482        0.00020530     0.000000E+000     0.959087E-006        0.1189
   483        0.00020426     0.000000E+000     0.959936E-006        0.1191
   484        0.00020323     0.000000E+000     0.961251E-006        0.1193
   485        0.00020221     0.000000E+000     0.963057E-006        0.1195
   486        0.00020069     0.000000E+000     0.960567E-006        0.1197
   487        0.00019969     0.000000E+000     0.963406E-006        0.1199
   488        0.00019820     0.000000E+000     0.962022E-006        0.1201
   489        0.00019722     0.000000E+000     0.965973E-006        0.1203
   490        0.00019577     0.000000E+000     0.965760E-006        0.1205
   491        0.00019433     0.000000E+000     0.966154E-006        0.1207
   492        0.00019291     0.000000E+000     0.967163E-006        0.1209
   493        0.00019150     0.000000E+000     0.968791E-006        0.1211
   494        0.00018965     0.000000E+000     0.966382E-006        0.1213
   495        0.00018829     0.000000E+000     0.969242E-006        0.1215
   496        0.00018650     0.000000E+000     0.968112E-006        0.1217
   497        0.00018517     0.000000E+000     0.972191E-006        0.1219
   498        0.00018343     0.000000E+000     0.972311E-006        0.1220
   499        0.00018171     0.000000E+000     0.973046E-006        0.1222
   500        0.00018003     0.000000E+000     0.974386E-006        0.1224
   501        0.00017796     0.000000E+000     0.971859E-006        0.1226
   502        0.00017633     0.000000E+000     0.974387E-006        0.1228
   503        0.00017434     0.000000E+000     0.973124E-006        0.1229
   504        0.00017238     0.000000E+000     0.972516E-006        0.1231
   505        0.00017085     0.000000E+000     0.976916E-006        0.1233
   506        0.00016896     0.000000E+000     0.977701E-006        0.1235
   507        0.00016711     0.000000E+000     0.979177E-006        0.1236
   508        0.00016494     0.000000E+000     0.977020E-006        0.1238
   509        0.00016317     0.000000E+000     0.979522E-006        0.1240
   510        0.00016110     0.000000E+000     0.978199E-006        0.1241
   511        0.00015906     0.000000E+000     0.977171E-006        0.1243
   512        0.00015708     0.000000E+000     0.976406E-006        0.1244
   513        0.00015514     0.000000E+000     0.975882E-006        0.1246
   514        0.00015356     0.000000E+000     0.979541E-006        0.1248
   515        0.00015170     0.000000E+000     0.979416E-006        0.1249
   516        0.00014988     0.000000E+000     0.979448E-006        0.1251
   517        0.00014810     0.000000E+000     0.979609E-006        0.1252
   518        0.00014635     0.000000E+000     0.979875E-006        0.1254
   519        0.00014437     0.000000E+000     0.976448E-006        0.1255
   520        0.00014271     0.000000E+000     0.976870E-006        0.1257
   521        0.00014108     0.000000E+000     0.977358E-006        0.1258
   522        0.00013948     0.000000E+000     0.977914E-006        0.1259
   523        0.00013792     0.000000E+000     0.978551E-006        0.1261
   524        0.00013614     0.000000E+000     0.975694E-006        0.1262
   525        0.00013465     0.000000E+000     0.976543E-006        0.1263
   526        0.00013318     0.000000E+000     0.977535E-006        0.1265
   527        0.00013175     0.000000E+000     0.978691E-006        0.1266
   528        0.00013011     0.000000E+000     0.976564E-006        0.1267
   529        0.00012874     0.000000E+000     0.978068E-006        0.1269
   530        0.00012717     0.000000E+000     0.976346E-006        0.1270
   531        0.00012585     0.000000E+000     0.978145E-006        0.1271
   532        0.00012434     0.000000E+000     0.976712E-006        0.1273
   533        0.00012287     0.000000E+000     0.975353E-006        0.1274
   534        0.00012163     0.000000E+000     0.977258E-006        0.1275
   535        0.00012022     0.000000E+000     0.975848E-006        0.1276
   536        0.00011883     0.000000E+000     0.974313E-006        0.1277
   537        0.00011767     0.000000E+000     0.975739E-006        0.1279
   538        0.00011634     0.000000E+000     0.973735E-006        0.1280
   539        0.00011522     0.000000E+000     0.974494E-006        0.1281
   540        0.00011394     0.000000E+000     0.971747E-006        0.1282
   541        0.00011287     0.000000E+000     0.971578E-006        0.1283
   542        0.00011181     0.000000E+000     0.970863E-006        0.1284
   543        0.00011077     0.000000E+000     0.969558E-006        0.1286
   544        0.00010991     0.000000E+000     0.970603E-006        0.1287
   545        0.00010891     0.000000E+000     0.968042E-006        0.1288
   546        0.00010808     0.000000E+000     0.967775E-006        0.1289
   547        0.00010726     0.000000E+000     0.966875E-006        0.1290
   548        0.00010646     0.000000E+000     0.965380E-006        0.1291
   549        0.00010566     0.000000E+000     0.963343E-006        0.1292
   550        0.00010503     0.000000E+000     0.963677E-006        0.1293
   551        0.00010441     0.000000E+000     0.963595E-006        0.1294
   552        0.00010380     0.000000E+000     0.963183E-006        0.1295
   553        0.00010319     0.000000E+000     0.962535E-006        0.1296
   554        0.00010259     0.000000E+000     0.961745E-006        0.1297
   555        0.00010199     0.000000E+000     0.960910E-006        0.1298
   556        0.00010155     0.000000E+000     0.962890E-006        0.1299
   557        0.00010096     0.000000E+000     0.962219E-006        0.1300
   558        0.00010038     0.000000E+000     0.961731E-006        0.1301
   559        0.00009981     0.000000E+000     0.961459E-006        0.1302
   560        0.00009924     0.000000E+000     0.961409E-006        0.1303
   561        0.00009867     0.000000E+000     0.961551E-006        0.1304
   562        0.00009812     0.000000E+000     0.961831E-006        0.1305
   563        0.00009756     0.000000E+000     0.962173E-006        0.1306
   564        0.00009702     0.000000E+000     0.962496E-006        0.1307
   565        0.00009648     0.000000E+000     0.962719E-006        0.1308
   566        0.00009594     0.000000E+000     0.962773E-006        0.1309
   567        0.00009541     0.000000E+000     0.962600E-006        0.1310
   568        0.00009488     0.000000E+000     0.962158E-006        0.1311
   569        0.00009436     0.000000E+000     0.961420E-006        0.1312
   570        0.00009385     0.000000E+000     0.960368E-006        0.1313
   571        0.00009334     0.000000E+000     0.958994E-006        0.1314
   572        0.00009296     0.000000E+000     0.959887E-006        0.1315
   573        0.00009258     0.000000E+000     0.960451E-006        0.1316
   574        0.00009208     0.000000E+000     0.958116E-006        0.1317
   575        0.00009171     0.000000E+000     0.958045E-006        0.1318
   576        0.00009134     0.000000E+000     0.957673E-006        0.1319
   577        0.00009097     0.000000E+000     0.957013E-006        0.1320
   578        0.00009061     0.000000E+000     0.956077E-006        0.1320
   579        0.00009037     0.000000E+000     0.957413E-006        0.1321
   580        0.00009001     0.000000E+000     0.955961E-006        0.1322
   581        0.00008977     0.000000E+000     0.956793E-006        0.1323
   582        0.00008941     0.000000E+000     0.954871E-006        0.1324
   583        0.00008918     0.000000E+000     0.955243E-006        0.1325
   584        0.00008894     0.000000E+000     0.955400E-006        0.1326
   585        0.00008871     0.000000E+000     0.955351E-006        0.1327
   586        0.00008847     0.000000E+000     0.955104E-006        0.1328
   587        0.00008824     0.000000E+000     0.954666E-006        0.1328
   588        0.00008801     0.000000E+000     0.954046E-006        0.1329
   589        0.00008778     0.000000E+000     0.953249E-006        0.1330
   590        0.00008766     0.000000E+000     0.954769E-006        0.1331
   591        0.00008744     0.000000E+000     0.953634E-006        0.1332
   592        0.00008721     0.000000E+000     0.952340E-006        0.1333
   593        0.00008709     0.000000E+000     0.953369E-006        0.1334
   594        0.00008687     0.000000E+000     0.951767E-006        0.1335
   595        0.00008675     0.000000E+000     0.952492E-006        0.1335
   596        0.00008664     0.000000E+000     0.953072E-006        0.1336
   597        0.00008653     0.000000E+000     0.953509E-006        0.1337
   598        0.00008630     0.000000E+000     0.951331E-006        0.1338
   599        0.00008619     0.000000E+000     0.951489E-006        0.1339
   600        0.00008608     0.000000E+000     0.951512E-006        0.1340
   601        0.00008596     0.000000E+000     0.951403E-006        0.1341
   602        0.00008585     0.000000E+000     0.951163E-006        0.1342
   603        0.00008574     0.000000E+000     0.950795E-006        0.1342
   604        0.00008563     0.000000E+000     0.950301E-006        0.1343
   605        0.00008552     0.000000E+000     0.949682E-006        0.1344
   606        0.00008552     0.000000E+000     0.951410E-006        0.1345
   607        0.00008540     0.000000E+000     0.950546E-006        0.1346
   608        0.00008529     0.000000E+000     0.949563E-006        0.1347
   609        0.00008529     0.000000E+000     0.950933E-006        0.1348
   610        0.00008518     0.000000E+000     0.949715E-006        0.1348
   611        0.00008518     0.000000E+000     0.950855E-006        0.1349
   612        0.00008507     0.000000E+000     0.949407E-006        0.1350
   613        0.00008507     0.000000E+000     0.950323E-006        0.1351
   614        0.00008496     0.000000E+000     0.948651E-006        0.1352
   615        0.00008496     0.000000E+000     0.949349E-006        0.1353
   616        0.00008496     0.000000E+000     0.949942E-006        0.1353
   617        0.00008496     0.000000E+000     0.950430E-006        0.1354
   618        0.00008485     0.000000E+000     0.948325E-006        0.1355
   619        0.00008485     0.000000E+000     0.948605E-006        0.1356
   620        0.00008485     0.000000E+000     0.948786E-006        0.1357
   621        0.00008485     0.000000E+000     0.948867E-006        0.1358
   622        0.00008485     0.000000E+000     0.948850E-006        0.1359
   623        0.00008485     0.000000E+000     0.948736E-006        0.1359
   624        0.00008485     0.000000E+000     0.948528E-006        0.1360
   625        0.00008485     0.000000E+000     0.948226E-006        0.1361
   626        0.00008485     0.000000E+000     0.947832E-006        0.1362
   627        0.00008485     0.000000E+000     0.947348E-006        0.1363
   628        0.00008485     0.000000E+000     0.946774E-006        0.1364
   629        0.00008485     0.000000E+000     0.946114E-006        0.1365
   630        0.00008496     0.000000E+000     0.947889E-006        0.1365
   631        0.00008496     0.000000E+000     0.947055E-006        0.1366
   632        0.00008496     0.000000E+000     0.946139E-006        0.1367
   633        0.00008507     0.000000E+000     0.947676E-006        0.1368
   634        0.00008507     0.000000E+000     0.946595E-006        0.1369
   635        0.00008519     0.000000E+000     0.947982E-006        0.1370
   636        0.00008519     0.000000E+000     0.946742E-006        0.1370
   637        0.00008519     0.000000E+000     0.945427E-006        0.1371
   638        0.00008530     0.000000E+000     0.946594E-006        0.1372
   639        0.00008542     0.000000E+000     0.947694E-006        0.1373
   640        0.00008542     0.000000E+000     0.946152E-006        0.1374
   641        0.00008554     0.000000E+000     0.947115E-006        0.1375
   642        0.00008554     0.000000E+000     0.945431E-006        0.1376
   643        0.00008566     0.000000E+000     0.946263E-006        0.1376
   644        0.00008577     0.000000E+000     0.947034E-006        0.1377
   645        0.00008577     0.000000E+000     0.945142E-006        0.1378
   646        0.00008589     0.000000E+000     0.945788E-006        0.1379
   647        0.00008601     0.000000E+000     0.946376E-006        0.1380
   648        0.00008613     0.000000E+000     0.946905E-006        0.1381
   649        0.00008613     0.000000E+000     0.944752E-006        0.1382
   650        0.00008625     0.000000E+000     0.945167E-006        0.1382
   651        0.00008637     0.000000E+000     0.945527E-006        0.1383
   652        0.00008649     0.000000E+000     0.945833E-006        0.1384
   653        0.00008661     0.000000E+000     0.946086E-006        0.1385
   654        0.00008674     0.000000E+000     0.946287E-006        0.1386
   655        0.00008686     0.000000E+000     0.946437E-006        0.1387
   656        0.00008698     0.000000E+000     0.946537E-006        0.1388
   657        0.00008698     0.000000E+000     0.943909E-006        0.1389
   658        0.00008711     0.000000E+000     0.943911E-006        0.1389
   659        0.00008723     0.000000E+000     0.943867E-006        0.1390
   660        0.00008736     0.000000E+000     0.943776E-006        0.1391
   661        0.00008748     0.000000E+000     0.943640E-006        0.1392
   662        0.00008761     0.000000E+000     0.943460E-006        0.1393
   663        0.00008774     0.000000E+000     0.943236E-006        0.1394
   664        0.00008786     0.000000E+000     0.942969E-006        0.1395
   665        0.00008799     0.000000E+000     0.942661E-006        0.1396
   666        0.00008825     0.000000E+000     0.945056E-006        0.1396
   667        0.00008838     0.000000E+000     0.944665E-006        0.1397
   668        0.00008851     0.000000E+000     0.944234E-006        0.1398
   669        0.00008864     0.000000E+000     0.943765E-006        0.1399
   670        0.00008877     0.000000E+000     0.943257E-006        0.1400
   671        0.00008890     0.000000E+000     0.942713E-006        0.1401
   672        0.00008903     0.000000E+000     0.942132E-006        0.1402
   673        0.00008930     0.000000E+000     0.944319E-006        0.1403
   674        0.00008943     0.000000E+000     0.943665E-006        0.1403
   675        0.00008957     0.000000E+000     0.942976E-006        0.1404
   676        0.00008970     0.000000E+000     0.942254E-006        0.1405
   677        0.00008997     0.000000E+000     0.944340E-006        0.1406
   678        0.00009011     0.000000E+000     0.943549E-006        0.1407
   679        0.00009025     0.000000E+000     0.942727E-006        0.1408
   680        0.00009039     0.000000E+000     0.941873E-006        0.1409
   681        0.00009066     0.000000E+000     0.943869E-006        0.1410
   682        0.00009080     0.000000E+000     0.942951E-006        0.1411
   683        0.00009094     0.000000E+000     0.942004E-006        0.1412
   684        0.00009123     0.000000E+000     0.943940E-006        0.1412
   685        0.00009137     0.000000E+000     0.942932E-006        0.1413
   686        0.00009151     0.000000E+000     0.941896E-006        0.1414
   687        0.00009180     0.000000E+000     0.943777E-006        0.1415
   688        0.00009194     0.000000E+000     0.942683E-006        0.1416
   689        0.00009209     0.000000E+000     0.941563E-006        0.1417
   690        0.00009238     0.000000E+000     0.943392E-006        0.1418
   691        0.00009253     0.000000E+000     0.942217E-006        0.1419
   692        0.00009268     0.000000E+000     0.941018E-006        0.1420
   693        0.00009297     0.000000E+000     0.942800E-006        0.1421
   694        0.00009312     0.000000E+000     0.941547E-006        0.1422
   695        0.00009343     0.000000E+000     0.943303E-006        0.1423
   696        0.00009358     0.000000E+000     0.941999E-006        0.1424
   697        0.00009373     0.000000E+000     0.940673E-006        0.1425
   698        0.00009404     0.000000E+000     0.942388E-006        0.1425
   699        0.00009419     0.000000E+000     0.941013E-006        0.1426
   700        0.00009450     0.000000E+000     0.942706E-006        0.1427
   701        0.00009466     0.000000E+000     0.941282E-006        0.1428
   702        0.00009497     0.000000E+000     0.942955E-006        0.1429
   703        0.00009513     0.000000E+000     0.941485E-006        0.1430
   704        0.00009545     0.000000E+000     0.943138E-006        0.1431
   705        0.00009561     0.000000E+000     0.941622E-006        0.1432
   706        0.00009593     0.000000E+000     0.943257E-006        0.1433
   707        0.00009610     0.000000E+000     0.941697E-006        0.1434
   708        0.00009626     0.000000E+000     0.940119E-006        0.1435
   709        0.00009659     0.000000E+000     0.941726E-006        0.1436
   710        0.00009676     0.000000E+000     0.940106E-006        0.1437
   711        0.00009709     0.000000E+000     0.941698E-006        0.1438
   712        0.00009726     0.000000E+000     0.940036E-006        0.1439
   713        0.00009760     0.000000E+000     0.941615E-006        0.1440
   714        0.00009777     0.000000E+000     0.939912E-006        0.1441
   715        0.00009811     0.000000E+000     0.941479E-006        0.1442
   716        0.00009829     0.000000E+000     0.939736E-006        0.1443
   717        0.00009863     0.000000E+000     0.941293E-006        0.1444
   718        0.00009881     0.000000E+000     0.939511E-006        0.1445
   719        0.00009916     0.000000E+000     0.941058E-006        0.1446
   720        0.00009952     0.000000E+000     0.942605E-006        0.1447
   721        0.00009970     0.000000E+000     0.940762E-006        0.1448
   722        0.00010006     0.000000E+000     0.942300E-006        0.1449
   723        0.00010024     0.000000E+000     0.940421E-006        0.1450
   724        0.00010061     0.000000E+000     0.941953E-006        0.1451
   725        0.00010080     0.000000E+000     0.940037E-006        0.1452
   726        0.00010117     0.000000E+000     0.941564E-006        0.1453
   727        0.00010136     0.000000E+000     0.939612E-006        0.1454
   728        0.00010173     0.000000E+000     0.941135E-006        0.1455
   729        0.00010192     0.000000E+000     0.939149E-006        0.1456
   730        0.00010231     0.000000E+000     0.940669E-006        0.1457
   731        0.00010270     0.000000E+000     0.942192E-006        0.1458
   732        0.00010289     0.000000E+000     0.940150E-006        0.1459
   733        0.00010328     0.000000E+000     0.941672E-006        0.1460
   734        0.00010348     0.000000E+000     0.939597E-006        0.1461
   735        0.00010388     0.000000E+000     0.941119E-006        0.1462
   736        0.00010408     0.000000E+000     0.939013E-006        0.1463
   737        0.00010449     0.000000E+000     0.940536E-006        0.1464
   738        0.00010469     0.000000E+000     0.938398E-006        0.1465
   739        0.00010511     0.000000E+000     0.939924E-006        0.1466
   740        0.00010552     0.000000E+000     0.941457E-006        0.1467
   741        0.00010573     0.000000E+000     0.939268E-006        0.1468
   742        0.00010616     0.000000E+000     0.940805E-006        0.1469
   743        0.00010637     0.000000E+000     0.938586E-006        0.1470
   744        0.00010680     0.000000E+000     0.940130E-006        0.1471
   745        0.00010702     0.000000E+000     0.937883E-006        0.1472
   746        0.00010745     0.000000E+000     0.939434E-006        0.1473
   747        0.00010789     0.000000E+000     0.940995E-006        0.1475
   748        0.00010812     0.000000E+000     0.938701E-006        0.1476
   749        0.00010856     0.000000E+000     0.940272E-006        0.1477
   750        0.00010879     0.000000E+000     0.937951E-006        0.1478
   751        0.00010925     0.000000E+000     0.939534E-006        0.1479
   752        0.00010971     0.000000E+000     0.941129E-006        0.1480
   753        0.00010994     0.000000E+000     0.938763E-006        0.1481
   754        0.00011041     0.000000E+000     0.940373E-006        0.1482
   755        0.00011065     0.000000E+000     0.937984E-006        0.1483
   756        0.00011112     0.000000E+000     0.939610E-006        0.1484
   757        0.00011136     0.000000E+000     0.937199E-006        0.1486
   758        0.00011185     0.000000E+000     0.938844E-006        0.1487
   759        0.00011234     0.000000E+000     0.940505E-006        0.1488
   760        0.00011259     0.000000E+000     0.938055E-006        0.1489
   761        0.00011309     0.000000E+000     0.939737E-006        0.1490
   762        0.00011334     0.000000E+000     0.937268E-006        0.1491
   763        0.00011385     0.000000E+000     0.938975E-006        0.1492
   764        0.00011410     0.000000E+000     0.936488E-006        0.1493
   765        0.00011462     0.000000E+000     0.938223E-006        0.1495
   766        0.00011514     0.000000E+000     0.939978E-006        0.1496
   767        0.00011541     0.000000E+000     0.937458E-006        0.1497
   768        0.00011594     0.000000E+000     0.939244E-006        0.1498
   769        0.00011621     0.000000E+000     0.936712E-006        0.1499
   770        0.00011675     0.000000E+000     0.938532E-006        0.1500
   771        0.00011703     0.000000E+000     0.935987E-006        0.1501
   772        0.00011758     0.000000E+000     0.937844E-006        0.1503
   773        0.00011814     0.000000E+000     0.939728E-006        0.1504
   774        0.00011842     0.000000E+000     0.937160E-006        0.1505
   775        0.00011899     0.000000E+000     0.939086E-006        0.1506
   776        0.00011928     0.000000E+000     0.936510E-006        0.1507
   777        0.00011986     0.000000E+000     0.938482E-006        0.1509
   778        0.00012016     0.000000E+000     0.935902E-006        0.1510
   779        0.00012075     0.000000E+000     0.937923E-006        0.1511
   780        0.00012105     0.000000E+000     0.935340E-006        0.1512
   781        0.00012165     0.000000E+000     0.937415E-006        0.1513
   782        0.00012227     0.000000E+000     0.939525E-006        0.1515
   783        0.00012258     0.000000E+000     0.936933E-006        0.1516
   784        0.00012320     0.000000E+000     0.939104E-006        0.1517
   785        0.00012352     0.000000E+000     0.936516E-006        0.1518
   786        0.00012416     0.000000E+000     0.938751E-006        0.1520
   787        0.00012448     0.000000E+000     0.936169E-006        0.1521
   788        0.00012513     0.000000E+000     0.938473E-006        0.1522
   789        0.00012546     0.000000E+000     0.935900E-006        0.1523
   790        0.00012613     0.000000E+000     0.938278E-006        0.1525
   791        0.00012646     0.000000E+000     0.935717E-006        0.1526
   792        0.00012714     0.000000E+000     0.938175E-006        0.1527
   793        0.00012749     0.000000E+000     0.935629E-006        0.1528
   794        0.00012818     0.000000E+000     0.938171E-006        0.1530
   795        0.00012853     0.000000E+000     0.935644E-006        0.1531
   796        0.00012924     0.000000E+000     0.938277E-006        0.1532
   797        0.00012960     0.000000E+000     0.935771E-006        0.1533
   798        0.00013033     0.000000E+000     0.938500E-006        0.1535
   799        0.00013069     0.000000E+000     0.936020E-006        0.1536
   800        0.00013144     0.000000E+000     0.938852E-006        0.1537
   801        0.00013181     0.000000E+000     0.936400E-006        0.1539
   802        0.00013219     0.000000E+000     0.933975E-006        0.1540
   803        0.00013296     0.000000E+000     0.936960E-006        0.1541
   804        0.00013334     0.000000E+000     0.934569E-006        0.1543
   805        0.00013413     0.000000E+000     0.937673E-006        0.1544
   806        0.00013453     0.000000E+000     0.935320E-006        0.1545
   807        0.00013533     0.000000E+000     0.938551E-006        0.1547
   808        0.00013573     0.000000E+000     0.936239E-006        0.1548
   809        0.00013615     0.000000E+000     0.933960E-006        0.1549
   810        0.00013698     0.000000E+000     0.937380E-006        0.1551
   811        0.00013740     0.000000E+000     0.935149E-006        0.1552
   812        0.00013782     0.000000E+000     0.932953E-006        0.1553
   813        0.00013868     0.000000E+000     0.936577E-006        0.1555
   814        0.00013911     0.000000E+000     0.934435E-006        0.1556
   815        0.00013999     0.000000E+000     0.938216E-006        0.1558
   816        0.00014044     0.000000E+000     0.936133E-006        0.1559
   817        0.00014089     0.000000E+000     0.934090E-006        0.1560
   818        0.00014180     0.000000E+000     0.938104E-006        0.1562
   819        0.00014226     0.000000E+000     0.936126E-006        0.1563
   820        0.00014273     0.000000E+000     0.934191E-006        0.1565
   821        0.00014320     0.000000E+000     0.932300E-006        0.1566
   822        0.00014416     0.000000E+000     0.936640E-006        0.1568
   823        0.00014464     0.000000E+000     0.934822E-006        0.1569
   824        0.00014513     0.000000E+000     0.933051E-006        0.1570
   825        0.00014612     0.000000E+000     0.937669E-006        0.1572
   826        0.00014662     0.000000E+000     0.935978E-006        0.1573
   827        0.00014713     0.000000E+000     0.934337E-006        0.1575
   828        0.00014764     0.000000E+000     0.932746E-006        0.1576
   829        0.00014868     0.000000E+000     0.937749E-006        0.1578
   830        0.00014921     0.000000E+000     0.936248E-006        0.1579
   831        0.00014974     0.000000E+000     0.934800E-006        0.1581
   832        0.00015028     0.000000E+000     0.933406E-006        0.1582
   833        0.00015082     0.000000E+000     0.932068E-006        0.1584
   834        0.00015193     0.000000E+000     0.937589E-006        0.1585
   835        0.00015249     0.000000E+000     0.936351E-006        0.1587
   836        0.00015306     0.000000E+000     0.935171E-006        0.1588
   837        0.00015363     0.000000E+000     0.934050E-006        0.1590
   838        0.00015421     0.000000E+000     0.932989E-006        0.1591
   839        0.00015480     0.000000E+000     0.931989E-006        0.1593
   840        0.00015539     0.000000E+000     0.931050E-006        0.1594
   841        0.00015659     0.000000E+000     0.937368E-006        0.1596
   842        0.00015720     0.000000E+000     0.936545E-006        0.1598
   843        0.00015782     0.000000E+000     0.935786E-006        0.1599
   844        0.00015845     0.000000E+000     0.935093E-006        0.1601
   845        0.00015908     0.000000E+000     0.934465E-006        0.1602
   846        0.00015972     0.000000E+000     0.933904E-006        0.1604
   847        0.00016037     0.000000E+000     0.933411E-006        0.1605
   848        0.00016103     0.000000E+000     0.932985E-006        0.1607
   849        0.00016170     0.000000E+000     0.932629E-006        0.1609
   850        0.00016237     0.000000E+000     0.932342E-006        0.1610
   851        0.00016305     0.000000E+000     0.932125E-006        0.1612
   852        0.00016374     0.000000E+000     0.931980E-006        0.1614
   853        0.00016444     0.000000E+000     0.931907E-006        0.1615
   854        0.00016515     0.000000E+000     0.931906E-006        0.1617
   855        0.00016587     0.000000E+000     0.931979E-006        0.1618
   856        0.00016660     0.000000E+000     0.932126E-006        0.1620
   857        0.00016733     0.000000E+000     0.932348E-006        0.1622
   858        0.00016808     0.000000E+000     0.932646E-006        0.1623
   859        0.00016884     0.000000E+000     0.933020E-006        0.1625
   860        0.00016961     0.000000E+000     0.933473E-006        0.1627
   861        0.00017038     0.000000E+000     0.934003E-006        0.1629
   862        0.00017117     0.000000E+000     0.934613E-006        0.1630
   863        0.00017197     0.000000E+000     0.935303E-006        0.1632
   864        0.00017278     0.000000E+000     0.936075E-006        0.1634
   865        0.00017361     0.000000E+000     0.936928E-006        0.1635
   866        0.00017444     0.000000E+000     0.937865E-006        0.1637
   867        0.00017529     0.000000E+000     0.938885E-006        0.1639
   868        0.00017529     0.000000E+000     0.930877E-006        0.1641
   869        0.00017615     0.000000E+000     0.932051E-006        0.1642
   870        0.00017703     0.000000E+000     0.933312E-006        0.1644
   871        0.00017792     0.000000E+000     0.934660E-006        0.1646
   872        0.00017882     0.000000E+000     0.936096E-006        0.1648
   873        0.00017974     0.000000E+000     0.937623E-006        0.1650
   874        0.00017974     0.000000E+000     0.929617E-006        0.1651
   875        0.00018067     0.000000E+000     0.931302E-006        0.1653
   876        0.00018163     0.000000E+000     0.933079E-006        0.1655
   877        0.00018259     0.000000E+000     0.934951E-006        0.1657
   878        0.00018357     0.000000E+000     0.936921E-006        0.1659
   879        0.00018357     0.000000E+000     0.928901E-006        0.1660
   880        0.00018458     0.000000E+000     0.931035E-006        0.1662
   881        0.00018560     0.000000E+000     0.933271E-006        0.1664
   882        0.00018663     0.000000E+000     0.935612E-006        0.1666
   883        0.00018769     0.000000E+000     0.938060E-006        0.1668
   884        0.00018769     0.000000E+000     0.929998E-006        0.1670
   885        0.00018877     0.000000E+000     0.932626E-006        0.1672
   886        0.00018986     0.000000E+000     0.935369E-006        0.1673
   887        0.00019098     0.000000E+000     0.938233E-006        0.1675
   888        0.00019098     0.000000E+000     0.930152E-006        0.1677
   889        0.00019212     0.000000E+000     0.933212E-006        0.1679
   890        0.00019329     0.000000E+000     0.936403E-006        0.1681
   891        0.00019329     0.000000E+000     0.928342E-006        0.1683
   892        0.00019448     0.000000E+000     0.931745E-006        0.1685
   893        0.00019570     0.000000E+000     0.935292E-006        0.1687
   894        0.00019570     0.000000E+000     0.927253E-006        0.1689
   895        0.00019694     0.000000E+000     0.931030E-006        0.1691
   896        0.00019821     0.000000E+000     0.934966E-006        0.1693
   897        0.00019821     0.000000E+000     0.926948E-006        0.1695
   898        0.00019952     0.000000E+000     0.931133E-006        0.1697
   899        0.00020085     0.000000E+000     0.935492E-006        0.1699
   900        0.00020085     0.000000E+000     0.927494E-006        0.1701
   901        0.00020221     0.000000E+000     0.932121E-006        0.1703
   902        0.00020361     0.000000E+000     0.936937E-006        0.1705
   903        0.00020361     0.000000E+000     0.928952E-006        0.1707
   904        0.00020504     0.000000E+000     0.934057E-006        0.1709
   905        0.00020504     0.000000E+000     0.926130E-006        0.1711
   906        0.00020652     0.000000E+000     0.931532E-006        0.1713
   907        0.00020803     0.000000E+000     0.937147E-006        0.1715
   908        0.00020803     0.000000E+000     0.929210E-006        0.1717
   909        0.00020958     0.000000E+000     0.935142E-006        0.1719
   910        0.00020958     0.000000E+000     0.927247E-006        0.1721
   911        0.00021118     0.000000E+000     0.933505E-006        0.1723
   912        0.00021118     0.000000E+000     0.925643E-006        0.1725
   913        0.00021283     0.000000E+000     0.932238E-006        0.1728
   914        0.00021283     0.000000E+000     0.924401E-006        0.1730
   915        0.00021453     0.000000E+000     0.931346E-006        0.1732
   916        0.00021453     0.000000E+000     0.923525E-006        0.1734
   917        0.00021629     0.000000E+000     0.930833E-006        0.1736
   918        0.00021629     0.000000E+000     0.923020E-006        0.1738
   919        0.00021811     0.000000E+000     0.930705E-006        0.1740
   920        0.00021811     0.000000E+000     0.922892E-006        0.1743
   921        0.00021999     0.000000E+000     0.930973E-006        0.1745
   922        0.00021999     0.000000E+000     0.923151E-006        0.1747
   923        0.00022193     0.000000E+000     0.931647E-006        0.1749
   924        0.00022193     0.000000E+000     0.923807E-006        0.1751
   925        0.00022395     0.000000E+000     0.932741E-006        0.1754
   926        0.00022395     0.000000E+000     0.924874E-006        0.1756
   927        0.00022604     0.000000E+000     0.934270E-006        0.1758
   928        0.00022604     0.000000E+000     0.926367E-006        0.1760
   929        0.00022822     0.000000E+000     0.936252E-006        0.1763
   930        0.00022822     0.000000E+000     0.928306E-006        0.1765
   931        0.00022822     0.000000E+000     0.920449E-006        0.1767
   932        0.00023050     0.000000E+000     0.930970E-006        0.1770
   933        0.00023050     0.000000E+000     0.923054E-006        0.1772
   934        0.00023288     0.000000E+000     0.934138E-006        0.1774
   935        0.00023288     0.000000E+000     0.926154E-006        0.1776
   936        0.00023288     0.000000E+000     0.918257E-006        0.1779
   937        0.00023538     0.000000E+000     0.930071E-006        0.1781
   938        0.00023538     0.000000E+000     0.922091E-006        0.1783
   939        0.00023800     0.000000E+000     0.934564E-006        0.1786
   940        0.00023800     0.000000E+000     0.926490E-006        0.1788
   941        0.00023800     0.000000E+000     0.918501E-006        0.1791
   942        0.00024076     0.000000E+000     0.931830E-006        0.1793
   943        0.00024076     0.000000E+000     0.923731E-006        0.1795
   944        0.00024076     0.000000E+000     0.915715E-006        0.1798
   945        0.00024370     0.000000E+000     0.929990E-006        0.1800
   946        0.00024370     0.000000E+000     0.921847E-006        0.1803
   947        0.00024370     0.000000E+000     0.913786E-006        0.1805
   948        0.00024682     0.000000E+000     0.929110E-006        0.1807
   949        0.00024682     0.000000E+000     0.920904E-006        0.1810
   950        0.00024682     0.000000E+000     0.912781E-006        0.1812
   951        0.00025016     0.000000E+000     0.929280E-006        0.1815
   952        0.00025016     0.000000E+000     0.920991E-006        0.1817
   953        0.00025016     0.000000E+000     0.912784E-006        0.1820
   954        0.00025373     0.000000E+000     0.930610E-006        0.1822
   955        0.00025373     0.000000E+000     0.922216E-006        0.1825
   956        0.00025373     0.000000E+000     0.913904E-006        0.1827
   957        0.00025373     0.000000E+000     0.905675E-006        0.1830
   958        0.00025764     0.000000E+000     0.925268E-006        0.1833
   959        0.00025764     0.000000E+000     0.916822E-006        0.1835
   960        0.00025764     0.000000E+000     0.908459E-006        0.1838
   961        0.00026186     0.000000E+000     0.929840E-006        0.1840
   962        0.00026186     0.000000E+000     0.921231E-006        0.1843
   963        0.00026186     0.000000E+000     0.912708E-006        0.1846
   964        0.00026186     0.000000E+000     0.904268E-006        0.1848
   965        0.00026654     0.000000E+000     0.928091E-006        0.1851
   966        0.00026654     0.000000E+000     0.919367E-006        0.1853
   967        0.00026654     0.000000E+000     0.910729E-006        0.1856
   968        0.00026654     0.000000E+000     0.902178E-006        0.1859
   969        0.00027176     0.000000E+000     0.928986E-006        0.1861
   970        0.00027176     0.000000E+000     0.920102E-006        0.1864
   971        0.00027176     0.000000E+000     0.911306E-006        0.1867
   972        0.00027176     0.000000E+000     0.902599E-006        0.1870
   973        0.00027176     0.000000E+000     0.893979E-006        0.1872
   974        0.00027780     0.000000E+000     0.925104E-006        0.1875
   975        0.00027780     0.000000E+000     0.916082E-006        0.1878
   976        0.00027780     0.000000E+000     0.907152E-006        0.1881
   977        0.00027780     0.000000E+000     0.898313E-006        0.1883
   978        0.00027780     0.000000E+000     0.889564E-006        0.1886
   979        0.00028492     0.000000E+000     0.926503E-006        0.1889
   980        0.00028492     0.000000E+000     0.917258E-006        0.1892
   981        0.00028492     0.000000E+000     0.908109E-006        0.1895
   982        0.00028492     0.000000E+000     0.899056E-006        0.1897
   983        0.00028492     0.000000E+000     0.890097E-006        0.1900
   984        0.00028492     0.000000E+000     0.881231E-006        0.1903
   985        0.00028492     0.000000E+000     0.872458E-006        0.1906
   986        0.00029411     0.000000E+000     0.920205E-006        0.1909
   987        0.00029411     0.000000E+000     0.910759E-006        0.1912
   988        0.00029411     0.000000E+000     0.901415E-006        0.1915
   989        0.00029411     0.000000E+000     0.892171E-006        0.1918
   990        0.00029411     0.000000E+000     0.883027E-006        0.1921
   991        0.00029411     0.000000E+000     0.873981E-006        0.1924
   992        0.00029411     0.000000E+000     0.865033E-006        0.1926
   993        0.00029411     0.000000E+000     0.856180E-006        0.1929
   994        0.00029411     0.000000E+000     0.847423E-006        0.1932
   995        0.00029411     0.000000E+000     0.838761E-006        0.1935
   996        0.00029411     0.000000E+000     0.830192E-006        0.1938
   997        0.00030959     0.000000E+000     0.910162E-006        0.1941
   998        0.00030959     0.000000E+000     0.900388E-006        0.1944
   999        0.00030959     0.000000E+000     0.890726E-006        0.1947
  1000        0.00030959     0.000000E+000     0.881174E-006        0.1950
  1001        0.00030959     0.000000E+000     0.871729E-006        0.1954
  1002        0.00030959     0.000000E+000     0.862392E-006        0.1957
  1003        0.00030959     0.000000E+000     0.853161E-006        0.1960
  1004        0.00030959     0.000000E+000     0.844035E-006        0.1963
  1005        0.00030959     0.000000E+000     0.835012E-006        0.1966
  1006        0.00030959     0.000000E+000     0.826092E-006        0.1969
  1007        0.00030959     0.000000E+000     0.817274E-006        0.1972
  1008        0.00030959     0.000000E+000     0.808555E-006        0.1975
  1009        0.00030959     0.000000E+000     0.799935E-006        0.1978
  1010        0.00030959     0.000000E+000     0.791414E-006        0.1981
  1011        0.00030959     0.000000E+000     0.782989E-006        0.1985
  1012        0.00030959     0.000000E+000     0.774660E-006        0.1988
  1013        0.00030959     0.000000E+000     0.766426E-006        0.1991
  1014        0.00030959     0.000000E+000     0.758285E-006        0.1994
  1015        0.00030959     0.000000E+000     0.750236E-006        0.1997
  1016        0.00033784     0.000000E+000     0.883319E-006        0.2000
  1017        0.00034725     0.000000E+000     0.922266E-006        0.2003
  1018        0.00035094     0.000000E+000     0.930669E-006        0.2007
  1019        0.00035344     0.000000E+000     0.932649E-006        0.2010
  1020        0.00035471     0.000000E+000     0.928020E-006        0.2014
  1021        0.00035729     0.000000E+000     0.930132E-006        0.2017
  1022        0.00035992     0.000000E+000     0.932325E-006        0.2021
  1023        0.00036125     0.000000E+000     0.927719E-006        0.2025
  1024        0.00036396     0.000000E+000     0.930054E-006        0.2028
  1025        0.00036672     0.000000E+000     0.932476E-006        0.2032
  1026        0.00036812     0.000000E+000     0.927895E-006        0.2036
  1027        0.00037096     0.000000E+000     0.930470E-006        0.2039
  1028        0.00037386     0.000000E+000     0.933140E-006        0.2043
  1029        0.00037533     0.000000E+000     0.928585E-006        0.2047
  1030        0.00037832     0.000000E+000     0.931421E-006        0.2050
  1031        0.00037984     0.000000E+000     0.926902E-006        0.2054
  1032        0.00038293     0.000000E+000     0.929911E-006        0.2058
  1033        0.00038608     0.000000E+000     0.933029E-006        0.2062
  1034        0.00038768     0.000000E+000     0.928541E-006        0.2066
  1035        0.00039094     0.000000E+000     0.931848E-006        0.2070
  1036        0.00039260     0.000000E+000     0.927399E-006        0.2073
  1037        0.00039597     0.000000E+000     0.930904E-006        0.2077
  1038        0.00039768     0.000000E+000     0.926498E-006        0.2081
  1039        0.00040117     0.000000E+000     0.930211E-006        0.2085
  1040        0.00040294     0.000000E+000     0.925848E-006        0.2089
  1041        0.00040656     0.000000E+000     0.929781E-006        0.2093
  1042        0.00040840     0.000000E+000     0.925464E-006        0.2097
  1043        0.00041214     0.000000E+000     0.929630E-006        0.2102
  1044        0.00041405     0.000000E+000     0.925359E-006        0.2106
  1045        0.00041794     0.000000E+000     0.929771E-006        0.2110
  1046        0.00041992     0.000000E+000     0.925550E-006        0.2114
  1047        0.00042396     0.000000E+000     0.930223E-006        0.2118
  1048        0.00042602     0.000000E+000     0.926054E-006        0.2122
  1049        0.00042810     0.000000E+000     0.921943E-006        0.2127
  1050        0.00043236     0.000000E+000     0.926999E-006        0.2131
  1051        0.00043454     0.000000E+000     0.922943E-006        0.2135
  1052        0.00043897     0.000000E+000     0.928301E-006        0.2140
  1053        0.00044123     0.000000E+000     0.924304E-006        0.2144
  1054        0.00044585     0.000000E+000     0.929982E-006        0.2148
  1055        0.00044821     0.000000E+000     0.926048E-006        0.2153
  1056        0.00045061     0.000000E+000     0.922177E-006        0.2157
  1057        0.00045551     0.000000E+000     0.928329E-006        0.2162
  1058        0.00045801     0.000000E+000     0.924526E-006        0.2166
  1059        0.00046055     0.000000E+000     0.920791E-006        0.2171
  1060        0.00046576     0.000000E+000     0.927460E-006        0.2176
  1061        0.00046842     0.000000E+000     0.923800E-006        0.2180
  1062        0.00047113     0.000000E+000     0.920210E-006        0.2185
  1063        0.00047667     0.000000E+000     0.927450E-006        0.2190
  1064        0.00047951     0.000000E+000     0.923943E-006        0.2194
  1065        0.00048240     0.000000E+000     0.920512E-006        0.2199
  1066        0.00048534     0.000000E+000     0.917156E-006        0.2204
  1067        0.00049137     0.000000E+000     0.925202E-006        0.2209
  1068        0.00049446     0.000000E+000     0.921942E-006        0.2214
  1069        0.00049761     0.000000E+000     0.918764E-006        0.2219
  1070        0.00050082     0.000000E+000     0.915668E-006        0.2224
  1071        0.00050741     0.000000E+000     0.924636E-006        0.2229
  1072        0.00051079     0.000000E+000     0.921652E-006        0.2234
  1073        0.00051424     0.000000E+000     0.918758E-006        0.2239
  1074        0.00051776     0.000000E+000     0.915956E-006        0.2244
  1075        0.00052500     0.000000E+000     0.925987E-006        0.2249
  1076        0.00052873     0.000000E+000     0.923318E-006        0.2254
  1077        0.00053253     0.000000E+000     0.920749E-006        0.2260
  1078        0.00053642     0.000000E+000     0.918282E-006        0.2265
  1079        0.00054039     0.000000E+000     0.915919E-006        0.2270
  1080        0.00054446     0.000000E+000     0.913664E-006        0.2276
  1081        0.00054861     0.000000E+000     0.911518E-006        0.2281
  1082        0.00055718     0.000000E+000     0.923661E-006        0.2287
  1083        0.00056161     0.000000E+000     0.921700E-006        0.2292
  1084        0.00056613     0.000000E+000     0.919863E-006        0.2298
  1085        0.00057078     0.000000E+000     0.918151E-006        0.2304
  1086        0.00057553     0.000000E+000     0.916571E-006        0.2309
  1087        0.00058041     0.000000E+000     0.915126E-006        0.2315
  1088        0.00058541     0.000000E+000     0.913820E-006        0.2321
  1089        0.00059055     0.000000E+000     0.912659E-006        0.2327
  1090        0.00059582     0.000000E+000     0.911648E-006        0.2333
  1091        0.00060124     0.000000E+000     0.910792E-006        0.2339
  1092        0.00060680     0.000000E+000     0.910097E-006        0.2345
  1093        0.00061253     0.000000E+000     0.909570E-006        0.2351
  1094        0.00061842     0.000000E+000     0.909219E-006        0.2357
  1095        0.00062448     0.000000E+000     0.909050E-006        0.2363
  1096        0.00063073     0.000000E+000     0.909072E-006        0.2369
  1097        0.00063716     0.000000E+000     0.909293E-006        0.2376
  1098        0.00064380     0.000000E+000     0.909724E-006        0.2382
  1099        0.00065065     0.000000E+000     0.910375E-006        0.2388
  1100        0.00065772     0.000000E+000     0.911257E-006        0.2395
  1101        0.00066503     0.000000E+000     0.912382E-006        0.2401
  1102        0.00067259     0.000000E+000     0.913765E-006        0.2408
  1103        0.00068041     0.000000E+000     0.915419E-006        0.2415
  1104        0.00068851     0.000000E+000     0.917362E-006        0.2422
  1105        0.00069690     0.000000E+000     0.919610E-006        0.2429
  1106        0.00070561     0.000000E+000     0.922183E-006        0.2436
  1107        0.00070561     0.000000E+000     0.902016E-006        0.2443
  1108        0.00071478     0.000000E+000     0.905180E-006        0.2450
  1109        0.00072431     0.000000E+000     0.908721E-006        0.2457
  1110        0.00073423     0.000000E+000     0.912667E-006        0.2464
  1111        0.00074457     0.000000E+000     0.917047E-006        0.2471
  1112        0.00074457     0.000000E+000     0.895963E-006        0.2479
  1113        0.00075552     0.000000E+000     0.901088E-006        0.2486
  1114        0.00076697     0.000000E+000     0.906731E-006        0.2494
  1115        0.00077895     0.000000E+000     0.912938E-006        0.2501
  1116        0.00077895     0.000000E+000     0.891043E-006        0.2509
  1117        0.00079172     0.000000E+000     0.898176E-006        0.2517
  1118        0.00080514     0.000000E+000     0.905997E-006        0.2525
  1119        0.00081927     0.000000E+000     0.914576E-006        0.2533
  1120        0.00081927     0.000000E+000     0.891582E-006        0.2541
  1121        0.00083444     0.000000E+000     0.901366E-006        0.2549
  1122        0.00085048     0.000000E+000     0.912106E-006        0.2558
  1123        0.00085048     0.000000E+000     0.888368E-006        0.2566
  1124        0.00086784     0.000000E+000     0.900600E-006        0.2575
  1125        0.00086784     0.000000E+000     0.876734E-006        0.2583
  1126        0.00088671     0.000000E+000     0.890669E-006        0.2592
  1127        0.00090686     0.000000E+000     0.906054E-006        0.2601
  1128        0.00090686     0.000000E+000     0.881066E-006        0.2610
  1129        0.00092898     0.000000E+000     0.898672E-006        0.2619
  1130        0.00092898     0.000000E+000     0.873361E-006        0.2628
  1131        0.00095343     0.000000E+000     0.893589E-006        0.2638
  1132        0.00095343     0.000000E+000     0.867846E-006        0.2647
  1133        0.00098067     0.000000E+000     0.891215E-006        0.2657
  1134        0.00098067     0.000000E+000     0.864902E-006        0.2667
  1135        0.00101131     0.000000E+000     0.892102E-006        0.2676
  1136        0.00101131     0.000000E+000     0.865034E-006        0.2686
  1137        0.00104619     0.000000E+000     0.897002E-006        0.2697
  1138        0.00104619     0.000000E+000     0.868929E-006        0.2707
  1139        0.00104619     0.000000E+000     0.841755E-006        0.2718
  1140        0.00108803     0.000000E+000     0.881193E-006        0.2728
  1141        0.00108803     0.000000E+000     0.852554E-006        0.2739
  1142        0.00108803     0.000000E+000     0.824821E-006        0.2750
  1143        0.00113984     0.000000E+000     0.874770E-006        0.2761
  1144        0.00113984     0.000000E+000     0.844842E-006        0.2772
  1145        0.00113984     0.000000E+000     0.815822E-006        0.2783
  1146        0.00120689     0.000000E+000     0.881747E-006        0.2795
  1147        0.00120689     0.000000E+000     0.849309E-006        0.2807
  1148        0.00120689     0.000000E+000     0.817798E-006        0.2819
  1149        0.00120689     0.000000E+000     0.787157E-006        0.2831
  1150        0.00120689     0.000000E+000     0.757339E-006        0.2843
  1151        0.00131661     0.000000E+000     0.864607E-006        0.2855
  1152        0.00131661     0.000000E+000     0.828081E-006        0.2868
  1153        0.00131661     0.000000E+000     0.792711E-006        0.2882
  1154        0.00131661     0.000000E+000     0.758561E-006        0.2895
  1155        0.00131661     0.000000E+000     0.725725E-006        0.2908
  1156        0.00131661     0.000000E+000     0.694310E-006        0.2921
  1157        0.00131661     0.000000E+000     0.664416E-006        0.2934
  1158        0.00131661     0.000000E+000     0.636116E-006        0.2947
  1159        0.00131661     0.000000E+000     0.609445E-006        0.2961
  1160        0.00131661     0.000000E+000     0.584395E-006        0.2974
  1161        0.00131661     0.000000E+000     0.560915E-006        0.2987
  1162        0.00158730     0.000000E+000     0.778946E-006        0.3000
  1163        0.00169677     0.000000E+000     0.847619E-006        0.3016
  1164        0.00175847     0.000000E+000     0.866402E-006        0.3033
  1165        0.00179165     0.000000E+000     0.856251E-006        0.3050
  1166        0.00186332     0.000000E+000     0.881473E-006        0.3068
  1167        0.00190214     0.000000E+000     0.874260E-006        0.3087
  1168        0.00194349     0.000000E+000     0.868661E-006        0.3106
  1169        0.00198766     0.000000E+000     0.864595E-006        0.3125
  1170        0.00203498     0.000000E+000     0.862016E-006        0.3145
  1171        0.00208586     0.000000E+000     0.860914E-006        0.3166
  1172        0.00214075     0.000000E+000     0.861318E-006        0.3187
  1173        0.00220021     0.000000E+000     0.863301E-006        0.3208
  1174        0.00226492     0.000000E+000     0.866982E-006        0.3230
  1175        0.00233570     0.000000E+000     0.872536E-006        0.3253
  1176        0.00241356     0.000000E+000     0.880208E-006        0.3276
  1177        0.00241356     0.000000E+000     0.831052E-006        0.3300
  1178        0.00250295     0.000000E+000     0.842690E-006        0.3324
  1179        0.00260307     0.000000E+000     0.857354E-006        0.3349
  1180        0.00260307     0.000000E+000     0.805589E-006        0.3375
  1181        0.00272139     0.000000E+000     0.825745E-006        0.3401
  1182        0.00285746     0.000000E+000     0.850933E-006        0.3429
  1183        0.00285746     0.000000E+000     0.794016E-006        0.3457
  1184        0.00302555     0.000000E+000     0.828362E-006        0.3486
  1185        0.00302555     0.000000E+000     0.769140E-006        0.3516
  1186        0.00324166     0.000000E+000     0.816974E-006        0.3546
  1187        0.00324166     0.000000E+000     0.753730E-006        0.3579
  1188        0.00353635     0.000000E+000     0.823764E-006        0.3611
  1189        0.00353635     0.000000E+000     0.753468E-006        0.3646
  1190        0.00353635     0.000000E+000     0.688715E-006        0.3682
  1191        0.00353635     0.000000E+000     0.629140E-006        0.3717
  1192        0.00412574     0.000000E+000     0.775682E-006        0.3752
  1193        0.00412574     0.000000E+000     0.697142E-006        0.3794
  1194        0.00412574     0.000000E+000     0.626248E-006        0.3835
  1195        0.00412574     0.000000E+000     0.562373E-006        0.3876
  1196        0.00412574     0.000000E+000     0.504917E-006        0.3917
  1197        0.00412574     0.000000E+000     0.453312E-006        0.3959
  1198        0.00526316     0.000000E+000     0.652520E-006        0.4000
  1199        0.00592105     0.000000E+000     0.713907E-006        0.4053
  1200        0.00634398     0.000000E+000     0.699111E-006        0.4112
  1201        0.00687265     0.000000E+000     0.692133E-006        0.4175
  1202        0.00755992     0.000000E+000     0.696575E-006        0.4244
  1203        0.00850490     0.000000E+000     0.719606E-006        0.4320
  1204        0.00850490     0.000000E+000     0.581997E-006        0.4405
  1205        0.01020589     0.000000E+000     0.665101E-006        0.4490
  1206        0.01020589     0.000000E+000     0.518863E-006        0.4592
  1207        0.01020589     0.000000E+000     0.406098E-006        0.4694
  1208        0.01020589     0.000000E+000     0.318739E-006        0.4796
  1209        0.01020589     0.000000E+000     0.250796E-006        0.4898
  1210        0.01428571     0.000000E+000     0.368762E-006        0.5000
  1211        0.01714286     0.000000E+000     0.369437E-006        0.5143
  1212        0.02285714     0.000000E+000     0.416309E-006        0.5314
  1213        0.02285714     0.000000E+000     0.249634E-006        0.5543
  1214        0.02285714     0.000000E+000     0.150737E-006        0.5771
  1215        0.03333333     0.000000E+000     0.173521E-006        0.6000
  1216        0.03333333     0.000000E+000     0.843563E-007        0.6333
  1217        0.03333333     0.000000E+000     0.415100E-007        0.6667
  1218        0.05000000     0.000000E+000     0.388278E-007        0.7000
  1219        0.05000000     0.000000E+000     0.136844E-007        0.7500
  1220        0.10000000     0.000000E+000     0.121056E-007        0.8000
  1221        0.10000000     0.000000E+000     0.159571E-008        0.9000
