#Update-step  Updatetime     Error of A        Error of phi      Time in fs
     1        0.05000000     0.000000E+000     0.743356E-004        0.0000
     2        0.05000000     0.000000E+000     0.309371E-005        0.0500
     3        0.10000000     0.000000E+000     0.120866E-006        0.1000
     4        0.10000000     0.000000E+000     0.508105E-007        0.2000
     5        0.10000000     0.000000E+000     0.246909E-007        0.3000
     6        0.10000000     0.000000E+000     0.444141E-008        0.4000
     7        0.10000000     0.000000E+000     0.983144E-009        0.5000
     8        0.10000000     0.000000E+000     0.291095E-009        0.6000
     9        0.10000000     0.000000E+000     0.281894E-007        0.7000
    10        0.10000000     0.000000E+000     0.159878E-007        0.8000
    11        0.10000000     0.000000E+000     0.363126E-008        0.9000
