#    Start: ------ Host: "mendez-famaf" ----------Sat Jun  4 06:34:00 2022

#    Time[fs]   CPU-time[s]     Delta-CPU    Real time        RealT[s]     [h]
#       -0.00           7.3                  Jun  4 06:34:07         0     0.00
         0.00          51.4        44.040    Jun  4 06:34:51        44     0.01
         0.00         346.8       295.430    Jun  4 06:39:47       340     0.09
         0.00         663.9       317.140    Jun  4 06:45:04       657     0.18
         0.00         943.5       279.580    Jun  4 06:49:43       936     0.26
         0.00        1142.2       198.730    Jun  4 06:53:02      1135     0.32
         0.00        1292.2       149.960    Jun  4 06:55:32      1285     0.36
         0.01        1423.5       131.340    Jun  4 06:57:43      1416     0.39
         0.01        1537.5       113.930    Jun  4 06:59:37      1530     0.42
         0.01        1634.9        97.400    Jun  4 07:01:15      1628     0.45
         0.01        1723.6        88.710    Jun  4 07:02:43      1716     0.48
         0.01        1807.5        83.940    Jun  4 07:04:07      1800     0.50
         0.01        1890.1        82.590    Jun  4 07:05:30      1883     0.52
         0.01        1970.7        80.570    Jun  4 07:06:51      1964     0.55
         0.01        2044.7        74.070    Jun  4 07:08:05      2038     0.57
         0.01        2120.1        75.410    Jun  4 07:09:20      2113     0.59
         0.01        2194.0        73.840    Jun  4 07:10:34      2187     0.61
         0.02        2264.1        70.150    Jun  4 07:11:44      2257     0.63
         0.02        2343.6        79.460    Jun  4 07:13:03      2336     0.65
         0.02        2983.5       639.890    Jun  4 07:23:43      2976     0.83
         0.02        3646.5       663.000    Jun  4 07:34:46      3639     1.01
         0.02        4181.8       535.290    Jun  4 07:43:42      4175     1.16
         0.02        4748.3       566.540    Jun  4 07:53:08      4741     1.32
         0.02        5177.0       428.690    Jun  4 08:00:17      5170     1.44
         0.02        5675.4       498.340    Jun  4 08:08:35      5668     1.57
         0.02        6203.2       527.830    Jun  4 08:17:23      6196     1.72
         0.02        6632.3       429.140    Jun  4 08:24:32      6625     1.84
         0.03        7103.3       470.970    Jun  4 08:32:23      7096     1.97
         0.03        7527.0       423.700    Jun  4 08:39:27      7520     2.09
         0.03        7910.5       383.490    Jun  4 08:45:51      7904     2.20
         0.03        8283.0       372.480    Jun  4 08:52:03      8276     2.30
         0.03        8645.2       362.190    Jun  4 08:58:05      8638     2.40
         0.03        9014.3       369.120    Jun  4 09:04:14      9007     2.50
         0.03        9369.4       355.150    Jun  4 09:10:10      9363     2.60
         0.03        9716.7       347.310    Jun  4 09:15:57      9710     2.70
         0.03       10078.8       362.020    Jun  4 09:21:59     10072     2.80
         0.03       10421.6       342.860    Jun  4 09:27:42     10415     2.89
         0.04       10790.5       368.860    Jun  4 09:33:51     10784     3.00
         0.04       11245.1       454.650    Jun  4 09:41:25     11238     3.12
         0.04       11539.9       294.780    Jun  4 09:46:20     11533     3.20
         0.04       11854.0       314.110    Jun  4 09:51:34     11847     3.29
         0.04       12136.2       282.220    Jun  4 09:56:17     12130     3.37
         0.04       12440.6       304.400    Jun  4 10:01:21     12434     3.45
         0.04       12724.6       283.980    Jun  4 10:06:05     12718     3.53
         0.04       13035.0       310.390    Jun  4 10:11:15     13028     3.62
         0.04       13288.2       253.190    Jun  4 10:15:29     13282     3.69
         0.04       13518.8       230.640    Jun  4 10:19:19     13512     3.75
         0.05       13738.2       219.350    Jun  4 10:22:59     13732     3.81
         0.05       13948.0       209.780    Jun  4 10:26:28     13941     3.87
         0.05       14144.5       196.530    Jun  4 10:29:45     14138     3.93
         0.05       14343.4       198.920    Jun  4 10:33:04     14337     3.98
         0.05       14605.4       262.040    Jun  4 10:37:26     14599     4.06
         0.05       14850.7       245.230    Jun  4 10:41:31     14844     4.12
         0.05       15155.2       304.570    Jun  4 10:46:36     15149     4.21
         0.05       15380.1       224.870    Jun  4 10:50:21     15374     4.27
         0.05       15546.2       166.090    Jun  4 10:53:07     15540     4.32
         0.05       15719.1       172.840    Jun  4 10:56:00     15713     4.36
         0.06       15951.8       232.780    Jun  4 10:59:52     15945     4.43
         0.06       16119.5       167.690    Jun  4 11:02:40     16113     4.48
         0.06       16268.7       149.190    Jun  4 11:05:09     16262     4.52
         0.06       16418.3       149.560    Jun  4 11:07:39     16412     4.56
         0.06       16569.0       150.690    Jun  4 11:10:10     16563     4.60
         0.06       16799.2       230.190    Jun  4 11:14:00     16793     4.66
         0.06       17114.3       315.160    Jun  4 11:19:15     17108     4.75
         0.06       17600.9       486.600    Jun  4 11:27:22     17595     4.89
         0.06       17850.2       249.310    Jun  4 11:31:31     17844     4.96
         0.06       18079.8       229.630    Jun  4 11:35:20     18073     5.02
         0.07       18274.6       194.750    Jun  4 11:38:35     18268     5.07
         0.07       18442.1       167.460    Jun  4 11:41:23     18436     5.12
         0.07       18596.3       154.240    Jun  4 11:43:57     18590     5.16
         0.07       18744.4       148.070    Jun  4 11:46:25     18738     5.21
         0.07       18883.3       138.970    Jun  4 11:48:44     18877     5.24
         0.07       19016.0       132.690    Jun  4 11:50:57     19010     5.28
         0.07       19142.4       126.380    Jun  4 11:53:03     19136     5.32
         0.07       19266.6       124.230    Jun  4 11:55:07     19260     5.35
         0.07       19385.7       119.090    Jun  4 11:57:06     19379     5.38
         0.07       19500.6       114.860    Jun  4 11:59:01     19494     5.42
         0.08       19609.1       108.490    Jun  4 12:00:50     19603     5.45
         0.08       19715.9       106.830    Jun  4 12:02:37     19710     5.47
         0.08       19819.0       103.050    Jun  4 12:04:20     19813     5.50
         0.08       19918.9        99.960    Jun  4 12:06:00     19913     5.53
         0.08       20016.0        97.030    Jun  4 12:07:37     20010     5.56
         0.08       20109.0        93.090    Jun  4 12:09:10     20103     5.58
         0.08       20199.0        89.910    Jun  4 12:10:40     20193     5.61
         0.08       20287.4        88.480    Jun  4 12:12:08     20281     5.63
         0.08       20373.0        85.550    Jun  4 12:13:34     20367     5.66
         0.09       20454.7        81.700    Jun  4 12:14:55     20448     5.68
         0.09       20534.1        79.410    Jun  4 12:16:15     20528     5.70
         0.09       20610.5        76.430    Jun  4 12:17:31     20604     5.72
         0.09       20684.9        74.360    Jun  4 12:18:46     20679     5.74
         0.09       20758.0        73.140    Jun  4 12:19:59     20752     5.76
         0.09       20828.7        70.690    Jun  4 12:21:10     20823     5.78
         0.09       20897.7        68.950    Jun  4 12:22:18     20891     5.80
         0.09       20965.7        68.040    Jun  4 12:23:26     20959     5.82
         0.09       21031.8        66.150    Jun  4 12:24:33     21026     5.84
         0.09       21097.2        65.330    Jun  4 12:25:38     21091     5.86
         0.10       21160.9        63.730    Jun  4 12:26:42     21155     5.88
         0.10       21222.0        61.060    Jun  4 12:27:43     21216     5.89
         0.10       21282.1        60.130    Jun  4 12:28:43     21276     5.91
         0.10       21341.2        59.150    Jun  4 12:29:42     21335     5.93
         0.10       21401.5        60.260    Jun  4 12:30:42     21395     5.94
         0.10       21464.4        62.910    Jun  4 12:31:45     21458     5.96
         0.10       21533.8        69.390    Jun  4 12:32:55     21528     5.98
         0.10       21599.0        65.190    Jun  4 12:34:00     21593     6.00
         0.10       21659.4        60.400    Jun  4 12:35:00     21653     6.01
         0.10       21712.8        53.390    Jun  4 12:35:54     21707     6.03
         0.10       21765.7        52.920    Jun  4 12:36:47     21760     6.04
         0.11       21816.8        51.060    Jun  4 12:37:38     21811     6.06
         0.11       21868.0        51.190    Jun  4 12:38:29     21862     6.07
         0.11       21917.7        49.720    Jun  4 12:39:19     21912     6.09
         0.11       21966.9        49.200    Jun  4 12:40:08     21961     6.10
         0.11       22015.1        48.200    Jun  4 12:40:56     22009     6.11
         0.11       22062.1        46.970    Jun  4 12:41:43     22056     6.13
         0.11       22109.4        47.370    Jun  4 12:42:30     22103     6.14
         0.11       22156.3        46.920    Jun  4 12:43:17     22150     6.15
         0.11       22202.3        46.000    Jun  4 12:44:03     22196     6.17
         0.12       22247.3        44.990    Jun  4 12:44:48     22241     6.18
         0.12       22292.0        44.720    Jun  4 12:45:33     22286     6.19
         0.12       22334.5        42.480    Jun  4 12:46:15     22328     6.20
         0.12       22375.8        41.230    Jun  4 12:46:57     22370     6.21
         0.12       22416.5        40.740    Jun  4 12:47:37     22410     6.22
         0.12       22455.9        39.400    Jun  4 12:48:17     22450     6.24
         0.12       22495.4        39.540    Jun  4 12:48:56     22489     6.25
         0.12       22534.6        39.160    Jun  4 12:49:35     22528     6.26
         0.12       22573.4        38.830    Jun  4 12:50:14     22567     6.27
         0.12       22611.2        37.760    Jun  4 12:50:52     22605     6.28
         0.13       22648.8        37.570    Jun  4 12:51:30     22643     6.29
         0.13       22685.9        37.110    Jun  4 12:52:07     22680     6.30
         0.13       22722.0        36.150    Jun  4 12:52:43     22716     6.31
         0.13       22758.6        36.550    Jun  4 12:53:19     22752     6.32
         0.13       22795.1        36.490    Jun  4 12:53:56     22789     6.33
         0.13       22830.5        35.400    Jun  4 12:54:31     22824     6.34
         0.13       22865.4        34.970    Jun  4 12:55:06     22859     6.35
         0.13       22899.4        33.990    Jun  4 12:55:40     22893     6.36
         0.13       22932.5        33.030    Jun  4 12:56:13     22926     6.37
         0.13       22965.5        33.000    Jun  4 12:56:46     22959     6.38
         0.14       22997.7        32.280    Jun  4 12:57:19     22992     6.39
         0.14       23030.8        33.110    Jun  4 12:57:52     23025     6.40
         0.14       23074.0        43.120    Jun  4 12:58:35     23068     6.41
         0.14       23120.7        46.710    Jun  4 12:59:22     23115     6.42
         0.14       23165.1        44.440    Jun  4 13:00:06     23159     6.43
         0.14       23201.9        36.780    Jun  4 13:00:43     23196     6.44
         0.14       23232.4        30.480    Jun  4 13:01:13     23226     6.45
         0.14       23261.4        28.990    Jun  4 13:01:42     23255     6.46
         0.14       23289.0        27.680    Jun  4 13:02:10     23283     6.47
         0.14       23316.7        27.690    Jun  4 13:02:38     23311     6.48
         0.15       23343.6        26.850    Jun  4 13:03:05     23338     6.48
         0.15       23370.8        27.170    Jun  4 13:03:32     23365     6.49
         0.15       23398.6        27.810    Jun  4 13:03:59     23392     6.50
         0.15       23426.2        27.690    Jun  4 13:04:27     23420     6.51
         0.15       23454.8        28.550    Jun  4 13:04:56     23449     6.51
         0.15       23482.9        28.120    Jun  4 13:05:24     23477     6.52
         0.15       23511.9        29.000    Jun  4 13:05:53     23506     6.53
         0.15       23540.5        28.590    Jun  4 13:06:21     23534     6.54
         0.15       23570.3        29.750    Jun  4 13:06:51     23564     6.55
         0.15       23600.5        30.190    Jun  4 13:07:21     23594     6.55
         0.16       23629.3        28.890    Jun  4 13:07:50     23623     6.56
         0.16       23659.1        29.810    Jun  4 13:08:20     23653     6.57
         0.16       23688.8        29.660    Jun  4 13:08:50     23683     6.58
         0.16       23717.6        28.760    Jun  4 13:09:19     23712     6.59
         0.16       23745.8        28.220    Jun  4 13:09:47     23740     6.59
         0.16       23774.9        29.100    Jun  4 13:10:16     23769     6.60
         0.16       23804.1        29.250    Jun  4 13:10:45     23798     6.61
         0.16       23834.2        30.080    Jun  4 13:11:15     23828     6.62
         0.16       23864.6        30.360    Jun  4 13:11:46     23859     6.63
         0.16       23895.0        30.390    Jun  4 13:12:16     23889     6.64
         0.17       23927.1        32.080    Jun  4 13:12:48     23921     6.64
         0.17       23955.4        28.350    Jun  4 13:13:16     23949     6.65
         0.17       23981.0        25.640    Jun  4 13:13:42     23975     6.66
         0.17       24006.9        25.900    Jun  4 13:14:08     24001     6.67
         0.17       24033.7        26.740    Jun  4 13:14:35     24028     6.67
         0.17       24063.1        29.410    Jun  4 13:15:04     24057     6.68
         0.17       24092.8        29.700    Jun  4 13:15:34     24087     6.69
         0.17       24535.9       443.130    Jun  4 13:22:57     24530     6.81
         0.17       25010.2       474.300    Jun  4 13:30:51     25004     6.95
         0.17       25449.0       438.800    Jun  4 13:38:10     25443     7.07
         0.17       25882.9       433.890    Jun  4 13:45:24     25877     7.19
         0.18       26327.8       444.890    Jun  4 13:52:49     26322     7.31
         0.18       26757.6       429.810    Jun  4 13:59:59     26752     7.43
         0.18       27168.4       410.770    Jun  4 14:06:49     27162     7.54
         0.18       27549.2       380.840    Jun  4 14:13:10     27543     7.65
         0.18       27902.9       353.630    Jun  4 14:19:04     27897     7.75
         0.18       28230.5       327.640    Jun  4 14:24:32     28225     7.84
         0.18       28534.2       303.670    Jun  4 14:29:35     28528     7.92
         0.18       28815.1       280.970    Jun  4 14:34:16     28809     8.00
         0.18       29084.6       269.490    Jun  4 14:38:46     29079     8.08
         0.19       29343.7       259.120    Jun  4 14:43:05     29338     8.15
         0.19       29591.1       247.330    Jun  4 14:47:12     29585     8.22
         0.19       29833.4       242.370    Jun  4 14:51:15     29828     8.29
         0.19       30072.1       238.690    Jun  4 14:55:13     30066     8.35
         0.19       30300.0       227.900    Jun  4 14:59:01     30294     8.41
         0.19       30523.2       223.180    Jun  4 15:02:45     30518     8.48
         0.19       30733.1       209.870    Jun  4 15:06:15     30728     8.54
         0.19       30923.0       189.930    Jun  4 15:09:24     30917     8.59
         0.19       31088.2       165.210    Jun  4 15:12:10     31083     8.63
         0.19       31228.9       140.690    Jun  4 15:14:30     31223     8.67
         0.20       31352.0       123.110    Jun  4 15:16:34     31347     8.71
         0.20       31469.6       117.540    Jun  4 15:18:31     31464     8.74
         0.20       31582.8       113.230    Jun  4 15:20:24     31577     8.77
         0.20       31690.0       107.220    Jun  4 15:22:12     31685     8.80
         0.20       31791.8       101.770    Jun  4 15:23:53     31786     8.83
         0.20       31888.8        97.050    Jun  4 15:25:30     31883     8.86
         0.20       31982.2        93.380    Jun  4 15:27:04     31977     8.88
         0.20       32072.4        90.180    Jun  4 15:28:34     32067     8.91
         0.20       32159.2        86.840    Jun  4 15:30:01     32154     8.93
         0.20       32244.1        84.830    Jun  4 15:31:26     32239     8.96
         0.21       32325.9        81.830    Jun  4 15:32:47     32320     8.98
         0.21       32405.5        79.580    Jun  4 15:34:07     32400     9.00
         0.21       32483.7        78.180    Jun  4 15:35:25     32478     9.02
         0.21       32560.0        76.360    Jun  4 15:36:42     32555     9.04
         0.21       32634.6        74.550    Jun  4 15:37:56     32629     9.06
         0.21       32707.3        72.710    Jun  4 15:39:09     32702     9.08
         0.21       32778.2        70.970    Jun  4 15:40:20     32773     9.10
         0.21       32848.4        70.180    Jun  4 15:41:30     32843     9.12
         0.21       32916.7        68.230    Jun  4 15:42:38     32911     9.14
         0.21       32983.8        67.200    Jun  4 15:43:45     32978     9.16
         0.22       33049.2        65.350    Jun  4 15:44:51     33044     9.18
         0.22       33113.4        64.150    Jun  4 15:45:55     33108     9.20
         0.22       33176.7        63.390    Jun  4 15:46:58     33171     9.21
         0.22       33238.2        61.480    Jun  4 15:48:00     33233     9.23
         0.22       33298.8        60.580    Jun  4 15:49:00     33293     9.25
         0.22       33358.5        59.710    Jun  4 15:50:00     33353     9.26
         0.22       33417.2        58.700    Jun  4 15:50:59     33412     9.28
         0.22       33474.9        57.650    Jun  4 15:51:56     33469     9.30
         0.22       33531.6        56.700    Jun  4 15:52:53     33526     9.31
         0.22       33587.1        55.560    Jun  4 15:53:49     33582     9.33
         0.23       33641.8        54.710    Jun  4 15:54:43     33636     9.34
         0.23       33695.6        53.770    Jun  4 15:55:37     33690     9.36
         0.23       33748.4        52.820    Jun  4 15:56:30     33743     9.37
         0.23       33800.5        52.090    Jun  4 15:57:22     33795     9.39
         0.23       33851.7        51.180    Jun  4 15:58:13     33846     9.40
         0.23       33901.8        50.130    Jun  4 15:59:03     33896     9.42
         0.23       33951.2        49.420    Jun  4 15:59:53     33946     9.43
         0.23       33999.8        48.550    Jun  4 16:00:41     33994     9.44
         0.23       34047.5        47.740    Jun  4 16:01:29     34042     9.46
         0.23       34095.4        47.910    Jun  4 16:02:17     34090     9.47
         0.24       34142.3        46.910    Jun  4 16:03:04     34137     9.48
         0.24       34188.3        45.940    Jun  4 16:03:50     34183     9.50
         0.24       34233.2        44.960    Jun  4 16:04:35     34228     9.51
         0.24       34277.3        44.010    Jun  4 16:05:19     34272     9.52
         0.24       34321.1        43.830    Jun  4 16:06:03     34316     9.53
         0.24       34364.0        42.880    Jun  4 16:06:46     34359     9.54
         0.24       34405.8        41.860    Jun  4 16:07:27     34400     9.56
         0.24       34447.3        41.470    Jun  4 16:08:09     34442     9.57
         0.24       34488.0        40.740    Jun  4 16:08:50     34483     9.58
         0.24       34528.4        40.380    Jun  4 16:09:30     34523     9.59
         0.25       34567.8        39.350    Jun  4 16:10:09     34562     9.60
         0.25       34606.2        38.440    Jun  4 16:10:48     34601     9.61
         0.25       34644.6        38.390    Jun  4 16:11:26     34639     9.62
         0.25       34682.1        37.470    Jun  4 16:12:04     34677     9.63
         0.25       34720.7        38.600    Jun  4 16:12:42     34715     9.64
         0.25       34760.3        39.600    Jun  4 16:13:22     34755     9.65
         0.25       34809.8        49.480    Jun  4 16:14:11     34804     9.67
         0.25       34859.7        49.910    Jun  4 16:15:01     34854     9.68
         0.25       35009.0       149.330    Jun  4 16:17:31     35004     9.72
         0.25       35207.8       198.850    Jun  4 16:20:50     35203     9.78
         0.26       35389.9       182.030    Jun  4 16:23:52     35385     9.83
         0.26       35559.1       169.260    Jun  4 16:26:41     35554     9.88
         0.26       35720.3       161.180    Jun  4 16:29:22     35715     9.92
         0.26       35873.2       152.940    Jun  4 16:31:55     35868     9.96
         0.26       36020.1       146.840    Jun  4 16:34:22     36015    10.00
         0.26       36160.3       140.230    Jun  4 16:36:42     36155    10.04
         0.26       36293.5       133.130    Jun  4 16:38:55     36288    10.08
         0.26       36410.5       117.010    Jun  4 16:40:52     36405    10.11
         0.26       36507.5        97.060    Jun  4 16:42:29     36502    10.14
         0.26       36609.4       101.880    Jun  4 16:44:11     36604    10.17
         0.27       36722.9       113.510    Jun  4 16:46:05     36718    10.20
         0.27       36831.8       108.850    Jun  4 16:47:54     36827    10.23
         0.27       36937.8       105.990    Jun  4 16:49:40     36933    10.26
         0.27       37040.4       102.630    Jun  4 16:51:22     37035    10.29
         0.27       37135.1        94.680    Jun  4 16:52:57     37130    10.31
         0.27       37222.3        87.270    Jun  4 16:54:24     37217    10.34
         0.27       37303.8        81.490    Jun  4 16:55:46     37299    10.36
         0.27       37380.5        76.720    Jun  4 16:57:02     37375    10.38
         0.27       37452.2        71.650    Jun  4 16:58:14     37447    10.40
         0.27       37519.9        67.700    Jun  4 16:59:22     37515    10.42
         0.28       37584.4        64.500    Jun  4 17:00:26     37579    10.44
         0.28       37645.4        61.060    Jun  4 17:01:27     37640    10.46
         0.28       37704.1        58.620    Jun  4 17:02:26     37699    10.47
         0.28       37760.4        56.330    Jun  4 17:03:22     37755    10.49
         0.28       37814.2        53.760    Jun  4 17:04:16     37809    10.50
         0.28       37866.2        52.090    Jun  4 17:05:08     37861    10.52
         0.28       37916.7        50.470    Jun  4 17:05:59     37912    10.53
         0.28       37965.7        48.930    Jun  4 17:06:48     37961    10.54
         0.28       38012.9        47.210    Jun  4 17:07:35     38008    10.56
         0.28       38059.3        46.410    Jun  4 17:08:21     38054    10.57
         0.29       38104.0        44.780    Jun  4 17:09:06     38099    10.58
         0.29       38147.6        43.570    Jun  4 17:09:50     38143    10.60
         0.29       38190.0        42.350    Jun  4 17:10:32     38185    10.61
         0.29       38231.4        41.480    Jun  4 17:11:13     38226    10.62
         0.29       38272.9        41.480    Jun  4 17:11:55     38268    10.63
         0.29       38313.6        40.700    Jun  4 17:12:36     38309    10.64
         0.29       38352.8        39.220    Jun  4 17:13:15     38348    10.65
         0.29       38391.9        39.090    Jun  4 17:13:54     38387    10.66
         0.29       38430.2        38.310    Jun  4 17:14:32     38425    10.67
         0.29       38468.5        38.300    Jun  4 17:15:10     38463    10.68
         0.30       38506.1        37.530    Jun  4 17:15:48     38501    10.69
         0.30       38544.2        38.160    Jun  4 17:16:26     38539    10.71
         0.30       38581.0        36.760    Jun  4 17:17:03     38576    10.72
         0.30       38617.8        36.750    Jun  4 17:17:40     38613    10.73
         0.30       38653.7        35.960    Jun  4 17:18:16     38649    10.74
         0.30       38689.7        35.960    Jun  4 17:18:52     38685    10.75
         0.30       38725.7        36.010    Jun  4 17:19:28     38721    10.76
         0.30       38761.1        35.460    Jun  4 17:20:03     38756    10.77
         0.30       38796.3        35.180    Jun  4 17:20:38     38791    10.78
         0.30       38830.7        34.410    Jun  4 17:21:13     38826    10.79
         0.31       38865.1        34.390    Jun  4 17:21:47     38860    10.79
         0.31       38899.5        34.420    Jun  4 17:22:21     38894    10.80
         0.31       38933.2        33.670    Jun  4 17:22:55     38928    10.81
         0.31       38966.2        32.940    Jun  4 17:23:28     38961    10.82
         0.31       38999.1        32.940    Jun  4 17:24:01     38994    10.83
         0.31       39031.2        32.160    Jun  4 17:24:33     39026    10.84
         0.31       39063.4        32.170    Jun  4 17:25:05     39058    10.85
         0.31       39095.6        32.160    Jun  4 17:25:38     39091    10.86
         0.31       39127.0        31.410    Jun  4 17:26:09     39122    10.87
         0.31       39158.0        30.990    Jun  4 17:26:40     39153    10.88
         0.32       39188.7        30.740    Jun  4 17:27:11     39184    10.88
         0.32       39219.5        30.740    Jun  4 17:27:41     39214    10.89
         0.32       39249.5        30.040    Jun  4 17:28:12     39245    10.90
         0.32       39279.5        30.000    Jun  4 17:28:41     39274    10.91
         0.32       39309.6        30.050    Jun  4 17:29:12     39305    10.92
         0.32       39338.9        29.370    Jun  4 17:29:41     39334    10.93
         0.32       39368.2        29.260    Jun  4 17:30:10     39363    10.93
         0.32       39397.4        29.240    Jun  4 17:30:39     39392    10.94
         0.32       39425.9        28.500    Jun  4 17:31:08     39421    10.95
         0.32       39454.4        28.480    Jun  4 17:31:36     39449    10.96
         0.33       39482.9        28.500    Jun  4 17:32:05     39478    10.97
         0.33       39510.6        27.730    Jun  4 17:32:33     39506    10.97
         0.33       39538.5        27.860    Jun  4 17:33:01     39534    10.98
         0.33       39565.6        27.120    Jun  4 17:33:28     39561    10.99
         0.33       39592.8        27.170    Jun  4 17:33:55     39588    11.00
         0.33       39619.2        26.410    Jun  4 17:34:21     39614    11.00
         0.33       39645.6        26.410    Jun  4 17:34:48     39641    11.01
         0.33       39672.0        26.420    Jun  4 17:35:14     39667    11.02
         0.33       39697.7        25.660    Jun  4 17:35:40     39693    11.03
         0.33       39723.4        25.690    Jun  4 17:36:05     39718    11.03
         0.34       39748.8        25.420    Jun  4 17:36:31     39744    11.04
         0.34       39774.3        25.510    Jun  4 17:36:56     39769    11.05
         0.34       39799.8        25.520    Jun  4 17:37:22     39795    11.05
         0.34       39825.1        25.320    Jun  4 17:37:47     39820    11.06
         0.34       39850.6        25.500    Jun  4 17:38:13     39846    11.07
         0.34       39875.4        24.750    Jun  4 17:38:37     39870    11.07
         0.34       39900.1        24.750    Jun  4 17:39:02     39895    11.08
         0.34       39924.9        24.730    Jun  4 17:39:27     39920    11.09
         0.34       39949.6        24.750    Jun  4 17:39:52     39945    11.10
         0.34       39973.6        24.010    Jun  4 17:40:16     39969    11.10
         0.35       39997.6        23.990    Jun  4 17:40:40     39993    11.11
         0.35       40021.6        24.010    Jun  4 17:41:04     40017    11.12
         0.35       40045.1        23.430    Jun  4 17:41:27     40040    11.12
         0.35       40069.1        24.080    Jun  4 17:41:51     40064    11.13
         0.35       40093.1        23.910    Jun  4 17:42:15     40088    11.14
         0.35       40116.3        23.270    Jun  4 17:42:38     40111    11.14
         0.35       40139.0        22.670    Jun  4 17:43:01     40134    11.15
         0.35       40161.5        22.490    Jun  4 17:43:24     40157    11.15
         0.35       40184.0        22.500    Jun  4 17:43:46     40179    11.16
         0.35       40206.6        22.640    Jun  4 17:44:09     40202    11.17
         0.36       40228.6        21.990    Jun  4 17:44:31     40224    11.17
         0.36       40250.6        21.970    Jun  4 17:44:53     40246    11.18
         0.36       40272.7        22.140    Jun  4 17:45:15     40268    11.19
         0.36       40294.9        22.170    Jun  4 17:45:37     40290    11.19
         0.36       40317.1        22.200    Jun  4 17:45:59     40312    11.20
         0.36       40338.2        21.140    Jun  4 17:46:20     40333    11.20
         0.36       40359.2        21.010    Jun  4 17:46:41     40354    11.21
         0.36       40380.2        21.010    Jun  4 17:47:02     40375    11.22
         0.36       40401.3        21.040    Jun  4 17:47:23     40396    11.22
         0.36       40422.0        20.680    Jun  4 17:47:44     40417    11.23
         0.37       40442.7        20.700    Jun  4 17:48:05     40438    11.23
         0.37       40463.3        20.670    Jun  4 17:48:25     40458    11.24
         0.37       40484.0        20.690    Jun  4 17:48:46     40479    11.24
         0.37       40504.0        19.920    Jun  4 17:49:06     40499    11.25
         0.37       40523.7        19.730    Jun  4 17:49:26     40519    11.26
         0.37       40543.0        19.300    Jun  4 17:49:45     40538    11.26
         0.37       40562.4        19.440    Jun  4 17:50:04     40557    11.27
         0.37       40581.8        19.390    Jun  4 17:50:24     40577    11.27
         0.37       40600.6        18.740    Jun  4 17:50:43     40596    11.28
         0.37       40619.3        18.760    Jun  4 17:51:01     40614    11.28
         0.38       40638.1        18.750    Jun  4 17:51:20     40633    11.29
         0.38       40656.8        18.740    Jun  4 17:51:39     40652    11.29
         0.38       40675.6        18.770    Jun  4 17:51:58     40671    11.30
         0.38       40693.6        18.020    Jun  4 17:52:16     40689    11.30
         0.38       40711.6        17.990    Jun  4 17:52:34     40707    11.31
         0.38       40729.6        18.000    Jun  4 17:52:52     40725    11.31
         0.38       40747.6        18.000    Jun  4 17:53:10     40743    11.32
         0.38       40765.6        18.000    Jun  4 17:53:28     40761    11.32
         0.38       40783.2        17.600    Jun  4 17:53:45     40778    11.33
         0.38       40800.6        17.440    Jun  4 17:54:03     40796    11.33
         0.39       40818.0        17.400    Jun  4 17:54:20     40813    11.34
         0.39       40835.6        17.610    Jun  4 17:54:38     40831    11.34
         0.39       40853.3        17.630    Jun  4 17:54:55     40848    11.35
         0.39       40870.1        16.850    Jun  4 17:55:12     40865    11.35
         0.39       40887.0        16.870    Jun  4 17:55:29     40882    11.36
         0.39       40903.8        16.830    Jun  4 17:55:46     40899    11.36
         0.39       40920.9        17.040    Jun  4 17:56:03     40916    11.37
         0.39       40937.7        16.890    Jun  4 17:56:20     40933    11.37
         0.39       40953.9        16.210    Jun  4 17:56:36     40949    11.37
         0.39       40970.1        16.110    Jun  4 17:56:52     40965    11.38
         0.40       40986.2        16.110    Jun  4 17:57:08     40981    11.38
         0.40       41002.2        16.080    Jun  4 17:57:24     40997    11.39
         0.40       41018.3        16.080    Jun  4 17:57:40     41013    11.39
         0.40       41034.4        16.090    Jun  4 17:57:57     41030    11.40
         0.40       41049.8        15.330    Jun  4 17:58:12     41045    11.40
         0.40       41065.1        15.320    Jun  4 17:58:27     41060    11.41
         0.40       41080.4        15.320    Jun  4 17:58:42     41075    11.41
         0.40       41095.6        15.220    Jun  4 17:58:58     41091    11.41
         0.40       41110.6        14.980    Jun  4 17:59:13     41106    11.42
         0.40       41125.7        15.120    Jun  4 17:59:28     41121    11.42
         0.41       41140.3        14.560    Jun  4 17:59:42     41135    11.43
         0.41       41154.8        14.570    Jun  4 17:59:57     41150    11.43
         0.41       41169.3        14.440    Jun  4 18:00:11     41164    11.43
         0.41       41183.5        14.230    Jun  4 18:00:26     41179    11.44
         0.41       41197.8        14.300    Jun  4 18:00:40     41193    11.44
         0.41       41212.0        14.220    Jun  4 18:00:54     41207    11.45
         0.41       41225.6        13.520    Jun  4 18:01:08     41221    11.45
         0.41       41239.0        13.470    Jun  4 18:01:21     41234    11.45
         0.41       41252.5        13.460    Jun  4 18:01:35     41248    11.46
         0.41       41266.0        13.500    Jun  4 18:01:48     41261    11.46
         0.42       41279.5        13.520    Jun  4 18:02:02     41275    11.47
         0.42       41293.0        13.500    Jun  4 18:02:15     41288    11.47
         0.42       41306.5        13.470    Jun  4 18:02:29     41302    11.47
         0.42       41319.2        12.770    Jun  4 18:02:41     41314    11.48
         0.42       41332.0        12.730    Jun  4 18:02:54     41327    11.48
         0.42       41344.7        12.750    Jun  4 18:03:07     41340    11.48
         0.42       41357.4        12.700    Jun  4 18:03:20     41353    11.49
         0.42       41370.2        12.730    Jun  4 18:03:32     41365    11.49
         0.42       41382.9        12.750    Jun  4 18:03:45     41378    11.49
         0.42       41395.7        12.810    Jun  4 18:03:58     41391    11.50
         0.43       41408.5        12.750    Jun  4 18:04:11     41404    11.50
         0.43       41420.5        12.010    Jun  4 18:04:23     41416    11.50
         0.43       41432.5        12.020    Jun  4 18:04:35     41428    11.51
         0.43       41444.5        12.000    Jun  4 18:04:47     41440    11.51
         0.43       41456.5        12.010    Jun  4 18:04:59     41452    11.51
         0.43       41468.5        12.020    Jun  4 18:05:11     41464    11.52
         0.43       41480.5        12.010    Jun  4 18:05:23     41476    11.52
         0.43       41492.5        11.990    Jun  4 18:05:35     41488    11.52
         0.43       41503.8        11.270    Jun  4 18:05:46     41499    11.53
         0.43       41515.0        11.240    Jun  4 18:05:57     41510    11.53
         0.44       41526.3        11.280    Jun  4 18:06:08     41521    11.53
         0.44       41537.5        11.240    Jun  4 18:06:20     41533    11.54
         0.44       41548.8        11.260    Jun  4 18:06:31     41544    11.54
         0.44       41560.1        11.290    Jun  4 18:06:42     41555    11.54
         0.44       41571.4        11.340    Jun  4 18:06:54     41567    11.55
         0.44       41582.8        11.330    Jun  4 18:07:05     41578    11.55
         0.44       41594.0        11.280    Jun  4 18:07:16     41589    11.55
         0.44       41604.6        10.520    Jun  4 18:07:27     41600    11.56
         0.44       41615.1        10.490    Jun  4 18:07:37     41610    11.56
         0.44       41625.6        10.510    Jun  4 18:07:48     41621    11.56
         0.45       41636.1        10.530    Jun  4 18:07:58     41631    11.56
         0.45       41646.6        10.520    Jun  4 18:08:09     41642    11.57
         0.45       41657.1        10.510    Jun  4 18:08:19     41652    11.57
         0.45       41667.6        10.520    Jun  4 18:08:30     41663    11.57
         0.45       41678.1        10.490    Jun  4 18:08:40     41673    11.58
         0.45       41688.7        10.520    Jun  4 18:08:51     41684    11.58
         0.45       41698.6         9.900    Jun  4 18:09:01     41694    11.58
         0.45       41708.5         9.950    Jun  4 18:09:11     41704    11.58
         0.45       41718.4         9.910    Jun  4 18:09:21     41714    11.59
         0.45       41728.5        10.120    Jun  4 18:09:31     41724    11.59
         0.46       41738.7        10.170    Jun  4 18:09:41     41734    11.59
         0.46       41748.9        10.170    Jun  4 18:09:51     41744    11.60
         0.46       41759.1        10.190    Jun  4 18:10:01     41754    11.60
         0.46       41769.2        10.160    Jun  4 18:10:11     41764    11.60
         0.46       41779.4        10.180    Jun  4 18:10:22     41775    11.60
         0.46       41789.6        10.180    Jun  4 18:10:32     41785    11.61
         0.46       41799.0         9.380    Jun  4 18:10:41     41794    11.61
         0.46       41808.2         9.220    Jun  4 18:10:50     41803    11.61
         0.46       41817.4         9.230    Jun  4 18:11:00     41813    11.61
         0.46       41826.6         9.150    Jun  4 18:11:09     41822    11.62
         0.47       41835.9         9.330    Jun  4 18:11:18     41831    11.62
         0.47       41845.3         9.390    Jun  4 18:11:27     41840    11.62
         0.47       41854.7         9.380    Jun  4 18:11:37     41850    11.62
         0.47       41864.1         9.390    Jun  4 18:11:46     41859    11.63
         0.47       41873.5         9.400    Jun  4 18:11:56     41869    11.63
         0.47       41882.9         9.400    Jun  4 18:12:05     41878    11.63
         0.47       41892.2         9.390    Jun  4 18:12:14     41887    11.64
         0.47       41900.9         8.610    Jun  4 18:12:23     41896    11.64
         0.47       41909.5         8.610    Jun  4 18:12:32     41905    11.64
         0.47       41918.1         8.610    Jun  4 18:12:40     41913    11.64
         0.48       41926.7         8.600    Jun  4 18:12:49     41922    11.64
         0.48       41935.3         8.620    Jun  4 18:12:57     41930    11.65
         0.48       41943.8         8.550    Jun  4 18:13:06     41939    11.65
         0.48       41952.5         8.700    Jun  4 18:13:15     41948    11.65
         0.48       41961.3         8.790    Jun  4 18:13:23     41956    11.65
         0.48       41970.1         8.790    Jun  4 18:13:32     41965    11.66
         0.48       41978.9         8.780    Jun  4 18:13:41     41974    11.66
         0.48       41987.6         8.670    Jun  4 18:13:50     41983    11.66
         0.48       41996.2         8.630    Jun  4 18:13:58     41991    11.66
         0.48       42004.8         8.610    Jun  4 18:14:07     42000    11.67
         0.49       42012.6         7.820    Jun  4 18:14:15     42008    11.67
         0.49       42020.5         7.820    Jun  4 18:14:23     42016    11.67
         0.49       42028.3         7.830    Jun  4 18:14:30     42023    11.67
         0.49       42036.1         7.830    Jun  4 18:14:38     42031    11.68
         0.49       42043.9         7.820    Jun  4 18:14:46     42039    11.68
         0.49       42051.8         7.820    Jun  4 18:14:54     42047    11.68
         0.49       42059.6         7.850    Jun  4 18:15:02     42055    11.68
         0.49       42067.4         7.820    Jun  4 18:15:10     42063    11.68
         0.49       42075.4         7.980    Jun  4 18:15:18     42071    11.69
         0.49       42083.4         7.990    Jun  4 18:15:26     42079    11.69
         0.50       42091.4         7.970    Jun  4 18:15:33     42086    11.69
         0.50       42099.0         7.660    Jun  4 18:15:41     42094    11.69
         0.50       42106.7         7.670    Jun  4 18:15:49     42102    11.70
         0.50       42114.3         7.640    Jun  4 18:15:56     42109    11.70
         0.50       42121.3         6.920    Jun  4 18:16:03     42116    11.70
         0.50       42128.2         6.890    Jun  4 18:16:10     42123    11.70
         0.50       42135.1         6.910    Jun  4 18:16:17     42130    11.70
         0.50       42141.9         6.880    Jun  4 18:16:24     42137    11.70
         0.50       42148.9         6.920    Jun  4 18:16:31     42144    11.71
         0.50       42155.7         6.880    Jun  4 18:16:38     42151    11.71
         0.51       42162.4         6.660    Jun  4 18:16:45     42158    11.71
         0.51       42169.3         6.890    Jun  4 18:16:51     42164    11.71
         0.51       42176.2         6.900    Jun  4 18:16:58     42171    11.71
         0.51       42183.1         6.920    Jun  4 18:17:05     42178    11.72
         0.51       42190.0         6.880    Jun  4 18:17:12     42185    11.72
         0.51       42196.9         6.910    Jun  4 18:17:19     42192    11.72
         0.51       42203.8         6.890    Jun  4 18:17:26     42199    11.72
         0.51       42210.7         6.890    Jun  4 18:17:33     42206    11.72
         0.51       42217.6         6.910    Jun  4 18:17:40     42213    11.73
         0.51       42224.5         6.890    Jun  4 18:17:47     42220    11.73
         0.52       42230.6         6.130    Jun  4 18:17:53     42226    11.73
         0.52       42236.8         6.160    Jun  4 18:17:59     42232    11.73
         0.52       42242.9         6.130    Jun  4 18:18:05     42238    11.73
         0.52       42249.0         6.140    Jun  4 18:18:11     42244    11.73
         0.52       42255.2         6.130    Jun  4 18:18:17     42250    11.74
         0.52       42261.3         6.130    Jun  4 18:18:23     42256    11.74
         0.52       42267.4         6.130    Jun  4 18:18:30     42263    11.74
         0.52       42273.6         6.140    Jun  4 18:18:36     42269    11.74
         0.52       42279.7         6.130    Jun  4 18:18:42     42275    11.74
         0.52       42285.9         6.160    Jun  4 18:18:48     42281    11.74
         0.53       42292.2         6.390    Jun  4 18:18:54     42287    11.75
         0.53       42298.7         6.400    Jun  4 18:19:01     42294    11.75
         0.53       42305.0         6.320    Jun  4 18:19:07     42300    11.75
         0.53       42311.2         6.260    Jun  4 18:19:13     42306    11.75
         0.53       42317.5         6.260    Jun  4 18:19:20     42313    11.75
         0.53       42323.8         6.270    Jun  4 18:19:26     42319    11.76
         0.53       42330.0         6.260    Jun  4 18:19:32     42325    11.76
         0.53       42336.3         6.270    Jun  4 18:19:38     42331    11.76
         0.53       42342.5         6.260    Jun  4 18:19:45     42338    11.76
         0.53       42348.8         6.260    Jun  4 18:19:51     42344    11.76
         0.54       42354.4         5.590    Jun  4 18:19:57     42350    11.76
         0.54       42359.9         5.470    Jun  4 18:20:02     42355    11.77
         0.54       42365.4         5.490    Jun  4 18:20:08     42361    11.77
         0.54       42370.8         5.480    Jun  4 18:20:13     42366    11.77
         0.54       42376.3         5.480    Jun  4 18:20:18     42371    11.77
         0.54       42381.8         5.490    Jun  4 18:20:24     42377    11.77
         0.54       42387.3         5.480    Jun  4 18:20:29     42382    11.77
         0.54       42392.8         5.470    Jun  4 18:20:35     42388    11.77
         0.54       42398.2         5.480    Jun  4 18:20:40     42393    11.78
         0.54       42403.7         5.490    Jun  4 18:20:46     42399    11.78
         0.55       42409.2         5.480    Jun  4 18:20:51     42404    11.78
         0.55       42414.7         5.500    Jun  4 18:20:57     42410    11.78
         0.55       42420.2         5.480    Jun  4 18:21:02     42415    11.78
         0.55       42425.7         5.480    Jun  4 18:21:08     42421    11.78
         0.55       42431.1         5.480    Jun  4 18:21:13     42426    11.79
         0.55       42436.6         5.480    Jun  4 18:21:19     42432    11.79
         0.55       42442.1         5.490    Jun  4 18:21:24     42437    11.79
         0.55       42447.6         5.480    Jun  4 18:21:30     42443    11.79
         0.55       42453.1         5.480    Jun  4 18:21:35     42448    11.79
         0.55       42458.6         5.480    Jun  4 18:21:41     42454    11.79
         0.56       42464.0         5.480    Jun  4 18:21:46     42459    11.79
         0.56       42469.5         5.490    Jun  4 18:21:52     42465    11.80
         0.56       42475.0         5.490    Jun  4 18:21:57     42470    11.80
         0.56       42480.5         5.500    Jun  4 18:22:03     42476    11.80
         0.56       42486.0         5.490    Jun  4 18:22:08     42481    11.80
         0.56       42490.7         4.700    Jun  4 18:22:13     42486    11.80
         0.56       42495.4         4.690    Jun  4 18:22:18     42491    11.80
         0.56       42500.1         4.700    Jun  4 18:22:22     42495    11.80
         0.56       42504.8         4.700    Jun  4 18:22:27     42500    11.81
         0.56       42509.5         4.700    Jun  4 18:22:32     42505    11.81
         0.57       42514.2         4.690    Jun  4 18:22:36     42509    11.81
         0.57       42518.9         4.710    Jun  4 18:22:41     42514    11.81
         0.57       42523.6         4.700    Jun  4 18:22:46     42519    11.81
         0.57       42528.3         4.690    Jun  4 18:22:51     42524    11.81
         0.57       42533.0         4.700    Jun  4 18:22:55     42528    11.81
         0.57       42537.7         4.700    Jun  4 18:23:00     42533    11.81
         0.57       42542.4         4.710    Jun  4 18:23:05     42538    11.82
         0.57       42547.1         4.700    Jun  4 18:23:09     42542    11.82
         0.57       42551.8         4.690    Jun  4 18:23:14     42547    11.82
         0.57       42556.5         4.700    Jun  4 18:23:19     42552    11.82
         0.58       42561.2         4.700    Jun  4 18:23:23     42556    11.82
         0.58       42565.9         4.690    Jun  4 18:23:28     42561    11.82
         0.58       42570.6         4.700    Jun  4 18:23:33     42566    11.82
         0.58       42575.3         4.700    Jun  4 18:23:37     42570    11.82
         0.58       42580.0         4.700    Jun  4 18:23:42     42575    11.83
         0.58       42584.7         4.710    Jun  4 18:23:47     42580    11.83
         0.58       42589.4         4.690    Jun  4 18:23:52     42585    11.83
         0.58       42594.1         4.700    Jun  4 18:23:56     42589    11.83
         0.58       42598.8         4.700    Jun  4 18:24:01     42594    11.83
         0.58       42603.5         4.700    Jun  4 18:24:06     42599    11.83
         0.59       42608.2         4.690    Jun  4 18:24:10     42603    11.83
         0.59       42612.9         4.710    Jun  4 18:24:15     42608    11.84
         0.59       42617.6         4.690    Jun  4 18:24:20     42613    11.84
         0.59       42622.3         4.700    Jun  4 18:24:24     42617    11.84
         0.59       42627.0         4.710    Jun  4 18:24:29     42622    11.84
         0.59       42631.7         4.720    Jun  4 18:24:34     42627    11.84
         0.59       42635.7         3.970    Jun  4 18:24:38     42631    11.84
         0.59       42639.6         3.950    Jun  4 18:24:42     42635    11.84
         0.59       42643.6         3.960    Jun  4 18:24:46     42639    11.84
         0.59       42647.5         3.960    Jun  4 18:24:50     42643    11.85
         0.60       42651.5         3.960    Jun  4 18:24:54     42647    11.85
         0.60       42655.5         3.950    Jun  4 18:24:58     42651    11.85
         0.60       42659.4         3.970    Jun  4 18:25:02     42655    11.85
         0.60       42663.4         3.950    Jun  4 18:25:06     42659    11.85
         0.60       42667.3         3.970    Jun  4 18:25:10     42663    11.85
         0.60       42671.3         3.940    Jun  4 18:25:13     42666    11.85
         0.60       42675.4         4.130    Jun  4 18:25:18     42671    11.85
         0.60       42679.3         3.920    Jun  4 18:25:22     42675    11.85
         0.60       42683.2         3.920    Jun  4 18:25:25     42678    11.86
         0.60       42687.2         3.910    Jun  4 18:25:29     42682    11.86
         0.61       42691.1         3.920    Jun  4 18:25:33     42686    11.86
         0.61       42695.0         3.910    Jun  4 18:25:37     42690    11.86
         0.61       42698.9         3.920    Jun  4 18:25:41     42694    11.86
         0.61       42702.8         3.920    Jun  4 18:25:45     42698    11.86
         0.61       42706.8         3.920    Jun  4 18:25:49     42702    11.86
         0.61       42710.7         3.920    Jun  4 18:25:53     42706    11.86
         0.61       42714.6         3.970    Jun  4 18:25:57     42710    11.86
         0.61       42718.6         3.950    Jun  4 18:26:01     42714    11.87
         0.61       42722.6         3.970    Jun  4 18:26:05     42718    11.87
         0.61       42726.5         3.950    Jun  4 18:26:09     42722    11.87
         0.62       42730.5         3.970    Jun  4 18:26:13     42726    11.87
         0.62       42734.4         3.950    Jun  4 18:26:17     42730    11.87
         0.62       42738.4         3.960    Jun  4 18:26:21     42734    11.87
         0.62       42742.3         3.960    Jun  4 18:26:25     42738    11.87
         0.62       42746.3         3.960    Jun  4 18:26:29     42742    11.87
         0.62       42750.2         3.940    Jun  4 18:26:32     42745    11.87
         0.62       42754.2         3.980    Jun  4 18:26:36     42749    11.87
         0.62       42758.2         3.940    Jun  4 18:26:40     42753    11.88
         0.62       42762.1         3.970    Jun  4 18:26:44     42757    11.88
         0.62       42766.1         3.950    Jun  4 18:26:48     42761    11.88
         0.63       42770.1         3.970    Jun  4 18:26:52     42765    11.88
         0.63       42774.0         3.950    Jun  4 18:26:56     42769    11.88
         0.63       42778.0         3.990    Jun  4 18:27:00     42773    11.88
         0.63       42782.0         3.980    Jun  4 18:27:04     42777    11.88
         0.63       42786.1         4.130    Jun  4 18:27:08     42781    11.88
         0.63       42790.1         3.950    Jun  4 18:27:12     42785    11.88
         0.63       42794.0         3.950    Jun  4 18:27:16     42789    11.89
         0.63       42797.9         3.940    Jun  4 18:27:20     42793    11.89
         0.63       42801.9         3.920    Jun  4 18:27:24     42797    11.89
         0.63       42805.0         3.140    Jun  4 18:27:27     42800    11.89
         0.64       42808.1         3.130    Jun  4 18:27:30     42803    11.89
         0.64       42811.3         3.140    Jun  4 18:27:33     42806    11.89
         0.64       42814.4         3.130    Jun  4 18:27:37     42810    11.89
         0.64       42817.6         3.140    Jun  4 18:27:40     42813    11.89
         0.64       42820.7         3.130    Jun  4 18:27:43     42816    11.89
         0.64       42823.8         3.140    Jun  4 18:27:46     42819    11.89
         0.64       42827.0         3.140    Jun  4 18:27:49     42822    11.89
         0.64       42830.1         3.130    Jun  4 18:27:52     42825    11.90
         0.64       42833.2         3.130    Jun  4 18:27:55     42828    11.90
         0.64       42836.4         3.140    Jun  4 18:27:59     42832    11.90
         0.65       42839.5         3.150    Jun  4 18:28:02     42835    11.90
         0.65       42842.6         3.130    Jun  4 18:28:05     42838    11.90
         0.65       42845.8         3.140    Jun  4 18:28:08     42841    11.90
         0.65       42848.9         3.130    Jun  4 18:28:11     42844    11.90
         0.65       42852.1         3.140    Jun  4 18:28:14     42847    11.90
         0.65       42855.2         3.140    Jun  4 18:28:17     42850    11.90
         0.65       42858.3         3.130    Jun  4 18:28:21     42854    11.90
         0.65       42861.5         3.130    Jun  4 18:28:24     42857    11.90
         0.65       42864.6         3.170    Jun  4 18:28:27     42860    11.91
         0.65       42867.8         3.170    Jun  4 18:28:30     42863    11.91
         0.66       42871.0         3.170    Jun  4 18:28:33     42866    11.91
         0.66       42874.1         3.170    Jun  4 18:28:36     42869    11.91
         0.66       42877.3         3.170    Jun  4 18:28:40     42873    11.91
         0.66       42880.5         3.170    Jun  4 18:28:43     42876    11.91
         0.66       42883.6         3.170    Jun  4 18:28:46     42879    11.91
         0.66       42886.8         3.200    Jun  4 18:28:49     42882    11.91
         0.66       42890.0         3.180    Jun  4 18:28:52     42885    11.91
         0.66       42893.2         3.200    Jun  4 18:28:55     42888    11.91
         0.66       42896.4         3.200    Jun  4 18:28:59     42892    11.91
         0.66       42899.6         3.180    Jun  4 18:29:02     42895    11.92
         0.67       42902.8         3.200    Jun  4 18:29:05     42898    11.92
         0.67       42906.0         3.190    Jun  4 18:29:08     42901    11.92
         0.67       42909.2         3.200    Jun  4 18:29:11     42904    11.92
         0.67       42912.4         3.180    Jun  4 18:29:15     42908    11.92
         0.67       42915.5         3.180    Jun  4 18:29:18     42911    11.92
         0.67       42918.8         3.200    Jun  4 18:29:21     42914    11.92
         0.67       42921.9         3.200    Jun  4 18:29:24     42917    11.92
         0.67       42925.1         3.180    Jun  4 18:29:27     42920    11.92
         0.67       42928.3         3.200    Jun  4 18:29:31     42924    11.92
         0.67       42931.5         3.180    Jun  4 18:29:34     42927    11.92
         0.68       42934.7         3.180    Jun  4 18:29:37     42930    11.93
         0.68       42937.9         3.190    Jun  4 18:29:40     42933    11.93
         0.68       42941.1         3.200    Jun  4 18:29:43     42936    11.93
         0.68       42944.3         3.200    Jun  4 18:29:47     42940    11.93
         0.68       42947.5         3.190    Jun  4 18:29:50     42943    11.93
         0.68       42950.7         3.180    Jun  4 18:29:53     42946    11.93
         0.68       42953.8         3.130    Jun  4 18:29:56     42949    11.93
         0.68       42956.9         3.140    Jun  4 18:29:59     42952    11.93
         0.68       42960.1         3.140    Jun  4 18:30:02     42955    11.93
         0.68       42963.2         3.130    Jun  4 18:30:05     42958    11.93
         0.69       42966.3         3.140    Jun  4 18:30:09     42962    11.93
         0.69       42969.5         3.140    Jun  4 18:30:12     42965    11.93
         0.69       42972.6         3.170    Jun  4 18:30:15     42968    11.94
         0.69       42975.8         3.180    Jun  4 18:30:18     42971    11.94
         0.69       42979.0         3.200    Jun  4 18:30:21     42974    11.94
         0.69       42982.2         3.200    Jun  4 18:30:24     42977    11.94
         0.69       42985.4         3.210    Jun  4 18:30:28     42981    11.94
         0.69       42988.6         3.200    Jun  4 18:30:31     42984    11.94
         0.69       42991.8         3.200    Jun  4 18:30:34     42987    11.94
         0.69       42994.2         2.400    Jun  4 18:30:36     42989    11.94
         0.70       42996.6         2.410    Jun  4 18:30:39     42992    11.94
         0.70       42999.0         2.400    Jun  4 18:30:41     42994    11.94
         0.70       43001.4         2.400    Jun  4 18:30:44     42997    11.94
         0.70       43003.9         2.410    Jun  4 18:30:46     42999    11.94
         0.70       43006.3         2.410    Jun  4 18:30:48     43001    11.94
         0.70       43008.7         2.400    Jun  4 18:30:51     43004    11.95
         0.70       43011.1         2.400    Jun  4 18:30:53     43006    11.95
         0.70       43013.5         2.400    Jun  4 18:30:56     43009    11.95
         0.70       43015.9         2.400    Jun  4 18:30:58     43011    11.95
         0.70       43018.3         2.410    Jun  4 18:31:00     43013    11.95
         0.71       43020.7         2.400    Jun  4 18:31:03     43016    11.95
         0.71       43023.1         2.410    Jun  4 18:31:05     43018    11.95
         0.71       43025.5         2.400    Jun  4 18:31:08     43021    11.95
         0.71       43027.9         2.400    Jun  4 18:31:10     43023    11.95
         0.71       43030.3         2.400    Jun  4 18:31:13     43026    11.95
         0.71       43032.7         2.400    Jun  4 18:31:15     43028    11.95
         0.71       43035.1         2.400    Jun  4 18:31:17     43030    11.95
         0.71       43037.5         2.400    Jun  4 18:31:20     43033    11.95
         0.71       43039.9         2.410    Jun  4 18:31:22     43035    11.95
         0.71       43042.3         2.400    Jun  4 18:31:25     43038    11.96
         0.72       43044.7         2.410    Jun  4 18:31:27     43040    11.96
         0.72       43047.1         2.400    Jun  4 18:31:29     43042    11.96
         0.72       43049.5         2.400    Jun  4 18:31:32     43045    11.96
         0.72       43051.9         2.400    Jun  4 18:31:34     43047    11.96
         0.72       43054.3         2.400    Jun  4 18:31:37     43050    11.96
         0.72       43056.7         2.400    Jun  4 18:31:39     43052    11.96
         0.72       43059.1         2.410    Jun  4 18:31:41     43054    11.96
         0.72       43061.5         2.400    Jun  4 18:31:44     43057    11.96
         0.72       43063.9         2.400    Jun  4 18:31:46     43059    11.96
         0.72       43066.3         2.400    Jun  4 18:31:49     43062    11.96
         0.73       43068.7         2.410    Jun  4 18:31:51     43064    11.96
         0.73       43071.1         2.400    Jun  4 18:31:53     43066    11.96
         0.73       43073.5         2.410    Jun  4 18:31:56     43069    11.96
         0.73       43076.1         2.580    Jun  4 18:31:58     43071    11.96
         0.73       43078.5         2.400    Jun  4 18:32:01     43074    11.96
         0.73       43080.9         2.400    Jun  4 18:32:03     43076    11.97
         0.73       43083.3         2.400    Jun  4 18:32:06     43079    11.97
         0.73       43085.7         2.400    Jun  4 18:32:08     43081    11.97
         0.73       43088.1         2.410    Jun  4 18:32:10     43083    11.97
         0.73       43090.5         2.420    Jun  4 18:32:13     43086    11.97
         0.74       43092.9         2.400    Jun  4 18:32:15     43088    11.97
         0.74       43095.3         2.400    Jun  4 18:32:18     43091    11.97
         0.74       43097.7         2.400    Jun  4 18:32:20     43093    11.97
         0.74       43100.2         2.410    Jun  4 18:32:22     43095    11.97
         0.74       43102.6         2.400    Jun  4 18:32:25     43098    11.97
         0.74       43104.9         2.400    Jun  4 18:32:27     43100    11.97
         0.74       43107.3         2.400    Jun  4 18:32:30     43103    11.97
         0.74       43109.8         2.400    Jun  4 18:32:32     43105    11.97
         0.74       43112.2         2.410    Jun  4 18:32:34     43107    11.97
         0.74       43114.6         2.410    Jun  4 18:32:37     43110    11.97
         0.75       43117.0         2.400    Jun  4 18:32:39     43112    11.98
         0.75       43119.4         2.400    Jun  4 18:32:42     43115    11.98
         0.75       43121.8         2.400    Jun  4 18:32:44     43117    11.98
         0.75       43124.2         2.410    Jun  4 18:32:46     43119    11.98
         0.75       43126.6         2.400    Jun  4 18:32:49     43122    11.98
         0.75       43129.0         2.400    Jun  4 18:32:51     43124    11.98
         0.75       43131.4         2.400    Jun  4 18:32:54     43127    11.98
         0.75       43133.8         2.410    Jun  4 18:32:56     43129    11.98
         0.75       43136.2         2.400    Jun  4 18:32:58     43131    11.98
         0.75       43138.6         2.400    Jun  4 18:33:01     43134    11.98
         0.76       43141.0         2.400    Jun  4 18:33:03     43136    11.98
         0.76       43143.4         2.410    Jun  4 18:33:06     43139    11.98
         0.76       43145.8         2.400    Jun  4 18:33:08     43141    11.98
         0.76       43148.2         2.400    Jun  4 18:33:10     43143    11.98
         0.76       43150.6         2.410    Jun  4 18:33:13     43146    11.98
         0.76       43153.0         2.410    Jun  4 18:33:15     43148    11.99
         0.76       43155.4         2.390    Jun  4 18:33:18     43151    11.99
         0.76       43157.8         2.410    Jun  4 18:33:20     43153    11.99
         0.76       43160.2         2.400    Jun  4 18:33:22     43155    11.99
         0.76       43162.6         2.400    Jun  4 18:33:25     43158    11.99
         0.77       43165.0         2.400    Jun  4 18:33:27     43160    11.99
         0.77       43167.4         2.400    Jun  4 18:33:30     43163    11.99
         0.77       43169.8         2.410    Jun  4 18:33:32     43165    11.99
         0.77       43172.2         2.400    Jun  4 18:33:34     43167    11.99
         0.77       43174.6         2.410    Jun  4 18:33:37     43170    11.99
         0.77       43177.0         2.400    Jun  4 18:33:39     43172    11.99
         0.77       43179.4         2.400    Jun  4 18:33:42     43175    11.99
         0.77       43181.8         2.400    Jun  4 18:33:44     43177    11.99
         0.77       43184.2         2.400    Jun  4 18:33:46     43179    11.99
         0.77       43186.7         2.410    Jun  4 18:33:49     43182    11.99
         0.78       43189.2         2.580    Jun  4 18:33:51     43184    12.00
         0.78       43191.6         2.350    Jun  4 18:33:54     43187    12.00
         0.78       43193.9         2.360    Jun  4 18:33:56     43189    12.00
         0.78       43196.3         2.360    Jun  4 18:33:59     43192    12.00
         0.78       43198.7         2.400    Jun  4 18:34:01     43194    12.00
         0.78       43201.1         2.400    Jun  4 18:34:03     43196    12.00
         0.78       43203.5         2.410    Jun  4 18:34:06     43199    12.00
         0.78       43205.9         2.400    Jun  4 18:34:08     43201    12.00
         0.78       43208.3         2.400    Jun  4 18:34:11     43204    12.00
         0.78       43210.7         2.400    Jun  4 18:34:13     43206    12.00
         0.79       43213.1         2.400    Jun  4 18:34:15     43208    12.00
         0.79       43215.5         2.400    Jun  4 18:34:18     43211    12.00
         0.79       43217.9         2.410    Jun  4 18:34:20     43213    12.00
         0.79       43220.3         2.400    Jun  4 18:34:23     43216    12.00
         0.79       43222.7         2.410    Jun  4 18:34:25     43218    12.01
         0.79       43225.1         2.400    Jun  4 18:34:27     43220    12.01
         0.79       43227.5         2.410    Jun  4 18:34:30     43223    12.01
         0.79       43229.1         1.600    Jun  4 18:34:31     43224    12.01
         0.79       43230.7         1.600    Jun  4 18:34:33     43226    12.01
         0.79       43232.3         1.600    Jun  4 18:34:35     43228    12.01
         0.80       43233.9         1.610    Jun  4 18:34:36     43229    12.01
         0.80       43235.6         1.600    Jun  4 18:34:38     43231    12.01
         0.80       43237.2         1.600    Jun  4 18:34:39     43232    12.01
         0.80       43238.8         1.610    Jun  4 18:34:41     43234    12.01
         0.80       43240.4         1.610    Jun  4 18:34:43     43236    12.01
         0.80       43242.0         1.600    Jun  4 18:34:44     43237    12.01
         0.80       43243.6         1.610    Jun  4 18:34:46     43239    12.01
         0.80       43245.2         1.600    Jun  4 18:34:47     43240    12.01
         0.80       43246.8         1.610    Jun  4 18:34:49     43242    12.01
         0.80       43248.4         1.600    Jun  4 18:34:51     43244    12.01
         0.81       43250.0         1.610    Jun  4 18:34:52     43245    12.01
         0.81       43251.6         1.600    Jun  4 18:34:54     43247    12.01
         0.81       43253.2         1.600    Jun  4 18:34:55     43248    12.01
         0.81       43254.8         1.610    Jun  4 18:34:57     43250    12.01
         0.81       43256.4         1.610    Jun  4 18:34:59     43252    12.01
         0.81       43258.0         1.600    Jun  4 18:35:00     43253    12.01
         0.81       43259.6         1.600    Jun  4 18:35:02     43255    12.02
         0.81       43261.2         1.610    Jun  4 18:35:03     43256    12.02
         0.81       43262.8         1.610    Jun  4 18:35:05     43258    12.02
         0.81       43264.4         1.600    Jun  4 18:35:07     43260    12.02
         0.82       43266.0         1.600    Jun  4 18:35:08     43261    12.02
         0.82       43267.7         1.610    Jun  4 18:35:10     43263    12.02
         0.82       43269.3         1.610    Jun  4 18:35:12     43265    12.02
         0.82       43270.9         1.600    Jun  4 18:35:13     43266    12.02
         0.82       43272.5         1.610    Jun  4 18:35:15     43268    12.02
         0.82       43274.1         1.600    Jun  4 18:35:16     43269    12.02
         0.82       43275.7         1.600    Jun  4 18:35:18     43271    12.02
         0.82       43277.3         1.610    Jun  4 18:35:20     43273    12.02
         0.82       43278.9         1.610    Jun  4 18:35:21     43274    12.02
         0.82       43280.5         1.600    Jun  4 18:35:23     43276    12.02
         0.83       43282.1         1.610    Jun  4 18:35:24     43277    12.02
         0.83       43283.7         1.600    Jun  4 18:35:26     43279    12.02
         0.83       43285.3         1.600    Jun  4 18:35:28     43281    12.02
         0.83       43286.9         1.610    Jun  4 18:35:29     43282    12.02
         0.83       43288.5         1.610    Jun  4 18:35:31     43284    12.02
         0.83       43290.1         1.600    Jun  4 18:35:32     43285    12.02
         0.83       43291.7         1.610    Jun  4 18:35:34     43287    12.02
         0.83       43293.3         1.600    Jun  4 18:35:36     43289    12.02
         0.83       43294.9         1.600    Jun  4 18:35:37     43290    12.03
         0.83       43296.5         1.620    Jun  4 18:35:39     43292    12.03
         0.84       43298.2         1.610    Jun  4 18:35:40     43293    12.03
         0.84       43299.8         1.640    Jun  4 18:35:42     43295    12.03
         0.84       43301.4         1.640    Jun  4 18:35:44     43297    12.03
         0.84       43303.1         1.630    Jun  4 18:35:45     43298    12.03
         0.84       43304.7         1.640    Jun  4 18:35:47     43300    12.03
         0.84       43306.3         1.640    Jun  4 18:35:49     43302    12.03
         0.84       43308.0         1.630    Jun  4 18:35:50     43303    12.03
         0.84       43309.6         1.640    Jun  4 18:35:52     43305    12.03
         0.84       43311.3         1.640    Jun  4 18:35:54     43307    12.03
         0.84       43312.9         1.630    Jun  4 18:35:55     43308    12.03
         0.85       43314.5         1.640    Jun  4 18:35:57     43310    12.03
         0.85       43316.2         1.640    Jun  4 18:35:58     43311    12.03
         0.85       43317.8         1.630    Jun  4 18:36:00     43313    12.03
         0.85       43319.6         1.820    Jun  4 18:36:02     43315    12.03
         0.85       43321.2         1.600    Jun  4 18:36:04     43317    12.03
         0.85       43322.8         1.610    Jun  4 18:36:05     43318    12.03
         0.85       43324.4         1.610    Jun  4 18:36:07     43320    12.03
         0.85       43326.0         1.600    Jun  4 18:36:08     43321    12.03
         0.85       43327.6         1.600    Jun  4 18:36:10     43323    12.03
         0.85       43329.2         1.610    Jun  4 18:36:12     43325    12.03
         0.86       43330.9         1.610    Jun  4 18:36:13     43326    12.04
         0.86       43332.5         1.600    Jun  4 18:36:15     43328    12.04
         0.86       43334.1         1.600    Jun  4 18:36:16     43329    12.04
         0.86       43335.7         1.610    Jun  4 18:36:18     43331    12.04
         0.86       43337.3         1.600    Jun  4 18:36:20     43333    12.04
         0.86       43338.9         1.610    Jun  4 18:36:21     43334    12.04
         0.86       43340.5         1.600    Jun  4 18:36:23     43336    12.04
         0.86       43342.1         1.610    Jun  4 18:36:24     43337    12.04
         0.86       43343.7         1.600    Jun  4 18:36:26     43339    12.04
         0.86       43345.3         1.610    Jun  4 18:36:28     43341    12.04
         0.87       43346.9         1.600    Jun  4 18:36:29     43342    12.04
         0.87       43348.5         1.610    Jun  4 18:36:31     43344    12.04
         0.87       43350.1         1.600    Jun  4 18:36:32     43345    12.04
         0.87       43351.7         1.600    Jun  4 18:36:34     43347    12.04
         0.87       43353.3         1.610    Jun  4 18:36:36     43349    12.04
         0.87       43354.9         1.600    Jun  4 18:36:37     43350    12.04
         0.87       43356.5         1.610    Jun  4 18:36:39     43352    12.04
         0.87       43358.1         1.600    Jun  4 18:36:40     43353    12.04
         0.87       43359.7         1.600    Jun  4 18:36:42     43355    12.04
         0.87       43361.3         1.610    Jun  4 18:36:44     43357    12.04
         0.88       43362.9         1.600    Jun  4 18:36:45     43358    12.04
         0.88       43364.6         1.610    Jun  4 18:36:47     43360    12.04
         0.88       43366.2         1.600    Jun  4 18:36:48     43361    12.04
         0.88       43367.8         1.610    Jun  4 18:36:50     43363    12.05
         0.88       43369.4         1.610    Jun  4 18:36:52     43365    12.05
         0.88       43371.0         1.640    Jun  4 18:36:53     43366    12.05
         0.88       43372.7         1.640    Jun  4 18:36:55     43368    12.05
         0.88       43374.3         1.630    Jun  4 18:36:57     43370    12.05
         0.88       43375.9         1.640    Jun  4 18:36:58     43371    12.05
         0.88       43377.6         1.640    Jun  4 18:37:00     43373    12.05
         0.89       43379.2         1.640    Jun  4 18:37:01     43374    12.05
         0.89       43380.8         1.630    Jun  4 18:37:03     43376    12.05
         0.89       43382.5         1.640    Jun  4 18:37:05     43378    12.05
         0.89       43384.1         1.640    Jun  4 18:37:06     43379    12.05
         0.89       43385.8         1.640    Jun  4 18:37:08     43381    12.05
         0.89       43387.4         1.630    Jun  4 18:37:10     43383    12.05
         0.89       43389.0         1.640    Jun  4 18:37:11     43384    12.05
         0.89       43390.7         1.640    Jun  4 18:37:13     43386    12.05
         0.89       43392.3         1.640    Jun  4 18:37:15     43388    12.05
         0.89       43393.9         1.630    Jun  4 18:37:16     43389    12.05
         0.90       43395.6         1.640    Jun  4 18:37:18     43391    12.05
         0.90       43397.2         1.640    Jun  4 18:37:19     43392    12.05
         0.90       43398.8         1.640    Jun  4 18:37:21     43394    12.05
         0.90       43400.5         1.630    Jun  4 18:37:23     43396    12.05
         0.90       43402.1         1.640    Jun  4 18:37:24     43397    12.05
         0.90       43403.8         1.640    Jun  4 18:37:26     43399    12.06
         0.90       43405.4         1.630    Jun  4 18:37:28     43401    12.06
         0.90       43407.0         1.640    Jun  4 18:37:29     43402    12.06
         0.90       43408.7         1.630    Jun  4 18:37:31     43404    12.06
         0.90       43410.3         1.640    Jun  4 18:37:33     43406    12.06
         0.91       43411.9         1.640    Jun  4 18:37:34     43407    12.06
         0.91       43413.6         1.640    Jun  4 18:37:36     43409    12.06
         0.91       43415.2         1.630    Jun  4 18:37:38     43411    12.06
         0.91       43416.9         1.640    Jun  4 18:37:39     43412    12.06
         0.91       43418.5         1.640    Jun  4 18:37:41     43414    12.06
         0.91       43420.1         1.640    Jun  4 18:37:42     43415    12.06
         0.91       43421.8         1.640    Jun  4 18:37:44     43417    12.06
         0.91       43423.4         1.640    Jun  4 18:37:46     43419    12.06
         0.91       43425.0         1.630    Jun  4 18:37:47     43420    12.06
         0.91       43426.7         1.640    Jun  4 18:37:49     43422    12.06
         0.92       43428.3         1.640    Jun  4 18:37:51     43424    12.06
         0.92       43430.1         1.790    Jun  4 18:37:52     43425    12.06
         0.92       43431.8         1.640    Jun  4 18:37:54     43427    12.06
         0.92       43433.4         1.640    Jun  4 18:37:56     43429    12.06
         0.92       43435.0         1.640    Jun  4 18:37:57     43430    12.06
         0.92       43436.7         1.630    Jun  4 18:37:59     43432    12.06
         0.92       43438.3         1.640    Jun  4 18:38:01     43434    12.06
         0.92       43439.9         1.640    Jun  4 18:38:02     43435    12.07
         0.92       43441.6         1.640    Jun  4 18:38:04     43437    12.07
         0.92       43443.2         1.640    Jun  4 18:38:06     43439    12.07
         0.93       43444.8         1.630    Jun  4 18:38:07     43440    12.07
         0.93       43446.5         1.640    Jun  4 18:38:09     43442    12.07
         0.93       43448.1         1.630    Jun  4 18:38:10     43443    12.07
         0.93       43449.8         1.640    Jun  4 18:38:12     43445    12.07
         0.93       43451.4         1.640    Jun  4 18:38:14     43447    12.07
         0.93       43453.0         1.640    Jun  4 18:38:15     43448    12.07
         0.93       43454.7         1.630    Jun  4 18:38:17     43450    12.07
         0.93       43456.3         1.640    Jun  4 18:38:19     43452    12.07
         0.93       43457.9         1.630    Jun  4 18:38:20     43453    12.07
         0.93       43459.6         1.640    Jun  4 18:38:22     43455    12.07
         0.94       43461.2         1.640    Jun  4 18:38:24     43457    12.07
         0.94       43462.9         1.640    Jun  4 18:38:25     43458    12.07
         0.94       43464.5         1.630    Jun  4 18:38:27     43460    12.07
         0.94       43466.1         1.640    Jun  4 18:38:28     43461    12.07
         0.94       43467.8         1.640    Jun  4 18:38:30     43463    12.07
         0.94       43469.4         1.630    Jun  4 18:38:32     43465    12.07
         0.94       43471.0         1.640    Jun  4 18:38:33     43466    12.07
         0.94       43472.7         1.640    Jun  4 18:38:35     43468    12.07
         0.94       43474.3         1.640    Jun  4 18:38:37     43470    12.07
         0.94       43476.0         1.640    Jun  4 18:38:38     43471    12.08
         0.95       43477.6         1.640    Jun  4 18:38:40     43473    12.08
         0.95       43479.2         1.630    Jun  4 18:38:42     43475    12.08
         0.95       43480.9         1.640    Jun  4 18:38:43     43476    12.08
         0.95       43482.5         1.640    Jun  4 18:38:45     43478    12.08
         0.95       43484.2         1.640    Jun  4 18:38:46     43479    12.08
         0.95       43485.8         1.630    Jun  4 18:38:48     43481    12.08
         0.95       43487.4         1.650    Jun  4 18:38:50     43483    12.08
         0.95       43489.1         1.630    Jun  4 18:38:51     43484    12.08
         0.95       43490.7         1.640    Jun  4 18:38:53     43486    12.08
         0.95       43492.3         1.630    Jun  4 18:38:55     43488    12.08
         0.96       43494.0         1.640    Jun  4 18:38:56     43489    12.08
         0.96       43495.6         1.640    Jun  4 18:38:58     43491    12.08
         0.96       43497.2         1.640    Jun  4 18:39:00     43493    12.08
         0.96       43498.9         1.640    Jun  4 18:39:01     43494    12.08
         0.96       43500.5         1.630    Jun  4 18:39:03     43496    12.08
         0.96       43502.2         1.640    Jun  4 18:39:04     43497    12.08
         0.96       43503.8         1.640    Jun  4 18:39:06     43499    12.08
         0.96       43505.4         1.630    Jun  4 18:39:08     43501    12.08
         0.96       43507.1         1.640    Jun  4 18:39:09     43502    12.08
         0.96       43508.7         1.630    Jun  4 18:39:11     43504    12.08
         0.97       43510.3         1.640    Jun  4 18:39:13     43506    12.09
         0.97       43512.0         1.640    Jun  4 18:39:14     43507    12.09
         0.97       43513.6         1.630    Jun  4 18:39:16     43509    12.09
         0.97       43515.2         1.640    Jun  4 18:39:18     43511    12.09
         0.97       43516.9         1.640    Jun  4 18:39:19     43512    12.09
         0.97       43518.5         1.630    Jun  4 18:39:21     43514    12.09
         0.97       43520.2         1.640    Jun  4 18:39:22     43515    12.09
         0.97       43521.8         1.640    Jun  4 18:39:24     43517    12.09
         0.97       43523.4         1.640    Jun  4 18:39:26     43519    12.09
         0.97       43525.1         1.640    Jun  4 18:39:27     43520    12.09
         0.98       43526.7         1.630    Jun  4 18:39:29     43522    12.09
         0.98       43528.3         1.640    Jun  4 18:39:31     43524    12.09
         0.98       43530.0         1.630    Jun  4 18:39:32     43525    12.09
         0.98       43531.6         1.640    Jun  4 18:39:34     43527    12.09
         0.98       43533.3         1.640    Jun  4 18:39:36     43529    12.09
         0.98       43535.1         1.810    Jun  4 18:39:37     43530    12.09
         0.98       43536.7         1.610    Jun  4 18:39:39     43532    12.09
         0.98       43538.3         1.600    Jun  4 18:39:41     43534    12.09
         0.98       43539.9         1.610    Jun  4 18:39:42     43535    12.09
         0.98       43541.5         1.600    Jun  4 18:39:44     43537    12.09
         0.99       43543.1         1.610    Jun  4 18:39:45     43538    12.09
         0.99       43544.7         1.610    Jun  4 18:39:47     43540    12.09
         0.99       43546.3         1.600    Jun  4 18:39:49     43542    12.10
         0.99       43547.9         1.600    Jun  4 18:39:50     43543    12.10
         0.99       43549.5         1.600    Jun  4 18:39:52     43545    12.10
         0.99       43551.1         1.610    Jun  4 18:39:53     43546    12.10
         0.99       43552.7         1.600    Jun  4 18:39:55     43548    12.10
         0.99       43554.3         1.610    Jun  4 18:39:57     43550    12.10
         0.99       43555.9         1.600    Jun  4 18:39:58     43551    12.10
         0.99       43557.5         1.610    Jun  4 18:40:00     43553    12.10
         1.00       43559.2         1.610    Jun  4 18:40:01     43554    12.10
         1.00       43560.8         1.610    Jun  4 18:40:03     43556    12.10
         1.00       43562.4         1.600    Jun  4 18:40:05     43558    12.10
         1.00       43564.0         1.610    Jun  4 18:40:06     43559    12.10
         1.00       43565.6         1.610    Jun  4 18:40:08     43561    12.10
         1.00       43567.2         1.600    Jun  4 18:40:09     43562    12.10
