#    Start: ------ Host: "mendez-famaf" ----------Thu Sep 15 18:34:48 2022

#    Time[fs]   CPU-time[s]     Delta-CPU    Real time        RealT[s]     [h]
#       -0.00           8.0                  Sep 15 18:34:56         0     0.00
         0.00          46.0        37.990    Sep 15 18:35:15        19     0.01
         0.00         133.8        87.830    Sep 15 18:35:58        62     0.02
         0.00         213.4        79.550    Sep 15 18:36:37       101     0.03
         0.00         285.8        72.450    Sep 15 18:37:12       136     0.04
         0.00         355.3        69.530    Sep 15 18:37:46       170     0.05
         0.00         422.1        66.720    Sep 15 18:38:19       203     0.06
         0.01         484.2        62.120    Sep 15 18:38:50       234     0.07
         0.01         544.0        59.790    Sep 15 18:39:20       264     0.07
         0.01         602.5        58.520    Sep 15 18:39:48       292     0.08
         0.01         659.0        56.490    Sep 15 18:40:16       320     0.09
         0.01         713.4        54.390    Sep 15 18:40:43       347     0.10
         0.01         765.6        52.240    Sep 15 18:41:08       372     0.10
         0.01         815.7        50.050    Sep 15 18:41:33       397     0.11
         0.01         863.6        47.970    Sep 15 18:41:56       420     0.12
         0.01         909.6        45.930    Sep 15 18:42:19       443     0.12
         0.02         953.1        43.580    Sep 15 18:42:40       464     0.13
         0.02         994.5        41.320    Sep 15 18:43:01       485     0.13
         0.02        1034.6        40.100    Sep 15 18:43:21       505     0.14
         0.02        1074.3        39.720    Sep 15 18:43:40       524     0.15
         0.02        1112.9        38.610    Sep 15 18:43:59       543     0.15
         0.02        1150.1        37.210    Sep 15 18:44:18       562     0.16
         0.02        1185.9        35.760    Sep 15 18:44:36       580     0.16
         0.02        1221.0        35.080    Sep 15 18:44:53       597     0.17
         0.02        1254.6        33.700    Sep 15 18:45:10       614     0.17
         0.02        1287.8        33.110    Sep 15 18:45:26       630     0.17
         0.02        1319.5        31.740    Sep 15 18:45:41       645     0.18
         0.03        1350.5        30.950    Sep 15 18:45:57       661     0.18
         0.03        1380.7        30.290    Sep 15 18:46:12       676     0.19
         0.03        1410.3        29.570    Sep 15 18:46:26       690     0.19
         0.03        1439.2        28.880    Sep 15 18:46:40       704     0.20
         0.03        1467.4        28.190    Sep 15 18:46:54       718     0.20
         0.03        1494.9        27.560    Sep 15 18:47:08       732     0.20
         0.03        1521.9        26.950    Sep 15 18:47:21       745     0.21
         0.03        1548.8        26.920    Sep 15 18:47:34       758     0.21
         0.03        1574.9        26.130    Sep 15 18:47:47       771     0.21
         0.03        1600.4        25.450    Sep 15 18:48:00       784     0.22
         0.04        1625.8        25.380    Sep 15 18:48:13       797     0.22
         0.04        1650.8        25.000    Sep 15 18:48:26       810     0.23
         0.04        1675.0        24.180    Sep 15 18:48:38       822     0.23
         0.04        1698.5        23.560    Sep 15 18:48:49       833     0.23
         0.04        1721.3        22.780    Sep 15 18:49:01       845     0.23
         0.04        1744.0        22.690    Sep 15 18:49:12       856     0.24
         0.04        1766.0        22.010    Sep 15 18:49:22       866     0.24
         0.04        1787.3        21.310    Sep 15 18:49:33       877     0.24
         0.04        1808.7        21.350    Sep 15 18:49:43       887     0.25
         0.04        1829.3        20.620    Sep 15 18:49:54       898     0.25
         0.05        1849.3        20.020    Sep 15 18:50:04       908     0.25
         0.05        1869.3        20.020    Sep 15 18:50:14       918     0.26
         0.05        1888.6        19.270    Sep 15 18:50:23       927     0.26
         0.05        1907.8        19.230    Sep 15 18:50:33       937     0.26
         0.05        1926.6        18.810    Sep 15 18:50:42       946     0.26
         0.05        1944.6        18.010    Sep 15 18:50:51       955     0.27
         0.05        1962.5        17.870    Sep 15 18:50:59       963     0.27
         0.05        1979.8        17.250    Sep 15 18:51:08       972     0.27
         0.05        1997.0        17.240    Sep 15 18:51:17       981     0.27
         0.05        2013.5        16.540    Sep 15 18:51:25       989     0.27
         0.06        2030.0        16.500    Sep 15 18:51:33       997     0.28
         0.06        2046.6        16.540    Sep 15 18:51:41      1005     0.28
         0.06        2062.4        15.800    Sep 15 18:51:49      1013     0.28
         0.06        2078.2        15.800    Sep 15 18:51:56      1020     0.28
         0.06        2093.3        15.130    Sep 15 18:52:04      1028     0.29
         0.06        2108.5        15.190    Sep 15 18:52:11      1035     0.29
         0.06        2123.6        15.140    Sep 15 18:52:19      1043     0.29
         0.06        2138.1        14.500    Sep 15 18:52:26      1050     0.29
         0.06        2152.6        14.440    Sep 15 18:52:33      1057     0.29
         0.06        2167.0        14.470    Sep 15 18:52:40      1064     0.30
         0.07        2180.9        13.910    Sep 15 18:52:47      1071     0.30
         0.07        2194.7        13.760    Sep 15 18:52:54      1078     0.30
         0.07        2208.5        13.800    Sep 15 18:53:01      1085     0.30
         0.07        2221.6        13.070    Sep 15 18:53:07      1091     0.30
         0.07        2234.6        13.060    Sep 15 18:53:13      1097     0.30
         0.07        2247.7        13.100    Sep 15 18:53:20      1104     0.31
         0.07        2260.1        12.390    Sep 15 18:53:26      1110     0.31
         0.07        2272.6        12.440    Sep 15 18:53:32      1116     0.31
         0.07        2284.9        12.380    Sep 15 18:53:38      1122     0.31
         0.08        2297.3        12.370    Sep 15 18:53:44      1128     0.31
         0.08        2309.0        11.710    Sep 15 18:53:50      1134     0.32
         0.08        2320.7        11.710    Sep 15 18:53:56      1140     0.32
         0.08        2332.4        11.650    Sep 15 18:54:01      1145     0.32
         0.08        2343.8        11.420    Sep 15 18:54:07      1151     0.32
         0.08        2355.3        11.540    Sep 15 18:54:13      1157     0.32
         0.08        2366.1        10.710    Sep 15 18:54:18      1162     0.32
         0.08        2376.8        10.730    Sep 15 18:54:23      1167     0.32
         0.08        2387.5        10.710    Sep 15 18:54:29      1173     0.33
         0.08        2398.3        10.760    Sep 15 18:54:34      1178     0.33
         0.08        2408.3        10.060    Sep 15 18:54:39      1183     0.33
         0.09        2418.4        10.090    Sep 15 18:54:44      1188     0.33
         0.09        2428.5        10.060    Sep 15 18:54:49      1193     0.33
         0.09        2438.5        10.070    Sep 15 18:54:54      1198     0.33
         0.09        2448.6        10.030    Sep 15 18:54:59      1203     0.33
         0.09        2458.6        10.070    Sep 15 18:55:04      1208     0.34
         0.09        2468.0         9.390    Sep 15 18:55:09      1213     0.34
         0.09        2477.4         9.390    Sep 15 18:55:14      1218     0.34
         0.09        2486.8         9.370    Sep 15 18:55:18      1222     0.34
         0.09        2496.2         9.390    Sep 15 18:55:23      1227     0.34
         0.09        2505.6         9.380    Sep 15 18:55:27      1231     0.34
         0.10        2514.9         9.380    Sep 15 18:55:32      1236     0.34
         0.10        2523.7         8.740    Sep 15 18:55:37      1241     0.34
         0.10        2532.4         8.730    Sep 15 18:55:41      1245     0.35
         0.10        2541.1         8.720    Sep 15 18:55:45      1249     0.35
         0.10        2549.8         8.710    Sep 15 18:55:50      1254     0.35
         0.10        2558.6         8.710    Sep 15 18:55:54      1258     0.35
         0.10        2567.3         8.760    Sep 15 18:55:58      1262     0.35
         0.10        2575.4         8.050    Sep 15 18:56:02      1266     0.35
         0.10        2583.4         8.050    Sep 15 18:56:06      1270     0.35
         0.11        2591.5         8.100    Sep 15 18:56:10      1274     0.35
         0.11        2599.6         8.040    Sep 15 18:56:14      1278     0.35
         0.11        2607.6         8.050    Sep 15 18:56:18      1282     0.36
         0.11        2615.6         8.040    Sep 15 18:56:22      1286     0.36
         0.11        2623.7         8.050    Sep 15 18:56:26      1290     0.36
         0.11        2631.8         8.070    Sep 15 18:56:30      1294     0.36
         0.11        2639.2         7.400    Sep 15 18:56:34      1298     0.36
         0.11        2646.5         7.390    Sep 15 18:56:38      1302     0.36
         0.11        2653.9         7.380    Sep 15 18:56:41      1305     0.36
         0.11        2661.3         7.380    Sep 15 18:56:45      1309     0.36
         0.11        2668.7         7.390    Sep 15 18:56:49      1313     0.36
         0.12        2676.1         7.380    Sep 15 18:56:52      1316     0.37
         0.12        2683.5         7.370    Sep 15 18:56:56      1320     0.37
         0.12        2690.8         7.380    Sep 15 18:56:59      1323     0.37
         0.12        2697.5         6.710    Sep 15 18:57:03      1327     0.37
         0.12        2704.2         6.710    Sep 15 18:57:06      1330     0.37
         0.12        2711.0         6.720    Sep 15 18:57:09      1333     0.37
         0.12        2717.7         6.700    Sep 15 18:57:13      1337     0.37
         0.12        2724.4         6.700    Sep 15 18:57:16      1340     0.37
         0.12        2731.1         6.720    Sep 15 18:57:19      1343     0.37
         0.12        2737.8         6.700    Sep 15 18:57:23      1347     0.37
         0.13        2744.5         6.700    Sep 15 18:57:26      1350     0.38
         0.13        2751.2         6.720    Sep 15 18:57:29      1353     0.38
         0.13        2758.1         6.850    Sep 15 18:57:33      1357     0.38
         0.13        2764.1         6.040    Sep 15 18:57:36      1360     0.38
         0.13        2770.1         6.040    Sep 15 18:57:39      1363     0.38
         0.13        2776.2         6.040    Sep 15 18:57:42      1366     0.38
         0.13        2782.2         6.030    Sep 15 18:57:45      1369     0.38
         0.13        2788.2         6.040    Sep 15 18:57:48      1372     0.38
         0.13        2794.3         6.050    Sep 15 18:57:51      1375     0.38
         0.14        2800.3         6.020    Sep 15 18:57:54      1378     0.38
         0.14        2806.3         6.030    Sep 15 18:57:56      1380     0.38
         0.14        2812.4         6.030    Sep 15 18:57:59      1383     0.38
         0.14        2818.4         6.030    Sep 15 18:58:02      1386     0.39
         0.14        2824.4         6.030    Sep 15 18:58:05      1389     0.39
         0.14        2830.5         6.090    Sep 15 18:58:08      1392     0.39
         0.14        2835.9         5.380    Sep 15 18:58:11      1395     0.39
         0.14        2841.3         5.350    Sep 15 18:58:14      1398     0.39
         0.14        2846.7         5.400    Sep 15 18:58:17      1401     0.39
         0.14        2852.0         5.380    Sep 15 18:58:19      1403     0.39
         0.15        2857.4         5.380    Sep 15 18:58:22      1406     0.39
         0.15        2862.8         5.350    Sep 15 18:58:25      1409     0.39
         0.15        2868.1         5.370    Sep 15 18:58:27      1411     0.39
         0.15        2873.5         5.360    Sep 15 18:58:30      1414     0.39
         0.15        2878.9         5.370    Sep 15 18:58:33      1417     0.39
         0.15        2884.3         5.390    Sep 15 18:58:35      1419     0.39
         0.15        2889.6         5.380    Sep 15 18:58:38      1422     0.40
         0.15        2895.0         5.360    Sep 15 18:58:41      1425     0.40
         0.15        2900.4         5.370    Sep 15 18:58:43      1427     0.40
         0.15        2905.7         5.360    Sep 15 18:58:46      1430     0.40
         0.16        2910.4         4.700    Sep 15 18:58:48      1432     0.40
         0.16        2915.1         4.690    Sep 15 18:58:51      1435     0.40
         0.16        2919.8         4.700    Sep 15 18:58:53      1437     0.40
         0.16        2924.5         4.700    Sep 15 18:58:55      1439     0.40
         0.16        2929.2         4.700    Sep 15 18:58:57      1441     0.40
         0.16        2933.9         4.690    Sep 15 18:59:00      1444     0.40
         0.16        2938.6         4.700    Sep 15 18:59:02      1446     0.40
         0.16        2943.3         4.710    Sep 15 18:59:04      1448     0.40
         0.16        2948.0         4.690    Sep 15 18:59:07      1451     0.40
         0.16        2952.7         4.710    Sep 15 18:59:09      1453     0.40
         0.17        2957.4         4.700    Sep 15 18:59:12      1456     0.40
         0.17        2962.1         4.690    Sep 15 18:59:14      1458     0.41
         0.17        2966.8         4.710    Sep 15 18:59:16      1460     0.41
         0.17        2971.5         4.710    Sep 15 18:59:19      1463     0.41
         0.17        2976.2         4.700    Sep 15 18:59:21      1465     0.41
         0.17        2980.9         4.690    Sep 15 18:59:23      1467     0.41
         0.17        2985.6         4.700    Sep 15 18:59:26      1470     0.41
         0.17        2989.7         4.070    Sep 15 18:59:28      1472     0.41
         0.17        2993.7         4.030    Sep 15 18:59:30      1474     0.41
         0.17        2997.8         4.030    Sep 15 18:59:32      1476     0.41
         0.18        3001.8         4.040    Sep 15 18:59:34      1478     0.41
         0.18        3005.8         4.020    Sep 15 18:59:36      1480     0.41
         0.18        3009.9         4.040    Sep 15 18:59:38      1482     0.41
         0.18        3013.9         4.020    Sep 15 18:59:40      1484     0.41
         0.18        3017.9         4.020    Sep 15 18:59:42      1486     0.41
         0.18        3021.9         4.030    Sep 15 18:59:44      1488     0.41
         0.18        3025.9         4.030    Sep 15 18:59:46      1490     0.41
         0.18        3030.0         4.020    Sep 15 18:59:48      1492     0.41
         0.18        3034.0         4.040    Sep 15 18:59:50      1494     0.41
         0.18        3038.0         4.010    Sep 15 18:59:52      1496     0.42
         0.19        3042.0         4.020    Sep 15 18:59:54      1498     0.42
         0.19        3046.1         4.050    Sep 15 18:59:56      1500     0.42
         0.19        3050.1         4.010    Sep 15 18:59:58      1502     0.42
         0.19        3054.1         4.040    Sep 15 19:00:00      1504     0.42
         0.19        3058.2         4.030    Sep 15 19:00:02      1506     0.42
         0.19        3062.3         4.130    Sep 15 19:00:04      1508     0.42
         0.19        3066.4         4.130    Sep 15 19:00:06      1510     0.42
         0.19        3070.5         4.030    Sep 15 19:00:08      1512     0.42
         0.19        3074.5         4.030    Sep 15 19:00:10      1514     0.42
         0.19        3078.5         4.010    Sep 15 19:00:12      1516     0.42
         0.20        3081.9         3.360    Sep 15 19:00:14      1518     0.42
         0.20        3085.2         3.350    Sep 15 19:00:15      1519     0.42
         0.20        3088.6         3.360    Sep 15 19:00:17      1521     0.42
         0.20        3092.0         3.410    Sep 15 19:00:19      1523     0.42
         0.20        3095.3         3.350    Sep 15 19:00:20      1524     0.42
         0.20        3098.7         3.350    Sep 15 19:00:22      1526     0.42
         0.20        3102.0         3.360    Sep 15 19:00:24      1528     0.42
         0.20        3105.4         3.350    Sep 15 19:00:25      1529     0.42
         0.20        3108.7         3.350    Sep 15 19:00:27      1531     0.43
         0.20        3112.1         3.350    Sep 15 19:00:29      1533     0.43
         0.21        3115.4         3.350    Sep 15 19:00:30      1534     0.43
         0.21        3118.8         3.360    Sep 15 19:00:32      1536     0.43
         0.21        3122.2         3.360    Sep 15 19:00:34      1538     0.43
         0.21        3125.6         3.440    Sep 15 19:00:35      1539     0.43
         0.21        3129.0         3.360    Sep 15 19:00:37      1541     0.43
         0.21        3132.3         3.380    Sep 15 19:00:39      1543     0.43
         0.21        3135.7         3.350    Sep 15 19:00:40      1544     0.43
         0.21        3139.0         3.360    Sep 15 19:00:42      1546     0.43
         0.21        3142.4         3.340    Sep 15 19:00:44      1548     0.43
         0.21        3145.8         3.370    Sep 15 19:00:46      1550     0.43
         0.22        3149.2         3.400    Sep 15 19:00:47      1551     0.43
         0.22        3152.5         3.370    Sep 15 19:00:49      1553     0.43
         0.22        3155.9         3.350    Sep 15 19:00:51      1555     0.43
         0.22        3159.2         3.360    Sep 15 19:00:52      1556     0.43
         0.22        3162.6         3.350    Sep 15 19:00:54      1558     0.43
         0.22        3166.0         3.360    Sep 15 19:00:56      1560     0.43
         0.22        3169.3         3.340    Sep 15 19:00:57      1561     0.43
         0.22        3172.7         3.370    Sep 15 19:00:59      1563     0.43
         0.22        3176.0         3.360    Sep 15 19:01:01      1565     0.43
         0.22        3179.4         3.350    Sep 15 19:01:02      1566     0.43
         0.23        3182.7         3.360    Sep 15 19:01:04      1568     0.44
         0.23        3186.1         3.370    Sep 15 19:01:06      1570     0.44
         0.23        3189.4         3.340    Sep 15 19:01:07      1571     0.44
         0.23        3192.9         3.420    Sep 15 19:01:09      1573     0.44
         0.23        3196.2         3.350    Sep 15 19:01:11      1575     0.44
         0.23        3199.6         3.360    Sep 15 19:01:12      1576     0.44
         0.23        3202.9         3.370    Sep 15 19:01:14      1578     0.44
         0.23        3206.3         3.350    Sep 15 19:01:16      1580     0.44
         0.23        3209.0         2.690    Sep 15 19:01:17      1581     0.44
         0.23        3211.7         2.690    Sep 15 19:01:18      1582     0.44
         0.24        3214.4         2.690    Sep 15 19:01:20      1584     0.44
         0.24        3217.0         2.680    Sep 15 19:01:21      1585     0.44
         0.24        3219.7         2.690    Sep 15 19:01:22      1586     0.44
         0.24        3222.4         2.690    Sep 15 19:01:24      1588     0.44
         0.24        3225.1         2.690    Sep 15 19:01:25      1589     0.44
         0.24        3227.8         2.680    Sep 15 19:01:26      1590     0.44
         0.24        3230.5         2.690    Sep 15 19:01:28      1592     0.44
         0.24        3233.2         2.690    Sep 15 19:01:29      1593     0.44
         0.24        3235.9         2.690    Sep 15 19:01:30      1594     0.44
         0.24        3238.6         2.690    Sep 15 19:01:32      1596     0.44
         0.25        3241.2         2.680    Sep 15 19:01:33      1597     0.44
         0.25        3243.9         2.700    Sep 15 19:01:34      1598     0.44
         0.25        3246.6         2.690    Sep 15 19:01:36      1600     0.44
         0.25        3249.3         2.690    Sep 15 19:01:37      1601     0.44
         0.25        3252.0         2.690    Sep 15 19:01:38      1602     0.45
         0.25        3254.7         2.700    Sep 15 19:01:40      1604     0.45
         0.25        3257.4         2.670    Sep 15 19:01:41      1605     0.45
         0.25        3260.1         2.710    Sep 15 19:01:42      1606     0.45
         0.25        3262.8         2.670    Sep 15 19:01:44      1608     0.45
         0.25        3265.4         2.690    Sep 15 19:01:45      1609     0.45
         0.26        3268.1         2.680    Sep 15 19:01:46      1610     0.45
         0.26        3270.8         2.700    Sep 15 19:01:48      1612     0.45
         0.26        3273.5         2.690    Sep 15 19:01:49      1613     0.45
         0.26        3276.2         2.690    Sep 15 19:01:50      1614     0.45
         0.26        3278.9         2.680    Sep 15 19:01:52      1616     0.45
         0.26        3281.6         2.680    Sep 15 19:01:53      1617     0.45
         0.26        3284.2         2.690    Sep 15 19:01:54      1618     0.45
         0.26        3286.9         2.680    Sep 15 19:01:56      1620     0.45
         0.26        3289.6         2.690    Sep 15 19:01:57      1621     0.45
         0.26        3292.3         2.690    Sep 15 19:01:58      1622     0.45
         0.26        3295.0         2.690    Sep 15 19:02:00      1624     0.45
         0.27        3297.7         2.690    Sep 15 19:02:01      1625     0.45
         0.27        3300.6         2.890    Sep 15 19:02:03      1627     0.45
         0.27        3303.3         2.680    Sep 15 19:02:04      1628     0.45
         0.27        3305.9         2.690    Sep 15 19:02:05      1629     0.45
         0.27        3308.6         2.680    Sep 15 19:02:07      1631     0.45
         0.27        3311.3         2.700    Sep 15 19:02:08      1632     0.45
         0.27        3314.0         2.690    Sep 15 19:02:09      1633     0.45
         0.27        3316.7         2.690    Sep 15 19:02:11      1635     0.45
         0.27        3319.4         2.680    Sep 15 19:02:12      1636     0.45
         0.27        3322.1         2.690    Sep 15 19:02:13      1637     0.45
         0.28        3324.8         2.690    Sep 15 19:02:15      1639     0.46
         0.28        3327.4         2.670    Sep 15 19:02:16      1640     0.46
         0.28        3330.1         2.690    Sep 15 19:02:17      1641     0.46
         0.28        3332.8         2.690    Sep 15 19:02:19      1643     0.46
         0.28        3335.5         2.690    Sep 15 19:02:20      1644     0.46
         0.28        3338.2         2.700    Sep 15 19:02:21      1645     0.46
         0.28        3340.9         2.680    Sep 15 19:02:23      1647     0.46
         0.28        3343.6         2.690    Sep 15 19:02:24      1648     0.46
         0.28        3346.3         2.680    Sep 15 19:02:25      1649     0.46
         0.28        3348.9         2.680    Sep 15 19:02:27      1651     0.46
         0.29        3351.6         2.700    Sep 15 19:02:28      1652     0.46
         0.29        3354.3         2.680    Sep 15 19:02:29      1653     0.46
         0.29        3357.0         2.690    Sep 15 19:02:31      1655     0.46
         0.29        3359.7         2.690    Sep 15 19:02:32      1656     0.46
         0.29        3362.4         2.690    Sep 15 19:02:33      1657     0.46
         0.29        3365.1         2.690    Sep 15 19:02:35      1659     0.46
         0.29        3367.8         2.680    Sep 15 19:02:36      1660     0.46
         0.29        3370.5         2.700    Sep 15 19:02:37      1661     0.46
         0.29        3373.1         2.680    Sep 15 19:02:39      1663     0.46
         0.29        3375.8         2.700    Sep 15 19:02:40      1664     0.46
         0.30        3378.5         2.690    Sep 15 19:02:41      1665     0.46
         0.30        3381.2         2.690    Sep 15 19:02:43      1667     0.46
         0.30        3383.9         2.690    Sep 15 19:02:44      1668     0.46
         0.30        3386.6         2.680    Sep 15 19:02:45      1669     0.46
         0.30        3389.3         2.690    Sep 15 19:02:47      1671     0.46
         0.30        3392.0         2.690    Sep 15 19:02:48      1672     0.46
         0.30        3394.7         2.690    Sep 15 19:02:49      1673     0.46
         0.30        3397.3         2.690    Sep 15 19:02:51      1675     0.47
         0.30        3400.0         2.680    Sep 15 19:02:52      1676     0.47
         0.30        3402.7         2.690    Sep 15 19:02:53      1677     0.47
         0.31        3405.4         2.690    Sep 15 19:02:55      1679     0.47
         0.31        3408.1         2.690    Sep 15 19:02:56      1680     0.47
         0.31        3410.8         2.680    Sep 15 19:02:57      1681     0.47
         0.31        3413.5         2.690    Sep 15 19:02:59      1683     0.47
         0.31        3416.2         2.680    Sep 15 19:03:00      1684     0.47
         0.31        3418.8         2.690    Sep 15 19:03:01      1685     0.47
         0.31        3421.5         2.680    Sep 15 19:03:03      1687     0.47
         0.31        3424.2         2.690    Sep 15 19:03:04      1688     0.47
         0.31        3426.9         2.690    Sep 15 19:03:05      1689     0.47
         0.31        3429.6         2.680    Sep 15 19:03:07      1691     0.47
         0.32        3432.3         2.700    Sep 15 19:03:08      1692     0.47
         0.32        3435.0         2.690    Sep 15 19:03:09      1693     0.47
         0.32        3437.6         2.680    Sep 15 19:03:11      1695     0.47
         0.32        3440.3         2.690    Sep 15 19:03:12      1696     0.47
         0.32        3443.0         2.700    Sep 15 19:03:13      1697     0.47
         0.32        3445.7         2.680    Sep 15 19:03:15      1699     0.47
         0.32        3448.4         2.680    Sep 15 19:03:16      1700     0.47
         0.32        3451.1         2.700    Sep 15 19:03:17      1701     0.47
         0.32        3453.8         2.700    Sep 15 19:03:19      1703     0.47
         0.32        3456.5         2.680    Sep 15 19:03:20      1704     0.47
         0.33        3459.2         2.700    Sep 15 19:03:21      1705     0.47
         0.33        3461.9         2.690    Sep 15 19:03:23      1707     0.47
         0.33        3464.6         2.680    Sep 15 19:03:24      1708     0.47
         0.33        3467.2         2.690    Sep 15 19:03:25      1709     0.47
         0.33        3469.9         2.690    Sep 15 19:03:27      1711     0.48
         0.33        3472.6         2.690    Sep 15 19:03:28      1712     0.48
         0.33        3475.3         2.690    Sep 15 19:03:29      1713     0.48
         0.33        3478.0         2.680    Sep 15 19:03:31      1715     0.48
         0.33        3480.7         2.700    Sep 15 19:03:32      1716     0.48
         0.33        3483.4         2.690    Sep 15 19:03:33      1717     0.48
         0.34        3486.1         2.690    Sep 15 19:03:35      1719     0.48
         0.34        3488.8         2.680    Sep 15 19:03:36      1720     0.48
         0.34        3491.5         2.700    Sep 15 19:03:38      1722     0.48
         0.34        3494.1         2.680    Sep 15 19:03:39      1723     0.48
         0.34        3496.2         2.020    Sep 15 19:03:40      1724     0.48
         0.34        3498.2         2.070    Sep 15 19:03:41      1725     0.48
         0.34        3500.2         2.010    Sep 15 19:03:42      1726     0.48
         0.34        3502.3         2.030    Sep 15 19:03:43      1727     0.48
         0.34        3504.3         2.010    Sep 15 19:03:44      1728     0.48
         0.34        3506.3         2.010    Sep 15 19:03:45      1729     0.48
         0.35        3508.3         2.020    Sep 15 19:03:46      1730     0.48
         0.35        3510.3         2.020    Sep 15 19:03:47      1731     0.48
         0.35        3512.3         2.020    Sep 15 19:03:48      1732     0.48
         0.35        3514.4         2.030    Sep 15 19:03:49      1733     0.48
         0.35        3516.4         2.010    Sep 15 19:03:50      1734     0.48
         0.35        3518.4         2.030    Sep 15 19:03:51      1735     0.48
         0.35        3520.4         2.000    Sep 15 19:03:52      1736     0.48
         0.35        3522.4         2.030    Sep 15 19:03:53      1737     0.48
         0.35        3524.5         2.020    Sep 15 19:03:54      1738     0.48
         0.35        3526.5         2.010    Sep 15 19:03:55      1739     0.48
         0.36        3528.5         2.020    Sep 15 19:03:56      1740     0.48
         0.36        3530.5         2.020    Sep 15 19:03:57      1741     0.48
         0.36        3532.5         2.020    Sep 15 19:03:58      1742     0.48
         0.36        3534.6         2.020    Sep 15 19:03:59      1743     0.48
         0.36        3536.6         2.020    Sep 15 19:04:00      1744     0.48
         0.36        3538.6         2.020    Sep 15 19:04:01      1745     0.48
         0.36        3540.6         2.040    Sep 15 19:04:02      1746     0.48
         0.36        3542.7         2.070    Sep 15 19:04:03      1747     0.49
         0.36        3544.7         2.010    Sep 15 19:04:04      1748     0.49
         0.36        3546.7         2.030    Sep 15 19:04:05      1749     0.49
         0.37        3548.8         2.060    Sep 15 19:04:06      1750     0.49
         0.37        3550.8         2.020    Sep 15 19:04:07      1751     0.49
         0.37        3552.8         2.020    Sep 15 19:04:08      1752     0.49
         0.37        3554.9         2.020    Sep 15 19:04:09      1753     0.49
         0.37        3556.9         2.020    Sep 15 19:04:10      1754     0.49
         0.37        3558.9         2.010    Sep 15 19:04:11      1755     0.49
         0.37        3560.9         2.020    Sep 15 19:04:12      1756     0.49
         0.37        3562.9         2.010    Sep 15 19:04:13      1757     0.49
         0.37        3564.9         2.020    Sep 15 19:04:14      1758     0.49
         0.37        3567.0         2.020    Sep 15 19:04:15      1759     0.49
         0.38        3569.0         2.020    Sep 15 19:04:16      1760     0.49
         0.38        3571.0         2.010    Sep 15 19:04:17      1761     0.49
         0.38        3573.0         2.020    Sep 15 19:04:18      1762     0.49
         0.38        3575.0         2.020    Sep 15 19:04:19      1763     0.49
         0.38        3577.1         2.020    Sep 15 19:04:20      1764     0.49
         0.38        3579.1         2.020    Sep 15 19:04:21      1765     0.49
         0.38        3581.1         2.030    Sep 15 19:04:22      1766     0.49
         0.38        3583.1         2.010    Sep 15 19:04:23      1767     0.49
         0.38        3585.1         2.020    Sep 15 19:04:24      1768     0.49
         0.38        3587.1         2.010    Sep 15 19:04:25      1769     0.49
         0.39        3589.2         2.050    Sep 15 19:04:26      1770     0.49
         0.39        3591.2         2.030    Sep 15 19:04:27      1771     0.49
         0.39        3593.2         2.020    Sep 15 19:04:28      1772     0.49
         0.39        3595.2         2.010    Sep 15 19:04:29      1773     0.49
         0.39        3597.3         2.030    Sep 15 19:04:30      1774     0.49
         0.39        3599.3         2.010    Sep 15 19:04:31      1775     0.49
         0.39        3601.3         2.010    Sep 15 19:04:32      1776     0.49
         0.39        3603.3         2.030    Sep 15 19:04:33      1777     0.49
         0.39        3605.3         2.020    Sep 15 19:04:34      1778     0.49
         0.39        3607.4         2.010    Sep 15 19:04:35      1779     0.49
         0.40        3609.4         2.030    Sep 15 19:04:36      1780     0.49
         0.40        3611.4         2.010    Sep 15 19:04:37      1781     0.49
         0.40        3613.4         2.020    Sep 15 19:04:38      1782     0.49
         0.40        3615.4         2.010    Sep 15 19:04:40      1784     0.50
         0.40        3617.4         2.020    Sep 15 19:04:41      1785     0.50
         0.40        3619.5         2.010    Sep 15 19:04:42      1786     0.50
         0.40        3621.5         2.030    Sep 15 19:04:42      1786     0.50
         0.40        3623.5         2.010    Sep 15 19:04:43      1787     0.50
         0.40        3625.5         2.020    Sep 15 19:04:44      1788     0.50
         0.40        3627.5         2.020    Sep 15 19:04:46      1790     0.50
         0.41        3629.6         2.020    Sep 15 19:04:46      1790     0.50
         0.41        3631.6         2.020    Sep 15 19:04:47      1791     0.50
         0.41        3633.6         2.020    Sep 15 19:04:49      1793     0.50
         0.41        3635.6         2.020    Sep 15 19:04:50      1794     0.50
         0.41        3637.6         2.020    Sep 15 19:04:51      1795     0.50
         0.41        3639.7         2.020    Sep 15 19:04:52      1796     0.50
         0.41        3641.7         2.020    Sep 15 19:04:52      1796     0.50
         0.41        3643.7         2.020    Sep 15 19:04:53      1797     0.50
         0.41        3645.7         2.010    Sep 15 19:04:54      1798     0.50
         0.41        3647.7         2.020    Sep 15 19:04:55      1799     0.50
         0.42        3649.7         2.000    Sep 15 19:04:56      1800     0.50
         0.42        3651.8         2.030    Sep 15 19:04:57      1801     0.50
         0.42        3653.8         2.020    Sep 15 19:04:58      1802     0.50
         0.42        3655.8         2.020    Sep 15 19:04:59      1803     0.50
         0.42        3657.8         2.020    Sep 15 19:05:00      1804     0.50
         0.42        3659.8         2.020    Sep 15 19:05:01      1805     0.50
         0.42        3661.9         2.020    Sep 15 19:05:02      1806     0.50
         0.42        3663.9         2.020    Sep 15 19:05:04      1808     0.50
         0.42        3665.9         2.020    Sep 15 19:05:05      1809     0.50
         0.42        3667.9         2.020    Sep 15 19:05:06      1810     0.50
         0.43        3669.9         2.020    Sep 15 19:05:07      1811     0.50
         0.43        3672.0         2.020    Sep 15 19:05:08      1812     0.50
         0.43        3674.0         2.030    Sep 15 19:05:09      1813     0.50
         0.43        3676.0         2.010    Sep 15 19:05:10      1814     0.50
         0.43        3678.0         2.020    Sep 15 19:05:11      1815     0.50
         0.43        3680.0         2.020    Sep 15 19:05:12      1816     0.50
         0.43        3682.1         2.020    Sep 15 19:05:13      1817     0.50
         0.43        3684.1         2.010    Sep 15 19:05:14      1818     0.51
         0.43        3686.1         2.030    Sep 15 19:05:15      1819     0.51
         0.43        3688.1         2.020    Sep 15 19:05:16      1820     0.51
         0.44        3690.1         2.020    Sep 15 19:05:17      1821     0.51
         0.44        3692.2         2.010    Sep 15 19:05:18      1822     0.51
         0.44        3694.2         2.040    Sep 15 19:05:19      1823     0.51
         0.44        3696.2         2.010    Sep 15 19:05:20      1824     0.51
         0.44        3698.2         2.020    Sep 15 19:05:21      1825     0.51
         0.44        3700.2         2.020    Sep 15 19:05:22      1826     0.51
         0.44        3702.2         2.010    Sep 15 19:05:23      1827     0.51
         0.44        3704.3         2.020    Sep 15 19:05:24      1828     0.51
         0.44        3706.3         2.010    Sep 15 19:05:25      1829     0.51
         0.44        3708.3         2.010    Sep 15 19:05:26      1830     0.51
         0.45        3710.3         2.030    Sep 15 19:05:27      1831     0.51
         0.45        3712.3         2.020    Sep 15 19:05:28      1832     0.51
         0.45        3714.4         2.020    Sep 15 19:05:29      1833     0.51
         0.45        3716.4         2.010    Sep 15 19:05:30      1834     0.51
         0.45        3718.4         2.020    Sep 15 19:05:31      1835     0.51
         0.45        3720.4         2.030    Sep 15 19:05:32      1836     0.51
         0.45        3722.4         2.010    Sep 15 19:05:33      1837     0.51
         0.45        3724.5         2.020    Sep 15 19:05:34      1838     0.51
         0.45        3726.6         2.130    Sep 15 19:05:35      1839     0.51
         0.45        3728.6         2.020    Sep 15 19:05:36      1840     0.51
         0.46        3730.6         2.020    Sep 15 19:05:37      1841     0.51
         0.46        3732.6         2.010    Sep 15 19:05:38      1842     0.51
         0.46        3734.7         2.020    Sep 15 19:05:39      1843     0.51
         0.46        3736.7         2.020    Sep 15 19:05:40      1844     0.51
         0.46        3738.8         2.160    Sep 15 19:05:41      1845     0.51
         0.46        3740.8         2.010    Sep 15 19:05:42      1846     0.51
         0.46        3742.9         2.020    Sep 15 19:05:43      1847     0.51
         0.46        3744.9         2.020    Sep 15 19:05:44      1848     0.51
         0.46        3746.9         2.060    Sep 15 19:05:45      1849     0.51
         0.46        3749.0         2.020    Sep 15 19:05:46      1850     0.51
         0.47        3751.0         2.010    Sep 15 19:05:47      1851     0.51
         0.47        3753.0         2.030    Sep 15 19:05:48      1852     0.51
         0.47        3755.0         2.030    Sep 15 19:05:49      1853     0.51
         0.47        3757.0         2.010    Sep 15 19:05:50      1854     0.52
         0.47        3759.1         2.020    Sep 15 19:05:51      1855     0.52
         0.47        3761.1         2.020    Sep 15 19:05:52      1856     0.52
         0.47        3763.1         2.000    Sep 15 19:05:53      1857     0.52
         0.47        3765.2         2.070    Sep 15 19:05:54      1858     0.52
         0.47        3767.2         2.020    Sep 15 19:05:55      1859     0.52
         0.47        3769.2         2.010    Sep 15 19:05:56      1860     0.52
         0.48        3771.2         2.020    Sep 15 19:05:57      1861     0.52
         0.48        3773.2         2.020    Sep 15 19:05:58      1862     0.52
         0.48        3775.2         2.030    Sep 15 19:05:59      1863     0.52
         0.48        3777.3         2.090    Sep 15 19:06:01      1865     0.52
         0.48        3779.4         2.020    Sep 15 19:06:02      1866     0.52
         0.48        3781.4         2.020    Sep 15 19:06:03      1867     0.52
         0.48        3783.4         2.020    Sep 15 19:06:04      1868     0.52
         0.48        3785.4         2.020    Sep 15 19:06:05      1869     0.52
         0.48        3787.4         2.020    Sep 15 19:06:06      1870     0.52
         0.48        3789.4         2.000    Sep 15 19:06:07      1871     0.52
         0.49        3791.5         2.030    Sep 15 19:06:08      1872     0.52
         0.49        3793.5         2.010    Sep 15 19:06:09      1873     0.52
         0.49        3795.5         2.020    Sep 15 19:06:10      1874     0.52
         0.49        3797.5         2.010    Sep 15 19:06:11      1875     0.52
         0.49        3799.5         2.020    Sep 15 19:06:12      1876     0.52
         0.49        3801.6         2.020    Sep 15 19:06:13      1877     0.52
         0.49        3803.6         2.020    Sep 15 19:06:14      1878     0.52
         0.49        3805.6         2.020    Sep 15 19:06:15      1879     0.52
         0.49        3807.6         2.010    Sep 15 19:06:16      1880     0.52
         0.49        3809.6         2.030    Sep 15 19:06:17      1881     0.52
         0.50        3811.7         2.020    Sep 15 19:06:18      1882     0.52
         0.50        3813.7         2.020    Sep 15 19:06:19      1883     0.52
         0.50        3815.7         2.020    Sep 15 19:06:20      1884     0.52
         0.50        3817.7         2.020    Sep 15 19:06:21      1885     0.52
         0.50        3819.7         2.020    Sep 15 19:06:22      1886     0.52
         0.50        3821.7         2.010    Sep 15 19:06:23      1887     0.52
         0.50        3823.8         2.030    Sep 15 19:06:24      1888     0.52
         0.50        3825.8         2.010    Sep 15 19:06:25      1889     0.52
         0.50        3827.8         2.030    Sep 15 19:06:26      1890     0.53
         0.50        3829.8         2.020    Sep 15 19:06:27      1891     0.53
         0.51        3831.8         2.020    Sep 15 19:06:28      1892     0.53
         0.51        3833.9         2.030    Sep 15 19:06:29      1893     0.53
         0.51        3835.9         2.020    Sep 15 19:06:30      1894     0.53
         0.51        3837.9         2.010    Sep 15 19:06:31      1895     0.53
         0.51        3839.9         2.030    Sep 15 19:06:32      1896     0.53
         0.51        3842.0         2.010    Sep 15 19:06:33      1897     0.53
         0.51        3844.0         2.070    Sep 15 19:06:34      1898     0.53
         0.51        3846.0         2.010    Sep 15 19:06:35      1899     0.53
         0.51        3848.0         2.020    Sep 15 19:06:36      1900     0.53
         0.51        3850.1         2.020    Sep 15 19:06:37      1901     0.53
         0.52        3852.1         2.030    Sep 15 19:06:38      1902     0.53
         0.52        3854.1         2.010    Sep 15 19:06:39      1903     0.53
         0.52        3856.1         2.020    Sep 15 19:06:40      1904     0.53
         0.52        3858.2         2.020    Sep 15 19:06:41      1905     0.53
         0.52        3860.2         2.010    Sep 15 19:06:42      1906     0.53
         0.52        3862.2         2.020    Sep 15 19:06:43      1907     0.53
         0.52        3864.2         2.010    Sep 15 19:06:44      1908     0.53
         0.52        3866.2         2.020    Sep 15 19:06:45      1909     0.53
         0.52        3868.2         2.000    Sep 15 19:06:46      1910     0.53
         0.52        3870.2         2.020    Sep 15 19:06:47      1911     0.53
         0.53        3872.2         2.020    Sep 15 19:06:48      1912     0.53
         0.53        3874.3         2.030    Sep 15 19:06:49      1913     0.53
         0.53        3876.3         2.010    Sep 15 19:06:50      1914     0.53
         0.53        3878.3         2.010    Sep 15 19:06:51      1915     0.53
         0.53        3880.3         2.020    Sep 15 19:06:52      1916     0.53
         0.53        3882.3         2.020    Sep 15 19:06:53      1917     0.53
         0.53        3884.3         2.010    Sep 15 19:06:54      1918     0.53
         0.53        3886.4         2.010    Sep 15 19:06:55      1919     0.53
         0.53        3888.4         2.020    Sep 15 19:06:56      1920     0.53
         0.53        3890.4         2.010    Sep 15 19:06:57      1921     0.53
         0.54        3892.4         2.030    Sep 15 19:06:58      1922     0.53
         0.54        3894.4         2.020    Sep 15 19:06:59      1923     0.53
         0.54        3896.5         2.020    Sep 15 19:07:00      1924     0.53
         0.54        3898.5         2.010    Sep 15 19:07:01      1925     0.53
         0.54        3900.5         2.020    Sep 15 19:07:02      1926     0.54
         0.54        3902.5         2.020    Sep 15 19:07:03      1927     0.54
         0.54        3904.5         2.020    Sep 15 19:07:04      1928     0.54
         0.54        3906.6         2.050    Sep 15 19:07:05      1929     0.54
         0.54        3908.6         2.010    Sep 15 19:07:06      1930     0.54
         0.54        3910.6         2.020    Sep 15 19:07:07      1931     0.54
         0.55        3912.6         2.020    Sep 15 19:07:08      1932     0.54
         0.55        3914.6         2.020    Sep 15 19:07:09      1933     0.54
         0.55        3916.7         2.060    Sep 15 19:07:10      1934     0.54
         0.55        3918.7         2.020    Sep 15 19:07:11      1935     0.54
         0.55        3920.7         2.010    Sep 15 19:07:12      1936     0.54
         0.55        3922.8         2.020    Sep 15 19:07:13      1937     0.54
         0.55        3924.8         2.010    Sep 15 19:07:14      1938     0.54
         0.55        3926.8         2.020    Sep 15 19:07:15      1939     0.54
         0.55        3928.8         2.010    Sep 15 19:07:16      1940     0.54
         0.55        3930.8         2.020    Sep 15 19:07:17      1941     0.54
         0.56        3932.8         2.020    Sep 15 19:07:18      1942     0.54
         0.56        3934.9         2.020    Sep 15 19:07:19      1943     0.54
         0.56        3936.9         2.020    Sep 15 19:07:20      1944     0.54
         0.56        3938.9         2.010    Sep 15 19:07:21      1945     0.54
         0.56        3940.9         2.030    Sep 15 19:07:22      1946     0.54
         0.56        3942.9         2.020    Sep 15 19:07:23      1947     0.54
         0.56        3944.9         2.010    Sep 15 19:07:24      1948     0.54
         0.56        3947.0         2.020    Sep 15 19:07:25      1949     0.54
         0.56        3949.0         2.020    Sep 15 19:07:26      1950     0.54
         0.56        3951.0         2.010    Sep 15 19:07:27      1951     0.54
         0.57        3953.0         2.020    Sep 15 19:07:28      1952     0.54
         0.57        3955.0         2.010    Sep 15 19:07:29      1953     0.54
         0.57        3957.1         2.030    Sep 15 19:07:30      1954     0.54
         0.57        3959.1         2.010    Sep 15 19:07:31      1955     0.54
         0.57        3961.1         2.020    Sep 15 19:07:32      1956     0.54
         0.57        3963.1         2.030    Sep 15 19:07:33      1957     0.54
         0.57        3965.1         2.020    Sep 15 19:07:34      1958     0.54
         0.57        3967.2         2.030    Sep 15 19:07:35      1959     0.54
         0.57        3969.2         2.030    Sep 15 19:07:36      1960     0.54
         0.57        3971.2         2.010    Sep 15 19:07:37      1961     0.54
         0.58        3973.2         2.020    Sep 15 19:07:38      1962     0.55
         0.58        3975.2         2.020    Sep 15 19:07:39      1963     0.55
         0.58        3977.3         2.020    Sep 15 19:07:40      1964     0.55
         0.58        3979.3         2.020    Sep 15 19:07:41      1965     0.55
         0.58        3981.3         2.020    Sep 15 19:07:42      1966     0.55
         0.58        3983.3         2.010    Sep 15 19:07:43      1967     0.55
         0.58        3985.3         2.020    Sep 15 19:07:44      1968     0.55
         0.58        3987.3         2.010    Sep 15 19:07:45      1969     0.55
         0.58        3989.4         2.030    Sep 15 19:07:46      1970     0.55
         0.59        3991.4         2.010    Sep 15 19:07:47      1971     0.55
         0.59        3993.4         2.030    Sep 15 19:07:48      1972     0.55
         0.59        3995.4         2.010    Sep 15 19:07:49      1973     0.55
         0.59        3997.4         2.010    Sep 15 19:07:50      1974     0.55
         0.59        3999.5         2.020    Sep 15 19:07:51      1975     0.55
         0.59        4001.5         2.060    Sep 15 19:07:52      1976     0.55
         0.59        4003.5         2.020    Sep 15 19:07:54      1978     0.55
         0.59        4005.5         2.010    Sep 15 19:07:55      1979     0.55
         0.59        4007.6         2.020    Sep 15 19:07:56      1980     0.55
         0.59        4009.6         2.030    Sep 15 19:07:57      1981     0.55
         0.60        4011.6         2.010    Sep 15 19:07:58      1982     0.55
         0.60        4013.6         2.020    Sep 15 19:07:59      1983     0.55
         0.60        4015.7         2.030    Sep 15 19:08:00      1984     0.55
         0.60        4017.7         2.020    Sep 15 19:08:01      1985     0.55
         0.60        4019.7         2.020    Sep 15 19:08:02      1986     0.55
         0.60        4021.7         2.020    Sep 15 19:08:03      1987     0.55
         0.60        4023.7         2.020    Sep 15 19:08:04      1988     0.55
         0.60        4025.8         2.020    Sep 15 19:08:05      1989     0.55
         0.60        4027.8         2.010    Sep 15 19:08:06      1990     0.55
         0.60        4029.8         2.020    Sep 15 19:08:07      1991     0.55
         0.61        4031.8         2.020    Sep 15 19:08:08      1992     0.55
         0.61        4033.8         2.020    Sep 15 19:08:09      1993     0.55
         0.61        4035.9         2.020    Sep 15 19:08:10      1994     0.55
         0.61        4037.9         2.020    Sep 15 19:08:11      1995     0.55
         0.61        4039.9         2.010    Sep 15 19:08:12      1996     0.55
         0.61        4041.9         2.020    Sep 15 19:08:13      1997     0.55
         0.61        4043.9         2.010    Sep 15 19:08:14      1998     0.56
         0.61        4045.9         2.020    Sep 15 19:08:15      1999     0.56
         0.61        4048.0         2.020    Sep 15 19:08:16      2000     0.56
         0.61        4050.0         2.020    Sep 15 19:08:17      2001     0.56
         0.62        4052.0         2.030    Sep 15 19:08:18      2002     0.56
         0.62        4054.0         2.020    Sep 15 19:08:19      2003     0.56
         0.62        4056.0         2.010    Sep 15 19:08:20      2004     0.56
         0.62        4058.1         2.030    Sep 15 19:08:21      2005     0.56
         0.62        4060.1         2.010    Sep 15 19:08:22      2006     0.56
         0.62        4062.1         2.020    Sep 15 19:08:23      2007     0.56
         0.62        4064.1         2.020    Sep 15 19:08:24      2008     0.56
         0.62        4066.1         2.010    Sep 15 19:08:25      2009     0.56
         0.62        4068.1         2.020    Sep 15 19:08:26      2010     0.56
         0.62        4070.2         2.020    Sep 15 19:08:27      2011     0.56
         0.63        4072.2         2.020    Sep 15 19:08:28      2012     0.56
         0.63        4074.2         2.030    Sep 15 19:08:29      2013     0.56
         0.63        4076.2         2.020    Sep 15 19:08:30      2014     0.56
         0.63        4078.3         2.030    Sep 15 19:08:31      2015     0.56
         0.63        4080.3         2.020    Sep 15 19:08:32      2016     0.56
         0.63        4082.3         2.060    Sep 15 19:08:33      2017     0.56
         0.63        4084.4         2.040    Sep 15 19:08:34      2018     0.56
         0.63        4086.4         2.030    Sep 15 19:08:35      2019     0.56
         0.63        4088.4         2.020    Sep 15 19:08:36      2020     0.56
         0.63        4090.5         2.030    Sep 15 19:08:37      2021     0.56
         0.64        4092.5         2.010    Sep 15 19:08:38      2022     0.56
         0.64        4094.5         2.030    Sep 15 19:08:39      2023     0.56
         0.64        4096.5         2.020    Sep 15 19:08:40      2024     0.56
         0.64        4098.5         2.020    Sep 15 19:08:41      2025     0.56
         0.64        4100.6         2.030    Sep 15 19:08:42      2026     0.56
         0.64        4102.6         2.020    Sep 15 19:08:43      2027     0.56
         0.64        4104.6         2.020    Sep 15 19:08:44      2028     0.56
         0.64        4106.6         2.020    Sep 15 19:08:45      2029     0.56
         0.64        4108.6         2.010    Sep 15 19:08:46      2030     0.56
         0.64        4110.7         2.030    Sep 15 19:08:47      2031     0.56
         0.65        4112.7         2.010    Sep 15 19:08:48      2032     0.56
         0.65        4114.7         2.020    Sep 15 19:08:49      2033     0.56
         0.65        4116.7         2.020    Sep 15 19:08:50      2034     0.56
         0.65        4118.7         2.020    Sep 15 19:08:51      2035     0.57
         0.65        4120.8         2.030    Sep 15 19:08:52      2036     0.57
         0.65        4122.8         2.020    Sep 15 19:08:53      2037     0.57
         0.65        4124.8         2.020    Sep 15 19:08:54      2038     0.57
         0.65        4126.8         2.010    Sep 15 19:08:55      2039     0.57
         0.65        4128.8         2.020    Sep 15 19:08:56      2040     0.57
         0.65        4130.9         2.020    Sep 15 19:08:57      2041     0.57
         0.66        4132.9         2.020    Sep 15 19:08:58      2042     0.57
         0.66        4134.9         2.020    Sep 15 19:08:59      2043     0.57
         0.66        4136.9         2.030    Sep 15 19:09:00      2044     0.57
         0.66        4138.9         2.010    Sep 15 19:09:01      2045     0.57
         0.66        4141.0         2.020    Sep 15 19:09:02      2046     0.57
         0.66        4143.0         2.010    Sep 15 19:09:03      2047     0.57
         0.66        4145.0         2.030    Sep 15 19:09:04      2048     0.57
         0.66        4147.0         2.010    Sep 15 19:09:05      2049     0.57
         0.66        4149.0         2.020    Sep 15 19:09:06      2050     0.57
         0.66        4151.1         2.030    Sep 15 19:09:07      2051     0.57
         0.67        4153.1         2.030    Sep 15 19:09:08      2052     0.57
         0.67        4155.1         2.010    Sep 15 19:09:10      2054     0.57
         0.67        4157.1         2.030    Sep 15 19:09:11      2055     0.57
         0.67        4159.1         2.010    Sep 15 19:09:12      2056     0.57
         0.67        4161.2         2.030    Sep 15 19:09:13      2057     0.57
         0.67        4163.2         2.010    Sep 15 19:09:14      2058     0.57
         0.67        4165.2         2.020    Sep 15 19:09:15      2059     0.57
         0.67        4167.2         2.030    Sep 15 19:09:16      2060     0.57
         0.67        4169.2         2.010    Sep 15 19:09:17      2061     0.57
         0.67        4171.3         2.020    Sep 15 19:09:18      2062     0.57
         0.68        4173.3         2.020    Sep 15 19:09:19      2063     0.57
         0.68        4175.3         2.020    Sep 15 19:09:20      2064     0.57
         0.68        4177.3         2.030    Sep 15 19:09:21      2065     0.57
         0.68        4179.3         2.010    Sep 15 19:09:22      2066     0.57
         0.68        4181.4         2.020    Sep 15 19:09:23      2067     0.57
         0.68        4183.4         2.010    Sep 15 19:09:24      2068     0.57
         0.68        4185.4         2.020    Sep 15 19:09:25      2069     0.57
         0.68        4187.4         2.020    Sep 15 19:09:26      2070     0.57
         0.68        4189.4         2.020    Sep 15 19:09:27      2071     0.58
         0.68        4191.4         2.020    Sep 15 19:09:28      2072     0.58
         0.69        4193.5         2.010    Sep 15 19:09:29      2073     0.58
         0.69        4195.5         2.030    Sep 15 19:09:30      2074     0.58
         0.69        4197.5         2.020    Sep 15 19:09:31      2075     0.58
         0.69        4199.5         2.020    Sep 15 19:09:32      2076     0.58
         0.69        4201.6         2.020    Sep 15 19:09:33      2077     0.58
         0.69        4203.6         2.030    Sep 15 19:09:34      2078     0.58
         0.69        4205.6         2.010    Sep 15 19:09:35      2079     0.58
         0.69        4207.6         2.020    Sep 15 19:09:36      2080     0.58
         0.69        4209.6         2.020    Sep 15 19:09:37      2081     0.58
         0.69        4211.6         2.020    Sep 15 19:09:38      2082     0.58
         0.70        4213.7         2.010    Sep 15 19:09:39      2083     0.58
         0.70        4215.7         2.020    Sep 15 19:09:40      2084     0.58
         0.70        4217.7         2.010    Sep 15 19:09:41      2085     0.58
         0.70        4219.7         2.020    Sep 15 19:09:42      2086     0.58
         0.70        4221.7         2.020    Sep 15 19:09:43      2087     0.58
         0.70        4223.8         2.020    Sep 15 19:09:44      2088     0.58
         0.70        4225.8         2.010    Sep 15 19:09:45      2089     0.58
         0.70        4227.8         2.010    Sep 15 19:09:46      2090     0.58
         0.70        4229.8         2.060    Sep 15 19:09:47      2091     0.58
         0.70        4231.9         2.070    Sep 15 19:09:48      2092     0.58
         0.71        4234.0         2.090    Sep 15 19:09:49      2093     0.58
         0.71        4236.1         2.060    Sep 15 19:09:50      2094     0.58
         0.71        4238.1         2.070    Sep 15 19:09:51      2095     0.58
         0.71        4240.2         2.070    Sep 15 19:09:52      2096     0.58
         0.71        4242.3         2.080    Sep 15 19:09:53      2097     0.58
         0.71        4244.3         2.060    Sep 15 19:09:54      2098     0.58
         0.71        4246.4         2.070    Sep 15 19:09:55      2099     0.58
         0.71        4248.5         2.080    Sep 15 19:09:56      2100     0.58
         0.71        4250.6         2.070    Sep 15 19:09:57      2101     0.58
         0.71        4252.6         2.070    Sep 15 19:09:58      2102     0.58
         0.72        4254.7         2.070    Sep 15 19:09:59      2103     0.58
         0.72        4256.8         2.080    Sep 15 19:10:00      2104     0.58
         0.72        4258.8         2.070    Sep 15 19:10:01      2105     0.58
         0.72        4260.9         2.070    Sep 15 19:10:02      2106     0.58
         0.72        4263.0         2.070    Sep 15 19:10:03      2107     0.59
         0.72        4265.1         2.100    Sep 15 19:10:04      2108     0.59
         0.72        4267.1         2.060    Sep 15 19:10:05      2109     0.59
         0.72        4269.2         2.080    Sep 15 19:10:06      2110     0.59
         0.72        4271.3         2.070    Sep 15 19:10:07      2111     0.59
         0.72        4273.4         2.070    Sep 15 19:10:08      2112     0.59
         0.73        4275.4         2.070    Sep 15 19:10:09      2113     0.59
         0.73        4277.5         2.080    Sep 15 19:10:10      2114     0.59
         0.73        4279.6         2.070    Sep 15 19:10:11      2115     0.59
         0.73        4281.7         2.070    Sep 15 19:10:12      2116     0.59
         0.73        4283.7         2.070    Sep 15 19:10:13      2117     0.59
         0.73        4285.8         2.070    Sep 15 19:10:14      2118     0.59
         0.73        4287.9         2.070    Sep 15 19:10:15      2119     0.59
         0.73        4289.9         2.080    Sep 15 19:10:16      2120     0.59
         0.73        4292.1         2.120    Sep 15 19:10:17      2121     0.59
         0.73        4294.1         2.060    Sep 15 19:10:19      2123     0.59
         0.74        4296.2         2.080    Sep 15 19:10:20      2124     0.59
         0.74        4298.3         2.070    Sep 15 19:10:21      2125     0.59
         0.74        4300.4         2.110    Sep 15 19:10:22      2126     0.59
         0.74        4302.5         2.080    Sep 15 19:10:23      2127     0.59
         0.74        4304.5         2.070    Sep 15 19:10:24      2128     0.59
         0.74        4306.6         2.080    Sep 15 19:10:25      2129     0.59
         0.74        4308.8         2.150    Sep 15 19:10:26      2130     0.59
         0.74        4310.8         2.070    Sep 15 19:10:27      2131     0.59
         0.74        4312.9         2.070    Sep 15 19:10:28      2132     0.59
         0.74        4315.0         2.120    Sep 15 19:10:29      2133     0.59
         0.75        4317.1         2.070    Sep 15 19:10:30      2134     0.59
         0.75        4319.2         2.070    Sep 15 19:10:31      2135     0.59
         0.75        4321.2         2.080    Sep 15 19:10:32      2136     0.59
         0.75        4323.3         2.070    Sep 15 19:10:33      2137     0.59
         0.75        4325.4         2.090    Sep 15 19:10:34      2138     0.59
         0.75        4327.5         2.060    Sep 15 19:10:35      2139     0.59
         0.75        4329.5         2.070    Sep 15 19:10:36      2140     0.59
         0.75        4331.6         2.080    Sep 15 19:10:37      2141     0.59
         0.75        4333.7         2.070    Sep 15 19:10:38      2142     0.59
         0.75        4335.8         2.070    Sep 15 19:10:39      2143     0.60
         0.76        4337.8         2.080    Sep 15 19:10:40      2144     0.60
         0.76        4339.9         2.070    Sep 15 19:10:41      2145     0.60
         0.76        4342.0         2.070    Sep 15 19:10:42      2146     0.60
         0.76        4344.1         2.090    Sep 15 19:10:43      2147     0.60
         0.76        4346.1         2.070    Sep 15 19:10:44      2148     0.60
         0.76        4348.2         2.070    Sep 15 19:10:46      2150     0.60
         0.76        4350.3         2.070    Sep 15 19:10:47      2151     0.60
         0.76        4352.4         2.090    Sep 15 19:10:48      2152     0.60
         0.76        4354.4         2.070    Sep 15 19:10:49      2153     0.60
         0.76        4356.5         2.080    Sep 15 19:10:50      2154     0.60
         0.77        4358.6         2.070    Sep 15 19:10:51      2155     0.60
         0.77        4360.7         2.080    Sep 15 19:10:52      2156     0.60
         0.77        4362.8         2.160    Sep 15 19:10:53      2157     0.60
         0.77        4364.9         2.120    Sep 15 19:10:54      2158     0.60
         0.77        4367.0         2.070    Sep 15 19:10:55      2159     0.60
         0.77        4369.1         2.070    Sep 15 19:10:56      2160     0.60
         0.77        4371.2         2.080    Sep 15 19:10:57      2161     0.60
         0.77        4373.2         2.070    Sep 15 19:10:58      2162     0.60
         0.77        4375.3         2.070    Sep 15 19:10:59      2163     0.60
         0.77        4377.4         2.080    Sep 15 19:11:00      2164     0.60
         0.78        4379.4         2.060    Sep 15 19:11:01      2165     0.60
         0.78        4381.5         2.070    Sep 15 19:11:02      2166     0.60
         0.78        4383.6         2.070    Sep 15 19:11:03      2167     0.60
         0.78        4385.6         2.070    Sep 15 19:11:04      2168     0.60
         0.78        4387.7         2.080    Sep 15 19:11:05      2169     0.60
         0.78        4389.8         2.070    Sep 15 19:11:06      2170     0.60
         0.78        4391.9         2.070    Sep 15 19:11:07      2171     0.60
         0.78        4393.9         2.080    Sep 15 19:11:08      2172     0.60
         0.78        4396.0         2.070    Sep 15 19:11:09      2173     0.60
         0.78        4398.1         2.070    Sep 15 19:11:10      2174     0.60
         0.79        4400.2         2.070    Sep 15 19:11:11      2175     0.60
         0.79        4402.2         2.080    Sep 15 19:11:12      2176     0.60
         0.79        4404.3         2.060    Sep 15 19:11:14      2178     0.60
         0.79        4406.4         2.070    Sep 15 19:11:15      2179     0.61
         0.79        4408.4         2.070    Sep 15 19:11:16      2180     0.61
         0.79        4410.5         2.070    Sep 15 19:11:17      2181     0.61
         0.79        4412.6         2.080    Sep 15 19:11:18      2182     0.61
         0.79        4414.7         2.080    Sep 15 19:11:19      2183     0.61
         0.79        4416.7         2.070    Sep 15 19:11:20      2184     0.61
         0.79        4418.8         2.070    Sep 15 19:11:21      2185     0.61
         0.79        4420.9         2.080    Sep 15 19:11:22      2186     0.61
         0.80        4422.9         2.060    Sep 15 19:11:23      2187     0.61
         0.80        4425.0         2.080    Sep 15 19:11:24      2188     0.61
         0.80        4427.1         2.060    Sep 15 19:11:25      2189     0.61
         0.80        4429.2         2.080    Sep 15 19:11:26      2190     0.61
         0.80        4431.2         2.070    Sep 15 19:11:27      2191     0.61
         0.80        4433.3         2.070    Sep 15 19:11:28      2192     0.61
         0.80        4435.4         2.080    Sep 15 19:11:29      2193     0.61
         0.80        4437.5         2.060    Sep 15 19:11:30      2194     0.61
         0.80        4439.5         2.070    Sep 15 19:11:31      2195     0.61
         0.80        4441.6         2.080    Sep 15 19:11:32      2196     0.61
         0.81        4443.7         2.080    Sep 15 19:11:33      2197     0.61
         0.81        4445.8         2.090    Sep 15 19:11:34      2198     0.61
         0.81        4447.8         2.070    Sep 15 19:11:35      2199     0.61
         0.81        4449.9         2.070    Sep 15 19:11:36      2200     0.61
         0.81        4452.0         2.070    Sep 15 19:11:37      2201     0.61
         0.81        4454.1         2.070    Sep 15 19:11:38      2202     0.61
         0.81        4456.1         2.080    Sep 15 19:11:39      2203     0.61
         0.81        4458.2         2.060    Sep 15 19:11:40      2204     0.61
         0.81        4460.3         2.130    Sep 15 19:11:41      2205     0.61
         0.81        4462.4         2.070    Sep 15 19:11:42      2206     0.61
         0.82        4464.5         2.070    Sep 15 19:11:43      2207     0.61
         0.82        4466.5         2.060    Sep 15 19:11:44      2208     0.61
         0.82        4468.6         2.080    Sep 15 19:11:45      2209     0.61
         0.82        4470.7         2.080    Sep 15 19:11:46      2210     0.61
         0.82        4472.8         2.070    Sep 15 19:11:47      2211     0.61
         0.82        4474.8         2.090    Sep 15 19:11:48      2212     0.61
         0.82        4476.9         2.070    Sep 15 19:11:49      2213     0.61
         0.82        4479.0         2.070    Sep 15 19:11:50      2214     0.61
         0.82        4481.1         2.070    Sep 15 19:11:51      2215     0.62
         0.82        4483.1         2.070    Sep 15 19:11:52      2216     0.62
         0.83        4485.2         2.070    Sep 15 19:11:54      2218     0.62
         0.83        4487.3         2.080    Sep 15 19:11:55      2219     0.62
         0.83        4489.3         2.070    Sep 15 19:11:56      2220     0.62
         0.83        4491.4         2.070    Sep 15 19:11:57      2221     0.62
         0.83        4493.5         2.070    Sep 15 19:11:58      2222     0.62
         0.83        4495.6         2.080    Sep 15 19:11:59      2223     0.62
         0.83        4497.6         2.080    Sep 15 19:12:00      2224     0.62
         0.83        4499.7         2.060    Sep 15 19:12:01      2225     0.62
         0.83        4501.8         2.080    Sep 15 19:12:02      2226     0.62
         0.83        4503.8         2.070    Sep 15 19:12:03      2227     0.62
         0.84        4505.9         2.080    Sep 15 19:12:04      2228     0.62
         0.84        4508.0         2.070    Sep 15 19:12:05      2229     0.62
         0.84        4510.1         2.070    Sep 15 19:12:06      2230     0.62
         0.84        4512.1         2.070    Sep 15 19:12:07      2231     0.62
         0.84        4514.2         2.070    Sep 15 19:12:08      2232     0.62
         0.84        4516.3         2.090    Sep 15 19:12:09      2233     0.62
         0.84        4518.4         2.070    Sep 15 19:12:10      2234     0.62
         0.84        4520.5         2.080    Sep 15 19:12:11      2235     0.62
         0.84        4522.5         2.070    Sep 15 19:12:12      2236     0.62
         0.84        4524.6         2.060    Sep 15 19:12:13      2237     0.62
         0.85        4526.7         2.070    Sep 15 19:12:14      2238     0.62
         0.85        4528.7         2.080    Sep 15 19:12:15      2239     0.62
         0.85        4530.8         2.080    Sep 15 19:12:16      2240     0.62
         0.85        4532.9         2.070    Sep 15 19:12:17      2241     0.62
         0.85        4534.9         2.070    Sep 15 19:12:18      2242     0.62
         0.85        4537.0         2.070    Sep 15 19:12:19      2243     0.62
         0.85        4539.1         2.070    Sep 15 19:12:20      2244     0.62
         0.85        4541.2         2.070    Sep 15 19:12:21      2245     0.62
         0.85        4543.2         2.070    Sep 15 19:12:22      2246     0.62
         0.85        4545.3         2.080    Sep 15 19:12:23      2247     0.62
         0.86        4547.4         2.060    Sep 15 19:12:24      2248     0.62
         0.86        4549.4         2.080    Sep 15 19:12:25      2249     0.62
         0.86        4551.5         2.080    Sep 15 19:12:26      2250     0.62
         0.86        4553.6         2.070    Sep 15 19:12:27      2251     0.63
         0.86        4555.7         2.080    Sep 15 19:12:28      2252     0.63
         0.86        4557.8         2.070    Sep 15 19:12:29      2253     0.63
         0.86        4559.8         2.070    Sep 15 19:12:30      2254     0.63
         0.86        4561.9         2.080    Sep 15 19:12:31      2255     0.63
         0.86        4564.0         2.060    Sep 15 19:12:32      2256     0.63
         0.86        4566.0         2.080    Sep 15 19:12:34      2258     0.63
         0.87        4568.1         2.070    Sep 15 19:12:35      2259     0.63
         0.87        4570.2         2.070    Sep 15 19:12:36      2260     0.63
         0.87        4572.2         2.070    Sep 15 19:12:37      2261     0.63
         0.87        4574.3         2.080    Sep 15 19:12:38      2262     0.63
         0.87        4576.4         2.080    Sep 15 19:12:39      2263     0.63
         0.87        4578.5         2.070    Sep 15 19:12:40      2264     0.63
         0.87        4580.6         2.080    Sep 15 19:12:41      2265     0.63
         0.87        4582.6         2.060    Sep 15 19:12:42      2266     0.63
         0.87        4584.7         2.070    Sep 15 19:12:43      2267     0.63
         0.87        4586.8         2.080    Sep 15 19:12:44      2268     0.63
         0.88        4588.8         2.070    Sep 15 19:12:45      2269     0.63
         0.88        4590.9         2.070    Sep 15 19:12:46      2270     0.63
         0.88        4593.0         2.070    Sep 15 19:12:47      2271     0.63
         0.88        4595.0         2.070    Sep 15 19:12:48      2272     0.63
         0.88        4597.1         2.080    Sep 15 19:12:49      2273     0.63
         0.88        4599.2         2.070    Sep 15 19:12:50      2274     0.63
         0.88        4601.3         2.080    Sep 15 19:12:51      2275     0.63
         0.88        4603.3         2.070    Sep 15 19:12:52      2276     0.63
         0.88        4605.4         2.070    Sep 15 19:12:53      2277     0.63
         0.88        4607.5         2.070    Sep 15 19:12:54      2278     0.63
         0.89        4609.6         2.060    Sep 15 19:12:55      2279     0.63
         0.89        4611.6         2.080    Sep 15 19:12:56      2280     0.63
         0.89        4613.7         2.070    Sep 15 19:12:57      2281     0.63
         0.89        4615.8         2.080    Sep 15 19:12:58      2282     0.63
         0.89        4617.9         2.080    Sep 15 19:12:59      2283     0.63
         0.89        4619.9         2.070    Sep 15 19:13:00      2284     0.63
         0.89        4622.0         2.070    Sep 15 19:13:01      2285     0.63
         0.89        4624.1         2.060    Sep 15 19:13:02      2286     0.64
         0.89        4626.1         2.090    Sep 15 19:13:03      2287     0.64
         0.89        4628.2         2.070    Sep 15 19:13:04      2288     0.64
         0.90        4630.3         2.070    Sep 15 19:13:05      2289     0.64
         0.90        4632.4         2.080    Sep 15 19:13:06      2290     0.64
         0.90        4634.4         2.060    Sep 15 19:13:07      2291     0.64
         0.90        4636.5         2.080    Sep 15 19:13:08      2292     0.64
         0.90        4638.6         2.070    Sep 15 19:13:09      2293     0.64
         0.90        4640.6         2.060    Sep 15 19:13:10      2294     0.64
         0.90        4642.7         2.080    Sep 15 19:13:11      2295     0.64
         0.90        4644.8         2.070    Sep 15 19:13:12      2296     0.64
         0.90        4646.8         2.060    Sep 15 19:13:13      2297     0.64
         0.90        4648.9         2.070    Sep 15 19:13:14      2298     0.64
         0.91        4651.0         2.070    Sep 15 19:13:15      2299     0.64
         0.91        4653.1         2.120    Sep 15 19:13:16      2300     0.64
         0.91        4655.2         2.070    Sep 15 19:13:17      2301     0.64
         0.91        4657.2         2.070    Sep 15 19:13:18      2302     0.64
         0.91        4659.3         2.070    Sep 15 19:13:20      2304     0.64
         0.91        4661.4         2.070    Sep 15 19:13:21      2305     0.64
         0.91        4663.5         2.070    Sep 15 19:13:22      2306     0.64
         0.91        4665.5         2.070    Sep 15 19:13:23      2307     0.64
         0.91        4667.6         2.070    Sep 15 19:13:24      2308     0.64
         0.91        4669.7         2.060    Sep 15 19:13:25      2309     0.64
         0.92        4671.7         2.070    Sep 15 19:13:26      2310     0.64
         0.92        4673.8         2.070    Sep 15 19:13:27      2311     0.64
         0.92        4675.9         2.070    Sep 15 19:13:28      2312     0.64
         0.92        4677.9         2.070    Sep 15 19:13:29      2313     0.64
         0.92        4680.0         2.070    Sep 15 19:13:30      2314     0.64
         0.92        4682.1         2.070    Sep 15 19:13:31      2315     0.64
         0.92        4684.1         2.070    Sep 15 19:13:32      2316     0.64
         0.92        4686.2         2.070    Sep 15 19:13:33      2317     0.64
         0.92        4688.3         2.080    Sep 15 19:13:34      2318     0.64
         0.92        4690.4         2.070    Sep 15 19:13:35      2319     0.64
         0.93        4692.4         2.080    Sep 15 19:13:36      2320     0.64
         0.93        4694.5         2.060    Sep 15 19:13:37      2321     0.64
         0.93        4696.6         2.080    Sep 15 19:13:38      2322     0.65
         0.93        4698.7         2.070    Sep 15 19:13:39      2323     0.65
         0.93        4700.7         2.070    Sep 15 19:13:40      2324     0.65
         0.93        4702.8         2.070    Sep 15 19:13:41      2325     0.65
         0.93        4704.9         2.070    Sep 15 19:13:42      2326     0.65
         0.93        4707.0         2.080    Sep 15 19:13:43      2327     0.65
         0.93        4709.0         2.080    Sep 15 19:13:44      2328     0.65
         0.93        4711.1         2.070    Sep 15 19:13:45      2329     0.65
         0.94        4713.2         2.080    Sep 15 19:13:46      2330     0.65
         0.94        4715.2         2.060    Sep 15 19:13:47      2331     0.65
         0.94        4717.3         2.070    Sep 15 19:13:48      2332     0.65
         0.94        4719.4         2.080    Sep 15 19:13:49      2333     0.65
         0.94        4721.4         2.060    Sep 15 19:13:50      2334     0.65
         0.94        4723.5         2.080    Sep 15 19:13:51      2335     0.65
         0.94        4725.6         2.070    Sep 15 19:13:52      2336     0.65
         0.94        4727.7         2.080    Sep 15 19:13:53      2337     0.65
         0.94        4729.8         2.070    Sep 15 19:13:54      2338     0.65
         0.94        4731.8         2.070    Sep 15 19:13:56      2340     0.65
         0.95        4733.9         2.080    Sep 15 19:13:57      2341     0.65
         0.95        4736.0         2.060    Sep 15 19:13:58      2342     0.65
         0.95        4738.0         2.070    Sep 15 19:13:59      2343     0.65
         0.95        4740.1         2.080    Sep 15 19:14:00      2344     0.65
         0.95        4742.2         2.070    Sep 15 19:14:01      2345     0.65
         0.95        4744.2         2.070    Sep 15 19:14:02      2346     0.65
         0.95        4746.3         2.070    Sep 15 19:14:03      2347     0.65
         0.95        4748.4         2.090    Sep 15 19:14:04      2348     0.65
         0.95        4750.5         2.070    Sep 15 19:14:05      2349     0.65
         0.95        4752.6         2.080    Sep 15 19:14:06      2350     0.65
         0.96        4754.6         2.070    Sep 15 19:14:07      2351     0.65
         0.96        4756.7         2.070    Sep 15 19:14:08      2352     0.65
         0.96        4758.8         2.080    Sep 15 19:14:09      2353     0.65
         0.96        4760.8         2.050    Sep 15 19:14:10      2354     0.65
         0.96        4762.9         2.080    Sep 15 19:14:11      2355     0.65
         0.96        4765.0         2.080    Sep 15 19:14:12      2356     0.65
         0.96        4767.1         2.070    Sep 15 19:14:13      2357     0.65
         0.96        4769.1         2.080    Sep 15 19:14:14      2358     0.66
         0.96        4771.2         2.070    Sep 15 19:14:15      2359     0.66
         0.96        4773.3         2.070    Sep 15 19:14:16      2360     0.66
         0.97        4775.4         2.080    Sep 15 19:14:17      2361     0.66
         0.97        4777.4         2.070    Sep 15 19:14:18      2362     0.66
         0.97        4779.5         2.080    Sep 15 19:14:19      2363     0.66
         0.97        4781.6         2.070    Sep 15 19:14:20      2364     0.66
         0.97        4783.6         2.060    Sep 15 19:14:21      2365     0.66
         0.97        4785.7         2.070    Sep 15 19:14:22      2366     0.66
         0.97        4787.8         2.070    Sep 15 19:14:23      2367     0.66
         0.97        4789.8         2.070    Sep 15 19:14:24      2368     0.66
         0.97        4791.9         2.060    Sep 15 19:14:25      2369     0.66
         0.97        4794.0         2.070    Sep 15 19:14:26      2370     0.66
         0.98        4796.1         2.080    Sep 15 19:14:27      2371     0.66
         0.98        4798.1         2.060    Sep 15 19:14:28      2372     0.66
         0.98        4800.2         2.070    Sep 15 19:14:29      2373     0.66
         0.98        4802.3         2.070    Sep 15 19:14:30      2374     0.66
         0.98        4804.3         2.080    Sep 15 19:14:31      2375     0.66
         0.98        4806.4         2.060    Sep 15 19:14:32      2376     0.66
         0.98        4808.5         2.070    Sep 15 19:14:33      2377     0.66
         0.98        4810.6         2.140    Sep 15 19:14:34      2378     0.66
         0.98        4812.7         2.070    Sep 15 19:14:35      2379     0.66
         0.98        4814.8         2.080    Sep 15 19:14:36      2380     0.66
         0.99        4816.8         2.080    Sep 15 19:14:38      2382     0.66
         0.99        4818.9         2.070    Sep 15 19:14:39      2383     0.66
         0.99        4821.0         2.090    Sep 15 19:14:40      2384     0.66
         0.99        4823.1         2.060    Sep 15 19:14:41      2385     0.66
         0.99        4825.1         2.080    Sep 15 19:14:42      2386     0.66
         0.99        4827.2         2.070    Sep 15 19:14:43      2387     0.66
         0.99        4829.3         2.070    Sep 15 19:14:44      2388     0.66
         0.99        4831.4         2.070    Sep 15 19:14:45      2389     0.66
         0.99        4833.4         2.080    Sep 15 19:14:46      2390     0.66
         0.99        4835.5         2.070    Sep 15 19:14:47      2391     0.66
         1.00        4837.6         2.070    Sep 15 19:14:48      2392     0.66
         1.00        4839.6         2.080    Sep 15 19:14:49      2393     0.66
         1.00        4841.7         2.080    Sep 15 19:14:50      2394     0.67
         1.00        4843.8         2.070    Sep 15 19:14:51      2395     0.67
         1.00        4845.9         2.080    Sep 15 19:14:52      2396     0.67
