#Update-step  Updatetime     Error of A        Error of phi      Time in fs
     1                                         0.614671E-004
     1 *      0.00178571     0.000000E+000     0.281371E-006        0.0000
     1        0.00178571     0.000000E+000     0.255547E-006        0.0018
     2        0.00311060     0.000000E+000     0.682012E-006        0.0036
     3        0.00345622     0.000000E+000     0.707310E-006        0.0067
     4        0.00374424     0.000000E+000     0.691181E-006        0.0101
     5        0.00410083     0.000000E+000     0.686251E-006        0.0139
     6        0.00455648     0.000000E+000     0.695646E-006        0.0180
     7        0.00484126     0.000000E+000     0.642048E-006        0.0225
     8        0.00558607     0.000000E+000     0.604782E-006        0.0274
     9        0.00609390     0.000000E+000     0.653228E-006        0.0330
    10        0.00677100     0.000000E+000     0.803276E-006        0.0391
    11 *      0.00338550     0.000000E+000     0.792742E-006        0.0458
    11        0.00338550     0.000000E+000     0.355353E-005        0.0492
    12                                         0.930589E-005
    12        0.00011790     0.000000E+000     0.124313E-006        0.0526
    13        0.00023640     0.000000E+000     0.352559E-006        0.0527
    14        0.00033844     0.000000E+000     0.388183E-006        0.0530
    15        0.00046704     0.000000E+000     0.362979E-006        0.0533
    16        0.00066053     0.000000E+000     0.416392E-006        0.0538
    17        0.00089366     0.000000E+000     0.538698E-006        0.0544
    18        0.00108983     0.000000E+000     0.919681E-006        0.0553
    19        0.00108983     0.000000E+000     0.208099E-006        0.0564
    20        0.00184797     0.000000E+000     0.499103E-006        0.0575
    21 *      0.00112932     0.000000E+000     0.286293E-006        0.0593
    21        0.00112932     0.000000E+000     0.117381E-005        0.0605
    22                                         0.165239E-004
    22        0.00005439     0.000000E+000     0.168208E-006        0.0616
    23        0.00009985     0.000000E+000     0.374674E-006        0.0617
    24        0.00014060     0.000000E+000     0.385959E-006        0.0618
    25        0.00019539     0.000000E+000     0.350850E-006        0.0619
    26        0.00028079     0.000000E+000     0.343283E-006        0.0621
    27 *      0.00020229     0.000000E+000     0.357978E-006        0.0624
    27        0.00020229     0.000000E+000     0.151161E-006        0.0626
    28        0.00043790     0.000000E+000     0.377445E-006        0.0628
    29        0.00061305     0.000000E+000     0.276239E-006        0.0632
    30        0.00095185     0.000000E+000     0.294273E-006        0.0638
    31        0.00140873     0.000000E+000     0.342756E-006        0.0648
    32        0.00198880     0.000000E+000     0.336611E-006        0.0662
    33        0.00289280     0.000000E+000     0.572499E-006        0.0682
    34 *      0.00160711     0.000000E+000     0.691747E-006        0.0711
    34        0.00160711     0.000000E+000     0.328566E-005        0.0727
    35 *      0.00051428     0.000000E+000     0.215275E-005        0.0743
    35        0.00051428     0.000000E+000     0.526882E-006        0.0748
    36        0.00068570     0.000000E+000     0.446543E-006        0.0753
    37        0.00088887     0.000000E+000     0.789628E-006        0.0760
    38        0.00092443     0.000000E+000     0.177178E-006        0.0769
    39 *      0.00079237     0.000000E+000     0.251868E-006        0.0778
    39        0.00079237     0.000000E+000     0.653848E-006        0.0786
    40 *      0.00049051     0.000000E+000     0.365974E-006        0.0794
    40        0.00049051     0.000000E+000     0.102036E-006        0.0799
    41        0.00122628     0.000000E+000     0.407366E-006        0.0804
    42        0.00167220     0.000000E+000     0.412771E-006        0.0816
    43        0.00209025     0.000000E+000     0.415323E-006        0.0833
    44        0.00243863     0.000000E+000     0.415914E-006        0.0854
    45        0.00304828     0.000000E+000     0.538812E-006        0.0878
    46        0.00304828     0.000000E+000     0.684641E-006        0.0909
    47                                         0.321148E-005
    47        0.00022580     0.000000E+000     0.758081E-007        0.0939
    48        0.00048923     0.000000E+000     0.107043E-006        0.0941
    49        0.00089692     0.000000E+000     0.102292E-006        0.0946
    50        0.00149487     0.000000E+000     0.141873E-006        0.0955
    51        0.00149487     0.000000E+000     0.143134E-006        0.0970
    52        0.00149487     0.000000E+000     0.162033E-006        0.0985
    53        0.00277778     0.000000E+000     0.579483E-006        0.1000
    54 *      0.00162037     0.000000E+000     0.336204E-006        0.1028
    54        0.00162037     0.000000E+000     0.451177E-006        0.1044
    55 *      0.00114612     0.000000E+000     0.331977E-006        0.1060
    55        0.00114612     0.000000E+000     0.457591E-006        0.1072
    56 *      0.00080429     0.000000E+000     0.336239E-006        0.1083
    56        0.00080429     0.000000E+000     0.468242E-006        0.1091
    57 *      0.00056300     0.000000E+000     0.343789E-006        0.1099
    57        0.00056300     0.000000E+000     0.479518E-006        0.1105
    58 *      0.00039360     0.000000E+000     0.349031E-006        0.1110
    58        0.00039360     0.000000E+000     0.481860E-006        0.1114
    59 *      0.00027381     0.000000E+000     0.339110E-006        0.1118
    59        0.00027381     0.000000E+000     0.454206E-006        0.1121
    60 *      0.00019471     0.000000E+000     0.317528E-006        0.1124
    60        0.00019471     0.000000E+000     0.406324E-006        0.1126
    61 *      0.00014490     0.000000E+000     0.291819E-006        0.1128
    61        0.00014490     0.000000E+000     0.356060E-006        0.1129
    62 *      0.00011350     0.000000E+000     0.267930E-006        0.1131
    62        0.00011350     0.000000E+000     0.315605E-006        0.1132
    63 *      0.00009324     0.000000E+000     0.252866E-006        0.1133
    63        0.00009324     0.000000E+000     0.294081E-006        0.1134
    64        0.00015761     0.000000E+000     0.987903E-006        0.1135
    65 *      0.00007753     0.000000E+000     0.347472E-006        0.1136
    65        0.00007753     0.000000E+000     0.476087E-006        0.1137
    66 *      0.00005429     0.000000E+000     0.450528E-006        0.1138
    66        0.00005429     0.000000E+000     0.759384E-006        0.1138
    67        0.00006331     0.000000E+000     0.429947E-006        0.1139
    68        0.00008485     0.000000E+000     0.746672E-006        0.1140
    69        0.00009293     0.000000E+000     0.423609E-006        0.1140
    70        0.00012517     0.000000E+000     0.736246E-006        0.1141
    71        0.00013762     0.000000E+000     0.942149E-006        0.1143
    72 *      0.00006892     0.000000E+000     0.297159E-006        0.1144
    72        0.00006892     0.000000E+000     0.504052E-006        0.1145
    73        0.00009444     0.000000E+000     0.526636E-006        0.1145
    74 *      0.00005879     0.000000E+000     0.277104E-006        0.1146
    74        0.00005879     0.000000E+000     0.475601E-006        0.1147
    75        0.00008245     0.000000E+000     0.632800E-006        0.1147
    76        0.00009602     0.000000E+000     0.882449E-006        0.1148
    77        0.00009869     0.000000E+000     0.967734E-006        0.1149
    78 *      0.00004895     0.000000E+000     0.251853E-006        0.1150
    78        0.00004895     0.000000E+000     0.258976E-006        0.1151
    79        0.00008688     0.000000E+000     0.831730E-006        0.1151
    80        0.00009127     0.000000E+000     0.963278E-006        0.1152
    81 *      0.00004539     0.000000E+000     0.255105E-006        0.1153
    81        0.00004539     0.000000E+000     0.263766E-006        0.1153
    82        0.00008005     0.000000E+000     0.842282E-006        0.1154
    83        0.00008377     0.000000E+000     0.983248E-006        0.1155
    84 *      0.00004131     0.000000E+000     0.261242E-006        0.1156
    84        0.00004131     0.000000E+000     0.273240E-006        0.1156
    85        0.00007186     0.000000E+000     0.860954E-006        0.1156
    86 *      0.00003726     0.000000E+000     0.257002E-006        0.1157
    86        0.00003726     0.000000E+000     0.272585E-006        0.1157
    87        0.00006488     0.000000E+000     0.876562E-006        0.1158
    88 *      0.00003342     0.000000E+000     0.271331E-006        0.1158
    88        0.00003342     0.000000E+000     0.303032E-006        0.1159
    89 *      0.00002793     0.000000E+000     0.267287E-006        0.1159
    89        0.00002793     0.000000E+000     0.236416E-006        0.1159
    90        0.00005139     0.000000E+000     0.915327E-006        0.1160
    91 *      0.00002605     0.000000E+000     0.397385E-006        0.1160
    91        0.00002605     0.000000E+000     0.357729E-006        0.1160
    92        0.00004082     0.000000E+000     0.875989E-006        0.1161
    93        0.00004209     0.000000E+000     0.869941E-006        0.1161
    94        0.00004351     0.000000E+000     0.916006E-006        0.1162
    95        0.00004410     0.000000E+000     0.912201E-006        0.1162
    96        0.00004479     0.000000E+000     0.903374E-006        0.1162
    97 *      0.00002282     0.000000E+000     0.393158E-006        0.1163
    97        0.00002282     0.000000E+000     0.355325E-006        0.1163
    98        0.00003586     0.000000E+000     0.857780E-006        0.1163
    99        0.00003727     0.000000E+000     0.843753E-006        0.1164
   100        0.00003897     0.000000E+000     0.791438E-006        0.1164
   101        0.00004175     0.000000E+000     0.759794E-006        0.1164
   102        0.00004541     0.000000E+000     0.824874E-006        0.1165
   103        0.00004789     0.000000E+000     0.877200E-006        0.1165
   104        0.00004933     0.000000E+000     0.914534E-006        0.1166
   105        0.00005004     0.000000E+000     0.944821E-006        0.1166
   106        0.00005013     0.000000E+000     0.978150E-006        0.1167
   107 *      0.00002478     0.000000E+000     0.260078E-006        0.1167
   107        0.00002478     0.000000E+000     0.273738E-006        0.1168
   108        0.00004307     0.000000E+000     0.865184E-006        0.1168
   109 *      0.00002231     0.000000E+000     0.254573E-006        0.1168
   109        0.00002231     0.000000E+000     0.175332E-006        0.1168
   110        0.00004598     0.000000E+000     0.450234E-006        0.1169
   111        0.00006064     0.000000E+000     0.636336E-006        0.1169
   112        0.00007048     0.000000E+000     0.911556E-006        0.1170
   113 *      0.00003579     0.000000E+000     0.292812E-006        0.1170
   113        0.00003579     0.000000E+000     0.318670E-006        0.1171
   114        0.00005866     0.000000E+000     0.906548E-006        0.1171
   115 *      0.00002984     0.000000E+000     0.256223E-006        0.1172
   115        0.00002984     0.000000E+000     0.266947E-006        0.1172
   116        0.00005238     0.000000E+000     0.852086E-006        0.1172
   117 *      0.00002728     0.000000E+000     0.250427E-006        0.1173
   117        0.00002728     0.000000E+000     0.260260E-006        0.1173
   118        0.00004836     0.000000E+000     0.838206E-006        0.1173
   119        0.00005071     0.000000E+000     0.947784E-006        0.1174
   120        0.00005074     0.000000E+000     0.948637E-006        0.1174
   121        0.00005074     0.000000E+000     0.933775E-006        0.1175
   122        0.00005106     0.000000E+000     0.923914E-006        0.1175
   123        0.00005157     0.000000E+000     0.917387E-006        0.1176
   124        0.00005225     0.000000E+000     0.914425E-006        0.1176
   125        0.00005299     0.000000E+000     0.911295E-006        0.1177
   126        0.00005383     0.000000E+000     0.910058E-006        0.1178
   127        0.00005469     0.000000E+000     0.909977E-006        0.1178
   128        0.00005557     0.000000E+000     0.914850E-006        0.1179
   129        0.00005638     0.000000E+000     0.921865E-006        0.1179
   130        0.00005700     0.000000E+000     0.894110E-006        0.1180
   131 *      0.00002915     0.000000E+000     0.250753E-006        0.1180
   131        0.00002915     0.000000E+000     0.218814E-006        0.1181
   132        0.00005523     0.000000E+000     0.760285E-006        0.1181
   133        0.00006006     0.000000E+000     0.858688E-006        0.1181
   134        0.00006239     0.000000E+000     0.885375E-006        0.1182
   135        0.00006405     0.000000E+000     0.892398E-006        0.1183
   136        0.00006555     0.000000E+000     0.894634E-006        0.1183
   137        0.00006705     0.000000E+000     0.897437E-006        0.1184
   138        0.00006852     0.000000E+000     0.899199E-006        0.1185
   139        0.00006993     0.000000E+000     0.899757E-006        0.1185
   140        0.00007134     0.000000E+000     0.900525E-006        0.1186
   141        0.00007274     0.000000E+000     0.901428E-006        0.1187
   142        0.00007420     0.000000E+000     0.904027E-006        0.1187
   143        0.00007559     0.000000E+000     0.904976E-006        0.1188
   144        0.00007695     0.000000E+000     0.905826E-006        0.1189
   145        0.00007829     0.000000E+000     0.906492E-006        0.1190
   146        0.00007967     0.000000E+000     0.908654E-006        0.1191
   147        0.00008103     0.000000E+000     0.910484E-006        0.1191
   148        0.00008227     0.000000E+000     0.910042E-006        0.1192
   149        0.00008355     0.000000E+000     0.910903E-006        0.1193
   150        0.00008487     0.000000E+000     0.913033E-006        0.1194
   151        0.00008614     0.000000E+000     0.914458E-006        0.1195
   152        0.00008735     0.000000E+000     0.915072E-006        0.1195
   153        0.00008860     0.000000E+000     0.916775E-006        0.1196
   154        0.00008979     0.000000E+000     0.917492E-006        0.1197
   155        0.00009091     0.000000E+000     0.917121E-006        0.1198
   156        0.00009206     0.000000E+000     0.917659E-006        0.1199
   157        0.00009324     0.000000E+000     0.919070E-006        0.1200
   158        0.00009434     0.000000E+000     0.919166E-006        0.1201
   159        0.00009547     0.000000E+000     0.920040E-006        0.1202
   160        0.00009663     0.000000E+000     0.921664E-006        0.1203
   161        0.00009770     0.000000E+000     0.921766E-006        0.1204
   162        0.00009879     0.000000E+000     0.922538E-006        0.1205
   163        0.00009978     0.000000E+000     0.921654E-006        0.1206
   164        0.00010093     0.000000E+000     0.923697E-006        0.1207
   165        0.00010196     0.000000E+000     0.923990E-006        0.1208
   166        0.00010303     0.000000E+000     0.924849E-006        0.1209
   167        0.00010398     0.000000E+000     0.923842E-006        0.1210
   168        0.00010508     0.000000E+000     0.925790E-006        0.1211
   169        0.00010607     0.000000E+000     0.925795E-006        0.1212
   170        0.00010708     0.000000E+000     0.926293E-006        0.1213
   171        0.00010811     0.000000E+000     0.927277E-006        0.1214
   172        0.00010902     0.000000E+000     0.926183E-006        0.1215
   173        0.00010993     0.000000E+000     0.925539E-006        0.1216
   174        0.00011102     0.000000E+000     0.927948E-006        0.1217
   175        0.00011198     0.000000E+000     0.928191E-006        0.1218
   176        0.00011295     0.000000E+000     0.928876E-006        0.1220
   177        0.00011378     0.000000E+000     0.927311E-006        0.1221
   178        0.00011478     0.000000E+000     0.928880E-006        0.1222
   179        0.00011564     0.000000E+000     0.928149E-006        0.1223
   180        0.00011650     0.000000E+000     0.927838E-006        0.1224
   181        0.00011739     0.000000E+000     0.927951E-006        0.1225
   182        0.00011828     0.000000E+000     0.928491E-006        0.1226
   183        0.00011920     0.000000E+000     0.929463E-006        0.1228
   184        0.00012013     0.000000E+000     0.930874E-006        0.1229
   185        0.00012088     0.000000E+000     0.929824E-006        0.1230
   186        0.00012184     0.000000E+000     0.932128E-006        0.1231
   187        0.00012262     0.000000E+000     0.931930E-006        0.1232
   188        0.00012341     0.000000E+000     0.932167E-006        0.1234
   189        0.00012421     0.000000E+000     0.932846E-006        0.1235
   190        0.00012502     0.000000E+000     0.933973E-006        0.1236
   191        0.00012564     0.000000E+000     0.932493E-006        0.1237
   192        0.00012647     0.000000E+000     0.934525E-006        0.1239
   193        0.00012711     0.000000E+000     0.933910E-006        0.1240
   194        0.00012775     0.000000E+000     0.933730E-006        0.1241
   195        0.00012840     0.000000E+000     0.933984E-006        0.1242
   196        0.00012906     0.000000E+000     0.934669E-006        0.1244
   197        0.00012972     0.000000E+000     0.935778E-006        0.1245
   198        0.00013039     0.000000E+000     0.937304E-006        0.1246
   199        0.00013085     0.000000E+000     0.935994E-006        0.1248
   200        0.00013154     0.000000E+000     0.938304E-006        0.1249
   201        0.00013200     0.000000E+000     0.937693E-006        0.1250
   202        0.00013247     0.000000E+000     0.937393E-006        0.1252
   203        0.00013294     0.000000E+000     0.937367E-006        0.1253
   204        0.00013341     0.000000E+000     0.937572E-006        0.1254
   205        0.00013389     0.000000E+000     0.937961E-006        0.1256
   206        0.00013438     0.000000E+000     0.938483E-006        0.1257
   207        0.00013487     0.000000E+000     0.939083E-006        0.1258
   208        0.00013536     0.000000E+000     0.939706E-006        0.1260
   209        0.00013586     0.000000E+000     0.940298E-006        0.1261
   210        0.00013636     0.000000E+000     0.940814E-006        0.1262
   211        0.00013687     0.000000E+000     0.941215E-006        0.1264
   212        0.00013712     0.000000E+000     0.937991E-006        0.1265
   213        0.00013764     0.000000E+000     0.938099E-006        0.1266
   214        0.00013816     0.000000E+000     0.938058E-006        0.1268
   215        0.00013868     0.000000E+000     0.937881E-006        0.1269
   216        0.00013921     0.000000E+000     0.937592E-006        0.1271
   217        0.00013974     0.000000E+000     0.937224E-006        0.1272
   218        0.00014028     0.000000E+000     0.936815E-006        0.1273
   219        0.00014083     0.000000E+000     0.936407E-006        0.1275
   220        0.00014138     0.000000E+000     0.936044E-006        0.1276
   221        0.00014193     0.000000E+000     0.935773E-006        0.1278
   222        0.00014249     0.000000E+000     0.935640E-006        0.1279
   223        0.00014306     0.000000E+000     0.935691E-006        0.1280
   224        0.00014363     0.000000E+000     0.935971E-006        0.1282
   225        0.00014421     0.000000E+000     0.936525E-006        0.1283
   226        0.00014479     0.000000E+000     0.937394E-006        0.1285
   227        0.00014538     0.000000E+000     0.938616E-006        0.1286
   228        0.00014598     0.000000E+000     0.940221E-006        0.1288
   229        0.00014628     0.000000E+000     0.938386E-006        0.1289
   230        0.00014689     0.000000E+000     0.940803E-006        0.1291
   231        0.00014719     0.000000E+000     0.939741E-006        0.1292
   232        0.00014750     0.000000E+000     0.939041E-006        0.1293
   233        0.00014812     0.000000E+000     0.942575E-006        0.1295
   234        0.00014843     0.000000E+000     0.942433E-006        0.1296
   235        0.00014875     0.000000E+000     0.942446E-006        0.1298
   236        0.00014906     0.000000E+000     0.942506E-006        0.1299
   237        0.00014938     0.000000E+000     0.942486E-006        0.1301
   238        0.00014970     0.000000E+000     0.942263E-006        0.1302
   239        0.00015002     0.000000E+000     0.941717E-006        0.1304
   240        0.00015035     0.000000E+000     0.940759E-006        0.1305
   241        0.00015068     0.000000E+000     0.939333E-006        0.1307
   242        0.00015100     0.000000E+000     0.937434E-006        0.1308
   243        0.00015167     0.000000E+000     0.939190E-006        0.1310
   244        0.00015200     0.000000E+000     0.936494E-006        0.1311
   245        0.00015268     0.000000E+000     0.937694E-006        0.1313
   246        0.00015336     0.000000E+000     0.938809E-006        0.1314
   247        0.00015405     0.000000E+000     0.939982E-006        0.1316
   248        0.00015440     0.000000E+000     0.937123E-006        0.1318
   249        0.00015510     0.000000E+000     0.938805E-006        0.1319
   250        0.00015546     0.000000E+000     0.936659E-006        0.1321
   251        0.00015618     0.000000E+000     0.939327E-006        0.1322
   252        0.00015654     0.000000E+000     0.938327E-006        0.1324
   253        0.00015727     0.000000E+000     0.942403E-006        0.1325
   254        0.00015764     0.000000E+000     0.942953E-006        0.1327
   255        0.00015801     0.000000E+000     0.944432E-006        0.1328
   256        0.00015801     0.000000E+000     0.942510E-006        0.1330
   257        0.00015838     0.000000E+000     0.946127E-006        0.1332
   258        0.00015838     0.000000E+000     0.946469E-006        0.1333
   259        0.00015838     0.000000E+000     0.948007E-006        0.1335
   260        0.00015838     0.000000E+000     0.950693E-006        0.1336
   261        0.00015800     0.000000E+000     0.949865E-006        0.1338
   262        0.00015800     0.000000E+000     0.954272E-006        0.1340
   263        0.00015762     0.000000E+000     0.954531E-006        0.1341
   264        0.00015725     0.000000E+000     0.954803E-006        0.1343
   265        0.00015687     0.000000E+000     0.954791E-006        0.1344
   266        0.00015650     0.000000E+000     0.954295E-006        0.1346
   267        0.00015612     0.000000E+000     0.953207E-006        0.1347
   268        0.00015575     0.000000E+000     0.951484E-006        0.1349
   269        0.00015538     0.000000E+000     0.949116E-006        0.1351
   270        0.00015538     0.000000E+000     0.950627E-006        0.1352
   271        0.00015500     0.000000E+000     0.947003E-006        0.1354
   272        0.00015500     0.000000E+000     0.947321E-006        0.1355
   273        0.00015500     0.000000E+000     0.947123E-006        0.1357
   274        0.00015500     0.000000E+000     0.946500E-006        0.1358
   275        0.00015500     0.000000E+000     0.945530E-006        0.1360
   276        0.00015500     0.000000E+000     0.944336E-006        0.1361
   277        0.00015500     0.000000E+000     0.943030E-006        0.1363
   278        0.00015538     0.000000E+000     0.946294E-006        0.1364
   279        0.00015538     0.000000E+000     0.945071E-006        0.1366
   280        0.00015538     0.000000E+000     0.944026E-006        0.1368
   281        0.00015538     0.000000E+000     0.943219E-006        0.1369
   282        0.00015577     0.000000E+000     0.947323E-006        0.1371
   283        0.00015577     0.000000E+000     0.947089E-006        0.1372
   284        0.00015577     0.000000E+000     0.947152E-006        0.1374
   285        0.00015577     0.000000E+000     0.947490E-006        0.1375
   286        0.00015577     0.000000E+000     0.948065E-006        0.1377
   287        0.00015577     0.000000E+000     0.948825E-006        0.1378
   288        0.00015577     0.000000E+000     0.949707E-006        0.1380
   289        0.00015577     0.000000E+000     0.951600E-006        0.1382
   290        0.00015537     0.000000E+000     0.947358E-006        0.1383
   291        0.00015537     0.000000E+000     0.947265E-006        0.1385
   292        0.00015537     0.000000E+000     0.946477E-006        0.1386
   293        0.00015537     0.000000E+000     0.944884E-006        0.1388
   294        0.00015537     0.000000E+000     0.942387E-006        0.1389
   295        0.00015577     0.000000E+000     0.943671E-006        0.1391
   296        0.00015617     0.000000E+000     0.943904E-006        0.1392
   297        0.00015617     0.000000E+000     0.938212E-006        0.1394
   298        0.00015658     0.000000E+000     0.936190E-006        0.1396
   299        0.00015739     0.000000E+000     0.937843E-006        0.1397
   300        0.00015781     0.000000E+000     0.933474E-006        0.1399
   301        0.00015864     0.000000E+000     0.932838E-006        0.1400
   302        0.00015949     0.000000E+000     0.931087E-006        0.1402
   303        0.00016035     0.000000E+000     0.928261E-006        0.1404
   304        0.00016165     0.000000E+000     0.929405E-006        0.1405
   305        0.00016299     0.000000E+000     0.929626E-006        0.1407
   306        0.00016389     0.000000E+000     0.923897E-006        0.1408
   307        0.00016527     0.000000E+000     0.922503E-006        0.1410
   308        0.00016667     0.000000E+000     0.920446E-006        0.1412
   309        0.00016859     0.000000E+000     0.923075E-006        0.1413
   310        0.00017006     0.000000E+000     0.920013E-006        0.1415
   311        0.00017206     0.000000E+000     0.922019E-006        0.1417
   312        0.00017360     0.000000E+000     0.918464E-006        0.1418
   313        0.00017571     0.000000E+000     0.920404E-006        0.1420
   314        0.00017733     0.000000E+000     0.916949E-006        0.1422
   315        0.00017953     0.000000E+000     0.919463E-006        0.1424
   316        0.00018123     0.000000E+000     0.916788E-006        0.1425
   317        0.00018356     0.000000E+000     0.920645E-006        0.1427
   318        0.00018535     0.000000E+000     0.919615E-006        0.1429
   319        0.00018717     0.000000E+000     0.919869E-006        0.1431
   320        0.00018905     0.000000E+000     0.921865E-006        0.1433
   321        0.00019096     0.000000E+000     0.926314E-006        0.1435
   322        0.00019227     0.000000E+000     0.928102E-006        0.1437
   323        0.00019359     0.000000E+000     0.935524E-006        0.1439
   324        0.00019426     0.000000E+000     0.946291E-006        0.1441
   325        0.00019426     0.000000E+000     0.969348E-006        0.1442
   326 *      0.00009612     0.000000E+000     0.255980E-006        0.1444
   326        0.00009612     0.000000E+000     0.273227E-006        0.1445
   327        0.00016727     0.000000E+000     0.908954E-006        0.1446
   328 *      0.00008492     0.000000E+000     0.337788E-006        0.1448
   328        0.00008492     0.000000E+000     0.466493E-006        0.1449
   329 *      0.00005995     0.000000E+000     0.365559E-006        0.1450
   329        0.00005995     0.000000E+000     0.487935E-006        0.1450
   330 *      0.00004160     0.000000E+000     0.282210E-006        0.1451
   330        0.00004160     0.000000E+000     0.298853E-006        0.1451
   331        0.00006984     0.000000E+000     0.844371E-006        0.1452
   332        0.00007301     0.000000E+000     0.919777E-006        0.1452
   333        0.00007390     0.000000E+000     0.877816E-006        0.1453
   334        0.00007606     0.000000E+000     0.883600E-006        0.1454
   335        0.00007813     0.000000E+000     0.898222E-006        0.1455
   336        0.00007973     0.000000E+000     0.895310E-006        0.1455
   337        0.00008152     0.000000E+000     0.889288E-006        0.1456
   338        0.00008353     0.000000E+000     0.887424E-006        0.1457
   339        0.00008564     0.000000E+000     0.889030E-006        0.1458
   340        0.00008772     0.000000E+000     0.891368E-006        0.1459
   341        0.00008976     0.000000E+000     0.894718E-006        0.1460
   342        0.00009175     0.000000E+000     0.899250E-006        0.1461
   343        0.00009366     0.000000E+000     0.904930E-006        0.1461
   344        0.00009532     0.000000E+000     0.908450E-006        0.1462
   345        0.00009687     0.000000E+000     0.912730E-006        0.1463
   346        0.00009829     0.000000E+000     0.917602E-006        0.1464
   347        0.00009958     0.000000E+000     0.922926E-006        0.1465
   348        0.00010051     0.000000E+000     0.925158E-006        0.1466
   349        0.00010147     0.000000E+000     0.931168E-006        0.1467
   350        0.00010205     0.000000E+000     0.934039E-006        0.1468
   351        0.00010265     0.000000E+000     0.941034E-006        0.1469
   352        0.00010285     0.000000E+000     0.945296E-006        0.1470
   353        0.00010285     0.000000E+000     0.950860E-006        0.1471
   354        0.00010265     0.000000E+000     0.958370E-006        0.1472
   355        0.00010225     0.000000E+000     0.968708E-006        0.1473
   356        0.00010146     0.000000E+000     0.979315E-006        0.1474
   357 *      0.00005015     0.000000E+000     0.250540E-006        0.1475
   357        0.00005015     0.000000E+000     0.256153E-006        0.1476
   358        0.00008934     0.000000E+000     0.826862E-006        0.1476
   359        0.00009400     0.000000E+000     0.964406E-006        0.1477
   360 *      0.00004666     0.000000E+000     0.257942E-006        0.1478
   360        0.00004666     0.000000E+000     0.269407E-006        0.1479
   361        0.00008163     0.000000E+000     0.858878E-006        0.1479
   362 *      0.00004234     0.000000E+000     0.258388E-006        0.1480
   362        0.00004234     0.000000E+000     0.275804E-006        0.1480
   363        0.00007332     0.000000E+000     0.884347E-006        0.1481
   364 *      0.00003762     0.000000E+000     0.274638E-006        0.1482
   364        0.00003762     0.000000E+000     0.304206E-006        0.1482
   365        0.00006274     0.000000E+000     0.948196E-006        0.1482
   366 *      0.00003137     0.000000E+000     0.306296E-006        0.1483
   366        0.00003137     0.000000E+000     0.358771E-006        0.1483
   367 *      0.00002454     0.000000E+000     0.262274E-006        0.1484
   367        0.00002454     0.000000E+000     0.301799E-006        0.1484
   368        0.00004107     0.000000E+000     0.956961E-006        0.1484
   369 *      0.00002047     0.000000E+000     0.282916E-006        0.1485
   369        0.00002047     0.000000E+000     0.297888E-006        0.1485
   370        0.00003445     0.000000E+000     0.871473E-006        0.1485
   371        0.00003560     0.000000E+000     0.965195E-006        0.1485
   372        0.00003538     0.000000E+000     0.963333E-006        0.1486
   373        0.00003518     0.000000E+000     0.938582E-006        0.1486
   374        0.00003533     0.000000E+000     0.907739E-006        0.1486
   375        0.00003592     0.000000E+000     0.877695E-006        0.1487
   376        0.00003701     0.000000E+000     0.860363E-006        0.1487
   377        0.00003842     0.000000E+000     0.856006E-006        0.1487
   378        0.00003995     0.000000E+000     0.855134E-006        0.1488
   379        0.00004157     0.000000E+000     0.855324E-006        0.1488
   380        0.00004323     0.000000E+000     0.852699E-006        0.1489
   381        0.00004502     0.000000E+000     0.850924E-006        0.1489
   382        0.00004692     0.000000E+000     0.848283E-006        0.1490
   383        0.00004895     0.000000E+000     0.844720E-006        0.1490
   384        0.00005116     0.000000E+000     0.842008E-006        0.1490
   385        0.00005352     0.000000E+000     0.838746E-006        0.1491
   386        0.00005606     0.000000E+000     0.835236E-006        0.1492
   387        0.00005885     0.000000E+000     0.833748E-006        0.1492
   388        0.00006179     0.000000E+000     0.830849E-006        0.1493
   389        0.00006496     0.000000E+000     0.828878E-006        0.1493
   390        0.00006839     0.000000E+000     0.828257E-006        0.1494
   391        0.00007199     0.000000E+000     0.827069E-006        0.1495
   392        0.00007577     0.000000E+000     0.825456E-006        0.1495
   393        0.00007986     0.000000E+000     0.826075E-006        0.1496
   394        0.00008413     0.000000E+000     0.826480E-006        0.1497
   395        0.00008858     0.000000E+000     0.826589E-006        0.1498
   396        0.00009337     0.000000E+000     0.829269E-006        0.1499
   397        0.00009813     0.000000E+000     0.828157E-006        0.1500
   398        0.00010319     0.000000E+000     0.829285E-006        0.1501
   399        0.00010859     0.000000E+000     0.832514E-006        0.1502
   400        0.00011407     0.000000E+000     0.833847E-006        0.1503
   401        0.00011957     0.000000E+000     0.832506E-006        0.1504
   402        0.00012564     0.000000E+000     0.835853E-006        0.1505
   403        0.00013167     0.000000E+000     0.834746E-006        0.1506
   404        0.00013794     0.000000E+000     0.832155E-006        0.1508
   405        0.00014485     0.000000E+000     0.839930E-006        0.1509
   406        0.00015158     0.000000E+000     0.875965E-006        0.1510
   407        0.00015594     0.000000E+000     0.893133E-006        0.1512
   408        0.00015952     0.000000E+000     0.912194E-006        0.1513
   409        0.00016164     0.000000E+000     0.928074E-006        0.1515
   410        0.00016273     0.000000E+000     0.903119E-006        0.1517
   411        0.00016553     0.000000E+000     0.912599E-006        0.1518
   412        0.00016784     0.000000E+000     0.895681E-006        0.1520
   413        0.00017145     0.000000E+000     0.935773E-006        0.1522
   414        0.00017207     0.000000E+000     0.848072E-006        0.1523
   415 *      0.00008961     0.000000E+000     0.356610E-006        0.1525
   415        0.00008961     0.000000E+000     0.274101E-006        0.1526
   416        0.00015563     0.000000E+000     0.676714E-006        0.1527
   417 *      0.00008831     0.000000E+000     0.256013E-006        0.1528
   417        0.00008831     0.000000E+000     0.210645E-006        0.1529
   418        0.00016961     0.000000E+000     0.832944E-006        0.1530
   419        0.00017799     0.000000E+000     0.725456E-006        0.1532
   420        0.00019676     0.000000E+000     0.924442E-006        0.1534
   421 *      0.00009922     0.000000E+000     0.229771E-005        0.1536
   421        0.00009922     0.000000E+000     0.453343E-005        0.1537
   422 *      0.00002844     0.000000E+000     0.586110E-006        0.1538
   422        0.00002844     0.000000E+000     0.624610E-006        0.1538
   423 *      0.00001791     0.000000E+000     0.260108E-006        0.1538
   423        0.00001791     0.000000E+000     0.265247E-006        0.1538
   424        0.00003152     0.000000E+000     0.828356E-006        0.1539
   425        0.00003318     0.000000E+000     0.932093E-006        0.1539
   426        0.00003342     0.000000E+000     0.952942E-006        0.1539
   427        0.00003337     0.000000E+000     0.951105E-006        0.1540
   428        0.00003334     0.000000E+000     0.945980E-006        0.1540
   429        0.00003339     0.000000E+000     0.941606E-006        0.1540
   430        0.00003349     0.000000E+000     0.937498E-006        0.1541
   431        0.00003364     0.000000E+000     0.934276E-006        0.1541
   432        0.00003383     0.000000E+000     0.932398E-006        0.1541
   433        0.00003406     0.000000E+000     0.930844E-006        0.1542
   434        0.00003432     0.000000E+000     0.929884E-006        0.1542
   435        0.00003458     0.000000E+000     0.928341E-006        0.1542
   436        0.00003487     0.000000E+000     0.927777E-006        0.1543
   437        0.00003516     0.000000E+000     0.926921E-006        0.1543
   438        0.00003549     0.000000E+000     0.927304E-006        0.1543
   439        0.00003579     0.000000E+000     0.926145E-006        0.1544
   440        0.00003613     0.000000E+000     0.926400E-006        0.1544
   441        0.00003648     0.000000E+000     0.926678E-006        0.1544
   442        0.00003681     0.000000E+000     0.925540E-006        0.1545
   443        0.00003717     0.000000E+000     0.925999E-006        0.1545
   444        0.00003750     0.000000E+000     0.925088E-006        0.1545
   445        0.00003788     0.000000E+000     0.925873E-006        0.1546
   446        0.00003823     0.000000E+000     0.925319E-006        0.1546
   447        0.00003859     0.000000E+000     0.924987E-006        0.1547
   448        0.00003895     0.000000E+000     0.924899E-006        0.1547
   449        0.00003933     0.000000E+000     0.925074E-006        0.1547
   450        0.00003971     0.000000E+000     0.925527E-006        0.1548
   451        0.00004009     0.000000E+000     0.926268E-006        0.1548
   452        0.00004045     0.000000E+000     0.925649E-006        0.1549
   453        0.00004082     0.000000E+000     0.925298E-006        0.1549
   454        0.00004123     0.000000E+000     0.926879E-006        0.1549
   455        0.00004161     0.000000E+000     0.927010E-006        0.1550
   456        0.00004200     0.000000E+000     0.927343E-006        0.1550
   457        0.00004236     0.000000E+000     0.926106E-006        0.1551
   458        0.00004276     0.000000E+000     0.926728E-006        0.1551
   459        0.00004313     0.000000E+000     0.925665E-006        0.1551
   460        0.00004355     0.000000E+000     0.926412E-006        0.1552
   461        0.00004393     0.000000E+000     0.925363E-006        0.1552
   462        0.00004437     0.000000E+000     0.926098E-006        0.1553
   463        0.00004477     0.000000E+000     0.924959E-006        0.1553
   464        0.00004522     0.000000E+000     0.925628E-006        0.1554
   465        0.00004564     0.000000E+000     0.924399E-006        0.1554
   466        0.00004611     0.000000E+000     0.925064E-006        0.1555
   467        0.00004654     0.000000E+000     0.923867E-006        0.1555
   468        0.00004704     0.000000E+000     0.924705E-006        0.1555
   469        0.00004749     0.000000E+000     0.923759E-006        0.1556
   470        0.00004795     0.000000E+000     0.923041E-006        0.1556
   471        0.00004848     0.000000E+000     0.924624E-006        0.1557
   472        0.00004896     0.000000E+000     0.924567E-006        0.1557
   473        0.00004945     0.000000E+000     0.924939E-006        0.1558
   474        0.00004996     0.000000E+000     0.925795E-006        0.1558
   475        0.00005041     0.000000E+000     0.925081E-006        0.1559
   476        0.00005088     0.000000E+000     0.924905E-006        0.1559
   477        0.00005135     0.000000E+000     0.925283E-006        0.1560
   478        0.00005184     0.000000E+000     0.926207E-006        0.1560
   479        0.00005233     0.000000E+000     0.927642E-006        0.1561
   480        0.00005277     0.000000E+000     0.927292E-006        0.1561
   481        0.00005322     0.000000E+000     0.927208E-006        0.1562
   482        0.00005368     0.000000E+000     0.927152E-006        0.1563
   483        0.00005414     0.000000E+000     0.926745E-006        0.1563
   484        0.00005462     0.000000E+000     0.925388E-006        0.1564
   485        0.00005510     0.000000E+000     0.922143E-006        0.1564
   486        0.00005567     0.000000E+000     0.917871E-006        0.1565
   487        0.00005639     0.000000E+000     0.912636E-006        0.1565
   488        0.00005721     0.000000E+000     0.900518E-006        0.1566
   489        0.00005836     0.000000E+000     0.883341E-006        0.1566
   490        0.00005998     0.000000E+000     0.856380E-006        0.1567
   491        0.00006231     0.000000E+000     0.817223E-006        0.1568
   492        0.00006592     0.000000E+000     0.772944E-006        0.1568
   493        0.00007126     0.000000E+000     0.731415E-006        0.1569
   494        0.00007855     0.000000E+000     0.701021E-006        0.1570
   495        0.00008804     0.000000E+000     0.692203E-006        0.1570
   496        0.00009902     0.000000E+000     0.697923E-006        0.1571
   497        0.00011111     0.000000E+000     0.720429E-006        0.1572
   498        0.00012331     0.000000E+000     0.765452E-006        0.1573
   499        0.00013378     0.000000E+000     0.589735E-006        0.1575
   500 *      0.00007972     0.000000E+000     0.423703E-006        0.1576
   500        0.00007972     0.000000E+000     0.447298E-006        0.1577
   501 *      0.00005725     0.000000E+000     0.257008E-006        0.1577
   501        0.00005725     0.000000E+000     0.284986E-006        0.1578
   502        0.00009799     0.000000E+000     0.930156E-006        0.1579
   503 *      0.00004934     0.000000E+000     0.295135E-006        0.1580
   503        0.00004934     0.000000E+000     0.329204E-006        0.1580
   504        0.00007988     0.000000E+000     0.946048E-006        0.1581
   505 *      0.00003994     0.000000E+000     0.273338E-006        0.1581
   505        0.00003994     0.000000E+000     0.288598E-006        0.1582
   506        0.00006804     0.000000E+000     0.869129E-006        0.1582
   507        0.00007034     0.000000E+000     0.981656E-006        0.1583
   508 *      0.00003470     0.000000E+000     0.250224E-006        0.1584
   508        0.00003470     0.000000E+000     0.253617E-006        0.1584
   509        0.00006214     0.000000E+000     0.821392E-006        0.1584
   510        0.00006558     0.000000E+000     0.939514E-006        0.1585
   511        0.00006578     0.000000E+000     0.963439E-006        0.1586
   512        0.00006537     0.000000E+000     0.960477E-006        0.1586
   513        0.00006506     0.000000E+000     0.954356E-006        0.1587
   514        0.00006485     0.000000E+000     0.947017E-006        0.1588
   515        0.00006485     0.000000E+000     0.942849E-006        0.1588
   516        0.00006496     0.000000E+000     0.939962E-006        0.1589
   517        0.00006516     0.000000E+000     0.939000E-006        0.1589
   518        0.00006537     0.000000E+000     0.937315E-006        0.1590
   519        0.00006569     0.000000E+000     0.938067E-006        0.1591
   520        0.00006590     0.000000E+000     0.935433E-006        0.1591
   521        0.00006622     0.000000E+000     0.935572E-006        0.1592
   522        0.00006654     0.000000E+000     0.935656E-006        0.1593
   523        0.00006687     0.000000E+000     0.935885E-006        0.1593
   524        0.00006720     0.000000E+000     0.936499E-006        0.1594
   525        0.00006754     0.000000E+000     0.937803E-006        0.1595
   526        0.00006777     0.000000E+000     0.937119E-006        0.1595
   527        0.00006811     0.000000E+000     0.941452E-006        0.1596
   528        0.00006834     0.000000E+000     0.946255E-006        0.1597
   529        0.00006834     0.000000E+000     0.951973E-006        0.1597
   530        0.00006822     0.000000E+000     0.940808E-006        0.1598
   531        0.00006846     0.000000E+000     0.931565E-006        0.1599
   532        0.00006893     0.000000E+000     0.928968E-006        0.1600
   533        0.00006941     0.000000E+000     0.927532E-006        0.1600
   534        0.00007002     0.000000E+000     0.946412E-006        0.1601
   535        0.00007002     0.000000E+000     0.937541E-006        0.1602
   536        0.00007026     0.000000E+000     0.935968E-006        0.1602
   537        0.00007064     0.000000E+000     0.938358E-006        0.1603
   538        0.00007089     0.000000E+000     0.938047E-006        0.1604
   539        0.00007115     0.000000E+000     0.938287E-006        0.1604
   540        0.00007140     0.000000E+000     0.939012E-006        0.1605
   541        0.00007166     0.000000E+000     0.940159E-006        0.1606
   542        0.00007192     0.000000E+000     0.941671E-006        0.1607
   543        0.00007206     0.000000E+000     0.940063E-006        0.1607
   544        0.00007232     0.000000E+000     0.942157E-006        0.1608
   545        0.00007246     0.000000E+000     0.941017E-006        0.1609
   546        0.00007259     0.000000E+000     0.940059E-006        0.1609
   547        0.00007286     0.000000E+000     0.942734E-006        0.1610
   548        0.00007300     0.000000E+000     0.942000E-006        0.1611
   549        0.00007314     0.000000E+000     0.941239E-006        0.1612
   550        0.00007328     0.000000E+000     0.940051E-006        0.1612
   551        0.00007355     0.000000E+000     0.935806E-006        0.1613
   552        0.00007398     0.000000E+000     0.947979E-006        0.1614
   553        0.00007398     0.000000E+000     0.946087E-006        0.1615
   554        0.00007398     0.000000E+000     0.943806E-006        0.1615
   555        0.00007412     0.000000E+000     0.945020E-006        0.1616
   556        0.00007426     0.000000E+000     0.946165E-006        0.1617
   557        0.00007426     0.000000E+000     0.943616E-006        0.1618
   558        0.00007441     0.000000E+000     0.944698E-006        0.1618
   559        0.00007455     0.000000E+000     0.945785E-006        0.1619
   560        0.00007455     0.000000E+000     0.943209E-006        0.1620
   561        0.00007470     0.000000E+000     0.944359E-006        0.1621
   562        0.00007485     0.000000E+000     0.945566E-006        0.1621
   563        0.00007485     0.000000E+000     0.943124E-006        0.1622
   564        0.00007500     0.000000E+000     0.944487E-006        0.1623
   565        0.00007515     0.000000E+000     0.945954E-006        0.1624
   566        0.00007515     0.000000E+000     0.943773E-006        0.1624
   567        0.00007530     0.000000E+000     0.945480E-006        0.1625
   568        0.00007530     0.000000E+000     0.943548E-006        0.1626
   569        0.00007545     0.000000E+000     0.945557E-006        0.1627
   570        0.00007545     0.000000E+000     0.943936E-006        0.1627
   571        0.00007560     0.000000E+000     0.946314E-006        0.1628
   572        0.00007560     0.000000E+000     0.945073E-006        0.1629
   573        0.00007560     0.000000E+000     0.944050E-006        0.1630
   574        0.00007576     0.000000E+000     0.947112E-006        0.1630
   575        0.00007576     0.000000E+000     0.946568E-006        0.1631
   576        0.00007576     0.000000E+000     0.946281E-006        0.1632
   577        0.00007576     0.000000E+000     0.946259E-006        0.1633
   578        0.00007576     0.000000E+000     0.946505E-006        0.1633
   579        0.00007576     0.000000E+000     0.947034E-006        0.1634
   580        0.00007576     0.000000E+000     0.947844E-006        0.1635
   581        0.00007576     0.000000E+000     0.948973E-006        0.1636
   582        0.00007576     0.000000E+000     0.950215E-006        0.1636
   583        0.00007560     0.000000E+000     0.944073E-006        0.1637
   584        0.00007576     0.000000E+000     0.942311E-006        0.1638
   585        0.00007592     0.000000E+000     0.940934E-006        0.1639
   586        0.00007608     0.000000E+000     0.939729E-006        0.1639
   587        0.00007624     0.000000E+000     0.938646E-006        0.1640
   588        0.00007656     0.000000E+000     0.941647E-006        0.1641
   589        0.00007673     0.000000E+000     0.940749E-006        0.1642
   590        0.00007689     0.000000E+000     0.939931E-006        0.1642
   591        0.00007706     0.000000E+000     0.939188E-006        0.1643
   592        0.00007739     0.000000E+000     0.942578E-006        0.1644
   593        0.00007756     0.000000E+000     0.941962E-006        0.1645
   594        0.00007773     0.000000E+000     0.941404E-006        0.1646
   595        0.00007790     0.000000E+000     0.940901E-006        0.1646
   596        0.00007808     0.000000E+000     0.940445E-006        0.1647
   597        0.00007825     0.000000E+000     0.940032E-006        0.1648
   598        0.00007842     0.000000E+000     0.939657E-006        0.1649
   599        0.00007860     0.000000E+000     0.939315E-006        0.1649
   600        0.00007878     0.000000E+000     0.939001E-006        0.1650
   601        0.00007896     0.000000E+000     0.938708E-006        0.1651
   602        0.00007932     0.000000E+000     0.942692E-006        0.1652
   603        0.00007950     0.000000E+000     0.942424E-006        0.1653
   604        0.00007968     0.000000E+000     0.942163E-006        0.1653
   605        0.00007986     0.000000E+000     0.941903E-006        0.1654
   606        0.00008005     0.000000E+000     0.941638E-006        0.1655
   607        0.00008024     0.000000E+000     0.941365E-006        0.1656
   608        0.00008042     0.000000E+000     0.941078E-006        0.1657
   609        0.00008061     0.000000E+000     0.940775E-006        0.1657
   610        0.00008080     0.000000E+000     0.940451E-006        0.1658
   611        0.00008099     0.000000E+000     0.940102E-006        0.1659
   612        0.00008119     0.000000E+000     0.939726E-006        0.1660
   613        0.00008138     0.000000E+000     0.939321E-006        0.1661
   614        0.00008158     0.000000E+000     0.938882E-006        0.1661
   615        0.00008178     0.000000E+000     0.938409E-006        0.1662
   616        0.00008198     0.000000E+000     0.937898E-006        0.1663
   617        0.00008238     0.000000E+000     0.941930E-006        0.1664
   618        0.00008258     0.000000E+000     0.941337E-006        0.1665
   619        0.00008278     0.000000E+000     0.940702E-006        0.1666
   620        0.00008299     0.000000E+000     0.940027E-006        0.1666
   621        0.00008320     0.000000E+000     0.939309E-006        0.1667
   622        0.00008341     0.000000E+000     0.938551E-006        0.1668
   623        0.00008362     0.000000E+000     0.937752E-006        0.1669
   624        0.00008383     0.000000E+000     0.936916E-006        0.1670
   625        0.00008426     0.000000E+000     0.940817E-006        0.1671
   626        0.00008448     0.000000E+000     0.939902E-006        0.1671
   627        0.00008469     0.000000E+000     0.938957E-006        0.1672
   628        0.00008491     0.000000E+000     0.937984E-006        0.1673
   629        0.00008514     0.000000E+000     0.936987E-006        0.1674
   630        0.00008558     0.000000E+000     0.940883E-006        0.1675
   631        0.00008581     0.000000E+000     0.939842E-006        0.1676
   632        0.00008604     0.000000E+000     0.938790E-006        0.1676
   633        0.00008627     0.000000E+000     0.937731E-006        0.1677
   634        0.00008650     0.000000E+000     0.936671E-006        0.1678
   635        0.00008697     0.000000E+000     0.940671E-006        0.1679
   636        0.00008721     0.000000E+000     0.939612E-006        0.1680
   637        0.00008744     0.000000E+000     0.938566E-006        0.1681
   638        0.00008769     0.000000E+000     0.937536E-006        0.1682
   639        0.00008793     0.000000E+000     0.936528E-006        0.1683
   640        0.00008817     0.000000E+000     0.935547E-006        0.1683
   641        0.00008867     0.000000E+000     0.939834E-006        0.1684
   642        0.00008892     0.000000E+000     0.938910E-006        0.1685
   643        0.00008917     0.000000E+000     0.938026E-006        0.1686
   644        0.00008943     0.000000E+000     0.937185E-006        0.1687
   645        0.00008968     0.000000E+000     0.936392E-006        0.1688
   646        0.00008994     0.000000E+000     0.935652E-006        0.1689
   647        0.00009047     0.000000E+000     0.940409E-006        0.1690
   648        0.00009073     0.000000E+000     0.939781E-006        0.1691
   649        0.00009100     0.000000E+000     0.939219E-006        0.1692
   650        0.00009127     0.000000E+000     0.938727E-006        0.1692
   651        0.00009154     0.000000E+000     0.938312E-006        0.1693
   652        0.00009182     0.000000E+000     0.937977E-006        0.1694
   653        0.00009210     0.000000E+000     0.937730E-006        0.1695
   654        0.00009237     0.000000E+000     0.937573E-006        0.1696
   655        0.00009266     0.000000E+000     0.937513E-006        0.1697
   656        0.00009294     0.000000E+000     0.937554E-006        0.1698
   657        0.00009323     0.000000E+000     0.937699E-006        0.1699
   658        0.00009352     0.000000E+000     0.937945E-006        0.1700
   659        0.00009381     0.000000E+000     0.938284E-006        0.1701
   660        0.00009411     0.000000E+000     0.938699E-006        0.1702
   661        0.00009441     0.000000E+000     0.939161E-006        0.1703
   662        0.00009471     0.000000E+000     0.939627E-006        0.1704
   663        0.00009501     0.000000E+000     0.940048E-006        0.1705
   664        0.00009532     0.000000E+000     0.940376E-006        0.1705
   665        0.00009563     0.000000E+000     0.940575E-006        0.1706
   666        0.00009595     0.000000E+000     0.940623E-006        0.1707
   667        0.00009626     0.000000E+000     0.940514E-006        0.1708
   668        0.00009658     0.000000E+000     0.940255E-006        0.1709
   669        0.00009691     0.000000E+000     0.939857E-006        0.1710
   670        0.00009723     0.000000E+000     0.939336E-006        0.1711
   671        0.00009756     0.000000E+000     0.938707E-006        0.1712
   672        0.00009789     0.000000E+000     0.937980E-006        0.1713
   673        0.00009823     0.000000E+000     0.937174E-006        0.1714
   674        0.00009857     0.000000E+000     0.936302E-006        0.1715
   675        0.00009891     0.000000E+000     0.935371E-006        0.1716
   676        0.00009926     0.000000E+000     0.934387E-006        0.1717
   677        0.00009961     0.000000E+000     0.933359E-006        0.1718
   678        0.00009997     0.000000E+000     0.932292E-006        0.1719
   679        0.00010069     0.000000E+000     0.937883E-006        0.1720
   680        0.00010105     0.000000E+000     0.936741E-006        0.1721
   681        0.00010142     0.000000E+000     0.935575E-006        0.1722
   682        0.00010179     0.000000E+000     0.934388E-006        0.1723
   683        0.00010217     0.000000E+000     0.933184E-006        0.1724
   684        0.00010255     0.000000E+000     0.931968E-006        0.1725
   685        0.00010294     0.000000E+000     0.930744E-006        0.1726
   686        0.00010372     0.000000E+000     0.936576E-006        0.1727
   687        0.00010412     0.000000E+000     0.935334E-006        0.1728
   688        0.00010452     0.000000E+000     0.934098E-006        0.1729
   689        0.00010493     0.000000E+000     0.932873E-006        0.1730
   690        0.00010534     0.000000E+000     0.931664E-006        0.1731
   691        0.00010575     0.000000E+000     0.930476E-006        0.1732
   692        0.00010617     0.000000E+000     0.929316E-006        0.1734
   693        0.00010703     0.000000E+000     0.935668E-006        0.1735
   694        0.00010747     0.000000E+000     0.934567E-006        0.1736
   695        0.00010791     0.000000E+000     0.933513E-006        0.1737
   696        0.00010835     0.000000E+000     0.932510E-006        0.1738
   697        0.00010880     0.000000E+000     0.931564E-006        0.1739
   698        0.00010926     0.000000E+000     0.930681E-006        0.1740
   699        0.00010972     0.000000E+000     0.929867E-006        0.1741
   700        0.00011019     0.000000E+000     0.929126E-006        0.1742
   701        0.00011067     0.000000E+000     0.928464E-006        0.1743
   702        0.00011163     0.000000E+000     0.935984E-006        0.1744
   703        0.00011213     0.000000E+000     0.935488E-006        0.1745
   704        0.00011262     0.000000E+000     0.935087E-006        0.1747
   705        0.00011313     0.000000E+000     0.934785E-006        0.1748
   706        0.00011364     0.000000E+000     0.934586E-006        0.1749
   707        0.00011416     0.000000E+000     0.934493E-006        0.1750
   708        0.00011469     0.000000E+000     0.934512E-006        0.1751
   709        0.00011522     0.000000E+000     0.934645E-006        0.1752
   710        0.00011576     0.000000E+000     0.934895E-006        0.1753
   711        0.00011631     0.000000E+000     0.935267E-006        0.1755
   712        0.00011687     0.000000E+000     0.935762E-006        0.1756
   713        0.00011743     0.000000E+000     0.936384E-006        0.1757
   714        0.00011800     0.000000E+000     0.937137E-006        0.1758
   715        0.00011858     0.000000E+000     0.938022E-006        0.1759
   716        0.00011858     0.000000E+000     0.929795E-006        0.1760
   717        0.00011918     0.000000E+000     0.930935E-006        0.1762
   718        0.00011978     0.000000E+000     0.932213E-006        0.1763
   719        0.00012039     0.000000E+000     0.933631E-006        0.1764
   720        0.00012101     0.000000E+000     0.935191E-006        0.1765
   721        0.00012164     0.000000E+000     0.936896E-006        0.1766
   722        0.00012228     0.000000E+000     0.938747E-006        0.1768
   723        0.00012228     0.000000E+000     0.930850E-006        0.1769
   724        0.00012293     0.000000E+000     0.932968E-006        0.1770
   725        0.00012360     0.000000E+000     0.935237E-006        0.1771
   726        0.00012427     0.000000E+000     0.937659E-006        0.1773
   727        0.00012427     0.000000E+000     0.929965E-006        0.1774
   728        0.00012497     0.000000E+000     0.932655E-006        0.1775
   729        0.00012567     0.000000E+000     0.935503E-006        0.1776
   730        0.00012638     0.000000E+000     0.938510E-006        0.1778
   731        0.00012638     0.000000E+000     0.930982E-006        0.1779
   732        0.00012711     0.000000E+000     0.934259E-006        0.1780
   733        0.00012786     0.000000E+000     0.937701E-006        0.1781
   734        0.00012786     0.000000E+000     0.930303E-006        0.1783
   735        0.00012862     0.000000E+000     0.934016E-006        0.1784
   736        0.00012939     0.000000E+000     0.937898E-006        0.1785
   737        0.00012939     0.000000E+000     0.930606E-006        0.1787
   738        0.00013018     0.000000E+000     0.934761E-006        0.1788
   739        0.00013099     0.000000E+000     0.939092E-006        0.1789
   740        0.00013099     0.000000E+000     0.931881E-006        0.1790
   741        0.00013182     0.000000E+000     0.936488E-006        0.1792
   742        0.00013182     0.000000E+000     0.929364E-006        0.1793
   743        0.00013267     0.000000E+000     0.934247E-006        0.1794
   744        0.00013267     0.000000E+000     0.927198E-006        0.1796
   745        0.00013355     0.000000E+000     0.932360E-006        0.1797
   746        0.00013444     0.000000E+000     0.937716E-006        0.1798
   747        0.00013444     0.000000E+000     0.930691E-006        0.1800
   748        0.00013535     0.000000E+000     0.936334E-006        0.1801
   749        0.00013535     0.000000E+000     0.929360E-006        0.1802
   750        0.00013629     0.000000E+000     0.935294E-006        0.1804
   751        0.00013629     0.000000E+000     0.928362E-006        0.1805
   752        0.00013726     0.000000E+000     0.934593E-006        0.1806
   753        0.00013726     0.000000E+000     0.927692E-006        0.1808
   754        0.00013825     0.000000E+000     0.934228E-006        0.1809
   755        0.00013825     0.000000E+000     0.927350E-006        0.1811
   756        0.00013928     0.000000E+000     0.934199E-006        0.1812
   757        0.00013928     0.000000E+000     0.927336E-006        0.1813
   758        0.00014033     0.000000E+000     0.934507E-006        0.1815
   759        0.00014033     0.000000E+000     0.927650E-006        0.1816
   760        0.00014142     0.000000E+000     0.935156E-006        0.1818
   761        0.00014142     0.000000E+000     0.928297E-006        0.1819
   762        0.00014254     0.000000E+000     0.936150E-006        0.1820
   763        0.00014254     0.000000E+000     0.929282E-006        0.1822
   764        0.00014370     0.000000E+000     0.937498E-006        0.1823
   765        0.00014370     0.000000E+000     0.930612E-006        0.1825
   766        0.00014370     0.000000E+000     0.923800E-006        0.1826
   767        0.00014491     0.000000E+000     0.932483E-006        0.1828
   768        0.00014491     0.000000E+000     0.925643E-006        0.1829
   769        0.00014616     0.000000E+000     0.934729E-006        0.1830
   770        0.00014616     0.000000E+000     0.927853E-006        0.1832
   771        0.00014745     0.000000E+000     0.937364E-006        0.1833
   772        0.00014745     0.000000E+000     0.930447E-006        0.1835
   773        0.00014745     0.000000E+000     0.923598E-006        0.1836
   774        0.00014880     0.000000E+000     0.933656E-006        0.1838
   775        0.00014880     0.000000E+000     0.926755E-006        0.1839
   776        0.00015021     0.000000E+000     0.937298E-006        0.1841
   777        0.00015021     0.000000E+000     0.930337E-006        0.1842
   778        0.00015021     0.000000E+000     0.923444E-006        0.1844
   779        0.00015168     0.000000E+000     0.934612E-006        0.1845
   780        0.00015168     0.000000E+000     0.927648E-006        0.1847
   781        0.00015168     0.000000E+000     0.920751E-006        0.1848
   782        0.00015323     0.000000E+000     0.932597E-006        0.1850
   783        0.00015323     0.000000E+000     0.925620E-006        0.1851
   784        0.00015323     0.000000E+000     0.918708E-006        0.1853
   785        0.00015486     0.000000E+000     0.931293E-006        0.1854
   786        0.00015486     0.000000E+000     0.924290E-006        0.1856
   787        0.00015486     0.000000E+000     0.917353E-006        0.1858
   788        0.00015658     0.000000E+000     0.930749E-006        0.1859
   789        0.00015658     0.000000E+000     0.923709E-006        0.1861
   790        0.00015658     0.000000E+000     0.916735E-006        0.1862
   791        0.00015840     0.000000E+000     0.931026E-006        0.1864
   792        0.00015840     0.000000E+000     0.923938E-006        0.1865
   793        0.00015840     0.000000E+000     0.916915E-006        0.1867
   794        0.00016033     0.000000E+000     0.932201E-006        0.1869
   795        0.00016033     0.000000E+000     0.925051E-006        0.1870
   796        0.00016033     0.000000E+000     0.917967E-006        0.1872
   797        0.00016239     0.000000E+000     0.934365E-006        0.1873
   798        0.00016239     0.000000E+000     0.927140E-006        0.1875
   799        0.00016239     0.000000E+000     0.919980E-006        0.1877
   800        0.00016239     0.000000E+000     0.912886E-006        0.1878
   801        0.00016461     0.000000E+000     0.930749E-006        0.1880
   802        0.00016461     0.000000E+000     0.923494E-006        0.1881
   803        0.00016461     0.000000E+000     0.916306E-006        0.1883
   804        0.00016461     0.000000E+000     0.909184E-006        0.1885
   805        0.00016703     0.000000E+000     0.928750E-006        0.1886
   806        0.00016703     0.000000E+000     0.921445E-006        0.1888
   807        0.00016703     0.000000E+000     0.914207E-006        0.1890
   808        0.00016703     0.000000E+000     0.907035E-006        0.1891
   809        0.00016968     0.000000E+000     0.928612E-006        0.1893
   810        0.00016968     0.000000E+000     0.921231E-006        0.1895
   811        0.00016968     0.000000E+000     0.913919E-006        0.1896
   812        0.00016968     0.000000E+000     0.906673E-006        0.1898
   813        0.00017261     0.000000E+000     0.930655E-006        0.1900
   814        0.00017261     0.000000E+000     0.923170E-006        0.1902
   815        0.00017261     0.000000E+000     0.915754E-006        0.1903
   816        0.00017261     0.000000E+000     0.908407E-006        0.1905
   817        0.00017261     0.000000E+000     0.901128E-006        0.1907
   818        0.00017593     0.000000E+000     0.928489E-006        0.1909
   819        0.00017593     0.000000E+000     0.920925E-006        0.1910
   820        0.00017593     0.000000E+000     0.913433E-006        0.1912
   821        0.00017593     0.000000E+000     0.906011E-006        0.1914
   822        0.00017593     0.000000E+000     0.898657E-006        0.1916
   823        0.00017975     0.000000E+000     0.930386E-006        0.1917
   824        0.00017975     0.000000E+000     0.922694E-006        0.1919
   825        0.00017975     0.000000E+000     0.915072E-006        0.1921
   826        0.00017975     0.000000E+000     0.907522E-006        0.1923
   827        0.00017975     0.000000E+000     0.900043E-006        0.1925
   828        0.00017975     0.000000E+000     0.892634E-006        0.1926
   829        0.00017975     0.000000E+000     0.885295E-006        0.1928
   830        0.00018448     0.000000E+000     0.924651E-006        0.1930
   831        0.00018448     0.000000E+000     0.916869E-006        0.1932
   832        0.00018448     0.000000E+000     0.909162E-006        0.1934
   833        0.00018448     0.000000E+000     0.901528E-006        0.1935
   834        0.00018448     0.000000E+000     0.893967E-006        0.1937
   835        0.00018448     0.000000E+000     0.886478E-006        0.1939
   836        0.00018448     0.000000E+000     0.879061E-006        0.1941
   837        0.00018448     0.000000E+000     0.871714E-006        0.1943
   838        0.00018448     0.000000E+000     0.864436E-006        0.1945
   839        0.00019107     0.000000E+000     0.919288E-006        0.1947
   840        0.00019107     0.000000E+000     0.911361E-006        0.1948
   841        0.00019107     0.000000E+000     0.903511E-006        0.1950
   842        0.00019107     0.000000E+000     0.895738E-006        0.1952
   843        0.00019107     0.000000E+000     0.888040E-006        0.1954
   844        0.00019107     0.000000E+000     0.880417E-006        0.1956
   845        0.00019107     0.000000E+000     0.872868E-006        0.1958
   846        0.00019107     0.000000E+000     0.865392E-006        0.1960
   847        0.00019107     0.000000E+000     0.857989E-006        0.1962
   848        0.00019107     0.000000E+000     0.850657E-006        0.1964
   849        0.00019107     0.000000E+000     0.843396E-006        0.1966
   850        0.00019107     0.000000E+000     0.836204E-006        0.1968
   851        0.00019107     0.000000E+000     0.829082E-006        0.1969
   852        0.00019107     0.000000E+000     0.822028E-006        0.1971
   853        0.00019107     0.000000E+000     0.815042E-006        0.1973
   854        0.00019107     0.000000E+000     0.808123E-006        0.1975
   855        0.00019107     0.000000E+000     0.801270E-006        0.1977
   856        0.00019107     0.000000E+000     0.794482E-006        0.1979
   857        0.00019107     0.000000E+000     0.787759E-006        0.1981
   858        0.00019107     0.000000E+000     0.781100E-006        0.1983
   859        0.00019107     0.000000E+000     0.774504E-006        0.1985
   860        0.00019107     0.000000E+000     0.767971E-006        0.1987
   861        0.00019107     0.000000E+000     0.761499E-006        0.1989
   862        0.00019107     0.000000E+000     0.755089E-006        0.1990
   863        0.00019107     0.000000E+000     0.748739E-006        0.1992
   864        0.00019107     0.000000E+000     0.742449E-006        0.1994
   865        0.00019107     0.000000E+000     0.736218E-006        0.1996
   866        0.00019107     0.000000E+000     0.730045E-006        0.1998
   867        0.00021097     0.000000E+000     0.881851E-006        0.2000
   868        0.00021693     0.000000E+000     0.923566E-006        0.2002
   869        0.00021884     0.000000E+000     0.930896E-006        0.2004
   870        0.00022030     0.000000E+000     0.934258E-006        0.2006
   871        0.00022128     0.000000E+000     0.933530E-006        0.2009
   872        0.00022227     0.000000E+000     0.932828E-006        0.2011
   873        0.00022379     0.000000E+000     0.936365E-006        0.2013
   874        0.00022481     0.000000E+000     0.935712E-006        0.2015
   875        0.00022584     0.000000E+000     0.935086E-006        0.2018
   876        0.00022689     0.000000E+000     0.934487E-006        0.2020
   877        0.00022794     0.000000E+000     0.933916E-006        0.2022
   878        0.00022901     0.000000E+000     0.933373E-006        0.2024
   879        0.00023010     0.000000E+000     0.932858E-006        0.2027
   880        0.00023119     0.000000E+000     0.932372E-006        0.2029
   881        0.00023230     0.000000E+000     0.931915E-006        0.2031
   882        0.00023399     0.000000E+000     0.935982E-006        0.2034
   883        0.00023513     0.000000E+000     0.935581E-006        0.2036
   884        0.00023629     0.000000E+000     0.935210E-006        0.2038
   885        0.00023746     0.000000E+000     0.934871E-006        0.2041
   886        0.00023864     0.000000E+000     0.934562E-006        0.2043
   887        0.00023984     0.000000E+000     0.934285E-006        0.2045
   888        0.00024105     0.000000E+000     0.934040E-006        0.2048
   889        0.00024228     0.000000E+000     0.933827E-006        0.2050
   890        0.00024353     0.000000E+000     0.933647E-006        0.2053
   891        0.00024479     0.000000E+000     0.933501E-006        0.2055
   892        0.00024607     0.000000E+000     0.933388E-006        0.2058
   893        0.00024736     0.000000E+000     0.933309E-006        0.2060
   894        0.00024868     0.000000E+000     0.933266E-006        0.2062
   895        0.00025001     0.000000E+000     0.933257E-006        0.2065
   896        0.00025135     0.000000E+000     0.933285E-006        0.2067
   897        0.00025272     0.000000E+000     0.933349E-006        0.2070
   898        0.00025411     0.000000E+000     0.933449E-006        0.2073
   899        0.00025551     0.000000E+000     0.933588E-006        0.2075
   900        0.00025693     0.000000E+000     0.933764E-006        0.2078
   901        0.00025838     0.000000E+000     0.933980E-006        0.2080
   902        0.00025984     0.000000E+000     0.934235E-006        0.2083
   903        0.00026132     0.000000E+000     0.934530E-006        0.2085
   904        0.00026283     0.000000E+000     0.934865E-006        0.2088
   905        0.00026436     0.000000E+000     0.935243E-006        0.2091
   906        0.00026591     0.000000E+000     0.935662E-006        0.2093
   907        0.00026669     0.000000E+000     0.930639E-006        0.2096
   908        0.00026828     0.000000E+000     0.931141E-006        0.2099
   909        0.00026989     0.000000E+000     0.931687E-006        0.2101
   910        0.00027153     0.000000E+000     0.932279E-006        0.2104
   911        0.00027319     0.000000E+000     0.932916E-006        0.2107
   912        0.00027488     0.000000E+000     0.933601E-006        0.2109
   913        0.00027659     0.000000E+000     0.934333E-006        0.2112
   914        0.00027833     0.000000E+000     0.935114E-006        0.2115
   915        0.00027921     0.000000E+000     0.930063E-006        0.2118
   916        0.00028099     0.000000E+000     0.930936E-006        0.2120
   917        0.00028281     0.000000E+000     0.931861E-006        0.2123
   918        0.00028465     0.000000E+000     0.932839E-006        0.2126
   919        0.00028652     0.000000E+000     0.933871E-006        0.2129
   920        0.00028747     0.000000E+000     0.928811E-006        0.2132
   921        0.00028939     0.000000E+000     0.929942E-006        0.2135
   922        0.00029135     0.000000E+000     0.931131E-006        0.2138
   923        0.00029334     0.000000E+000     0.932379E-006        0.2141
   924        0.00029536     0.000000E+000     0.933687E-006        0.2143
   925        0.00029638     0.000000E+000     0.928611E-006        0.2146
   926        0.00029846     0.000000E+000     0.930028E-006        0.2149
   927        0.00030058     0.000000E+000     0.931509E-006        0.2152
   928        0.00030274     0.000000E+000     0.933056E-006        0.2155
   929        0.00030383     0.000000E+000     0.927973E-006        0.2158
   930        0.00030605     0.000000E+000     0.929638E-006        0.2161
   931        0.00030831     0.000000E+000     0.931374E-006        0.2164
   932        0.00031061     0.000000E+000     0.933182E-006        0.2168
   933        0.00031177     0.000000E+000     0.928089E-006        0.2171
   934        0.00031414     0.000000E+000     0.930026E-006        0.2174
   935        0.00031656     0.000000E+000     0.932040E-006        0.2177
   936        0.00031779     0.000000E+000     0.926952E-006        0.2180
   937        0.00032028     0.000000E+000     0.929104E-006        0.2183
   938        0.00032282     0.000000E+000     0.931341E-006        0.2186
   939        0.00032411     0.000000E+000     0.926256E-006        0.2190
   940        0.00032674     0.000000E+000     0.928640E-006        0.2193
   941        0.00032942     0.000000E+000     0.931114E-006        0.2196
   942        0.00033078     0.000000E+000     0.926032E-006        0.2200
   943        0.00033355     0.000000E+000     0.928665E-006        0.2203
   944        0.00033637     0.000000E+000     0.931398E-006        0.2206
   945        0.00033781     0.000000E+000     0.926317E-006        0.2210
   946        0.00034073     0.000000E+000     0.929221E-006        0.2213
   947        0.00034222     0.000000E+000     0.924163E-006        0.2216
   948        0.00034525     0.000000E+000     0.927247E-006        0.2220
   949        0.00034835     0.000000E+000     0.930445E-006        0.2223
   950        0.00034992     0.000000E+000     0.925388E-006        0.2227
   951        0.00035313     0.000000E+000     0.928783E-006        0.2230
   952        0.00035477     0.000000E+000     0.923749E-006        0.2234
   953        0.00035810     0.000000E+000     0.927350E-006        0.2237
   954        0.00035980     0.000000E+000     0.922341E-006        0.2241
   955        0.00036326     0.000000E+000     0.926159E-006        0.2244
   956        0.00036680     0.000000E+000     0.930119E-006        0.2248
   957        0.00036861     0.000000E+000     0.925112E-006        0.2252
   958        0.00037229     0.000000E+000     0.929312E-006        0.2255
   959        0.00037417     0.000000E+000     0.924331E-006        0.2259
   960        0.00037801     0.000000E+000     0.928786E-006        0.2263
   961        0.00037997     0.000000E+000     0.923832E-006        0.2267
   962        0.00038397     0.000000E+000     0.928556E-006        0.2270
   963        0.00038601     0.000000E+000     0.923631E-006        0.2274
   964        0.00039019     0.000000E+000     0.928644E-006        0.2278
   965        0.00039232     0.000000E+000     0.923748E-006        0.2282
   966        0.00039448     0.000000E+000     0.918909E-006        0.2286
   967        0.00039892     0.000000E+000     0.924344E-006        0.2290
   968        0.00040118     0.000000E+000     0.919536E-006        0.2294
   969        0.00040582     0.000000E+000     0.925306E-006        0.2298
   970        0.00040819     0.000000E+000     0.920532E-006        0.2302
   971        0.00041305     0.000000E+000     0.926663E-006        0.2306
   972        0.00041554     0.000000E+000     0.921924E-006        0.2310
   973        0.00041808     0.000000E+000     0.917245E-006        0.2314
   974        0.00042327     0.000000E+000     0.923906E-006        0.2319
   975        0.00042593     0.000000E+000     0.919266E-006        0.2323
   976        0.00042865     0.000000E+000     0.914690E-006        0.2327
   977        0.00043421     0.000000E+000     0.921934E-006        0.2331
   978        0.00043707     0.000000E+000     0.917399E-006        0.2336
   979        0.00044294     0.000000E+000     0.925120E-006        0.2340
   980        0.00044595     0.000000E+000     0.920627E-006        0.2344
   981        0.00044902     0.000000E+000     0.916207E-006        0.2349
   982        0.00045216     0.000000E+000     0.911853E-006        0.2353
   983        0.00045862     0.000000E+000     0.920467E-006        0.2358
   984        0.00046195     0.000000E+000     0.916165E-006        0.2363
   985        0.00046534     0.000000E+000     0.911937E-006        0.2367
   986        0.00047234     0.000000E+000     0.921359E-006        0.2372
   987        0.00047595     0.000000E+000     0.917189E-006        0.2377
   988        0.00047964     0.000000E+000     0.913098E-006        0.2381
   989        0.00048341     0.000000E+000     0.909087E-006        0.2386
   990        0.00049121     0.000000E+000     0.919674E-006        0.2391
   991        0.00049524     0.000000E+000     0.915735E-006        0.2396
   992        0.00049936     0.000000E+000     0.911884E-006        0.2401
   993        0.00050360     0.000000E+000     0.908123E-006        0.2406
   994        0.00051235     0.000000E+000     0.920094E-006        0.2411
   995        0.00051689     0.000000E+000     0.916427E-006        0.2416
   996        0.00052154     0.000000E+000     0.912863E-006        0.2421
   997        0.00052633     0.000000E+000     0.909404E-006        0.2426
   998        0.00053125     0.000000E+000     0.906056E-006        0.2432
   999        0.00053631     0.000000E+000     0.902822E-006        0.2437
  1000        0.00054682     0.000000E+000     0.917251E-006        0.2442
  1001        0.00055229     0.000000E+000     0.914180E-006        0.2448
  1002        0.00055793     0.000000E+000     0.911248E-006        0.2453
  1003        0.00056374     0.000000E+000     0.908464E-006        0.2459
  1004        0.00056974     0.000000E+000     0.905839E-006        0.2464
  1005        0.00057593     0.000000E+000     0.903383E-006        0.2470
  1006        0.00058233     0.000000E+000     0.901108E-006        0.2476
  1007        0.00058895     0.000000E+000     0.899028E-006        0.2482
  1008        0.00059579     0.000000E+000     0.897157E-006        0.2488
  1009        0.00060289     0.000000E+000     0.895513E-006        0.2494
  1010        0.00061024     0.000000E+000     0.894115E-006        0.2500
  1011        0.00061787     0.000000E+000     0.892983E-006        0.2506
  1012        0.00062579     0.000000E+000     0.892142E-006        0.2512
  1013        0.00063402     0.000000E+000     0.891617E-006        0.2518
  1014        0.00064259     0.000000E+000     0.891438E-006        0.2524
  1015        0.00065151     0.000000E+000     0.891640E-006        0.2531
  1016        0.00066082     0.000000E+000     0.892259E-006        0.2537
  1017        0.00067054     0.000000E+000     0.893339E-006        0.2544
  1018        0.00068070     0.000000E+000     0.894930E-006        0.2551
  1019        0.00069134     0.000000E+000     0.897088E-006        0.2558
  1020        0.00070249     0.000000E+000     0.899881E-006        0.2564
  1021        0.00071419     0.000000E+000     0.903385E-006        0.2571
  1022        0.00072651     0.000000E+000     0.907693E-006        0.2579
  1023        0.00072651     0.000000E+000     0.881568E-006        0.2586
  1024        0.00073972     0.000000E+000     0.887500E-006        0.2593
  1025        0.00075367     0.000000E+000     0.894536E-006        0.2601
  1026        0.00076845     0.000000E+000     0.902822E-006        0.2608
  1027        0.00076845     0.000000E+000     0.876853E-006        0.2616
  1028        0.00078446     0.000000E+000     0.887358E-006        0.2623
  1029        0.00080151     0.000000E+000     0.899274E-006        0.2631
  1030        0.00080151     0.000000E+000     0.873062E-006        0.2639
  1031        0.00082015     0.000000E+000     0.886817E-006        0.2647
  1032        0.00084016     0.000000E+000     0.901865E-006        0.2656
  1033        0.00084016     0.000000E+000     0.873642E-006        0.2664
  1034        0.00086227     0.000000E+000     0.890278E-006        0.2672
  1035        0.00086227     0.000000E+000     0.860771E-006        0.2681
  1036        0.00088690     0.000000E+000     0.879022E-006        0.2690
  1037        0.00091378     0.000000E+000     0.898883E-006        0.2698
  1038        0.00091378     0.000000E+000     0.864877E-006        0.2708
  1039        0.00094424     0.000000E+000     0.886501E-006        0.2717
  1040        0.00094424     0.000000E+000     0.849760E-006        0.2726
  1041        0.00097921     0.000000E+000     0.873725E-006        0.2736
  1042        0.00097921     0.000000E+000     0.833926E-006        0.2745
  1043        0.00102001     0.000000E+000     0.861136E-006        0.2755
  1044        0.00102001     0.000000E+000     0.817931E-006        0.2765
  1045        0.00106858     0.000000E+000     0.850140E-006        0.2776
  1046        0.00106858     0.000000E+000     0.803824E-006        0.2786
  1047        0.00112795     0.000000E+000     0.844830E-006        0.2797
  1048        0.00112795     0.000000E+000     0.796160E-006        0.2808
  1049        0.00120315     0.000000E+000     0.851955E-006        0.2820
  1050        0.00120315     0.000000E+000     0.800701E-006        0.2832
  1051        0.00120315     0.000000E+000     0.753165E-006        0.2844
  1052        0.00131252     0.000000E+000     0.841059E-006        0.2856
  1053        0.00131252     0.000000E+000     0.788423E-006        0.2869
  1054        0.00131252     0.000000E+000     0.739878E-006        0.2882
  1055        0.00131252     0.000000E+000     0.695057E-006        0.2895
  1056        0.00131252     0.000000E+000     0.653623E-006        0.2908
  1057        0.00131252     0.000000E+000     0.615273E-006        0.2921
  1058        0.00131252     0.000000E+000     0.579731E-006        0.2934
  1059        0.00131252     0.000000E+000     0.546748E-006        0.2947
  1060        0.00131252     0.000000E+000     0.516102E-006        0.2961
  1061        0.00131252     0.000000E+000     0.487591E-006        0.2974
  1062        0.00131252     0.000000E+000     0.461034E-006        0.2987
  1063        0.00169492     0.000000E+000     0.720419E-006        0.3000
  1064        0.00185481     0.000000E+000     0.801268E-006        0.3017
  1065        0.00196837     0.000000E+000     0.834782E-006        0.3035
  1066        0.00205395     0.000000E+000     0.838867E-006        0.3055
  1067        0.00214949     0.000000E+000     0.846117E-006        0.3076
  1068        0.00220191     0.000000E+000     0.816805E-006        0.3097
  1069        0.00231780     0.000000E+000     0.830966E-006        0.3119
  1070        0.00238219     0.000000E+000     0.804632E-006        0.3142
  1071        0.00252656     0.000000E+000     0.827533E-006        0.3166
  1072        0.00260806     0.000000E+000     0.804394E-006        0.3192
  1073        0.00269800     0.000000E+000     0.784083E-006        0.3218
  1074        0.00279792     0.000000E+000     0.766679E-006        0.3245
  1075        0.00303108     0.000000E+000     0.814329E-006        0.3273
  1076        0.00316886     0.000000E+000     0.802130E-006        0.3303
  1077        0.00332730     0.000000E+000     0.794414E-006        0.3335
  1078        0.00351215     0.000000E+000     0.792038E-006        0.3368
  1079        0.00373166     0.000000E+000     0.796353E-006        0.3403
  1080        0.00373166     0.000000E+000     0.708687E-006        0.3440
  1081        0.00401871     0.000000E+000     0.729005E-006        0.3478
  1082        0.00438405     0.000000E+000     0.763466E-006        0.3518
  1083        0.00438405     0.000000E+000     0.670599E-006        0.3562
  1084        0.00493206     0.000000E+000     0.740411E-006        0.3605
  1085        0.00493206     0.000000E+000     0.644042E-006        0.3655
  1086        0.00493206     0.000000E+000     0.562320E-006        0.3704
  1087        0.00493206     0.000000E+000     0.493023E-006        0.3753
  1088        0.00493206     0.000000E+000     0.434330E-006        0.3803
  1089        0.00493206     0.000000E+000     0.384734E-006        0.3852
  1090        0.00493206     0.000000E+000     0.342974E-006        0.3901
  1091        0.00493206     0.000000E+000     0.307979E-006        0.3951
  1092        0.00714286     0.000000E+000     0.562949E-006        0.4000
  1093        0.00844156     0.000000E+000     0.675730E-006        0.4071
  1094        0.00937951     0.000000E+000     0.722433E-006        0.4156
  1095        0.00937951     0.000000E+000     0.645876E-006        0.4250
  1096        0.00937951     0.000000E+000     0.588633E-006        0.4343
  1097        0.01125541     0.000000E+000     0.745954E-006        0.4437
  1098        0.01125541     0.000000E+000     0.648932E-006        0.4550
  1099        0.01125541     0.000000E+000     0.541093E-006        0.4662
  1100        0.01125541     0.000000E+000     0.433576E-006        0.4775
  1101        0.01125541     0.000000E+000     0.337155E-006        0.4887
  1102        0.01428571     0.000000E+000     0.393545E-006        0.5000
  1103        0.01714286     0.000000E+000     0.376783E-006        0.5143
  1104        0.02285714     0.000000E+000     0.391136E-006        0.5314
  1105        0.02285714     0.000000E+000     0.213145E-006        0.5543
  1106        0.02285714     0.000000E+000     0.115551E-006        0.5771
  1107        0.03333333     0.000000E+000     0.114870E-006        0.6000
  1108        0.06666667     0.000000E+000     0.125083E-006        0.6333
  1109        0.10000000     0.000000E+000     0.375614E-007        0.7000
  1110        0.10000000     0.000000E+000     0.383992E-008        0.8000
  1111        0.10000000     0.000000E+000     0.432345E-009        0.9000
