#Update-step  Updatetime     Error of A        Error of phi      Time in fs
     1                                         0.351133E-004
     1        0.00416667     0.000000E+000     0.680155E-006        0.0000
     2        0.00456349     0.000000E+000     0.658045E-006        0.0042
     3        0.00507055     0.000000E+000     0.638403E-006        0.0087
     4        0.00574662     0.000000E+000     0.624468E-006        0.0138
     5        0.00670439     0.000000E+000     0.630075E-006        0.0195
     6        0.00737483     0.000000E+000     0.557995E-006        0.0263
     7        0.00829668     0.000000E+000     0.511714E-006        0.0336
     8        0.00967946     0.000000E+000     0.492664E-006        0.0419
     9        0.01209933     0.000000E+000     0.519300E-006        0.0516
    10        0.01209933     0.000000E+000     0.343418E-006        0.0637
    11        0.01209933     0.000000E+000     0.231851E-006        0.0758
    12        0.01209933     0.000000E+000     0.159024E-006        0.0879
    13        0.02000000     0.000000E+000     0.269217E-006        0.1000
    14        0.02666667     0.000000E+000     0.244227E-006        0.1200
    15        0.02666667     0.000000E+000     0.115232E-006        0.1467
    16        0.02666667     0.000000E+000     0.551596E-007        0.1733
    17        0.05000000     0.000000E+000     0.693804E-007        0.2000
    18        0.05000000     0.000000E+000     0.180482E-007        0.2500
    19        0.10000000     0.000000E+000     0.106126E-007        0.3000
    20        0.10000000     0.000000E+000     0.787520E-009        0.4000
    21        0.10000000     0.000000E+000     0.616823E-010        0.5000
    22        0.10000000     0.000000E+000     0.497272E-011        0.6000
    23        0.10000000     0.000000E+000     0.410139E-012        0.7000
    24        0.10000000     0.000000E+000     0.267011E-013        0.8000
    25        0.10000000     0.000000E+000     0.827183E-014        0.9000
