#Update-step  Updatetime     Error of A        Error of phi      Time in fs
     1 *      0.02500000     0.000000E+000     0.218057E-003        0.0000
     1        0.02500000     0.000000E+000     0.161943E-003        0.0250
     2        0.02500000     0.000000E+000     0.629656E-004        0.0500
     3        0.02500000     0.000000E+000     0.199589E-004        0.0750
     4        0.05000000     0.000000E+000     0.269646E-004        0.1000
     5        0.05000000     0.000000E+000     0.924019E-005        0.1500
     6                                         0.101061E-002
     6 *      0.00357143     0.000000E+000     0.107799E-003        0.2000
     6        0.00357143     0.000000E+000     0.354690E-005        0.2036
     7        0.01547619     0.000000E+000     0.844276E-005        0.2071
     8        0.03869048     0.000000E+000     0.245566E-005        0.2226
     9        0.03869048     0.000000E+000     0.888282E-006        0.2613
    10        0.10000000     0.000000E+000     0.241337E-005        0.3000
    11        0.10000000     0.000000E+000     0.128263E-004        0.4000
    12 *      0.05000000     0.000000E+000     0.174079E-003        0.5000
    12        0.05000000     0.000000E+000     0.213577E-005        0.5500
    13        0.10000000     0.000000E+000     0.193372E-004        0.6000
    14 *      0.05000000     0.000000E+000     0.795783E-003        0.7000
    14        0.05000000     0.000000E+000     0.708116E-004        0.7500
    15        0.05000000     0.000000E+000     0.146044E-004        0.8000
    16        0.05000000     0.000000E+000     0.150240E-004        0.8500
    17 *      0.05000000     0.000000E+000     0.117575E-003        0.9000
    17        0.05000000     0.000000E+000     0.662092E-003        0.9500
