#Update-step  Updatetime     Error of A        Error of phi      Time in fs
     1 *      0.02500000     0.000000E+000     0.515056E-003        0.0000
     1        0.02500000     0.000000E+000     0.237453E-003        0.0250
     2        0.02500000     0.000000E+000     0.733305E-004        0.0500
     3        0.02500000     0.000000E+000     0.258567E-004        0.0750
     4        0.05000000     0.000000E+000     0.303545E-004        0.1000
     5        0.05000000     0.000000E+000     0.664581E-005        0.1500
     6        0.10000000     0.000000E+000     0.342153E-005        0.2000
     7        0.10000000     0.000000E+000     0.328917E-006        0.3000
     8        0.10000000     0.000000E+000     0.422312E-006        0.4000
     9        0.10000000     0.000000E+000     0.180852E-006        0.5000
    10        0.10000000     0.000000E+000     0.941874E-007        0.6000
    11        0.10000000     0.000000E+000     0.535053E-007        0.7000
    12        0.10000000     0.000000E+000     0.335923E-007        0.8000
    13        0.10000000     0.000000E+000     0.225130E-007        0.9000
