#Update-step  Updatetime     Error of A        Error of phi      Time in fs
     1 *      0.05000000     0.000000E+000     0.454024E-006        0.0000
     1        0.05000000     0.000000E+000     0.688821E-006        0.0500
     2 *      0.02500000     0.000000E+000     0.886900E-006        0.1000
     2        0.02500000     0.000000E+000     0.160536E-006        0.1250
     3        0.05000000     0.000000E+000     0.258049E-006        0.1500
     4 *      0.02500000     0.000000E+000     0.433589E-006        0.2000
     4        0.02500000     0.000000E+000     0.131094E-005        0.2250
     5        0.01666667     0.000000E+000     0.606045E-007        0.2500
     6        0.03333333     0.000000E+000     0.111022E-006        0.2667
     7 *      0.02500000     0.000000E+000     0.263184E-005        0.3000
     7        0.02500000     0.000000E+000     0.113007E-006        0.3250
     8        0.05000000     0.000000E+000     0.208252E-006        0.3500
     9        0.05000000     0.000000E+000     0.229102E-006        0.4000
    10 *      0.02500000     0.000000E+000     0.240119E-005        0.4500
    10        0.02500000     0.000000E+000     0.832878E-006        0.4750
    11        0.02500000     0.000000E+000     0.146355E-006        0.5000
    12        0.03750000     0.000000E+000     0.136644E-006        0.5250
    13                                         0.158184E-004
    13        0.00187500     0.000000E+000     0.206638E-006        0.5625
    14 *      0.00148438     0.000000E+000     0.299706E-006        0.5644
    14        0.00148438     0.000000E+000     0.336638E-007        0.5659
    15        0.00544271     0.000000E+000     0.156125E-006        0.5673
    16        0.00907118     0.000000E+000     0.788438E-007        0.5728
    17        0.01814236     0.000000E+000     0.927108E-007        0.5819
    18        0.03333333     0.000000E+000     0.101328E-006        0.6000
    19                                         0.524065E-005
    19        0.00444444     0.000000E+000     0.151019E-006        0.6333
    20        0.00777778     0.000000E+000     0.822227E-007        0.6378
    21        0.01361111     0.000000E+000     0.732685E-007        0.6456
    22        0.02041667     0.000000E+000     0.666276E-007        0.6592
    23        0.02041667     0.000000E+000     0.388533E-007        0.6796
    24        0.05000000     0.000000E+000     0.160675E-006        0.7000
    25 *      0.02500000     0.000000E+000     0.105066E-005        0.7500
    25        0.02500000     0.000000E+000     0.695190E-006        0.7750
    26        0.02500000     0.000000E+000     0.123259E-006        0.8000
    27        0.03750000     0.000000E+000     0.127077E-006        0.8250
    28 *      0.01875000     0.000000E+000     0.291301E-006        0.8625
    28        0.01875000     0.000000E+000     0.424869E-007        0.8812
    29        0.05000000     0.000000E+000     0.251305E-006        0.9000
    30 *      0.02500000     0.000000E+000     0.304211E-006        0.9500
    30        0.02500000     0.000000E+000     0.682693E-007        0.9750
