#Update-step  Updatetime     Error of A        Error of phi      Time in fs
     1        0.05000000     0.000000E+000     0.758113E-004        0.0000
     2        0.05000000     0.000000E+000     0.209226E-004        0.0500
     3 *      0.05000000     0.000000E+000     0.172920E-003        0.1000
     3        0.05000000     0.000000E+000     0.150714E-004        0.1500
     4 *      0.05000000     0.000000E+000     0.826546E-004        0.2000
     4        0.05000000     0.000000E+000     0.202413E-003        0.2500
     5        0.05000000     0.000000E+000     0.954428E-004        0.3000
     6        0.05000000     0.000000E+000     0.460751E-004        0.3500
     7        0.05000000     0.000000E+000     0.477024E-004        0.4000
     8        0.05000000     0.000000E+000     0.178470E-004        0.4500
     9                                         0.889968E-002
     9        0.00434783     0.000000E+000     0.170876E-003        0.5000
    10        0.00503432     0.000000E+000     0.255348E-004        0.5043
    11        0.01006865     0.000000E+000     0.529752E-004        0.5094
    12        0.01610984     0.000000E+000     0.151570E-004        0.5195
    13 *      0.01610984     0.000000E+000     0.848655E-004        0.5356
    13        0.01610984     0.000000E+000     0.515874E-004        0.5517
    14 *      0.01610984     0.000000E+000     0.286249E-003        0.5678
    14        0.01610984     0.000000E+000     0.155458E-004        0.5839
    15        0.05000000     0.000000E+000     0.535160E-004        0.6000
    16                                         0.150433E-002
    16        0.00333333     0.000000E+000     0.433156E-004        0.6500
    17        0.00583333     0.000000E+000     0.156139E-003        0.6533
    18        0.00680556     0.000000E+000     0.537587E-005        0.6592
    19        0.01701389     0.000000E+000     0.167250E-004        0.6660
    20 *      0.00850694     0.000000E+000     0.156953E-003        0.6830
    20        0.00850694     0.000000E+000     0.282671E-004        0.6915
    21        0.02000000     0.000000E+000     0.307499E-005        0.7000
    22        0.04000000     0.000000E+000     0.149967E-003        0.7200
    23        0.04000000     0.000000E+000     0.212742E-004        0.7600
    24 *      0.02500000     0.000000E+000     0.707181E-003        0.8000
    24        0.02500000     0.000000E+000     0.126126E-003        0.8250
    25        0.02500000     0.000000E+000     0.124724E-004        0.8500
    26 *      0.01250000     0.000000E+000     0.245884E-003        0.8750
    26        0.01250000     0.000000E+000     0.489561E-005        0.8875
    27                                         0.150687E-002
    27        0.00333333     0.000000E+000     0.452589E-004        0.9000
    28        0.00604167     0.000000E+000     0.418713E-005        0.9033
    29        0.01812500     0.000000E+000     0.147658E-004        0.9094
    30        0.03625000     0.000000E+000     0.610989E-005        0.9275
    31        0.03625000     0.000000E+000     0.474655E-004        0.9637
