#    Start: ------ Host: "jupiterace" ----------Tue Nov  8 15:13:06 2022

#    Time[fs]   CPU-time[s]     Delta-CPU    Real time        RealT[s]     [h]
#       -0.00           5.3                  Nov  8 15:13:10         0     0.00
         0.00         103.4        98.130    Nov  8 15:13:41        31     0.01
         0.00         224.5       121.120    Nov  8 15:14:19        69     0.02
         0.00         334.9       110.410    Nov  8 15:14:55       105     0.03
         0.00         441.3       106.360    Nov  8 15:15:29       139     0.04
         0.00         542.4       101.130    Nov  8 15:16:02       172     0.05
         0.01         639.5        97.060    Nov  8 15:16:33       203     0.06
         0.01         731.9        92.420    Nov  8 15:17:03       233     0.06
         0.01         821.3        89.390    Nov  8 15:17:31       261     0.07
         0.01         906.3        84.990    Nov  8 15:17:59       289     0.08
         0.01         988.7        82.370    Nov  8 15:18:25       315     0.09
         0.01        1068.9        80.250    Nov  8 15:18:51       341     0.09
         0.01        1143.5        74.550    Nov  8 15:19:15       365     0.10
         0.01        1215.5        72.030    Nov  8 15:19:38       388     0.11
         0.01        1283.9        68.360    Nov  8 15:20:00       410     0.11
         0.01        1350.9        67.030    Nov  8 15:20:21       431     0.12
         0.02        1415.1        64.180    Nov  8 15:20:42       452     0.13
         0.02        1476.5        61.470    Nov  8 15:21:02       472     0.13
         0.02        1536.5        59.960    Nov  8 15:21:21       491     0.14
         0.02        1595.7        59.180    Nov  8 15:21:40       510     0.14
         0.02        1651.8        56.110    Nov  8 15:21:58       528     0.15
         0.02        1706.7        54.870    Nov  8 15:22:16       546     0.15
         0.02        1758.3        51.640    Nov  8 15:22:32       562     0.16
         0.02        1808.1        49.800    Nov  8 15:22:48       578     0.16
         0.02        1856.8        48.660    Nov  8 15:23:04       594     0.17
         0.02        1904.2        47.470    Nov  8 15:23:19       609     0.17
         0.02        1950.0        45.830    Nov  8 15:23:34       624     0.17
         0.03        1994.4        44.300    Nov  8 15:23:48       638     0.18
         0.03        2037.2        42.840    Nov  8 15:24:02       652     0.18
         0.03        2078.1        40.880    Nov  8 15:24:15       665     0.18
         0.03        2117.5        39.470    Nov  8 15:24:28       678     0.19
         0.03        2155.7        38.150    Nov  8 15:24:40       690     0.19
         0.03        2192.2        36.470    Nov  8 15:24:52       702     0.20
         0.03        2228.4        36.230    Nov  8 15:25:04       714     0.20
         0.03        2263.4        35.060    Nov  8 15:25:15       725     0.20
         0.03        2297.6        34.140    Nov  8 15:25:26       736     0.20
         0.04        2332.2        34.600    Nov  8 15:25:37       747     0.21
         0.04        2364.6        32.440    Nov  8 15:25:47       757     0.21
         0.04        2397.3        32.670    Nov  8 15:25:58       768     0.21
         0.04        2428.4        31.140    Nov  8 15:26:08       778     0.22
         0.04        2458.0        29.520    Nov  8 15:26:17       787     0.22
         0.04        2487.6        29.680    Nov  8 15:26:27       797     0.22
         0.04        2515.2        27.570    Nov  8 15:26:36       806     0.22
         0.04        2543.2        27.950    Nov  8 15:26:45       815     0.23
         0.04        2569.7        26.580    Nov  8 15:26:53       823     0.23
         0.04        2596.3        26.590    Nov  8 15:27:02       832     0.23
         0.05        2621.9        25.610    Nov  8 15:27:10       840     0.23
         0.05        2647.3        25.320    Nov  8 15:27:18       848     0.24
         0.05        2671.4        24.160    Nov  8 15:27:26       856     0.24
         0.05        2695.0        23.560    Nov  8 15:27:33       863     0.24
         0.05        2718.6        23.630    Nov  8 15:27:41       871     0.24
         0.05        2740.7        22.060    Nov  8 15:27:48       878     0.24
         0.05        2762.9        22.190    Nov  8 15:27:55       885     0.25
         0.05        2785.1        22.230    Nov  8 15:28:03       893     0.25
         0.05        2805.8        20.710    Nov  8 15:28:09       899     0.25
         0.05        2826.6        20.830    Nov  8 15:28:16       906     0.25
         0.06        2847.4        20.820    Nov  8 15:28:23       913     0.25
         0.06        2866.5        19.040    Nov  8 15:28:29       919     0.26
         0.06        2885.5        19.010    Nov  8 15:28:35       925     0.26
         0.06        2904.9        19.410    Nov  8 15:28:41       931     0.26
         0.06        2922.7        17.830    Nov  8 15:28:47       937     0.26
         0.06        2940.5        17.720    Nov  8 15:28:52       942     0.26
         0.06        2957.9        17.480    Nov  8 15:28:58       948     0.26
         0.06        2975.2        17.210    Nov  8 15:29:04       954     0.27
         0.06        2991.0        15.870    Nov  8 15:29:09       959     0.27
         0.06        3007.0        15.970    Nov  8 15:29:14       964     0.27
         0.07        3022.8        15.800    Nov  8 15:29:19       969     0.27
         0.07        3038.3        15.500    Nov  8 15:29:24       974     0.27
         0.07        3054.1        15.780    Nov  8 15:29:29       979     0.27
         0.07        3068.5        14.390    Nov  8 15:29:34       984     0.27
         0.07        3082.7        14.210    Nov  8 15:29:39       989     0.27
         0.07        3096.5        13.870    Nov  8 15:29:43       993     0.28
         0.07        3110.7        14.120    Nov  8 15:29:48       998     0.28
         0.07        3125.2        14.520    Nov  8 15:29:52      1002     0.28
         0.07        3138.0        12.820    Nov  8 15:29:57      1007     0.28
         0.07        3151.0        13.050    Nov  8 15:30:01      1011     0.28
         0.08        3164.2        13.130    Nov  8 15:30:05      1015     0.28
         0.08        3177.2        12.970    Nov  8 15:30:09      1019     0.28
         0.08        3190.2        13.000    Nov  8 15:30:13      1023     0.28
         0.08        3203.0        12.860    Nov  8 15:30:18      1028     0.29
         0.08        3214.5        11.470    Nov  8 15:30:21      1031     0.29
         0.08        3226.1        11.570    Nov  8 15:30:25      1035     0.29
         0.08        3237.4        11.380    Nov  8 15:30:29      1039     0.29
         0.08        3249.0        11.560    Nov  8 15:30:33      1043     0.29
         0.08        3260.3        11.350    Nov  8 15:30:36      1046     0.29
         0.08        3271.9        11.580    Nov  8 15:30:40      1050     0.29
         0.09        3283.0        11.070    Nov  8 15:30:44      1054     0.29
         0.09        3292.9         9.950    Nov  8 15:30:47      1057     0.29
         0.09        3302.9         9.930    Nov  8 15:30:50      1060     0.29
         0.09        3313.0        10.160    Nov  8 15:30:53      1063     0.30
         0.09        3323.1        10.020    Nov  8 15:30:57      1067     0.30
         0.09        3333.3        10.260    Nov  8 15:31:00      1070     0.30
         0.09        3343.2         9.870    Nov  8 15:31:03      1073     0.30
         0.09        3353.1         9.910    Nov  8 15:31:06      1076     0.30
         0.09        3363.0         9.920    Nov  8 15:31:10      1080     0.30
         0.09        3371.6         8.620    Nov  8 15:31:12      1082     0.30
         0.10        3380.5         8.850    Nov  8 15:31:15      1085     0.30
         0.10        3389.1         8.590    Nov  8 15:31:18      1088     0.30
         0.10        3397.9         8.840    Nov  8 15:31:21      1091     0.30
         0.10        3406.5         8.610    Nov  8 15:31:24      1094     0.30
         0.10        3415.3         8.790    Nov  8 15:31:26      1096     0.30
         0.10        3424.1         8.740    Nov  8 15:31:29      1099     0.31
         0.10        3432.8         8.790    Nov  8 15:31:32      1102     0.31
         0.10        3441.4         8.540    Nov  8 15:31:35      1105     0.31
         0.10        3449.9         8.570    Nov  8 15:31:38      1108     0.31
         0.10        3457.1         7.100    Nov  8 15:31:40      1110     0.31
         0.11        3464.1         7.090    Nov  8 15:31:42      1112     0.31
         0.11        3471.1         6.970    Nov  8 15:31:45      1115     0.31
         0.11        3478.4         7.320    Nov  8 15:31:47      1117     0.31
         0.11        3485.5         7.110    Nov  8 15:31:49      1119     0.31
         0.11        3492.8         7.220    Nov  8 15:31:52      1122     0.31
         0.11        3499.8         7.050    Nov  8 15:31:54      1124     0.31
         0.11        3507.0         7.180    Nov  8 15:31:56      1126     0.31
         0.11        3514.0         7.030    Nov  8 15:31:59      1129     0.31
         0.11        3521.2         7.160    Nov  8 15:32:01      1131     0.31
         0.11        3528.3         7.130    Nov  8 15:32:03      1133     0.31
         0.12        3535.6         7.270    Nov  8 15:32:06      1136     0.32
         0.12        3542.7         7.070    Nov  8 15:32:08      1138     0.32
         0.12        3549.9         7.210    Nov  8 15:32:10      1140     0.32
         0.12        3555.6         5.710    Nov  8 15:32:12      1142     0.32
         0.12        3561.3         5.730    Nov  8 15:32:14      1144     0.32
         0.12        3567.1         5.810    Nov  8 15:32:16      1146     0.32
         0.12        3573.0         5.930    Nov  8 15:32:18      1148     0.32
         0.12        3578.6         5.540    Nov  8 15:32:20      1150     0.32
         0.12        3584.3         5.750    Nov  8 15:32:21      1151     0.32
         0.12        3590.0         5.670    Nov  8 15:32:23      1153     0.32
         0.13        3595.8         5.750    Nov  8 15:32:25      1155     0.32
         0.13        3601.5         5.710    Nov  8 15:32:27      1157     0.32
         0.13        3607.2         5.720    Nov  8 15:32:29      1159     0.32
         0.13        3612.9         5.690    Nov  8 15:32:31      1161     0.32
         0.13        3618.6         5.720    Nov  8 15:32:33      1163     0.32
         0.13        3624.4         5.780    Nov  8 15:32:34      1164     0.32
         0.13        3630.0         5.660    Nov  8 15:32:36      1166     0.32
         0.13        3635.8         5.750    Nov  8 15:32:38      1168     0.32
         0.13        3641.5         5.730    Nov  8 15:32:40      1170     0.33
         0.13        3647.2         5.660    Nov  8 15:32:42      1172     0.33
         0.14        3653.0         5.810    Nov  8 15:32:44      1174     0.33
         0.14        3657.1         4.140    Nov  8 15:32:45      1175     0.33
         0.14        3661.5         4.340    Nov  8 15:32:47      1177     0.33
         0.14        3665.6         4.120    Nov  8 15:32:48      1178     0.33
         0.14        3669.9         4.350    Nov  8 15:32:49      1179     0.33
         0.14        3674.1         4.190    Nov  8 15:32:51      1181     0.33
         0.14        3678.4         4.310    Nov  8 15:32:52      1182     0.33
         0.14        3682.7         4.280    Nov  8 15:32:53      1183     0.33
         0.14        3687.0         4.270    Nov  8 15:32:55      1185     0.33
         0.14        3691.3         4.370    Nov  8 15:32:56      1186     0.33
         0.15        3695.7         4.320    Nov  8 15:32:58      1188     0.33
         0.15        3700.1         4.410    Nov  8 15:32:59      1189     0.33
         0.15        3704.3         4.260    Nov  8 15:33:00      1190     0.33
         0.15        3708.6         4.270    Nov  8 15:33:02      1192     0.33
         0.15        3713.0         4.400    Nov  8 15:33:03      1193     0.33
         0.15        3717.3         4.310    Nov  8 15:33:05      1195     0.33
         0.15        3721.6         4.250    Nov  8 15:33:06      1196     0.33
         0.15        3725.9         4.350    Nov  8 15:33:07      1197     0.33
         0.15        3730.3         4.360    Nov  8 15:33:09      1199     0.33
         0.15        3734.6         4.290    Nov  8 15:33:10      1200     0.33
         0.16        3738.8         4.220    Nov  8 15:33:12      1202     0.33
         0.16        3743.2         4.360    Nov  8 15:33:13      1203     0.33
         0.16        3747.3         4.200    Nov  8 15:33:14      1204     0.33
         0.16        3751.6         4.210    Nov  8 15:33:16      1206     0.34
         0.16        3755.9         4.300    Nov  8 15:33:17      1207     0.34
         0.16        3760.2         4.350    Nov  8 15:33:19      1209     0.34
         0.16        3764.5         4.250    Nov  8 15:33:20      1210     0.34
         0.16        3768.7         4.280    Nov  8 15:33:21      1211     0.34
         0.16        3773.1         4.400    Nov  8 15:33:23      1213     0.34
         0.16        3777.3         4.190    Nov  8 15:33:24      1214     0.34
         0.17        3781.6         4.240    Nov  8 15:33:26      1216     0.34
         0.17        3785.9         4.340    Nov  8 15:33:27      1217     0.34
         0.17        3788.8         2.900    Nov  8 15:33:28      1218     0.34
         0.17        3791.7         2.850    Nov  8 15:33:29      1219     0.34
         0.17        3794.5         2.870    Nov  8 15:33:30      1220     0.34
         0.17        3797.4         2.830    Nov  8 15:33:31      1221     0.34
         0.17        3800.2         2.890    Nov  8 15:33:32      1222     0.34
         0.17        3803.1         2.830    Nov  8 15:33:33      1223     0.34
         0.17        3806.1         3.010    Nov  8 15:33:34      1224     0.34
         0.17        3809.0         2.900    Nov  8 15:33:34      1224     0.34
         0.18        3811.8         2.810    Nov  8 15:33:35      1225     0.34
         0.18        3814.7         2.880    Nov  8 15:33:36      1226     0.34
         0.18        3817.5         2.850    Nov  8 15:33:37      1227     0.34
         0.18        3820.4         2.860    Nov  8 15:33:38      1228     0.34
         0.18        3823.2         2.810    Nov  8 15:33:39      1229     0.34
         0.18        3826.0         2.840    Nov  8 15:33:40      1230     0.34
         0.18        3828.9         2.900    Nov  8 15:33:41      1231     0.34
         0.18        3831.8         2.820    Nov  8 15:33:42      1232     0.34
         0.18        3834.7         2.920    Nov  8 15:33:43      1233     0.34
         0.18        3837.6         2.930    Nov  8 15:33:44      1234     0.34
         0.19        3840.6         3.000    Nov  8 15:33:45      1235     0.34
         0.19        3843.5         2.900    Nov  8 15:33:46      1236     0.34
         0.19        3846.2         2.710    Nov  8 15:33:47      1237     0.34
         0.19        3849.1         2.910    Nov  8 15:33:48      1238     0.34
         0.19        3852.0         2.890    Nov  8 15:33:49      1239     0.34
         0.19        3854.9         2.910    Nov  8 15:33:49      1239     0.34
         0.19        3857.8         2.900    Nov  8 15:33:50      1240     0.34
         0.19        3860.6         2.810    Nov  8 15:33:51      1241     0.34
         0.19        3863.4         2.810    Nov  8 15:33:52      1242     0.34
         0.19        3866.4         2.950    Nov  8 15:33:53      1243     0.35
         0.20        3869.2         2.850    Nov  8 15:33:54      1244     0.35
         0.20        3872.1         2.800    Nov  8 15:33:55      1245     0.35
         0.20        3875.0         2.950    Nov  8 15:33:56      1246     0.35
         0.20        3877.8         2.840    Nov  8 15:33:57      1247     0.35
         0.20        3880.8         2.960    Nov  8 15:33:58      1248     0.35
         0.20        3883.7         2.880    Nov  8 15:33:59      1249     0.35
         0.20        3886.6         2.960    Nov  8 15:34:00      1250     0.35
         0.20        3889.6         2.920    Nov  8 15:34:01      1251     0.35
         0.20        3892.2         2.650    Nov  8 15:34:02      1252     0.35
         0.20        3895.0         2.820    Nov  8 15:34:03      1253     0.35
         0.21        3897.9         2.850    Nov  8 15:34:03      1253     0.35
         0.21        3900.8         2.910    Nov  8 15:34:04      1254     0.35
         0.21        3903.6         2.850    Nov  8 15:34:05      1255     0.35
         0.21        3906.5         2.890    Nov  8 15:34:06      1256     0.35
         0.21        3909.4         2.900    Nov  8 15:34:07      1257     0.35
         0.21        3912.3         2.850    Nov  8 15:34:08      1258     0.35
         0.21        3915.2         2.870    Nov  8 15:34:09      1259     0.35
         0.21        3918.0         2.880    Nov  8 15:34:10      1260     0.35
         0.21        3920.9         2.850    Nov  8 15:34:11      1261     0.35
         0.21        3923.7         2.860    Nov  8 15:34:12      1262     0.35
         0.22        3926.6         2.810    Nov  8 15:34:13      1263     0.35
         0.22        3929.5         2.900    Nov  8 15:34:14      1264     0.35
         0.22        3932.3         2.900    Nov  8 15:34:15      1265     0.35
         0.22        3935.3         2.950    Nov  8 15:34:16      1266     0.35
         0.22        3938.2         2.890    Nov  8 15:34:17      1267     0.35
         0.22        3941.0         2.820    Nov  8 15:34:17      1267     0.35
         0.22        3943.9         2.870    Nov  8 15:34:18      1268     0.35
         0.22        3946.7         2.780    Nov  8 15:34:19      1269     0.35
         0.22        3949.5         2.890    Nov  8 15:34:20      1270     0.35
         0.22        3952.4         2.850    Nov  8 15:34:21      1271     0.35
         0.23        3955.3         2.890    Nov  8 15:34:22      1272     0.35
         0.23        3958.1         2.850    Nov  8 15:34:23      1273     0.35
         0.23        3961.0         2.850    Nov  8 15:34:24      1274     0.35
         0.23        3963.9         2.940    Nov  8 15:34:25      1275     0.35
         0.23        3966.7         2.810    Nov  8 15:34:26      1276     0.35
         0.23        3969.6         2.900    Nov  8 15:34:27      1277     0.35
         0.23        3972.5         2.820    Nov  8 15:34:28      1278     0.35
         0.23        3975.4         2.890    Nov  8 15:34:29      1279     0.36
         0.23        3978.3         2.920    Nov  8 15:34:30      1280     0.36
         0.23        3981.1         2.860    Nov  8 15:34:31      1281     0.36
         0.24        3984.0         2.880    Nov  8 15:34:32      1282     0.36
         0.24        3986.9         2.860    Nov  8 15:34:32      1282     0.36
         0.24        3989.7         2.860    Nov  8 15:34:33      1283     0.36
         0.24        3992.5         2.790    Nov  8 15:34:34      1284     0.36
         0.24        3995.5         2.960    Nov  8 15:34:35      1285     0.36
         0.24        3998.3         2.870    Nov  8 15:34:36      1286     0.36
         0.24        4001.2         2.830    Nov  8 15:34:37      1287     0.36
         0.24        4004.1         2.880    Nov  8 15:34:38      1288     0.36
         0.24        4006.9         2.880    Nov  8 15:34:39      1289     0.36
         0.24        4009.9         2.930    Nov  8 15:34:40      1290     0.36
         0.25        4012.7         2.870    Nov  8 15:34:41      1291     0.36
         0.25        4015.6         2.870    Nov  8 15:34:42      1292     0.36
         0.25        4018.5         2.840    Nov  8 15:34:43      1293     0.36
         0.25        4021.3         2.820    Nov  8 15:34:44      1294     0.36
         0.25        4022.8         1.490    Nov  8 15:34:44      1294     0.36
         0.25        4024.5         1.760    Nov  8 15:34:45      1295     0.36
         0.25        4026.1         1.560    Nov  8 15:34:45      1295     0.36
         0.25        4027.7         1.630    Nov  8 15:34:46      1296     0.36
         0.25        4029.3         1.640    Nov  8 15:34:47      1297     0.36
         0.25        4031.0         1.680    Nov  8 15:34:47      1297     0.36
         0.26        4032.6         1.560    Nov  8 15:34:48      1298     0.36
         0.26        4034.2         1.660    Nov  8 15:34:48      1298     0.36
         0.26        4036.0         1.740    Nov  8 15:34:49      1299     0.36
         0.26        4037.6         1.580    Nov  8 15:34:50      1300     0.36
         0.26        4039.3         1.700    Nov  8 15:34:50      1300     0.36
         0.26        4040.9         1.660    Nov  8 15:34:51      1301     0.36
         0.26        4042.5         1.610    Nov  8 15:34:51      1301     0.36
         0.26        4044.2         1.670    Nov  8 15:34:52      1302     0.36
         0.26        4045.7         1.510    Nov  8 15:34:53      1303     0.36
         0.26        4047.4         1.690    Nov  8 15:34:53      1303     0.36
         0.27        4049.0         1.600    Nov  8 15:34:54      1304     0.36
         0.27        4050.7         1.640    Nov  8 15:34:54      1304     0.36
         0.27        4052.2         1.580    Nov  8 15:34:55      1305     0.36
         0.27        4053.9         1.650    Nov  8 15:34:56      1306     0.36
         0.27        4055.5         1.610    Nov  8 15:34:56      1306     0.36
         0.27        4057.2         1.690    Nov  8 15:34:57      1307     0.36
         0.27        4058.8         1.570    Nov  8 15:34:57      1307     0.36
         0.27        4060.3         1.590    Nov  8 15:34:58      1308     0.36
         0.27        4061.9         1.590    Nov  8 15:34:59      1309     0.36
         0.27        4063.5         1.600    Nov  8 15:34:59      1309     0.36
         0.28        4065.2         1.700    Nov  8 15:35:00      1310     0.36
         0.28        4066.8         1.590    Nov  8 15:35:00      1310     0.36
         0.28        4068.4         1.590    Nov  8 15:35:01      1311     0.36
         0.28        4070.1         1.680    Nov  8 15:35:02      1312     0.36
         0.28        4071.7         1.590    Nov  8 15:35:02      1312     0.36
         0.28        4073.3         1.630    Nov  8 15:35:03      1313     0.36
         0.28        4074.9         1.570    Nov  8 15:35:03      1313     0.36
         0.28        4076.5         1.670    Nov  8 15:35:04      1314     0.36
         0.28        4078.3         1.770    Nov  8 15:35:05      1315     0.37
         0.28        4079.8         1.530    Nov  8 15:35:05      1315     0.37
         0.29        4081.6         1.710    Nov  8 15:35:06      1316     0.37
         0.29        4083.1         1.560    Nov  8 15:35:06      1316     0.37
         0.29        4084.7         1.570    Nov  8 15:35:07      1317     0.37
         0.29        4086.3         1.640    Nov  8 15:35:08      1318     0.37
         0.29        4087.9         1.610    Nov  8 15:35:08      1318     0.37
         0.29        4089.5         1.580    Nov  8 15:35:09      1319     0.37
         0.29        4091.1         1.610    Nov  8 15:35:09      1319     0.37
         0.29        4092.6         1.520    Nov  8 15:35:10      1320     0.37
         0.29        4094.4         1.750    Nov  8 15:35:11      1321     0.37
         0.29        4096.0         1.610    Nov  8 15:35:11      1321     0.37
         0.30        4097.6         1.620    Nov  8 15:35:12      1322     0.37
         0.30        4099.4         1.790    Nov  8 15:35:12      1322     0.37
         0.30        4102.6         3.140    Nov  8 15:35:13      1323     0.37
         0.30        4108.3         5.720    Nov  8 15:35:15      1325     0.37
         0.30        4112.7         4.430    Nov  8 15:35:17      1327     0.37
         0.30        4117.2         4.480    Nov  8 15:35:18      1328     0.37
         0.30        4121.5         4.340    Nov  8 15:35:19      1329     0.37
         0.30        4125.8         4.300    Nov  8 15:35:21      1331     0.37
         0.30        4130.1         4.310    Nov  8 15:35:22      1332     0.37
         0.30        4133.0         2.850    Nov  8 15:35:23      1333     0.37
         0.31        4135.7         2.710    Nov  8 15:35:24      1334     0.37
         0.31        4138.5         2.830    Nov  8 15:35:25      1335     0.37
         0.31        4141.5         2.940    Nov  8 15:35:26      1336     0.37
         0.31        4144.4         2.920    Nov  8 15:35:27      1337     0.37
         0.31        4145.9         1.460    Nov  8 15:35:27      1337     0.37
         0.31        4147.4         1.570    Nov  8 15:35:28      1338     0.37
         0.31        4149.0         1.600    Nov  8 15:35:28      1338     0.37
         0.31        4150.6         1.610    Nov  8 15:35:29      1339     0.37
         0.31        4152.1         1.470    Nov  8 15:35:29      1339     0.37
         0.31        4153.9         1.810    Nov  8 15:35:30      1340     0.37
         0.32        4155.5         1.600    Nov  8 15:35:31      1341     0.37
         0.32        4157.0         1.500    Nov  8 15:35:31      1341     0.37
         0.32        4158.6         1.600    Nov  8 15:35:32      1342     0.37
         0.32        4160.1         1.490    Nov  8 15:35:32      1342     0.37
         0.32        4161.9         1.770    Nov  8 15:35:33      1343     0.37
         0.32        4163.4         1.540    Nov  8 15:35:34      1344     0.37
         0.32        4165.0         1.550    Nov  8 15:35:34      1344     0.37
         0.32        4166.6         1.630    Nov  8 15:35:35      1345     0.37
         0.32        4168.1         1.480    Nov  8 15:35:35      1345     0.37
         0.32        4169.8         1.690    Nov  8 15:35:36      1346     0.37
         0.33        4171.3         1.580    Nov  8 15:35:37      1347     0.37
         0.33        4172.8         1.500    Nov  8 15:35:37      1347     0.37
         0.33        4174.5         1.690    Nov  8 15:35:38      1348     0.37
         0.33        4176.0         1.460    Nov  8 15:35:38      1348     0.37
         0.33        4177.5         1.510    Nov  8 15:35:39      1349     0.37
         0.33        4179.1         1.600    Nov  8 15:35:39      1349     0.37
         0.33        4180.7         1.630    Nov  8 15:35:40      1350     0.38
         0.33        4182.4         1.640    Nov  8 15:35:41      1351     0.38
         0.33        4184.1         1.700    Nov  8 15:35:41      1351     0.38
         0.33        4185.6         1.580    Nov  8 15:35:42      1352     0.38
         0.34        4187.3         1.640    Nov  8 15:35:42      1352     0.38
         0.34        4188.9         1.630    Nov  8 15:35:43      1353     0.38
         0.34        4190.5         1.610    Nov  8 15:35:44      1354     0.38
         0.34        4192.0         1.430    Nov  8 15:35:44      1354     0.38
         0.34        4193.5         1.560    Nov  8 15:35:45      1355     0.38
         0.34        4195.1         1.560    Nov  8 15:35:45      1355     0.38
         0.34        4196.8         1.750    Nov  8 15:35:46      1356     0.38
         0.34        4198.4         1.590    Nov  8 15:35:46      1356     0.38
         0.34        4199.9         1.510    Nov  8 15:35:47      1357     0.38
         0.34        4201.5         1.600    Nov  8 15:35:48      1358     0.38
         0.35        4203.2         1.680    Nov  8 15:35:48      1358     0.38
         0.35        4204.8         1.610    Nov  8 15:35:49      1359     0.38
         0.35        4206.4         1.610    Nov  8 15:35:49      1359     0.38
         0.35        4208.0         1.570    Nov  8 15:35:50      1360     0.38
         0.35        4209.6         1.580    Nov  8 15:35:51      1361     0.38
         0.35        4211.2         1.590    Nov  8 15:35:51      1361     0.38
         0.35        4212.7         1.570    Nov  8 15:35:52      1362     0.38
         0.35        4214.4         1.640    Nov  8 15:35:52      1362     0.38
         0.35        4215.9         1.550    Nov  8 15:35:53      1363     0.38
         0.35        4217.4         1.500    Nov  8 15:35:54      1364     0.38
         0.36        4218.7         1.310    Nov  8 15:35:54      1364     0.38
         0.36        4220.3         1.550    Nov  8 15:35:55      1365     0.38
         0.36        4221.9         1.650    Nov  8 15:35:55      1365     0.38
         0.36        4223.5         1.520    Nov  8 15:35:56      1366     0.38
         0.36        4225.0         1.580    Nov  8 15:35:56      1366     0.38
         0.36        4226.6         1.610    Nov  8 15:35:57      1367     0.38
         0.36        4228.2         1.550    Nov  8 15:35:58      1368     0.38
         0.36        4229.9         1.650    Nov  8 15:35:58      1368     0.38
         0.36        4231.4         1.560    Nov  8 15:35:59      1369     0.38
         0.36        4232.9         1.540    Nov  8 15:35:59      1369     0.38
         0.37        4234.6         1.660    Nov  8 15:36:00      1370     0.38
         0.37        4236.1         1.530    Nov  8 15:36:01      1371     0.38
         0.37        4237.8         1.680    Nov  8 15:36:01      1371     0.38
         0.37        4239.4         1.620    Nov  8 15:36:02      1372     0.38
         0.37        4240.9         1.500    Nov  8 15:36:02      1372     0.38
         0.37        4242.6         1.670    Nov  8 15:36:03      1373     0.38
         0.37        4244.2         1.570    Nov  8 15:36:04      1374     0.38
         0.37        4245.8         1.630    Nov  8 15:36:04      1374     0.38
         0.37        4247.4         1.550    Nov  8 15:36:05      1375     0.38
         0.37        4248.9         1.590    Nov  8 15:36:05      1375     0.38
         0.38        4250.6         1.630    Nov  8 15:36:06      1376     0.38
         0.38        4252.2         1.570    Nov  8 15:36:07      1377     0.38
         0.38        4253.8         1.660    Nov  8 15:36:07      1377     0.38
         0.38        4255.4         1.580    Nov  8 15:36:08      1378     0.38
         0.38        4257.0         1.650    Nov  8 15:36:08      1378     0.38
         0.38        4258.7         1.620    Nov  8 15:36:09      1379     0.38
         0.38        4260.1         1.430    Nov  8 15:36:10      1380     0.38
         0.38        4261.8         1.660    Nov  8 15:36:10      1380     0.38
         0.38        4263.3         1.590    Nov  8 15:36:11      1381     0.38
         0.38        4264.9         1.550    Nov  8 15:36:11      1381     0.38
         0.39        4266.6         1.680    Nov  8 15:36:12      1382     0.38
         0.39        4268.2         1.590    Nov  8 15:36:13      1383     0.38
         0.39        4269.8         1.640    Nov  8 15:36:13      1383     0.38
         0.39        4271.4         1.550    Nov  8 15:36:14      1384     0.38
         0.39        4272.9         1.570    Nov  8 15:36:14      1384     0.38
         0.39        4274.6         1.660    Nov  8 15:36:15      1385     0.38
         0.39        4276.2         1.630    Nov  8 15:36:16      1386     0.39
         0.39        4277.8         1.640    Nov  8 15:36:16      1386     0.39
         0.39        4279.5         1.620    Nov  8 15:36:17      1387     0.39
         0.39        4281.1         1.620    Nov  8 15:36:17      1387     0.39
         0.40        4282.7         1.600    Nov  8 15:36:18      1388     0.39
         0.40        4284.2         1.560    Nov  8 15:36:19      1389     0.39
         0.40        4285.9         1.660    Nov  8 15:36:19      1389     0.39
         0.40        4287.3         1.370    Nov  8 15:36:20      1390     0.39
         0.40        4288.9         1.590    Nov  8 15:36:20      1390     0.39
         0.40        4290.5         1.640    Nov  8 15:36:21      1391     0.39
         0.40        4292.1         1.590    Nov  8 15:36:21      1391     0.39
         0.40        4293.7         1.640    Nov  8 15:36:22      1392     0.39
         0.40        4295.3         1.550    Nov  8 15:36:23      1393     0.39
         0.40        4296.8         1.530    Nov  8 15:36:23      1393     0.39
         0.41        4298.4         1.620    Nov  8 15:36:24      1394     0.39
         0.41        4300.0         1.520    Nov  8 15:36:24      1394     0.39
         0.41        4301.6         1.590    Nov  8 15:36:25      1395     0.39
         0.41        4303.1         1.560    Nov  8 15:36:26      1396     0.39
         0.41        4304.7         1.600    Nov  8 15:36:26      1396     0.39
         0.41        4306.3         1.600    Nov  8 15:36:27      1397     0.39
         0.41        4307.9         1.590    Nov  8 15:36:27      1397     0.39
         0.41        4309.6         1.700    Nov  8 15:36:28      1398     0.39
         0.41        4311.2         1.610    Nov  8 15:36:29      1399     0.39
         0.41        4312.8         1.580    Nov  8 15:36:29      1399     0.39
         0.42        4314.4         1.640    Nov  8 15:36:30      1400     0.39
         0.42        4316.0         1.570    Nov  8 15:36:30      1400     0.39
         0.42        4317.7         1.680    Nov  8 15:36:31      1401     0.39
         0.42        4319.2         1.560    Nov  8 15:36:32      1402     0.39
         0.42        4320.8         1.610    Nov  8 15:36:32      1402     0.39
         0.42        4322.5         1.690    Nov  8 15:36:33      1403     0.39
         0.42        4324.1         1.510    Nov  8 15:36:33      1403     0.39
         0.42        4325.8         1.710    Nov  8 15:36:34      1404     0.39
         0.42        4327.4         1.650    Nov  8 15:36:35      1405     0.39
         0.42        4328.9         1.540    Nov  8 15:36:35      1405     0.39
         0.43        4330.6         1.660    Nov  8 15:36:36      1406     0.39
         0.43        4332.2         1.600    Nov  8 15:36:36      1406     0.39
         0.43        4333.9         1.710    Nov  8 15:36:37      1407     0.39
         0.43        4335.5         1.610    Nov  8 15:36:38      1408     0.39
         0.43        4337.1         1.620    Nov  8 15:36:38      1408     0.39
         0.43        4338.9         1.710    Nov  8 15:36:39      1409     0.39
         0.43        4340.4         1.560    Nov  8 15:36:39      1409     0.39
         0.43        4342.0         1.620    Nov  8 15:36:40      1410     0.39
         0.43        4343.6         1.560    Nov  8 15:36:41      1411     0.39
         0.43        4345.2         1.630    Nov  8 15:36:41      1411     0.39
         0.44        4346.9         1.680    Nov  8 15:36:42      1412     0.39
         0.44        4348.5         1.580    Nov  8 15:36:42      1412     0.39
         0.44        4350.2         1.690    Nov  8 15:36:43      1413     0.39
         0.44        4351.8         1.610    Nov  8 15:36:44      1414     0.39
         0.44        4353.4         1.570    Nov  8 15:36:44      1414     0.39
         0.44        4355.1         1.720    Nov  8 15:36:45      1415     0.39
         0.44        4356.7         1.580    Nov  8 15:36:45      1415     0.39
         0.44        4358.4         1.690    Nov  8 15:36:46      1416     0.39
         0.44        4359.8         1.470    Nov  8 15:36:47      1417     0.39
         0.44        4361.4         1.590    Nov  8 15:36:47      1417     0.39
         0.45        4363.1         1.670    Nov  8 15:36:48      1418     0.39
         0.45        4364.7         1.610    Nov  8 15:36:48      1418     0.39
         0.45        4366.3         1.640    Nov  8 15:36:49      1419     0.39
         0.45        4367.9         1.610    Nov  8 15:36:50      1420     0.39
         0.45        4369.6         1.650    Nov  8 15:36:50      1420     0.39
         0.45        4371.3         1.670    Nov  8 15:36:51      1421     0.39
         0.45        4372.9         1.600    Nov  8 15:36:51      1421     0.39
         0.45        4374.5         1.650    Nov  8 15:36:52      1422     0.40
         0.45        4376.1         1.590    Nov  8 15:36:53      1423     0.40
         0.45        4377.6         1.530    Nov  8 15:36:53      1423     0.40
         0.46        4379.3         1.650    Nov  8 15:36:54      1424     0.40
         0.46        4380.8         1.520    Nov  8 15:36:54      1424     0.40
         0.46        4382.4         1.630    Nov  8 15:36:55      1425     0.40
         0.46        4383.9         1.430    Nov  8 15:36:56      1426     0.40
         0.46        4385.4         1.550    Nov  8 15:36:56      1426     0.40
         0.46        4386.9         1.490    Nov  8 15:36:57      1427     0.40
         0.46        4388.6         1.700    Nov  8 15:36:57      1427     0.40
         0.46        4390.2         1.610    Nov  8 15:36:58      1428     0.40
         0.46        4391.7         1.490    Nov  8 15:36:58      1428     0.40
         0.46        4393.4         1.650    Nov  8 15:36:59      1429     0.40
         0.47        4395.0         1.640    Nov  8 15:37:00      1430     0.40
         0.47        4396.6         1.650    Nov  8 15:37:00      1430     0.40
         0.47        4398.1         1.480    Nov  8 15:37:01      1431     0.40
         0.47        4399.9         1.780    Nov  8 15:37:01      1431     0.40
         0.47        4401.4         1.520    Nov  8 15:37:02      1432     0.40
         0.47        4402.9         1.530    Nov  8 15:37:03      1433     0.40
         0.47        4404.6         1.620    Nov  8 15:37:03      1433     0.40
         0.47        4406.2         1.640    Nov  8 15:37:04      1434     0.40
         0.47        4407.8         1.550    Nov  8 15:37:04      1434     0.40
         0.47        4409.3         1.560    Nov  8 15:37:05      1435     0.40
         0.48        4410.9         1.570    Nov  8 15:37:05      1435     0.40
         0.48        4412.6         1.670    Nov  8 15:37:06      1436     0.40
         0.48        4414.2         1.600    Nov  8 15:37:07      1437     0.40
         0.48        4415.7         1.570    Nov  8 15:37:07      1437     0.40
         0.48        4417.3         1.610    Nov  8 15:37:08      1438     0.40
         0.48        4418.9         1.540    Nov  8 15:37:08      1438     0.40
         0.48        4420.5         1.600    Nov  8 15:37:09      1439     0.40
         0.48        4422.1         1.570    Nov  8 15:37:10      1440     0.40
         0.48        4423.6         1.590    Nov  8 15:37:10      1440     0.40
         0.48        4425.2         1.560    Nov  8 15:37:11      1441     0.40
         0.49        4426.8         1.600    Nov  8 15:37:11      1441     0.40
         0.49        4428.4         1.580    Nov  8 15:37:12      1442     0.40
         0.49        4429.9         1.570    Nov  8 15:37:13      1443     0.40
         0.49        4431.4         1.450    Nov  8 15:37:13      1443     0.40
         0.49        4433.0         1.560    Nov  8 15:37:14      1444     0.40
         0.49        4434.5         1.560    Nov  8 15:37:14      1444     0.40
         0.49        4436.0         1.500    Nov  8 15:37:15      1445     0.40
         0.49        4437.4         1.390    Nov  8 15:37:15      1445     0.40
         0.49        4439.1         1.640    Nov  8 15:37:16      1446     0.40
         0.49        4440.5         1.460    Nov  8 15:37:16      1446     0.40
         0.50        4442.1         1.560    Nov  8 15:37:17      1447     0.40
         0.50        4443.5         1.430    Nov  8 15:37:17      1447     0.40
         0.50        4445.1         1.650    Nov  8 15:37:18      1448     0.40
         0.50        4446.7         1.570    Nov  8 15:37:19      1449     0.40
         0.50        4448.2         1.460    Nov  8 15:37:19      1449     0.40
         0.50        4449.9         1.700    Nov  8 15:37:20      1450     0.40
         0.50        4451.5         1.580    Nov  8 15:37:21      1451     0.40
         0.50        4453.0         1.500    Nov  8 15:37:21      1451     0.40
         0.50        4454.5         1.570    Nov  8 15:37:22      1452     0.40
         0.50        4456.2         1.680    Nov  8 15:37:22      1452     0.40
         0.51        4457.7         1.530    Nov  8 15:37:23      1453     0.40
         0.51        4459.4         1.640    Nov  8 15:37:23      1453     0.40
         0.51        4460.8         1.430    Nov  8 15:37:24      1454     0.40
         0.51        4462.3         1.530    Nov  8 15:37:24      1454     0.40
         0.51        4463.9         1.530    Nov  8 15:37:25      1455     0.40
         0.51        4465.4         1.550    Nov  8 15:37:26      1456     0.40
         0.51        4466.9         1.480    Nov  8 15:37:26      1456     0.40
         0.51        4468.5         1.590    Nov  8 15:37:27      1457     0.40
         0.51        4470.0         1.530    Nov  8 15:37:27      1457     0.40
         0.51        4471.7         1.660    Nov  8 15:37:28      1458     0.41
         0.52        4473.2         1.480    Nov  8 15:37:28      1458     0.41
         0.52        4474.7         1.530    Nov  8 15:37:29      1459     0.41
         0.52        4476.3         1.600    Nov  8 15:37:30      1460     0.41
         0.52        4477.7         1.440    Nov  8 15:37:30      1460     0.41
         0.52        4479.2         1.500    Nov  8 15:37:31      1461     0.41
         0.52        4480.7         1.490    Nov  8 15:37:31      1461     0.41
         0.52        4482.5         1.730    Nov  8 15:37:32      1462     0.41
         0.52        4484.0         1.530    Nov  8 15:37:32      1462     0.41
         0.52        4485.4         1.420    Nov  8 15:37:33      1463     0.41
         0.52        4487.1         1.660    Nov  8 15:37:34      1464     0.41
         0.53        4488.7         1.640    Nov  8 15:37:34      1464     0.41
         0.53        4490.2         1.530    Nov  8 15:37:35      1465     0.41
         0.53        4491.8         1.610    Nov  8 15:37:35      1465     0.41
         0.53        4493.4         1.530    Nov  8 15:37:36      1466     0.41
         0.53        4494.7         1.290    Nov  8 15:37:37      1467     0.41
         0.53        4496.2         1.590    Nov  8 15:37:37      1467     0.41
         0.53        4497.7         1.470    Nov  8 15:37:38      1468     0.41
         0.53        4499.2         1.530    Nov  8 15:37:38      1468     0.41
         0.53        4500.8         1.560    Nov  8 15:37:39      1469     0.41
         0.53        4502.4         1.580    Nov  8 15:37:39      1469     0.41
         0.54        4503.9         1.550    Nov  8 15:37:40      1470     0.41
         0.54        4505.5         1.590    Nov  8 15:37:41      1471     0.41
         0.54        4507.1         1.600    Nov  8 15:37:41      1471     0.41
         0.54        4508.5         1.410    Nov  8 15:37:42      1472     0.41
         0.54        4510.1         1.560    Nov  8 15:37:42      1472     0.41
         0.54        4511.7         1.580    Nov  8 15:37:43      1473     0.41
         0.54        4513.2         1.560    Nov  8 15:37:43      1473     0.41
         0.54        4514.8         1.540    Nov  8 15:37:44      1474     0.41
         0.54        4516.4         1.570    Nov  8 15:37:45      1475     0.41
         0.54        4517.9         1.550    Nov  8 15:37:45      1475     0.41
         0.55        4519.5         1.640    Nov  8 15:37:46      1476     0.41
         0.55        4521.1         1.530    Nov  8 15:37:46      1476     0.41
         0.55        4522.5         1.400    Nov  8 15:37:47      1477     0.41
         0.55        4524.1         1.590    Nov  8 15:37:47      1477     0.41
         0.55        4525.7         1.630    Nov  8 15:37:48      1478     0.41
         0.55        4527.1         1.420    Nov  8 15:37:49      1479     0.41
         0.55        4528.7         1.600    Nov  8 15:37:49      1479     0.41
         0.55        4530.3         1.560    Nov  8 15:37:50      1480     0.41
         0.55        4531.7         1.450    Nov  8 15:37:50      1480     0.41
         0.55        4533.3         1.620    Nov  8 15:37:51      1481     0.41
         0.56        4534.9         1.520    Nov  8 15:37:51      1481     0.41
         0.56        4536.2         1.330    Nov  8 15:37:52      1482     0.41
         0.56        4537.6         1.460    Nov  8 15:37:52      1482     0.41
         0.56        4539.3         1.630    Nov  8 15:37:53      1483     0.41
         0.56        4540.8         1.530    Nov  8 15:37:54      1484     0.41
         0.56        4542.3         1.450    Nov  8 15:37:54      1484     0.41
         0.56        4543.9         1.680    Nov  8 15:37:55      1485     0.41
         0.56        4545.6         1.630    Nov  8 15:37:55      1485     0.41
         0.56        4547.1         1.540    Nov  8 15:37:56      1486     0.41
         0.56        4548.8         1.660    Nov  8 15:37:57      1487     0.41
         0.57        4550.3         1.530    Nov  8 15:37:57      1487     0.41
         0.57        4551.8         1.510    Nov  8 15:37:58      1488     0.41
         0.57        4553.4         1.600    Nov  8 15:37:58      1488     0.41
         0.57        4554.9         1.460    Nov  8 15:37:59      1489     0.41
         0.57        4556.4         1.530    Nov  8 15:37:59      1489     0.41
         0.57        4558.0         1.580    Nov  8 15:38:00      1490     0.41
         0.57        4559.5         1.540    Nov  8 15:38:01      1491     0.41
         0.57        4561.1         1.540    Nov  8 15:38:01      1491     0.41
         0.57        4562.7         1.600    Nov  8 15:38:02      1492     0.41
         0.57        4564.1         1.490    Nov  8 15:38:02      1492     0.41
         0.58        4565.7         1.590    Nov  8 15:38:03      1493     0.41
         0.58        4567.3         1.560    Nov  8 15:38:04      1494     0.41
         0.58        4568.8         1.530    Nov  8 15:38:04      1494     0.41
         0.58        4570.5         1.660    Nov  8 15:38:05      1495     0.42
         0.58        4572.0         1.480    Nov  8 15:38:05      1495     0.42
         0.58        4573.5         1.550    Nov  8 15:38:06      1496     0.42
         0.58        4575.0         1.440    Nov  8 15:38:06      1496     0.42
         0.58        4576.7         1.700    Nov  8 15:38:07      1497     0.42
         0.58        4578.2         1.500    Nov  8 15:38:08      1498     0.42
         0.58        4579.7         1.570    Nov  8 15:38:08      1498     0.42
         0.59        4581.3         1.540    Nov  8 15:38:09      1499     0.42
         0.59        4582.8         1.570    Nov  8 15:38:09      1499     0.42
         0.59        4584.4         1.600    Nov  8 15:38:10      1500     0.42
         0.59        4586.0         1.520    Nov  8 15:38:10      1500     0.42
         0.59        4587.6         1.630    Nov  8 15:38:11      1501     0.42
         0.59        4589.1         1.470    Nov  8 15:38:12      1502     0.42
         0.59        4590.7         1.610    Nov  8 15:38:12      1502     0.42
         0.59        4592.3         1.590    Nov  8 15:38:13      1503     0.42
         0.59        4593.9         1.600    Nov  8 15:38:13      1503     0.42
         0.59        4595.5         1.630    Nov  8 15:38:14      1504     0.42
         0.60        4597.0         1.550    Nov  8 15:38:15      1505     0.42
         0.60        4598.6         1.520    Nov  8 15:38:15      1505     0.42
         0.60        4600.1         1.560    Nov  8 15:38:16      1506     0.42
         0.60        4601.7         1.580    Nov  8 15:38:16      1506     0.42
         0.60        4603.3         1.630    Nov  8 15:38:17      1507     0.42
         0.60        4604.9         1.570    Nov  8 15:38:17      1507     0.42
         0.60        4606.5         1.600    Nov  8 15:38:18      1508     0.42
         0.60        4608.1         1.640    Nov  8 15:38:19      1509     0.42
         0.60        4609.5         1.410    Nov  8 15:38:19      1509     0.42
         0.60        4611.1         1.580    Nov  8 15:38:20      1510     0.42
         0.61        4612.6         1.450    Nov  8 15:38:20      1510     0.42
         0.61        4614.2         1.660    Nov  8 15:38:21      1511     0.42
         0.61        4615.7         1.480    Nov  8 15:38:22      1512     0.42
         0.61        4617.2         1.500    Nov  8 15:38:22      1512     0.42
         0.61        4618.5         1.270    Nov  8 15:38:23      1513     0.42
         0.61        4620.0         1.550    Nov  8 15:38:23      1513     0.42
         0.61        4621.6         1.520    Nov  8 15:38:24      1514     0.42
         0.61        4623.1         1.540    Nov  8 15:38:24      1514     0.42
         0.61        4624.7         1.550    Nov  8 15:38:25      1515     0.42
         0.61        4626.2         1.560    Nov  8 15:38:25      1515     0.42
         0.62        4627.7         1.520    Nov  8 15:38:26      1516     0.42
         0.62        4629.3         1.590    Nov  8 15:38:27      1517     0.42
         0.62        4630.9         1.540    Nov  8 15:38:27      1517     0.42
         0.62        4632.4         1.510    Nov  8 15:38:28      1518     0.42
         0.62        4634.0         1.600    Nov  8 15:38:28      1518     0.42
         0.62        4635.5         1.480    Nov  8 15:38:29      1519     0.42
         0.62        4637.0         1.520    Nov  8 15:38:29      1519     0.42
         0.62        4638.6         1.630    Nov  8 15:38:30      1520     0.42
         0.62        4640.1         1.530    Nov  8 15:38:31      1521     0.42
         0.62        4641.7         1.610    Nov  8 15:38:31      1521     0.42
         0.63        4643.3         1.520    Nov  8 15:38:32      1522     0.42
         0.63        4644.8         1.530    Nov  8 15:38:32      1522     0.42
         0.63        4645.9         1.160    Nov  8 15:38:33      1523     0.42
         0.63        4647.5         1.510    Nov  8 15:38:33      1523     0.42
         0.63        4649.0         1.550    Nov  8 15:38:34      1524     0.42
         0.63        4650.5         1.530    Nov  8 15:38:34      1524     0.42
         0.63        4652.0         1.490    Nov  8 15:38:35      1525     0.42
         0.63        4653.6         1.580    Nov  8 15:38:36      1526     0.42
         0.63        4655.2         1.610    Nov  8 15:38:36      1526     0.42
         0.63        4656.7         1.490    Nov  8 15:38:37      1527     0.42
         0.64        4658.3         1.580    Nov  8 15:38:37      1527     0.42
         0.64        4659.8         1.500    Nov  8 15:38:38      1528     0.42
         0.64        4661.3         1.550    Nov  8 15:38:38      1528     0.42
         0.64        4662.9         1.560    Nov  8 15:38:39      1529     0.42
         0.64        4664.4         1.550    Nov  8 15:38:40      1530     0.42
         0.64        4666.0         1.510    Nov  8 15:38:40      1530     0.42
         0.64        4667.6         1.640    Nov  8 15:38:41      1531     0.43
         0.64        4669.1         1.520    Nov  8 15:38:41      1531     0.43
         0.64        4670.6         1.490    Nov  8 15:38:42      1532     0.43
         0.64        4672.2         1.620    Nov  8 15:38:42      1532     0.43
         0.65        4673.8         1.580    Nov  8 15:38:43      1533     0.43
         0.65        4675.4         1.580    Nov  8 15:38:44      1534     0.43
         0.65        4677.0         1.570    Nov  8 15:38:44      1534     0.43
         0.65        4678.5         1.540    Nov  8 15:38:45      1535     0.43
         0.65        4680.1         1.630    Nov  8 15:38:45      1535     0.43
         0.65        4681.6         1.470    Nov  8 15:38:46      1536     0.43
         0.65        4683.1         1.540    Nov  8 15:38:47      1537     0.43
         0.65        4684.6         1.450    Nov  8 15:38:47      1537     0.43
         0.65        4686.3         1.680    Nov  8 15:38:48      1538     0.43
         0.65        4687.5         1.240    Nov  8 15:38:48      1538     0.43
         0.66        4689.0         1.460    Nov  8 15:38:49      1539     0.43
         0.66        4690.7         1.680    Nov  8 15:38:49      1539     0.43
         0.66        4692.3         1.660    Nov  8 15:38:50      1540     0.43
         0.66        4693.9         1.610    Nov  8 15:38:51      1541     0.43
         0.66        4695.4         1.490    Nov  8 15:38:51      1541     0.43
         0.66        4697.0         1.570    Nov  8 15:38:52      1542     0.43
         0.66        4698.5         1.500    Nov  8 15:38:52      1542     0.43
         0.66        4700.2         1.680    Nov  8 15:38:53      1543     0.43
         0.66        4701.6         1.480    Nov  8 15:38:53      1543     0.43
         0.66        4703.2         1.560    Nov  8 15:38:54      1544     0.43
         0.67        4704.6         1.450    Nov  8 15:38:54      1544     0.43
         0.67        4706.3         1.650    Nov  8 15:38:55      1545     0.43
         0.67        4707.9         1.550    Nov  8 15:38:56      1546     0.43
         0.67        4709.3         1.450    Nov  8 15:38:56      1546     0.43
         0.67        4710.8         1.460    Nov  8 15:38:57      1547     0.43
         0.67        4712.2         1.490    Nov  8 15:38:57      1547     0.43
         0.67        4714.0         1.730    Nov  8 15:38:58      1548     0.43
         0.67        4715.3         1.290    Nov  8 15:38:58      1548     0.43
         0.67        4716.8         1.550    Nov  8 15:38:59      1549     0.43
         0.67        4718.4         1.550    Nov  8 15:39:00      1550     0.43
         0.68        4719.9         1.560    Nov  8 15:39:00      1550     0.43
         0.68        4721.6         1.620    Nov  8 15:39:01      1551     0.43
         0.68        4723.1         1.500    Nov  8 15:39:01      1551     0.43
         0.68        4724.7         1.640    Nov  8 15:39:02      1552     0.43
         0.68        4726.2         1.540    Nov  8 15:39:03      1553     0.43
         0.68        4727.8         1.560    Nov  8 15:39:03      1553     0.43
         0.68        4729.2         1.460    Nov  8 15:39:04      1554     0.43
         0.68        4730.8         1.570    Nov  8 15:39:04      1554     0.43
         0.68        4732.5         1.640    Nov  8 15:39:05      1555     0.43
         0.68        4734.0         1.510    Nov  8 15:39:05      1555     0.43
         0.69        4735.6         1.580    Nov  8 15:39:06      1556     0.43
         0.69        4737.2         1.650    Nov  8 15:39:07      1557     0.43
         0.69        4738.8         1.570    Nov  8 15:39:07      1557     0.43
         0.69        4740.3         1.570    Nov  8 15:39:08      1558     0.43
         0.69        4741.9         1.560    Nov  8 15:39:08      1558     0.43
         0.69        4743.4         1.510    Nov  8 15:39:09      1559     0.43
         0.69        4745.0         1.630    Nov  8 15:39:10      1560     0.43
         0.69        4746.6         1.550    Nov  8 15:39:10      1560     0.43
         0.69        4748.2         1.620    Nov  8 15:39:11      1561     0.43
         0.69        4749.8         1.580    Nov  8 15:39:11      1561     0.43
         0.70        4751.3         1.500    Nov  8 15:39:12      1562     0.43
         0.70        4752.9         1.640    Nov  8 15:39:13      1563     0.43
         0.70        4754.5         1.560    Nov  8 15:39:13      1563     0.43
         0.70        4756.1         1.560    Nov  8 15:39:14      1564     0.43
         0.70        4757.6         1.570    Nov  8 15:39:14      1564     0.43
         0.70        4759.2         1.540    Nov  8 15:39:15      1565     0.43
         0.70        4760.6         1.460    Nov  8 15:39:15      1565     0.43
         0.70        4762.2         1.600    Nov  8 15:39:16      1566     0.43
         0.70        4763.7         1.490    Nov  8 15:39:17      1567     0.44
         0.70        4765.2         1.450    Nov  8 15:39:17      1567     0.44
         0.71        4766.9         1.730    Nov  8 15:39:18      1568     0.44
         0.71        4768.6         1.690    Nov  8 15:39:18      1568     0.44
         0.71        4770.1         1.550    Nov  8 15:39:19      1569     0.44
         0.71        4771.8         1.620    Nov  8 15:39:20      1570     0.44
         0.71        4773.4         1.650    Nov  8 15:39:20      1570     0.44
         0.71        4775.0         1.620    Nov  8 15:39:21      1571     0.44
         0.71        4776.6         1.620    Nov  8 15:39:21      1571     0.44
         0.71        4778.2         1.530    Nov  8 15:39:22      1572     0.44
         0.71        4779.9         1.780    Nov  8 15:39:22      1572     0.44
         0.71        4781.7         1.740    Nov  8 15:39:23      1573     0.44
         0.72        4783.4         1.730    Nov  8 15:39:24      1574     0.44
         0.72        4786.2         2.830    Nov  8 15:39:25      1575     0.44
         0.72        4789.1         2.870    Nov  8 15:39:26      1576     0.44
         0.72        4792.1         2.930    Nov  8 15:39:27      1577     0.44
         0.72        4795.0         2.950    Nov  8 15:39:27      1577     0.44
         0.72        4797.9         2.940    Nov  8 15:39:28      1578     0.44
         0.72        4800.8         2.860    Nov  8 15:39:29      1579     0.44
         0.72        4803.6         2.800    Nov  8 15:39:30      1580     0.44
         0.72        4806.5         2.890    Nov  8 15:39:31      1581     0.44
         0.72        4809.3         2.830    Nov  8 15:39:32      1582     0.44
         0.73        4812.2         2.880    Nov  8 15:39:33      1583     0.44
         0.73        4813.7         1.500    Nov  8 15:39:33      1583     0.44
         0.73        4815.3         1.630    Nov  8 15:39:34      1584     0.44
         0.73        4816.9         1.540    Nov  8 15:39:35      1585     0.44
         0.73        4818.5         1.630    Nov  8 15:39:35      1585     0.44
         0.73        4820.1         1.630    Nov  8 15:39:36      1586     0.44
         0.73        4821.7         1.560    Nov  8 15:39:36      1586     0.44
         0.73        4823.3         1.630    Nov  8 15:39:37      1587     0.44
         0.73        4825.0         1.660    Nov  8 15:39:38      1588     0.44
         0.73        4826.7         1.720    Nov  8 15:39:38      1588     0.44
         0.74        4828.2         1.530    Nov  8 15:39:39      1589     0.44
         0.74        4829.8         1.540    Nov  8 15:39:39      1589     0.44
         0.74        4831.4         1.650    Nov  8 15:39:40      1590     0.44
         0.74        4833.1         1.720    Nov  8 15:39:41      1591     0.44
         0.74        4834.8         1.610    Nov  8 15:39:41      1591     0.44
         0.74        4836.3         1.590    Nov  8 15:39:42      1592     0.44
         0.74        4838.0         1.710    Nov  8 15:39:42      1592     0.44
         0.74        4839.7         1.620    Nov  8 15:39:43      1593     0.44
         0.74        4841.2         1.540    Nov  8 15:39:44      1594     0.44
         0.74        4842.9         1.680    Nov  8 15:39:44      1594     0.44
         0.75        4844.5         1.560    Nov  8 15:39:45      1595     0.44
         0.75        4845.9         1.410    Nov  8 15:39:45      1595     0.44
         0.75        4847.4         1.520    Nov  8 15:39:46      1596     0.44
         0.75        4849.1         1.670    Nov  8 15:39:46      1596     0.44
         0.75        4850.6         1.520    Nov  8 15:39:47      1597     0.44
         0.75        4852.1         1.530    Nov  8 15:39:47      1597     0.44
         0.75        4853.6         1.510    Nov  8 15:39:48      1598     0.44
         0.75        4855.3         1.650    Nov  8 15:39:49      1599     0.44
         0.75        4856.9         1.660    Nov  8 15:39:49      1599     0.44
         0.75        4858.6         1.660    Nov  8 15:39:50      1600     0.44
         0.76        4860.2         1.660    Nov  8 15:39:51      1601     0.44
         0.76        4861.9         1.610    Nov  8 15:39:51      1601     0.44
         0.76        4863.3         1.500    Nov  8 15:39:52      1602     0.45
         0.76        4865.1         1.760    Nov  8 15:39:52      1602     0.45
         0.76        4866.8         1.670    Nov  8 15:39:53      1603     0.45
         0.76        4868.4         1.620    Nov  8 15:39:54      1604     0.45
         0.76        4869.9         1.530    Nov  8 15:39:54      1604     0.45
         0.76        4871.5         1.590    Nov  8 15:39:55      1605     0.45
         0.76        4873.1         1.620    Nov  8 15:39:55      1605     0.45
         0.76        4874.7         1.570    Nov  8 15:39:56      1606     0.45
         0.77        4876.2         1.480    Nov  8 15:39:56      1606     0.45
         0.77        4877.9         1.710    Nov  8 15:39:57      1607     0.45
         0.77        4879.5         1.590    Nov  8 15:39:58      1608     0.45
         0.77        4881.1         1.570    Nov  8 15:39:58      1608     0.45
         0.77        4882.6         1.570    Nov  8 15:39:59      1609     0.45
         0.77        4884.2         1.590    Nov  8 15:39:59      1609     0.45
         0.77        4885.7         1.490    Nov  8 15:40:00      1610     0.45
         0.77        4887.4         1.700    Nov  8 15:40:01      1611     0.45
         0.77        4888.9         1.520    Nov  8 15:40:01      1611     0.45
         0.77        4890.5         1.610    Nov  8 15:40:02      1612     0.45
         0.78        4892.1         1.610    Nov  8 15:40:02      1612     0.45
         0.78        4893.7         1.510    Nov  8 15:40:03      1613     0.45
         0.78        4895.2         1.540    Nov  8 15:40:04      1614     0.45
         0.78        4896.7         1.470    Nov  8 15:40:04      1614     0.45
         0.78        4898.3         1.590    Nov  8 15:40:05      1615     0.45
         0.78        4899.9         1.600    Nov  8 15:40:05      1615     0.45
         0.78        4901.4         1.510    Nov  8 15:40:06      1616     0.45
         0.78        4902.9         1.500    Nov  8 15:40:06      1616     0.45
         0.78        4904.4         1.540    Nov  8 15:40:07      1617     0.45
         0.78        4905.9         1.520    Nov  8 15:40:08      1618     0.45
         0.79        4907.5         1.600    Nov  8 15:40:08      1618     0.45
         0.79        4909.1         1.540    Nov  8 15:40:09      1619     0.45
         0.79        4910.6         1.550    Nov  8 15:40:09      1619     0.45
         0.79        4912.1         1.480    Nov  8 15:40:10      1620     0.45
         0.79        4913.7         1.560    Nov  8 15:40:10      1620     0.45
         0.79        4915.2         1.490    Nov  8 15:40:11      1621     0.45
         0.79        4916.8         1.670    Nov  8 15:40:11      1621     0.45
         0.79        4918.4         1.570    Nov  8 15:40:12      1622     0.45
         0.79        4919.9         1.550    Nov  8 15:40:13      1623     0.45
         0.79        4921.4         1.470    Nov  8 15:40:13      1623     0.45
         0.80        4923.0         1.630    Nov  8 15:40:14      1624     0.45
         0.80        4924.6         1.530    Nov  8 15:40:14      1624     0.45
         0.80        4926.1         1.520    Nov  8 15:40:15      1625     0.45
         0.80        4927.8         1.660    Nov  8 15:40:15      1625     0.45
         0.80        4929.3         1.530    Nov  8 15:40:16      1626     0.45
         0.80        4930.9         1.630    Nov  8 15:40:17      1627     0.45
         0.80        4932.5         1.610    Nov  8 15:40:17      1627     0.45
         0.80        4934.1         1.560    Nov  8 15:40:18      1628     0.45
         0.80        4935.6         1.500    Nov  8 15:40:18      1628     0.45
         0.80        4937.1         1.500    Nov  8 15:40:19      1629     0.45
         0.81        4938.6         1.540    Nov  8 15:40:20      1630     0.45
         0.81        4940.1         1.470    Nov  8 15:40:20      1630     0.45
         0.81        4941.6         1.550    Nov  8 15:40:21      1631     0.45
         0.81        4943.2         1.530    Nov  8 15:40:21      1631     0.45
         0.81        4944.7         1.570    Nov  8 15:40:22      1632     0.45
         0.81        4946.3         1.540    Nov  8 15:40:23      1633     0.45
         0.81        4947.8         1.480    Nov  8 15:40:23      1633     0.45
         0.81        4949.3         1.550    Nov  8 15:40:24      1634     0.45
         0.81        4950.9         1.550    Nov  8 15:40:24      1634     0.45
         0.81        4952.4         1.540    Nov  8 15:40:25      1635     0.45
         0.82        4954.0         1.560    Nov  8 15:40:25      1635     0.45
         0.82        4955.4         1.480    Nov  8 15:40:26      1636     0.45
         0.82        4957.1         1.630    Nov  8 15:40:27      1637     0.45
         0.82        4958.5         1.470    Nov  8 15:40:27      1637     0.45
         0.82        4960.0         1.500    Nov  8 15:40:28      1638     0.46
         0.82        4961.6         1.600    Nov  8 15:40:28      1638     0.46
         0.82        4963.1         1.480    Nov  8 15:40:29      1639     0.46
         0.82        4964.7         1.550    Nov  8 15:40:29      1639     0.46
         0.82        4966.2         1.530    Nov  8 15:40:30      1640     0.46
         0.82        4967.7         1.470    Nov  8 15:40:31      1641     0.46
         0.83        4969.3         1.600    Nov  8 15:40:31      1641     0.46
         0.83        4970.8         1.510    Nov  8 15:40:32      1642     0.46
         0.83        4972.4         1.600    Nov  8 15:40:32      1642     0.46
         0.83        4973.9         1.520    Nov  8 15:40:33      1643     0.46
         0.83        4975.4         1.500    Nov  8 15:40:34      1644     0.46
         0.83        4976.9         1.540    Nov  8 15:40:34      1644     0.46
         0.83        4978.5         1.530    Nov  8 15:40:35      1645     0.46
         0.83        4980.0         1.580    Nov  8 15:40:35      1645     0.46
         0.83        4981.5         1.480    Nov  8 15:40:36      1646     0.46
         0.83        4983.0         1.490    Nov  8 15:40:36      1646     0.46
         0.84        4984.6         1.600    Nov  8 15:40:37      1647     0.46
         0.84        4986.1         1.520    Nov  8 15:40:38      1648     0.46
         0.84        4987.7         1.540    Nov  8 15:40:38      1648     0.46
         0.84        4989.3         1.590    Nov  8 15:40:39      1649     0.46
         0.84        4990.8         1.550    Nov  8 15:40:39      1649     0.46
         0.84        4992.4         1.530    Nov  8 15:40:40      1650     0.46
         0.84        4993.8         1.450    Nov  8 15:40:40      1650     0.46
         0.84        4995.3         1.470    Nov  8 15:40:41      1651     0.46
         0.84        4996.8         1.510    Nov  8 15:40:42      1652     0.46
         0.84        4998.2         1.410    Nov  8 15:40:42      1652     0.46
         0.85        4999.8         1.560    Nov  8 15:40:43      1653     0.46
         0.85        5001.1         1.360    Nov  8 15:40:43      1653     0.46
         0.85        5002.7         1.570    Nov  8 15:40:44      1654     0.46
         0.85        5004.1         1.410    Nov  8 15:40:44      1654     0.46
         0.85        5005.6         1.530    Nov  8 15:40:45      1655     0.46
         0.85        5007.1         1.490    Nov  8 15:40:45      1655     0.46
         0.85        5008.5         1.370    Nov  8 15:40:46      1656     0.46
         0.85        5010.1         1.630    Nov  8 15:40:47      1657     0.46
         0.85        5011.6         1.510    Nov  8 15:40:47      1657     0.46
         0.85        5013.0         1.420    Nov  8 15:40:48      1658     0.46
         0.86        5014.6         1.590    Nov  8 15:40:48      1658     0.46
         0.86        5016.1         1.520    Nov  8 15:40:49      1659     0.46
         0.86        5017.6         1.470    Nov  8 15:40:49      1659     0.46
         0.86        5019.1         1.510    Nov  8 15:40:50      1660     0.46
         0.86        5020.6         1.460    Nov  8 15:40:51      1661     0.46
         0.86        5022.0         1.430    Nov  8 15:40:51      1661     0.46
         0.86        5023.5         1.520    Nov  8 15:40:52      1662     0.46
         0.86        5025.0         1.500    Nov  8 15:40:52      1662     0.46
         0.86        5026.5         1.500    Nov  8 15:40:53      1663     0.46
         0.86        5028.0         1.500    Nov  8 15:40:53      1663     0.46
         0.87        5029.5         1.480    Nov  8 15:40:54      1664     0.46
         0.87        5031.0         1.510    Nov  8 15:40:54      1664     0.46
         0.87        5032.5         1.510    Nov  8 15:40:55      1665     0.46
         0.87        5034.1         1.530    Nov  8 15:40:56      1666     0.46
         0.87        5035.5         1.400    Nov  8 15:40:56      1666     0.46
         0.87        5037.2         1.690    Nov  8 15:40:57      1667     0.46
         0.87        5038.7         1.570    Nov  8 15:40:57      1667     0.46
         0.87        5040.1         1.420    Nov  8 15:40:58      1668     0.46
         0.87        5041.7         1.530    Nov  8 15:40:58      1668     0.46
         0.87        5043.2         1.500    Nov  8 15:40:59      1669     0.46
         0.88        5044.7         1.470    Nov  8 15:41:00      1670     0.46
         0.88        5046.2         1.540    Nov  8 15:41:00      1670     0.46
         0.88        5047.7         1.500    Nov  8 15:41:01      1671     0.46
         0.88        5049.3         1.570    Nov  8 15:41:01      1671     0.46
         0.88        5050.7         1.470    Nov  8 15:41:02      1672     0.46
         0.88        5052.2         1.450    Nov  8 15:41:02      1672     0.46
         0.88        5053.7         1.550    Nov  8 15:41:03      1673     0.46
         0.88        5055.1         1.400    Nov  8 15:41:03      1673     0.46
         0.88        5056.7         1.560    Nov  8 15:41:04      1674     0.47
         0.88        5058.2         1.540    Nov  8 15:41:05      1675     0.47
         0.89        5059.7         1.440    Nov  8 15:41:05      1675     0.47
         0.89        5061.2         1.540    Nov  8 15:41:06      1676     0.47
         0.89        5062.6         1.380    Nov  8 15:41:06      1676     0.47
         0.89        5064.1         1.460    Nov  8 15:41:07      1677     0.47
         0.89        5065.5         1.470    Nov  8 15:41:07      1677     0.47
         0.89        5067.1         1.580    Nov  8 15:41:08      1678     0.47
         0.89        5068.6         1.540    Nov  8 15:41:09      1679     0.47
         0.89        5070.2         1.510    Nov  8 15:41:09      1679     0.47
         0.89        5071.7         1.510    Nov  8 15:41:10      1680     0.47
         0.89        5073.2         1.560    Nov  8 15:41:10      1680     0.47
         0.90        5074.7         1.500    Nov  8 15:41:11      1681     0.47
         0.90        5076.3         1.540    Nov  8 15:41:11      1681     0.47
         0.90        5077.7         1.470    Nov  8 15:41:12      1682     0.47
         0.90        5079.3         1.560    Nov  8 15:41:13      1683     0.47
         0.90        5080.9         1.570    Nov  8 15:41:13      1683     0.47
         0.90        5082.2         1.380    Nov  8 15:41:14      1684     0.47
         0.90        5083.8         1.550    Nov  8 15:41:14      1684     0.47
         0.90        5085.2         1.430    Nov  8 15:41:15      1685     0.47
         0.90        5086.7         1.470    Nov  8 15:41:15      1685     0.47
         0.90        5088.2         1.510    Nov  8 15:41:16      1686     0.47
         0.91        5089.7         1.500    Nov  8 15:41:16      1686     0.47
         0.91        5091.2         1.470    Nov  8 15:41:17      1687     0.47
         0.91        5092.7         1.520    Nov  8 15:41:18      1688     0.47
         0.91        5094.2         1.480    Nov  8 15:41:18      1688     0.47
         0.91        5095.5         1.360    Nov  8 15:41:19      1689     0.47
         0.91        5097.1         1.560    Nov  8 15:41:19      1689     0.47
         0.91        5098.6         1.510    Nov  8 15:41:20      1690     0.47
         0.91        5100.1         1.470    Nov  8 15:41:20      1690     0.47
         0.91        5101.6         1.510    Nov  8 15:41:21      1691     0.47
         0.91        5103.0         1.440    Nov  8 15:41:21      1691     0.47
         0.92        5104.6         1.530    Nov  8 15:41:22      1692     0.47
         0.92        5106.1         1.540    Nov  8 15:41:23      1693     0.47
         0.92        5107.6         1.460    Nov  8 15:41:23      1693     0.47
         0.92        5109.1         1.540    Nov  8 15:41:24      1694     0.47
         0.92        5110.6         1.470    Nov  8 15:41:24      1694     0.47
         0.92        5112.0         1.440    Nov  8 15:41:25      1695     0.47
         0.92        5113.5         1.510    Nov  8 15:41:25      1695     0.47
         0.92        5115.0         1.520    Nov  8 15:41:26      1696     0.47
         0.92        5116.4         1.420    Nov  8 15:41:26      1696     0.47
         0.92        5117.9         1.480    Nov  8 15:41:27      1697     0.47
         0.93        5119.4         1.490    Nov  8 15:41:28      1698     0.47
         0.93        5120.9         1.520    Nov  8 15:41:28      1698     0.47
         0.93        5122.4         1.490    Nov  8 15:41:29      1699     0.47
         0.93        5123.8         1.390    Nov  8 15:41:29      1699     0.47
         0.93        5125.3         1.470    Nov  8 15:41:30      1700     0.47
         0.93        5126.7         1.440    Nov  8 15:41:30      1700     0.47
         0.93        5128.2         1.490    Nov  8 15:41:31      1701     0.47
         0.93        5129.7         1.470    Nov  8 15:41:31      1701     0.47
         0.93        5131.1         1.430    Nov  8 15:41:32      1702     0.47
         0.93        5132.5         1.400    Nov  8 15:41:32      1702     0.47
         0.94        5133.9         1.380    Nov  8 15:41:33      1703     0.47
         0.94        5135.4         1.520    Nov  8 15:41:34      1704     0.47
         0.94        5137.0         1.580    Nov  8 15:41:34      1704     0.47
         0.94        5138.4         1.440    Nov  8 15:41:35      1705     0.47
         0.94        5140.0         1.530    Nov  8 15:41:35      1705     0.47
         0.94        5141.4         1.420    Nov  8 15:41:36      1706     0.47
         0.94        5142.9         1.500    Nov  8 15:41:36      1706     0.47
         0.94        5144.4         1.510    Nov  8 15:41:37      1707     0.47
         0.94        5145.9         1.510    Nov  8 15:41:37      1707     0.47
         0.94        5147.5         1.570    Nov  8 15:41:38      1708     0.47
         0.95        5148.9         1.440    Nov  8 15:41:39      1709     0.47
         0.95        5150.4         1.480    Nov  8 15:41:39      1709     0.47
         0.95        5151.8         1.430    Nov  8 15:41:40      1710     0.47
         0.95        5153.5         1.650    Nov  8 15:41:40      1710     0.47
         0.95        5155.0         1.510    Nov  8 15:41:41      1711     0.48
         0.95        5156.4         1.380    Nov  8 15:41:41      1711     0.48
         0.95        5157.9         1.560    Nov  8 15:41:42      1712     0.48
         0.95        5159.4         1.520    Nov  8 15:41:43      1713     0.48
         0.95        5160.9         1.450    Nov  8 15:41:43      1713     0.48
         0.95        5162.5         1.640    Nov  8 15:41:44      1714     0.48
         0.96        5163.9         1.400    Nov  8 15:41:44      1714     0.48
         0.96        5165.4         1.440    Nov  8 15:41:45      1715     0.48
         0.96        5167.0         1.590    Nov  8 15:41:45      1715     0.48
         0.96        5168.4         1.410    Nov  8 15:41:46      1716     0.48
         0.96        5169.8         1.460    Nov  8 15:41:46      1716     0.48
         0.96        5171.4         1.540    Nov  8 15:41:47      1717     0.48
         0.96        5172.8         1.440    Nov  8 15:41:48      1718     0.48
         0.96        5174.4         1.540    Nov  8 15:41:48      1718     0.48
         0.96        5175.8         1.400    Nov  8 15:41:49      1719     0.48
         0.96        5177.3         1.550    Nov  8 15:41:49      1719     0.48
         0.97        5178.8         1.490    Nov  8 15:41:50      1720     0.48
         0.97        5180.3         1.520    Nov  8 15:41:50      1720     0.48
         0.97        5181.8         1.490    Nov  8 15:41:51      1721     0.48
         0.97        5183.3         1.500    Nov  8 15:41:51      1721     0.48
         0.97        5184.8         1.510    Nov  8 15:41:52      1722     0.48
         0.97        5186.4         1.560    Nov  8 15:41:53      1723     0.48
         0.97        5187.8         1.380    Nov  8 15:41:53      1723     0.48
         0.97        5189.3         1.560    Nov  8 15:41:54      1724     0.48
         0.97        5190.9         1.560    Nov  8 15:41:54      1724     0.48
         0.97        5192.3         1.420    Nov  8 15:41:55      1725     0.48
         0.98        5193.8         1.540    Nov  8 15:41:55      1725     0.48
         0.98        5195.3         1.500    Nov  8 15:41:56      1726     0.48
         0.98        5196.8         1.500    Nov  8 15:41:57      1727     0.48
         0.98        5198.4         1.550    Nov  8 15:41:57      1727     0.48
         0.98        5199.9         1.500    Nov  8 15:41:58      1728     0.48
         0.98        5201.3         1.400    Nov  8 15:41:58      1728     0.48
         0.98        5202.8         1.500    Nov  8 15:41:59      1729     0.48
         0.98        5204.3         1.530    Nov  8 15:41:59      1729     0.48
         0.98        5205.8         1.490    Nov  8 15:42:00      1730     0.48
         0.98        5207.3         1.470    Nov  8 15:42:00      1730     0.48
         0.99        5208.8         1.500    Nov  8 15:42:01      1731     0.48
         0.99        5210.4         1.590    Nov  8 15:42:02      1732     0.48
         0.99        5211.9         1.570    Nov  8 15:42:02      1732     0.48
         0.99        5213.3         1.380    Nov  8 15:42:03      1733     0.48
         0.99        5215.0         1.650    Nov  8 15:42:03      1733     0.48
         0.99        5216.5         1.500    Nov  8 15:42:04      1734     0.48
         0.99        5217.8         1.370    Nov  8 15:42:04      1734     0.48
         0.99        5219.4         1.560    Nov  8 15:42:05      1735     0.48
         0.99        5220.9         1.500    Nov  8 15:42:06      1736     0.48
         0.99        5222.4         1.550    Nov  8 15:42:06      1736     0.48
         0.99        5224.0         1.500    Nov  8 15:42:07      1737     0.48
         1.00        5225.4         1.480    Nov  8 15:42:07      1737     0.48
         1.00        5226.9         1.500    Nov  8 15:42:08      1738     0.48
         1.00        5228.3         1.410    Nov  8 15:42:08      1738     0.48
         1.00        5229.8         1.500    Nov  8 15:42:09      1739     0.48
         1.00        5231.3         1.490    Nov  8 15:42:09      1739     0.48
