#    Start: ------ Host: "jupiterace" ----------Tue Nov  8 22:50:38 2022

#    Time[fs]   CPU-time[s]     Delta-CPU    Real time        RealT[s]     [h]
#       -0.00           5.4                  Nov  8 22:50:43         0     0.00
         0.00         118.4       113.050    Nov  8 22:51:09        26     0.01
         0.00         281.0       162.530    Nov  8 22:51:46        63     0.02
         0.00         430.2       149.280    Nov  8 22:52:21        98     0.03
         0.00         573.2       142.990    Nov  8 22:52:55       132     0.04
         0.00         709.8       136.570    Nov  8 22:53:26       163     0.05
         0.01         839.9       130.050    Nov  8 22:53:57       194     0.05
         0.01         965.2       125.350    Nov  8 22:54:26       223     0.06
         0.01        1086.1       120.900    Nov  8 22:54:54       251     0.07
         0.01        1200.8       114.720    Nov  8 22:55:21       278     0.08
         0.01        1311.5       110.650    Nov  8 22:55:47       304     0.08
         0.01        1418.4       106.970    Nov  8 22:56:11       328     0.09
         0.01        1519.3       100.870    Nov  8 22:56:35       352     0.10
         0.01        1616.0        96.720    Nov  8 22:56:58       375     0.10
         0.01        1709.1        93.070    Nov  8 22:57:19       396     0.11
         0.01        1800.0        90.930    Nov  8 22:57:40       417     0.12
         0.02        1886.2        86.220    Nov  8 22:58:01       438     0.12
         0.02        1969.8        83.530    Nov  8 22:58:20       457     0.13
         0.02        2051.3        81.500    Nov  8 22:58:39       476     0.13
         0.02        2130.2        78.940    Nov  8 22:58:57       494     0.14
         0.02        2205.2        75.020    Nov  8 22:59:15       512     0.14
         0.02        2277.3        72.110    Nov  8 22:59:32       529     0.15
         0.02        2347.2        69.810    Nov  8 22:59:48       545     0.15
         0.02        2414.6        67.430    Nov  8 23:00:04       561     0.16
         0.02        2480.4        65.810    Nov  8 23:00:19       576     0.16
         0.02        2544.7        64.280    Nov  8 23:00:34       591     0.16
         0.02        2605.8        61.110    Nov  8 23:00:48       605     0.17
         0.03        2665.4        59.650    Nov  8 23:01:02       619     0.17
         0.03        2723.1        57.630    Nov  8 23:01:16       633     0.18
         0.03        2778.6        55.540    Nov  8 23:01:29       646     0.18
         0.03        2833.3        54.660    Nov  8 23:01:41       658     0.18
         0.03        2885.7        52.410    Nov  8 23:01:53       670     0.19
         0.03        2935.5        49.840    Nov  8 23:02:05       682     0.19
         0.03        2984.8        49.320    Nov  8 23:02:16       693     0.19
         0.03        3032.8        47.910    Nov  8 23:02:28       705     0.20
         0.03        3078.7        45.920    Nov  8 23:02:38       715     0.20
         0.04        3124.1        45.430    Nov  8 23:02:49       726     0.20
         0.04        3167.2        43.100    Nov  8 23:02:59       736     0.20
         0.04        3210.8        43.650    Nov  8 23:03:09       746     0.21
         0.04        3252.0        41.110    Nov  8 23:03:19       756     0.21
         0.04        3291.6        39.670    Nov  8 23:03:28       765     0.21
         0.04        3331.1        39.470    Nov  8 23:03:37       774     0.21
         0.04        3368.8        37.740    Nov  8 23:03:46       783     0.22
         0.04        3406.4        37.530    Nov  8 23:03:55       792     0.22
         0.04        3441.4        35.030    Nov  8 23:04:03       800     0.22
         0.04        3476.9        35.470    Nov  8 23:04:11       808     0.22
         0.05        3510.7        33.830    Nov  8 23:04:19       816     0.23
         0.05        3544.7        34.020    Nov  8 23:04:27       824     0.23
         0.05        3576.5        31.780    Nov  8 23:04:34       831     0.23
         0.05        3608.2        31.690    Nov  8 23:04:42       839     0.23
         0.05        3639.3        31.150    Nov  8 23:04:49       846     0.23
         0.05        3668.7        29.320    Nov  8 23:04:56       853     0.24
         0.05        3698.3        29.640    Nov  8 23:05:03       860     0.24
         0.05        3726.9        28.650    Nov  8 23:05:09       866     0.24
         0.05        3754.4        27.500    Nov  8 23:05:16       873     0.24
         0.05        3782.1        27.610    Nov  8 23:05:22       879     0.24
         0.06        3810.0        27.920    Nov  8 23:05:29       886     0.25
         0.06        3835.6        25.580    Nov  8 23:05:35       892     0.25
         0.06        3860.6        25.080    Nov  8 23:05:41       898     0.25
         0.06        3886.0        25.400    Nov  8 23:05:47       904     0.25
         0.06        3909.8        23.710    Nov  8 23:05:52       909     0.25
         0.06        3933.7        23.970    Nov  8 23:05:58       915     0.25
         0.06        3957.4        23.720    Nov  8 23:06:03       920     0.26
         0.06        3980.2        22.730    Nov  8 23:06:08       925     0.26
         0.06        4001.3        21.090    Nov  8 23:06:13       930     0.26
         0.06        4022.5        21.240    Nov  8 23:06:18       935     0.26
         0.07        4043.1        20.610    Nov  8 23:06:23       940     0.26
         0.07        4064.4        21.270    Nov  8 23:06:28       945     0.26
         0.07        4085.6        21.180    Nov  8 23:06:33       950     0.26
         0.07        4104.8        19.190    Nov  8 23:06:38       955     0.27
         0.07        4124.0        19.290    Nov  8 23:06:42       959     0.27
         0.07        4143.2        19.150    Nov  8 23:06:47       964     0.27
         0.07        4162.1        18.900    Nov  8 23:06:51       968     0.27
         0.07        4181.2        19.160    Nov  8 23:06:56       973     0.27
         0.07        4198.8        17.590    Nov  8 23:07:00       977     0.27
         0.07        4216.2        17.410    Nov  8 23:07:04       981     0.27
         0.08        4233.5        17.250    Nov  8 23:07:08       985     0.27
         0.08        4251.0        17.530    Nov  8 23:07:12       989     0.27
         0.08        4268.5        17.450    Nov  8 23:07:16       993     0.28
         0.08        4285.9        17.390    Nov  8 23:07:20       997     0.28
         0.08        4300.7        14.860    Nov  8 23:07:24      1001     0.28
         0.08        4315.8        15.080    Nov  8 23:07:27      1004     0.28
         0.08        4331.4        15.570    Nov  8 23:07:31      1008     0.28
         0.08        4346.6        15.240    Nov  8 23:07:35      1012     0.28
         0.08        4361.7        15.060    Nov  8 23:07:38      1015     0.28
         0.08        4377.1        15.420    Nov  8 23:07:42      1019     0.28
         0.09        4392.6        15.460    Nov  8 23:07:46      1023     0.28
         0.09        4406.1        13.510    Nov  8 23:07:49      1026     0.28
         0.09        4419.2        13.130    Nov  8 23:07:52      1029     0.29
         0.09        4432.9        13.650    Nov  8 23:07:55      1032     0.29
         0.09        4446.4        13.570    Nov  8 23:07:58      1035     0.29
         0.09        4460.1        13.660    Nov  8 23:08:01      1038     0.29
         0.09        4473.7        13.590    Nov  8 23:08:05      1042     0.29
         0.09        4487.3        13.590    Nov  8 23:08:08      1045     0.29
         0.09        4501.0        13.730    Nov  8 23:08:11      1048     0.29
         0.09        4512.4        11.440    Nov  8 23:08:14      1051     0.29
         0.10        4524.1        11.650    Nov  8 23:08:17      1054     0.29
         0.10        4535.6        11.540    Nov  8 23:08:19      1056     0.29
         0.10        4547.2        11.620    Nov  8 23:08:22      1059     0.29
         0.10        4558.8        11.520    Nov  8 23:08:25      1062     0.29
         0.10        4570.4        11.690    Nov  8 23:08:27      1064     0.30
         0.10        4581.9        11.420    Nov  8 23:08:30      1067     0.30
         0.10        4593.3        11.390    Nov  8 23:08:33      1070     0.30
         0.10        4604.6        11.290    Nov  8 23:08:35      1072     0.30
         0.10        4615.7        11.110    Nov  8 23:08:38      1075     0.30
         0.10        4625.4         9.690    Nov  8 23:08:40      1077     0.30
         0.11        4635.0         9.690    Nov  8 23:08:43      1080     0.30
         0.11        4644.5         9.440    Nov  8 23:08:45      1082     0.30
         0.11        4654.2         9.770    Nov  8 23:08:47      1084     0.30
         0.11        4663.9         9.620    Nov  8 23:08:50      1087     0.30
         0.11        4673.6         9.680    Nov  8 23:08:52      1089     0.30
         0.11        4683.0         9.440    Nov  8 23:08:54      1091     0.30
         0.11        4692.5         9.480    Nov  8 23:08:56      1093     0.30
         0.11        4702.0         9.540    Nov  8 23:08:59      1096     0.30
         0.11        4711.8         9.740    Nov  8 23:09:01      1098     0.30
         0.11        4721.5         9.710    Nov  8 23:09:03      1100     0.31
         0.12        4730.6         9.140    Nov  8 23:09:05      1102     0.31
         0.12        4739.9         9.330    Nov  8 23:09:08      1105     0.31
         0.12        4749.3         9.410    Nov  8 23:09:10      1107     0.31
         0.12        4756.8         7.470    Nov  8 23:09:12      1109     0.31
         0.12        4764.6         7.750    Nov  8 23:09:13      1110     0.31
         0.12        4772.3         7.770    Nov  8 23:09:15      1112     0.31
         0.12        4780.1         7.770    Nov  8 23:09:17      1114     0.31
         0.12        4787.7         7.580    Nov  8 23:09:19      1116     0.31
         0.12        4795.4         7.760    Nov  8 23:09:21      1118     0.31
         0.12        4803.2         7.750    Nov  8 23:09:23      1120     0.31
         0.13        4810.9         7.700    Nov  8 23:09:24      1121     0.31
         0.13        4818.7         7.820    Nov  8 23:09:26      1123     0.31
         0.13        4826.4         7.740    Nov  8 23:09:28      1125     0.31
         0.13        4834.2         7.730    Nov  8 23:09:30      1127     0.31
         0.13        4842.0         7.830    Nov  8 23:09:32      1129     0.31
         0.13        4849.7         7.720    Nov  8 23:09:33      1130     0.31
         0.13        4857.3         7.550    Nov  8 23:09:35      1132     0.31
         0.13        4865.1         7.850    Nov  8 23:09:37      1134     0.32
         0.13        4872.9         7.770    Nov  8 23:09:39      1136     0.32
         0.13        4880.1         7.210    Nov  8 23:09:41      1138     0.32
         0.14        4887.9         7.760    Nov  8 23:09:43      1140     0.32
         0.14        4893.8         5.890    Nov  8 23:09:44      1141     0.32
         0.14        4899.4         5.640    Nov  8 23:09:45      1142     0.32
         0.14        4905.2         5.810    Nov  8 23:09:47      1144     0.32
         0.14        4911.1         5.910    Nov  8 23:09:48      1145     0.32
         0.14        4917.0         5.900    Nov  8 23:09:49      1146     0.32
         0.14        4922.8         5.730    Nov  8 23:09:51      1148     0.32
         0.14        4928.6         5.860    Nov  8 23:09:52      1149     0.32
         0.14        4934.5         5.850    Nov  8 23:09:53      1150     0.32
         0.14        4939.8         5.370    Nov  8 23:09:55      1152     0.32
         0.15        4945.6         5.730    Nov  8 23:09:56      1153     0.32
         0.15        4951.4         5.840    Nov  8 23:09:58      1155     0.32
         0.15        4957.3         5.870    Nov  8 23:09:59      1156     0.32
         0.15        4963.1         5.780    Nov  8 23:10:00      1157     0.32
         0.15        4969.0         5.950    Nov  8 23:10:02      1159     0.32
         0.15        4974.9         5.890    Nov  8 23:10:03      1160     0.32
         0.15        4980.8         5.890    Nov  8 23:10:04      1161     0.32
         0.15        4986.6         5.780    Nov  8 23:10:06      1163     0.32
         0.15        4992.4         5.800    Nov  8 23:10:07      1164     0.32
         0.15        4998.1         5.740    Nov  8 23:10:08      1165     0.32
         0.16        5003.9         5.840    Nov  8 23:10:10      1167     0.32
         0.16        5009.5         5.550    Nov  8 23:10:11      1168     0.32
         0.16        5015.4         5.880    Nov  8 23:10:13      1170     0.33
         0.16        5021.2         5.800    Nov  8 23:10:14      1171     0.33
         0.16        5026.9         5.730    Nov  8 23:10:15      1172     0.33
         0.16        5032.8         5.880    Nov  8 23:10:17      1174     0.33
         0.16        5038.6         5.840    Nov  8 23:10:18      1175     0.33
         0.16        5044.5         5.860    Nov  8 23:10:19      1176     0.33
         0.16        5050.2         5.710    Nov  8 23:10:21      1178     0.33
         0.16        5056.0         5.820    Nov  8 23:10:22      1179     0.33
         0.17        5061.9         5.850    Nov  8 23:10:23      1180     0.33
         0.17        5067.6         5.740    Nov  8 23:10:25      1182     0.33
         0.17        5071.4         3.830    Nov  8 23:10:26      1183     0.33
         0.17        5075.3         3.830    Nov  8 23:10:27      1184     0.33
         0.17        5079.2         3.960    Nov  8 23:10:28      1185     0.33
         0.17        5083.1         3.870    Nov  8 23:10:28      1185     0.33
         0.17        5087.0         3.940    Nov  8 23:10:29      1186     0.33
         0.17        5091.0         3.950    Nov  8 23:10:30      1187     0.33
         0.17        5094.8         3.850    Nov  8 23:10:31      1188     0.33
         0.17        5098.8         3.930    Nov  8 23:10:32      1189     0.33
         0.18        5102.6         3.860    Nov  8 23:10:33      1190     0.33
         0.18        5106.6         3.930    Nov  8 23:10:34      1191     0.33
         0.18        5110.4         3.820    Nov  8 23:10:35      1192     0.33
         0.18        5113.7         3.370    Nov  8 23:10:36      1193     0.33
         0.18        5117.5         3.770    Nov  8 23:10:37      1194     0.33
         0.18        5121.3         3.780    Nov  8 23:10:38      1195     0.33
         0.18        5125.2         3.920    Nov  8 23:10:38      1195     0.33
         0.18        5129.0         3.790    Nov  8 23:10:39      1196     0.33
         0.18        5132.9         3.880    Nov  8 23:10:40      1197     0.33
         0.18        5136.6         3.740    Nov  8 23:10:41      1198     0.33
         0.19        5140.3         3.670    Nov  8 23:10:42      1199     0.33
         0.19        5144.1         3.810    Nov  8 23:10:43      1200     0.33
         0.19        5147.8         3.680    Nov  8 23:10:44      1201     0.33
         0.19        5151.6         3.780    Nov  8 23:10:45      1202     0.33
         0.19        5155.3         3.770    Nov  8 23:10:46      1203     0.33
         0.19        5159.0         3.680    Nov  8 23:10:47      1204     0.33
         0.19        5162.8         3.800    Nov  8 23:10:47      1204     0.33
         0.19        5166.7         3.860    Nov  8 23:10:48      1205     0.33
         0.19        5170.6         3.930    Nov  8 23:10:49      1206     0.34
         0.19        5174.5         3.880    Nov  8 23:10:50      1207     0.34
         0.20        5178.4         3.900    Nov  8 23:10:51      1208     0.34
         0.20        5182.3         3.910    Nov  8 23:10:52      1209     0.34
         0.20        5186.1         3.840    Nov  8 23:10:53      1210     0.34
         0.20        5190.1         3.930    Nov  8 23:10:54      1211     0.34
         0.20        5193.9         3.840    Nov  8 23:10:55      1212     0.34
         0.20        5197.9         3.950    Nov  8 23:10:56      1213     0.34
         0.20        5201.2         3.380    Nov  8 23:10:57      1214     0.34
         0.20        5205.0         3.810    Nov  8 23:10:57      1214     0.34
         0.20        5209.0         3.960    Nov  8 23:10:58      1215     0.34
         0.20        5212.9         3.850    Nov  8 23:10:59      1216     0.34
         0.21        5216.8         3.930    Nov  8 23:11:00      1217     0.34
         0.21        5220.7         3.880    Nov  8 23:11:01      1218     0.34
         0.21        5224.5         3.810    Nov  8 23:11:02      1219     0.34
         0.21        5228.4         3.920    Nov  8 23:11:03      1220     0.34
         0.21        5232.2         3.860    Nov  8 23:11:04      1221     0.34
         0.21        5236.2         3.940    Nov  8 23:11:05      1222     0.34
         0.21        5240.0         3.850    Nov  8 23:11:06      1223     0.34
         0.21        5243.9         3.890    Nov  8 23:11:07      1224     0.34
         0.21        5247.9         3.950    Nov  8 23:11:08      1225     0.34
         0.21        5251.7         3.800    Nov  8 23:11:08      1225     0.34
         0.22        5255.6         3.960    Nov  8 23:11:09      1226     0.34
         0.22        5259.5         3.880    Nov  8 23:11:10      1227     0.34
         0.22        5263.5         3.940    Nov  8 23:11:11      1228     0.34
         0.22        5266.9         3.480    Nov  8 23:11:12      1229     0.34
         0.22        5270.8         3.860    Nov  8 23:11:13      1230     0.34
         0.22        5274.7         3.910    Nov  8 23:11:14      1231     0.34
         0.22        5278.6         3.910    Nov  8 23:11:15      1232     0.34
         0.22        5282.6         3.930    Nov  8 23:11:16      1233     0.34
         0.22        5286.3         3.750    Nov  8 23:11:17      1234     0.34
         0.22        5290.1         3.840    Nov  8 23:11:18      1235     0.34
         0.23        5294.1         3.910    Nov  8 23:11:18      1235     0.34
         0.23        5297.9         3.830    Nov  8 23:11:19      1236     0.34
         0.23        5301.8         3.920    Nov  8 23:11:20      1237     0.34
         0.23        5305.6         3.820    Nov  8 23:11:21      1238     0.34
         0.23        5309.3         3.650    Nov  8 23:11:22      1239     0.34
         0.23        5313.2         3.910    Nov  8 23:11:23      1240     0.34
         0.23        5317.0         3.800    Nov  8 23:11:24      1241     0.34
         0.23        5320.9         3.940    Nov  8 23:11:25      1242     0.34
         0.23        5324.8         3.840    Nov  8 23:11:26      1243     0.35
         0.23        5328.7         3.920    Nov  8 23:11:27      1244     0.35
         0.24        5332.4         3.710    Nov  8 23:11:27      1244     0.35
         0.24        5336.3         3.880    Nov  8 23:11:28      1245     0.35
         0.24        5340.2         3.940    Nov  8 23:11:29      1246     0.35
         0.24        5344.1         3.910    Nov  8 23:11:30      1247     0.35
         0.24        5348.1         3.930    Nov  8 23:11:31      1248     0.35
         0.24        5351.9         3.870    Nov  8 23:11:32      1249     0.35
         0.24        5355.8         3.920    Nov  8 23:11:33      1250     0.35
         0.24        5359.8         3.970    Nov  8 23:11:34      1251     0.35
         0.24        5363.7         3.850    Nov  8 23:11:35      1252     0.35
         0.24        5367.6         3.960    Nov  8 23:11:36      1253     0.35
         0.25        5371.5         3.840    Nov  8 23:11:37      1254     0.35
         0.25        5375.3         3.830    Nov  8 23:11:38      1255     0.35
         0.25        5379.2         3.920    Nov  8 23:11:38      1255     0.35
         0.25        5383.0         3.840    Nov  8 23:11:39      1256     0.35
         0.25        5385.1         2.020    Nov  8 23:11:40      1257     0.35
         0.25        5387.5         2.430    Nov  8 23:11:41      1258     0.35
         0.25        5389.4         1.900    Nov  8 23:11:41      1258     0.35
         0.25        5391.8         2.400    Nov  8 23:11:42      1259     0.35
         0.25        5393.8         2.000    Nov  8 23:11:42      1259     0.35
         0.25        5395.9         2.130    Nov  8 23:11:43      1260     0.35
         0.26        5398.0         2.060    Nov  8 23:11:43      1260     0.35
         0.26        5400.1         2.140    Nov  8 23:11:44      1261     0.35
         0.26        5402.3         2.190    Nov  8 23:11:45      1262     0.35
         0.26        5404.5         2.220    Nov  8 23:11:45      1262     0.35
         0.26        5406.8         2.270    Nov  8 23:11:46      1263     0.35
         0.26        5409.0         2.220    Nov  8 23:11:46      1263     0.35
         0.26        5411.2         2.190    Nov  8 23:11:47      1264     0.35
         0.26        5413.4         2.200    Nov  8 23:11:48      1265     0.35
         0.26        5415.7         2.250    Nov  8 23:11:48      1265     0.35
         0.26        5417.7         2.050    Nov  8 23:11:49      1266     0.35
         0.27        5420.0         2.250    Nov  8 23:11:49      1266     0.35
         0.27        5422.0         2.020    Nov  8 23:11:50      1267     0.35
         0.27        5424.1         2.140    Nov  8 23:11:50      1267     0.35
         0.27        5426.3         2.160    Nov  8 23:11:51      1268     0.35
         0.27        5428.5         2.240    Nov  8 23:11:52      1269     0.35
         0.27        5430.6         2.080    Nov  8 23:11:52      1269     0.35
         0.27        5432.9         2.240    Nov  8 23:11:53      1270     0.35
         0.27        5435.0         2.160    Nov  8 23:11:53      1270     0.35
         0.27        5437.1         2.140    Nov  8 23:11:54      1271     0.35
         0.27        5439.4         2.210    Nov  8 23:11:55      1272     0.35
         0.28        5441.5         2.130    Nov  8 23:11:55      1272     0.35
         0.28        5443.7         2.250    Nov  8 23:11:56      1273     0.35
         0.28        5445.8         2.070    Nov  8 23:11:56      1273     0.35
         0.28        5447.9         2.130    Nov  8 23:11:57      1274     0.35
         0.28        5449.9         1.940    Nov  8 23:11:58      1275     0.35
         0.28        5451.9         2.060    Nov  8 23:11:58      1275     0.35
         0.28        5454.1         2.120    Nov  8 23:11:59      1276     0.35
         0.28        5456.2         2.130    Nov  8 23:11:59      1276     0.35
         0.28        5458.3         2.130    Nov  8 23:12:00      1277     0.35
         0.28        5460.6         2.260    Nov  8 23:12:00      1277     0.35
         0.29        5462.7         2.090    Nov  8 23:12:01      1278     0.35
         0.29        5464.9         2.280    Nov  8 23:12:02      1279     0.36
         0.29        5467.1         2.180    Nov  8 23:12:02      1279     0.36
         0.29        5469.2         2.100    Nov  8 23:12:03      1280     0.36
         0.29        5471.4         2.200    Nov  8 23:12:03      1280     0.36
         0.29        5473.6         2.160    Nov  8 23:12:04      1281     0.36
         0.29        5475.8         2.180    Nov  8 23:12:05      1282     0.36
         0.29        5477.9         2.130    Nov  8 23:12:05      1282     0.36
         0.29        5480.1         2.180    Nov  8 23:12:06      1283     0.36
         0.29        5482.3         2.200    Nov  8 23:12:06      1283     0.36
         0.30        5484.4         2.110    Nov  8 23:12:07      1284     0.36
         0.30        5486.7         2.350    Nov  8 23:12:07      1284     0.36
         0.30        5491.0         4.240    Nov  8 23:12:09      1286     0.36
         0.30        5498.6         7.570    Nov  8 23:12:10      1287     0.36
         0.30        5504.7         6.120    Nov  8 23:12:12      1289     0.36
         0.30        5510.3         5.620    Nov  8 23:12:13      1290     0.36
         0.30        5516.2         5.910    Nov  8 23:12:14      1291     0.36
         0.30        5522.2         5.990    Nov  8 23:12:16      1293     0.36
         0.30        5528.1         5.910    Nov  8 23:12:17      1294     0.36
         0.30        5532.0         3.920    Nov  8 23:12:18      1295     0.36
         0.31        5535.8         3.810    Nov  8 23:12:19      1296     0.36
         0.31        5539.7         3.900    Nov  8 23:12:20      1297     0.36
         0.31        5543.7         3.940    Nov  8 23:12:21      1298     0.36
         0.31        5547.6         3.940    Nov  8 23:12:22      1299     0.36
         0.31        5549.6         1.990    Nov  8 23:12:22      1299     0.36
         0.31        5551.8         2.190    Nov  8 23:12:23      1300     0.36
         0.31        5553.7         1.910    Nov  8 23:12:23      1300     0.36
         0.31        5555.8         2.090    Nov  8 23:12:24      1301     0.36
         0.31        5558.0         2.240    Nov  8 23:12:24      1301     0.36
         0.31        5560.3         2.260    Nov  8 23:12:25      1302     0.36
         0.32        5562.4         2.120    Nov  8 23:12:26      1303     0.36
         0.32        5564.6         2.160    Nov  8 23:12:26      1303     0.36
         0.32        5566.6         2.060    Nov  8 23:12:27      1304     0.36
         0.32        5569.0         2.330    Nov  8 23:12:27      1304     0.36
         0.32        5571.1         2.110    Nov  8 23:12:28      1305     0.36
         0.32        5573.1         2.050    Nov  8 23:12:28      1305     0.36
         0.32        5575.4         2.250    Nov  8 23:12:29      1306     0.36
         0.32        5577.4         2.070    Nov  8 23:12:30      1307     0.36
         0.32        5579.5         2.050    Nov  8 23:12:30      1307     0.36
         0.32        5581.7         2.160    Nov  8 23:12:31      1308     0.36
         0.33        5583.9         2.260    Nov  8 23:12:31      1308     0.36
         0.33        5586.1         2.200    Nov  8 23:12:32      1309     0.36
         0.33        5588.3         2.150    Nov  8 23:12:33      1310     0.36
         0.33        5590.4         2.180    Nov  8 23:12:33      1310     0.36
         0.33        5592.6         2.150    Nov  8 23:12:34      1311     0.36
         0.33        5594.8         2.200    Nov  8 23:12:34      1311     0.36
         0.33        5597.1         2.290    Nov  8 23:12:35      1312     0.36
         0.33        5599.2         2.080    Nov  8 23:12:35      1312     0.36
         0.33        5601.4         2.270    Nov  8 23:12:36      1313     0.36
         0.33        5603.5         2.060    Nov  8 23:12:37      1314     0.36
         0.34        5605.8         2.270    Nov  8 23:12:37      1314     0.36
         0.34        5607.9         2.090    Nov  8 23:12:38      1315     0.37
         0.34        5610.1         2.220    Nov  8 23:12:38      1315     0.37
         0.34        5612.2         2.130    Nov  8 23:12:39      1316     0.37
         0.34        5614.5         2.270    Nov  8 23:12:40      1317     0.37
         0.34        5616.6         2.180    Nov  8 23:12:40      1317     0.37
         0.34        5618.8         2.120    Nov  8 23:12:41      1318     0.37
         0.34        5621.0         2.260    Nov  8 23:12:41      1318     0.37
         0.34        5623.2         2.200    Nov  8 23:12:42      1319     0.37
         0.34        5625.5         2.280    Nov  8 23:12:43      1320     0.37
         0.35        5627.6         2.140    Nov  8 23:12:43      1320     0.37
         0.35        5629.8         2.140    Nov  8 23:12:44      1321     0.37
         0.35        5632.0         2.200    Nov  8 23:12:44      1321     0.37
         0.35        5634.1         2.090    Nov  8 23:12:45      1322     0.37
         0.35        5636.3         2.180    Nov  8 23:12:46      1323     0.37
         0.35        5638.4         2.110    Nov  8 23:12:46      1323     0.37
         0.35        5640.5         2.110    Nov  8 23:12:47      1324     0.37
         0.35        5642.6         2.120    Nov  8 23:12:47      1324     0.37
         0.35        5644.7         2.110    Nov  8 23:12:48      1325     0.37
         0.35        5646.9         2.240    Nov  8 23:12:49      1326     0.37
         0.36        5649.1         2.100    Nov  8 23:12:49      1326     0.37
         0.36        5651.1         2.070    Nov  8 23:12:50      1327     0.37
         0.36        5653.4         2.270    Nov  8 23:12:50      1327     0.37
         0.36        5655.6         2.170    Nov  8 23:12:51      1328     0.37
         0.36        5657.8         2.250    Nov  8 23:12:52      1329     0.37
         0.36        5659.9         2.130    Nov  8 23:12:52      1329     0.37
         0.36        5662.1         2.190    Nov  8 23:12:53      1330     0.37
         0.36        5664.4         2.270    Nov  8 23:12:53      1330     0.37
         0.36        5666.5         2.100    Nov  8 23:12:54      1331     0.37
         0.36        5668.8         2.270    Nov  8 23:12:55      1332     0.37
         0.37        5671.0         2.190    Nov  8 23:12:55      1332     0.37
         0.37        5673.1         2.180    Nov  8 23:12:56      1333     0.37
         0.37        5675.4         2.220    Nov  8 23:12:56      1333     0.37
         0.37        5677.5         2.090    Nov  8 23:12:57      1334     0.37
         0.37        5679.6         2.160    Nov  8 23:12:57      1334     0.37
         0.37        5681.7         2.050    Nov  8 23:12:58      1335     0.37
         0.37        5684.0         2.330    Nov  8 23:12:59      1336     0.37
         0.37        5685.6         1.640    Nov  8 23:12:59      1336     0.37
         0.37        5687.8         2.170    Nov  8 23:13:00      1337     0.37
         0.37        5690.0         2.180    Nov  8 23:13:00      1337     0.37
         0.38        5692.1         2.130    Nov  8 23:13:01      1338     0.37
         0.38        5694.4         2.270    Nov  8 23:13:01      1338     0.37
         0.38        5696.4         2.040    Nov  8 23:13:02      1339     0.37
         0.38        5698.7         2.240    Nov  8 23:13:03      1340     0.37
         0.38        5700.8         2.150    Nov  8 23:13:03      1340     0.37
         0.38        5703.0         2.170    Nov  8 23:13:04      1341     0.37
         0.38        5704.9         1.920    Nov  8 23:13:04      1341     0.37
         0.38        5707.0         2.080    Nov  8 23:13:05      1342     0.37
         0.38        5709.1         2.150    Nov  8 23:13:05      1342     0.37
         0.38        5711.4         2.260    Nov  8 23:13:06      1343     0.37
         0.39        5713.4         2.030    Nov  8 23:13:07      1344     0.37
         0.39        5715.6         2.160    Nov  8 23:13:07      1344     0.37
         0.39        5717.8         2.250    Nov  8 23:13:08      1345     0.37
         0.39        5720.1         2.230    Nov  8 23:13:08      1345     0.37
         0.39        5722.1         2.050    Nov  8 23:13:09      1346     0.37
         0.39        5724.3         2.170    Nov  8 23:13:10      1347     0.37
         0.39        5726.4         2.160    Nov  8 23:13:10      1347     0.37
         0.39        5728.7         2.260    Nov  8 23:13:11      1348     0.37
         0.39        5730.8         2.130    Nov  8 23:13:11      1348     0.37
         0.39        5732.9         2.120    Nov  8 23:13:12      1349     0.37
         0.40        5735.2         2.250    Nov  8 23:13:13      1350     0.38
         0.40        5737.2         2.050    Nov  8 23:13:13      1350     0.38
         0.40        5739.3         2.080    Nov  8 23:13:14      1351     0.38
         0.40        5741.4         2.040    Nov  8 23:13:14      1351     0.38
         0.40        5743.4         2.080    Nov  8 23:13:15      1352     0.38
         0.40        5745.5         2.080    Nov  8 23:13:15      1352     0.38
         0.40        5747.8         2.300    Nov  8 23:13:16      1353     0.38
         0.40        5750.0         2.160    Nov  8 23:13:17      1354     0.38
         0.40        5752.2         2.200    Nov  8 23:13:17      1354     0.38
         0.40        5754.4         2.160    Nov  8 23:13:18      1355     0.38
         0.41        5756.5         2.180    Nov  8 23:13:18      1355     0.38
         0.41        5758.7         2.130    Nov  8 23:13:19      1356     0.38
         0.41        5760.7         2.080    Nov  8 23:13:19      1356     0.38
         0.41        5762.8         2.090    Nov  8 23:13:20      1357     0.38
         0.41        5764.9         2.110    Nov  8 23:13:21      1358     0.38
         0.41        5767.2         2.280    Nov  8 23:13:21      1358     0.38
         0.41        5769.4         2.170    Nov  8 23:13:22      1359     0.38
         0.41        5771.6         2.220    Nov  8 23:13:22      1359     0.38
         0.41        5773.7         2.120    Nov  8 23:13:23      1360     0.38
         0.41        5775.9         2.140    Nov  8 23:13:24      1361     0.38
         0.42        5778.1         2.250    Nov  8 23:13:24      1361     0.38
         0.42        5779.9         1.820    Nov  8 23:13:25      1362     0.38
         0.42        5782.2         2.230    Nov  8 23:13:25      1362     0.38
         0.42        5784.3         2.150    Nov  8 23:13:26      1363     0.38
         0.42        5786.5         2.150    Nov  8 23:13:27      1364     0.38
         0.42        5788.7         2.190    Nov  8 23:13:27      1364     0.38
         0.42        5790.8         2.160    Nov  8 23:13:28      1365     0.38
         0.42        5793.1         2.260    Nov  8 23:13:28      1365     0.38
         0.42        5795.2         2.160    Nov  8 23:13:29      1366     0.38
         0.42        5797.4         2.120    Nov  8 23:13:30      1367     0.38
         0.43        5799.6         2.230    Nov  8 23:13:30      1367     0.38
         0.43        5801.7         2.150    Nov  8 23:13:31      1368     0.38
         0.43        5803.9         2.170    Nov  8 23:13:31      1368     0.38
         0.43        5806.0         2.130    Nov  8 23:13:32      1369     0.38
         0.43        5808.2         2.160    Nov  8 23:13:32      1369     0.38
         0.43        5810.4         2.250    Nov  8 23:13:33      1370     0.38
         0.43        5812.5         2.050    Nov  8 23:13:34      1371     0.38
         0.43        5814.8         2.250    Nov  8 23:13:34      1371     0.38
         0.43        5816.7         1.990    Nov  8 23:13:35      1372     0.38
         0.43        5818.8         2.060    Nov  8 23:13:35      1372     0.38
         0.44        5821.0         2.160    Nov  8 23:13:36      1373     0.38
         0.44        5822.9         1.990    Nov  8 23:13:37      1374     0.38
         0.44        5825.1         2.110    Nov  8 23:13:37      1374     0.38
         0.44        5827.0         1.980    Nov  8 23:13:38      1375     0.38
         0.44        5829.2         2.150    Nov  8 23:13:38      1375     0.38
         0.44        5831.3         2.100    Nov  8 23:13:39      1376     0.38
         0.44        5833.4         2.090    Nov  8 23:13:39      1376     0.38
         0.44        5835.5         2.090    Nov  8 23:13:40      1377     0.38
         0.44        5837.5         2.030    Nov  8 23:13:41      1378     0.38
         0.44        5839.6         2.110    Nov  8 23:13:41      1378     0.38
         0.45        5841.8         2.160    Nov  8 23:13:42      1379     0.38
         0.45        5843.9         2.120    Nov  8 23:13:42      1379     0.38
         0.45        5846.0         2.090    Nov  8 23:13:43      1380     0.38
         0.45        5848.1         2.150    Nov  8 23:13:43      1380     0.38
         0.45        5850.3         2.180    Nov  8 23:13:44      1381     0.38
         0.45        5852.5         2.150    Nov  8 23:13:45      1382     0.38
         0.45        5854.4         1.990    Nov  8 23:13:45      1382     0.38
         0.45        5856.7         2.250    Nov  8 23:13:46      1383     0.38
         0.45        5858.8         2.050    Nov  8 23:13:46      1383     0.38
         0.45        5861.0         2.270    Nov  8 23:13:47      1384     0.38
         0.46        5863.0         1.940    Nov  8 23:13:47      1384     0.38
         0.46        5865.3         2.360    Nov  8 23:13:48      1385     0.38
         0.46        5867.5         2.150    Nov  8 23:13:49      1386     0.39
         0.46        5869.5         2.010    Nov  8 23:13:49      1386     0.39
         0.46        5871.8         2.290    Nov  8 23:13:50      1387     0.39
         0.46        5873.5         1.760    Nov  8 23:13:50      1387     0.39
         0.46        5875.7         2.160    Nov  8 23:13:51      1388     0.39
         0.46        5877.7         1.990    Nov  8 23:13:51      1388     0.39
         0.46        5879.8         2.160    Nov  8 23:13:52      1389     0.39
         0.46        5881.9         2.050    Nov  8 23:13:52      1389     0.39
         0.47        5884.1         2.250    Nov  8 23:13:53      1390     0.39
         0.47        5886.1         1.980    Nov  8 23:13:54      1391     0.39
         0.47        5888.4         2.280    Nov  8 23:13:54      1391     0.39
         0.47        5890.6         2.150    Nov  8 23:13:55      1392     0.39
         0.47        5892.8         2.260    Nov  8 23:13:55      1392     0.39
         0.47        5895.0         2.200    Nov  8 23:13:56      1393     0.39
         0.47        5897.3         2.280    Nov  8 23:13:57      1394     0.39
         0.47        5899.3         2.030    Nov  8 23:13:57      1394     0.39
         0.47        5901.5         2.200    Nov  8 23:13:58      1395     0.39
         0.47        5903.7         2.140    Nov  8 23:13:58      1395     0.39
         0.48        5905.7         2.070    Nov  8 23:13:59      1396     0.39
         0.48        5907.8         2.080    Nov  8 23:13:59      1396     0.39
         0.48        5909.8         1.960    Nov  8 23:14:00      1397     0.39
         0.48        5911.9         2.180    Nov  8 23:14:01      1398     0.39
         0.48        5913.8         1.890    Nov  8 23:14:01      1398     0.39
         0.48        5916.1         2.310    Nov  8 23:14:02      1399     0.39
         0.48        5918.2         2.090    Nov  8 23:14:02      1399     0.39
         0.48        5920.2         2.000    Nov  8 23:14:03      1400     0.39
         0.48        5922.5         2.220    Nov  8 23:14:03      1400     0.39
         0.48        5924.6         2.110    Nov  8 23:14:04      1401     0.39
         0.49        5926.6         2.010    Nov  8 23:14:05      1402     0.39
         0.49        5928.7         2.090    Nov  8 23:14:05      1402     0.39
         0.49        5930.8         2.080    Nov  8 23:14:06      1403     0.39
         0.49        5932.9         2.110    Nov  8 23:14:06      1403     0.39
         0.49        5934.9         2.070    Nov  8 23:14:07      1404     0.39
         0.49        5937.2         2.320    Nov  8 23:14:08      1405     0.39
         0.49        5939.4         2.100    Nov  8 23:14:08      1405     0.39
         0.49        5941.3         2.000    Nov  8 23:14:09      1406     0.39
         0.49        5943.6         2.290    Nov  8 23:14:09      1406     0.39
         0.49        5945.8         2.120    Nov  8 23:14:10      1407     0.39
         0.50        5947.7         1.980    Nov  8 23:14:10      1407     0.39
         0.50        5949.6         1.810    Nov  8 23:14:11      1408     0.39
         0.50        5951.5         1.980    Nov  8 23:14:11      1408     0.39
         0.50        5953.7         2.200    Nov  8 23:14:12      1409     0.39
         0.50        5955.7         2.010    Nov  8 23:14:12      1409     0.39
         0.50        5957.9         2.190    Nov  8 23:14:13      1410     0.39
         0.50        5959.9         1.970    Nov  8 23:14:14      1411     0.39
         0.50        5962.1         2.240    Nov  8 23:14:14      1411     0.39
         0.50        5964.2         2.110    Nov  8 23:14:15      1412     0.39
         0.50        5966.4         2.140    Nov  8 23:14:15      1412     0.39
         0.51        5968.2         1.830    Nov  8 23:14:16      1413     0.39
         0.51        5970.3         2.110    Nov  8 23:14:17      1414     0.39
         0.51        5972.4         2.120    Nov  8 23:14:17      1414     0.39
         0.51        5974.5         2.060    Nov  8 23:14:18      1415     0.39
         0.51        5976.7         2.190    Nov  8 23:14:18      1415     0.39
         0.51        5978.8         2.120    Nov  8 23:14:19      1416     0.39
         0.51        5980.8         2.010    Nov  8 23:14:19      1416     0.39
         0.51        5983.0         2.130    Nov  8 23:14:20      1417     0.39
         0.51        5985.0         1.990    Nov  8 23:14:20      1417     0.39
         0.51        5986.6         1.630    Nov  8 23:14:21      1418     0.39
         0.52        5988.7         2.100    Nov  8 23:14:22      1419     0.39
         0.52        5990.8         2.140    Nov  8 23:14:22      1419     0.39
         0.52        5992.9         2.110    Nov  8 23:14:23      1420     0.39
         0.52        5995.0         2.110    Nov  8 23:14:23      1420     0.39
         0.52        5997.3         2.230    Nov  8 23:14:24      1421     0.39
         0.52        5999.3         2.070    Nov  8 23:14:25      1422     0.40
         0.52        6001.6         2.210    Nov  8 23:14:25      1422     0.40
         0.52        6003.7         2.120    Nov  8 23:14:26      1423     0.40
         0.52        6005.8         2.110    Nov  8 23:14:26      1423     0.40
         0.52        6007.9         2.150    Nov  8 23:14:27      1424     0.40
         0.53        6009.9         1.980    Nov  8 23:14:27      1424     0.40
         0.53        6012.0         2.100    Nov  8 23:14:28      1425     0.40
         0.53        6014.0         1.980    Nov  8 23:14:28      1425     0.40
         0.53        6016.2         2.260    Nov  8 23:14:29      1426     0.40
         0.53        6018.3         2.090    Nov  8 23:14:30      1427     0.40
         0.53        6020.3         2.010    Nov  8 23:14:30      1427     0.40
         0.53        6022.5         2.130    Nov  8 23:14:31      1428     0.40
         0.53        6024.2         1.740    Nov  8 23:14:31      1428     0.40
         0.53        6026.3         2.120    Nov  8 23:14:32      1429     0.40
         0.53        6028.4         2.100    Nov  8 23:14:32      1429     0.40
         0.54        6030.5         2.080    Nov  8 23:14:33      1430     0.40
         0.54        6032.6         2.080    Nov  8 23:14:34      1431     0.40
         0.54        6034.6         2.050    Nov  8 23:14:34      1431     0.40
         0.54        6036.9         2.210    Nov  8 23:14:35      1432     0.40
         0.54        6038.8         1.980    Nov  8 23:14:35      1432     0.40
         0.54        6041.0         2.190    Nov  8 23:14:36      1433     0.40
         0.54        6042.6         1.550    Nov  8 23:14:36      1433     0.40
         0.54        6044.8         2.170    Nov  8 23:14:37      1434     0.40
         0.54        6046.8         2.040    Nov  8 23:14:38      1435     0.40
         0.54        6048.9         2.110    Nov  8 23:14:38      1435     0.40
         0.55        6051.0         2.120    Nov  8 23:14:39      1436     0.40
         0.55        6053.2         2.220    Nov  8 23:14:39      1436     0.40
         0.55        6055.4         2.140    Nov  8 23:14:40      1437     0.40
         0.55        6057.5         2.110    Nov  8 23:14:40      1437     0.40
         0.55        6059.6         2.130    Nov  8 23:14:41      1438     0.40
         0.55        6061.7         2.070    Nov  8 23:14:42      1439     0.40
         0.55        6063.8         2.060    Nov  8 23:14:42      1439     0.40
         0.55        6065.9         2.180    Nov  8 23:14:43      1440     0.40
         0.55        6068.1         2.190    Nov  8 23:14:43      1440     0.40
         0.55        6070.1         2.010    Nov  8 23:14:44      1441     0.40
         0.56        6072.3         2.150    Nov  8 23:14:45      1442     0.40
         0.56        6074.5         2.210    Nov  8 23:14:45      1442     0.40
         0.56        6076.5         2.020    Nov  8 23:14:46      1443     0.40
         0.56        6078.6         2.100    Nov  8 23:14:46      1443     0.40
         0.56        6080.8         2.160    Nov  8 23:14:47      1444     0.40
         0.56        6083.0         2.200    Nov  8 23:14:48      1445     0.40
         0.56        6085.1         2.090    Nov  8 23:14:48      1445     0.40
         0.56        6087.1         2.010    Nov  8 23:14:49      1446     0.40
         0.56        6089.2         2.110    Nov  8 23:14:49      1446     0.40
         0.56        6091.3         2.100    Nov  8 23:14:50      1447     0.40
         0.57        6093.5         2.190    Nov  8 23:14:50      1447     0.40
         0.57        6095.4         1.930    Nov  8 23:14:51      1448     0.40
         0.57        6097.6         2.160    Nov  8 23:14:52      1449     0.40
         0.57        6099.6         2.060    Nov  8 23:14:52      1449     0.40
         0.57        6101.8         2.130    Nov  8 23:14:53      1450     0.40
         0.57        6103.8         2.060    Nov  8 23:14:53      1450     0.40
         0.57        6106.0         2.210    Nov  8 23:14:54      1451     0.40
         0.57        6108.1         2.120    Nov  8 23:14:54      1451     0.40
         0.57        6110.4         2.240    Nov  8 23:14:55      1452     0.40
         0.57        6112.4         2.060    Nov  8 23:14:56      1453     0.40
         0.58        6114.5         2.110    Nov  8 23:14:56      1453     0.40
         0.58        6116.8         2.210    Nov  8 23:14:57      1454     0.40
         0.58        6118.8         2.070    Nov  8 23:14:57      1454     0.40
         0.58        6121.0         2.180    Nov  8 23:14:58      1455     0.40
         0.58        6123.1         2.110    Nov  8 23:14:59      1456     0.40
         0.58        6125.3         2.140    Nov  8 23:14:59      1456     0.40
         0.58        6127.4         2.130    Nov  8 23:15:00      1457     0.40
         0.58        6129.5         2.120    Nov  8 23:15:00      1457     0.40
         0.58        6131.7         2.200    Nov  8 23:15:01      1458     0.41
         0.58        6133.8         2.120    Nov  8 23:15:01      1458     0.41
         0.59        6135.5         1.650    Nov  8 23:15:02      1459     0.41
         0.59        6137.7         2.200    Nov  8 23:15:03      1460     0.41
         0.59        6139.8         2.130    Nov  8 23:15:03      1460     0.41
         0.59        6142.0         2.200    Nov  8 23:15:04      1461     0.41
         0.59        6144.1         2.070    Nov  8 23:15:04      1461     0.41
         0.59        6146.2         2.110    Nov  8 23:15:05      1462     0.41
         0.59        6148.4         2.240    Nov  8 23:15:06      1463     0.41
         0.59        6150.5         2.070    Nov  8 23:15:06      1463     0.41
         0.59        6152.7         2.190    Nov  8 23:15:07      1464     0.41
         0.59        6154.8         2.090    Nov  8 23:15:07      1464     0.41
         0.60        6156.8         2.070    Nov  8 23:15:08      1465     0.41
         0.60        6158.9         2.070    Nov  8 23:15:08      1465     0.41
         0.60        6161.0         2.080    Nov  8 23:15:09      1466     0.41
         0.60        6163.2         2.210    Nov  8 23:15:10      1467     0.41
         0.60        6165.3         2.100    Nov  8 23:15:10      1467     0.41
         0.60        6167.3         1.990    Nov  8 23:15:11      1468     0.41
         0.60        6169.5         2.200    Nov  8 23:15:11      1468     0.41
         0.60        6171.6         2.070    Nov  8 23:15:12      1469     0.41
         0.60        6173.8         2.180    Nov  8 23:15:13      1470     0.41
         0.60        6175.8         2.070    Nov  8 23:15:13      1470     0.41
         0.61        6177.9         2.100    Nov  8 23:15:14      1471     0.41
         0.61        6180.1         2.190    Nov  8 23:15:14      1471     0.41
         0.61        6182.1         2.040    Nov  8 23:15:15      1472     0.41
         0.61        6184.2         2.090    Nov  8 23:15:15      1472     0.41
         0.61        6186.4         2.110    Nov  8 23:15:16      1473     0.41
         0.61        6188.4         2.100    Nov  8 23:15:17      1474     0.41
         0.61        6190.5         2.060    Nov  8 23:15:17      1474     0.41
         0.61        6192.5         1.970    Nov  8 23:15:18      1475     0.41
         0.61        6194.6         2.100    Nov  8 23:15:18      1475     0.41
         0.61        6196.6         1.990    Nov  8 23:15:19      1476     0.41
         0.62        6198.8         2.210    Nov  8 23:15:19      1476     0.41
         0.62        6200.8         2.070    Nov  8 23:15:20      1477     0.41
         0.62        6202.8         1.980    Nov  8 23:15:21      1478     0.41
         0.62        6205.0         2.190    Nov  8 23:15:21      1478     0.41
         0.62        6207.0         1.960    Nov  8 23:15:22      1479     0.41
         0.62        6209.0         1.990    Nov  8 23:15:22      1479     0.41
         0.62        6211.2         2.230    Nov  8 23:15:23      1480     0.41
         0.62        6213.3         2.100    Nov  8 23:15:23      1480     0.41
         0.62        6215.2         1.880    Nov  8 23:15:24      1481     0.41
         0.62        6217.3         2.090    Nov  8 23:15:24      1481     0.41
         0.63        6219.3         2.010    Nov  8 23:15:25      1482     0.41
         0.63        6221.6         2.310    Nov  8 23:15:26      1483     0.41
         0.63        6223.6         2.020    Nov  8 23:15:26      1483     0.41
         0.63        6225.6         2.010    Nov  8 23:15:27      1484     0.41
         0.63        6227.9         2.270    Nov  8 23:15:27      1484     0.41
         0.63        6229.9         2.010    Nov  8 23:15:28      1485     0.41
         0.63        6231.8         1.900    Nov  8 23:15:28      1485     0.41
         0.63        6234.0         2.200    Nov  8 23:15:29      1486     0.41
         0.63        6236.1         2.100    Nov  8 23:15:30      1487     0.41
         0.63        6238.2         2.070    Nov  8 23:15:30      1487     0.41
         0.64        6240.2         2.080    Nov  8 23:15:31      1488     0.41
         0.64        6242.3         2.100    Nov  8 23:15:31      1488     0.41
         0.64        6244.5         2.180    Nov  8 23:15:32      1489     0.41
         0.64        6246.6         2.100    Nov  8 23:15:33      1490     0.41
         0.64        6248.5         1.900    Nov  8 23:15:33      1490     0.41
         0.64        6250.7         2.170    Nov  8 23:15:34      1491     0.41
         0.64        6252.8         2.090    Nov  8 23:15:34      1491     0.41
         0.64        6255.0         2.170    Nov  8 23:15:35      1492     0.41
         0.64        6257.1         2.090    Nov  8 23:15:35      1492     0.41
         0.64        6259.1         2.100    Nov  8 23:15:36      1493     0.41
         0.65        6261.4         2.210    Nov  8 23:15:37      1494     0.41
         0.65        6263.3         1.920    Nov  8 23:15:37      1494     0.41
         0.65        6265.4         2.110    Nov  8 23:15:38      1495     0.42
         0.65        6267.5         2.060    Nov  8 23:15:38      1495     0.42
         0.65        6269.6         2.120    Nov  8 23:15:39      1496     0.42
         0.65        6271.9         2.280    Nov  8 23:15:39      1496     0.42
         0.65        6274.0         2.190    Nov  8 23:15:40      1497     0.42
         0.65        6276.1         2.110    Nov  8 23:15:41      1498     0.42
         0.65        6278.3         2.110    Nov  8 23:15:41      1498     0.42
         0.65        6280.4         2.180    Nov  8 23:15:42      1499     0.42
         0.66        6282.5         2.010    Nov  8 23:15:42      1499     0.42
         0.66        6284.3         1.810    Nov  8 23:15:43      1500     0.42
         0.66        6286.3         2.020    Nov  8 23:15:43      1500     0.42
         0.66        6288.3         1.980    Nov  8 23:15:44      1501     0.42
         0.66        6290.3         2.080    Nov  8 23:15:44      1501     0.42
         0.66        6292.4         2.100    Nov  8 23:15:45      1502     0.42
         0.66        6294.6         2.110    Nov  8 23:15:46      1503     0.42
         0.66        6296.7         2.150    Nov  8 23:15:46      1503     0.42
         0.66        6298.8         2.110    Nov  8 23:15:47      1504     0.42
         0.66        6301.0         2.180    Nov  8 23:15:47      1504     0.42
         0.67        6302.8         1.800    Nov  8 23:15:48      1505     0.42
         0.67        6304.8         1.960    Nov  8 23:15:48      1505     0.42
         0.67        6306.9         2.190    Nov  8 23:15:49      1506     0.42
         0.67        6309.2         2.220    Nov  8 23:15:50      1507     0.42
         0.67        6311.1         1.930    Nov  8 23:15:50      1507     0.42
         0.67        6313.3         2.240    Nov  8 23:15:51      1508     0.42
         0.67        6315.4         2.110    Nov  8 23:15:51      1508     0.42
         0.67        6317.6         2.120    Nov  8 23:15:52      1509     0.42
         0.67        6319.6         2.030    Nov  8 23:15:53      1510     0.42
         0.67        6321.5         1.880    Nov  8 23:15:53      1510     0.42
         0.68        6323.6         2.170    Nov  8 23:15:54      1511     0.42
         0.68        6325.9         2.210    Nov  8 23:15:54      1511     0.42
         0.68        6327.9         2.070    Nov  8 23:15:55      1512     0.42
         0.68        6330.0         2.110    Nov  8 23:15:55      1512     0.42
         0.68        6332.1         2.120    Nov  8 23:15:56      1513     0.42
         0.68        6334.3         2.120    Nov  8 23:15:57      1514     0.42
         0.68        6336.4         2.170    Nov  8 23:15:57      1514     0.42
         0.68        6338.7         2.210    Nov  8 23:15:58      1515     0.42
         0.68        6340.8         2.180    Nov  8 23:15:58      1515     0.42
         0.68        6342.8         1.990    Nov  8 23:15:59      1516     0.42
         0.69        6345.1         2.320    Nov  8 23:16:00      1517     0.42
         0.69        6347.3         2.130    Nov  8 23:16:00      1517     0.42
         0.69        6349.3         2.030    Nov  8 23:16:01      1518     0.42
         0.69        6351.4         2.140    Nov  8 23:16:01      1518     0.42
         0.69        6353.6         2.140    Nov  8 23:16:02      1519     0.42
         0.69        6355.7         2.130    Nov  8 23:16:03      1520     0.42
         0.69        6357.8         2.130    Nov  8 23:16:03      1520     0.42
         0.69        6359.7         1.900    Nov  8 23:16:04      1521     0.42
         0.69        6362.0         2.230    Nov  8 23:16:04      1521     0.42
         0.69        6364.2         2.250    Nov  8 23:16:05      1522     0.42
         0.70        6366.2         2.020    Nov  8 23:16:05      1522     0.42
         0.70        6368.4         2.200    Nov  8 23:16:06      1523     0.42
         0.70        6370.6         2.130    Nov  8 23:16:07      1524     0.42
         0.70        6372.8         2.230    Nov  8 23:16:07      1524     0.42
         0.70        6374.8         2.000    Nov  8 23:16:08      1525     0.42
         0.70        6377.0         2.210    Nov  8 23:16:08      1525     0.42
         0.70        6378.9         1.900    Nov  8 23:16:09      1526     0.42
         0.70        6380.9         2.010    Nov  8 23:16:09      1526     0.42
         0.70        6383.2         2.250    Nov  8 23:16:10      1527     0.42
         0.70        6385.2         2.070    Nov  8 23:16:11      1528     0.42
         0.71        6387.5         2.290    Nov  8 23:16:11      1528     0.42
         0.71        6389.7         2.190    Nov  8 23:16:12      1529     0.42
         0.71        6391.7         2.020    Nov  8 23:16:12      1529     0.42
         0.71        6393.9         2.140    Nov  8 23:16:13      1530     0.42
         0.71        6396.1         2.240    Nov  8 23:16:13      1530     0.42
         0.71        6398.2         2.050    Nov  8 23:16:14      1531     0.43
         0.71        6400.2         2.040    Nov  8 23:16:14      1531     0.43
         0.71        6402.6         2.340    Nov  8 23:16:15      1532     0.43
         0.71        6404.8         2.280    Nov  8 23:16:16      1533     0.43
         0.71        6407.2         2.420    Nov  8 23:16:16      1533     0.43
         0.72        6409.5         2.250    Nov  8 23:16:17      1534     0.43
         0.72        6413.3         3.810    Nov  8 23:16:18      1535     0.43
         0.72        6417.1         3.810    Nov  8 23:16:19      1536     0.43
         0.72        6420.9         3.790    Nov  8 23:16:20      1537     0.43
         0.72        6424.7         3.830    Nov  8 23:16:20      1537     0.43
         0.72        6428.5         3.790    Nov  8 23:16:21      1538     0.43
         0.72        6432.4         3.840    Nov  8 23:16:22      1539     0.43
         0.72        6436.1         3.760    Nov  8 23:16:23      1540     0.43
         0.72        6439.9         3.720    Nov  8 23:16:24      1541     0.43
         0.72        6443.6         3.770    Nov  8 23:16:25      1542     0.43
         0.73        6447.5         3.850    Nov  8 23:16:26      1543     0.43
         0.73        6449.5         2.020    Nov  8 23:16:26      1543     0.43
         0.73        6451.9         2.410    Nov  8 23:16:27      1544     0.43
         0.73        6454.1         2.200    Nov  8 23:16:28      1545     0.43
         0.73        6456.2         2.140    Nov  8 23:16:28      1545     0.43
         0.73        6458.4         2.200    Nov  8 23:16:29      1546     0.43
         0.73        6460.4         2.000    Nov  8 23:16:29      1546     0.43
         0.73        6462.6         2.160    Nov  8 23:16:30      1547     0.43
         0.73        6464.8         2.160    Nov  8 23:16:30      1547     0.43
         0.73        6467.1         2.310    Nov  8 23:16:31      1548     0.43
         0.74        6469.3         2.200    Nov  8 23:16:32      1549     0.43
         0.74        6471.4         2.120    Nov  8 23:16:32      1549     0.43
         0.74        6473.8         2.360    Nov  8 23:16:33      1550     0.43
         0.74        6475.9         2.150    Nov  8 23:16:33      1550     0.43
         0.74        6477.9         1.970    Nov  8 23:16:34      1551     0.43
         0.74        6480.1         2.270    Nov  8 23:16:35      1552     0.43
         0.74        6482.2         2.090    Nov  8 23:16:35      1552     0.43
         0.74        6484.4         2.170    Nov  8 23:16:36      1553     0.43
         0.74        6486.4         2.050    Nov  8 23:16:36      1553     0.43
         0.74        6488.6         2.100    Nov  8 23:16:37      1554     0.43
         0.75        6490.8         2.280    Nov  8 23:16:38      1555     0.43
         0.75        6493.1         2.260    Nov  8 23:16:38      1555     0.43
         0.75        6495.3         2.180    Nov  8 23:16:39      1556     0.43
         0.75        6497.3         2.040    Nov  8 23:16:40      1557     0.43
         0.75        6499.3         1.970    Nov  8 23:16:40      1557     0.43
         0.75        6501.3         2.050    Nov  8 23:16:41      1558     0.43
         0.75        6503.3         2.010    Nov  8 23:16:41      1558     0.43
         0.75        6505.5         2.140    Nov  8 23:16:42      1559     0.43
         0.75        6507.5         2.060    Nov  8 23:16:42      1559     0.43
         0.75        6509.6         2.070    Nov  8 23:16:43      1560     0.43
         0.76        6511.7         2.080    Nov  8 23:16:43      1560     0.43
         0.76        6513.7         2.000    Nov  8 23:16:44      1561     0.43
         0.76        6515.9         2.170    Nov  8 23:16:45      1562     0.43
         0.76        6517.9         2.070    Nov  8 23:16:45      1562     0.43
         0.76        6520.1         2.220    Nov  8 23:16:46      1563     0.43
         0.76        6522.4         2.240    Nov  8 23:16:46      1563     0.43
         0.76        6524.5         2.160    Nov  8 23:16:47      1564     0.43
         0.76        6526.6         2.000    Nov  8 23:16:47      1564     0.43
         0.76        6528.7         2.130    Nov  8 23:16:48      1565     0.43
         0.76        6530.8         2.140    Nov  8 23:16:49      1566     0.43
         0.77        6533.0         2.140    Nov  8 23:16:49      1566     0.43
         0.77        6534.9         1.980    Nov  8 23:16:50      1567     0.44
         0.77        6537.0         2.050    Nov  8 23:16:50      1567     0.44
         0.77        6539.1         2.150    Nov  8 23:16:51      1568     0.44
         0.77        6541.3         2.190    Nov  8 23:16:51      1568     0.44
         0.77        6543.3         1.990    Nov  8 23:16:52      1569     0.44
         0.77        6545.3         2.010    Nov  8 23:16:53      1570     0.44
         0.77        6547.6         2.300    Nov  8 23:16:53      1570     0.44
         0.77        6549.7         2.080    Nov  8 23:16:54      1571     0.44
         0.77        6551.7         2.020    Nov  8 23:16:54      1571     0.44
         0.78        6553.7         1.970    Nov  8 23:16:55      1572     0.44
         0.78        6555.7         2.010    Nov  8 23:16:55      1572     0.44
         0.78        6557.7         2.020    Nov  8 23:16:56      1573     0.44
         0.78        6559.6         1.870    Nov  8 23:16:57      1574     0.44
         0.78        6561.9         2.280    Nov  8 23:16:57      1574     0.44
         0.78        6564.1         2.200    Nov  8 23:16:58      1575     0.44
         0.78        6566.2         2.100    Nov  8 23:16:58      1575     0.44
         0.78        6568.2         1.980    Nov  8 23:16:59      1576     0.44
         0.78        6570.4         2.210    Nov  8 23:17:00      1577     0.44
         0.78        6572.4         2.070    Nov  8 23:17:00      1577     0.44
         0.79        6574.3         1.900    Nov  8 23:17:01      1578     0.44
         0.79        6576.4         2.050    Nov  8 23:17:01      1578     0.44
         0.79        6578.5         2.120    Nov  8 23:17:02      1579     0.44
         0.79        6580.5         2.030    Nov  8 23:17:02      1579     0.44
         0.79        6582.6         2.010    Nov  8 23:17:03      1580     0.44
         0.79        6584.6         2.030    Nov  8 23:17:04      1581     0.44
         0.79        6586.6         2.060    Nov  8 23:17:04      1581     0.44
         0.79        6588.8         2.150    Nov  8 23:17:05      1582     0.44
         0.79        6590.9         2.120    Nov  8 23:17:05      1582     0.44
         0.79        6592.9         1.990    Nov  8 23:17:06      1583     0.44
         0.80        6595.0         2.100    Nov  8 23:17:06      1583     0.44
         0.80        6597.1         2.090    Nov  8 23:17:07      1584     0.44
         0.80        6599.1         2.030    Nov  8 23:17:08      1585     0.44
         0.80        6601.1         2.000    Nov  8 23:17:08      1585     0.44
         0.80        6603.2         2.050    Nov  8 23:17:09      1586     0.44
         0.80        6605.3         2.130    Nov  8 23:17:09      1586     0.44
         0.80        6607.2         1.900    Nov  8 23:17:10      1587     0.44
         0.80        6609.1         1.900    Nov  8 23:17:10      1587     0.44
         0.80        6611.1         1.960    Nov  8 23:17:11      1588     0.44
         0.80        6613.0         1.980    Nov  8 23:17:11      1588     0.44
         0.81        6614.8         1.780    Nov  8 23:17:12      1589     0.44
         0.81        6616.9         2.050    Nov  8 23:17:12      1589     0.44
         0.81        6618.8         1.890    Nov  8 23:17:13      1590     0.44
         0.81        6620.8         2.050    Nov  8 23:17:14      1591     0.44
         0.81        6622.6         1.790    Nov  8 23:17:14      1591     0.44
         0.81        6624.6         2.000    Nov  8 23:17:15      1592     0.44
         0.81        6626.4         1.770    Nov  8 23:17:15      1592     0.44
         0.81        6628.6         2.180    Nov  8 23:17:16      1593     0.44
         0.81        6630.5         1.990    Nov  8 23:17:16      1593     0.44
         0.81        6632.5         1.940    Nov  8 23:17:17      1594     0.44
         0.82        6634.4         1.920    Nov  8 23:17:17      1594     0.44
         0.82        6636.6         2.210    Nov  8 23:17:18      1595     0.44
         0.82        6638.6         1.990    Nov  8 23:17:19      1596     0.44
         0.82        6640.6         1.950    Nov  8 23:17:19      1596     0.44
         0.82        6642.6         2.020    Nov  8 23:17:20      1597     0.44
         0.82        6644.4         1.850    Nov  8 23:17:20      1597     0.44
         0.82        6646.3         1.860    Nov  8 23:17:21      1598     0.44
         0.82        6648.3         1.980    Nov  8 23:17:21      1598     0.44
         0.82        6650.2         1.990    Nov  8 23:17:22      1599     0.44
         0.82        6652.2         1.980    Nov  8 23:17:22      1599     0.44
         0.83        6654.1         1.860    Nov  8 23:17:23      1600     0.44
         0.83        6656.0         1.880    Nov  8 23:17:23      1600     0.44
         0.83        6658.2         2.200    Nov  8 23:17:24      1601     0.44
         0.83        6660.3         2.140    Nov  8 23:17:25      1602     0.45
         0.83        6662.2         1.860    Nov  8 23:17:25      1602     0.45
         0.83        6664.3         2.110    Nov  8 23:17:26      1603     0.45
         0.83        6666.4         2.140    Nov  8 23:17:26      1603     0.45
         0.83        6668.4         2.020    Nov  8 23:17:27      1604     0.45
         0.83        6670.4         2.000    Nov  8 23:17:27      1604     0.45
         0.83        6672.5         2.050    Nov  8 23:17:28      1605     0.45
         0.84        6674.5         2.040    Nov  8 23:17:29      1606     0.45
         0.84        6676.7         2.150    Nov  8 23:17:29      1606     0.45
         0.84        6678.7         2.010    Nov  8 23:17:30      1607     0.45
         0.84        6680.8         2.090    Nov  8 23:17:30      1607     0.45
         0.84        6682.8         2.010    Nov  8 23:17:31      1608     0.45
         0.84        6684.8         2.020    Nov  8 23:17:31      1608     0.45
         0.84        6686.8         1.990    Nov  8 23:17:32      1609     0.45
         0.84        6688.7         1.890    Nov  8 23:17:32      1609     0.45
         0.84        6690.8         2.090    Nov  8 23:17:33      1610     0.45
         0.84        6692.8         1.990    Nov  8 23:17:34      1611     0.45
         0.85        6694.7         1.960    Nov  8 23:17:34      1611     0.45
         0.85        6696.7         2.000    Nov  8 23:17:35      1612     0.45
         0.85        6698.8         2.080    Nov  8 23:17:35      1612     0.45
         0.85        6700.6         1.840    Nov  8 23:17:36      1613     0.45
         0.85        6702.7         2.080    Nov  8 23:17:36      1613     0.45
         0.85        6704.8         2.080    Nov  8 23:17:37      1614     0.45
         0.85        6706.7         1.900    Nov  8 23:17:37      1614     0.45
         0.85        6708.8         2.100    Nov  8 23:17:38      1615     0.45
         0.85        6710.8         1.950    Nov  8 23:17:39      1616     0.45
         0.85        6712.8         1.990    Nov  8 23:17:39      1616     0.45
         0.86        6714.8         2.000    Nov  8 23:17:40      1617     0.45
         0.86        6716.7         1.980    Nov  8 23:17:40      1617     0.45
         0.86        6718.3         1.590    Nov  8 23:17:41      1618     0.45
         0.86        6720.3         2.000    Nov  8 23:17:41      1618     0.45
         0.86        6722.2         1.840    Nov  8 23:17:42      1619     0.45
         0.86        6724.2         2.020    Nov  8 23:17:42      1619     0.45
         0.86        6726.1         1.960    Nov  8 23:17:43      1620     0.45
         0.86        6727.9         1.810    Nov  8 23:17:43      1620     0.45
         0.86        6730.0         2.020    Nov  8 23:17:44      1621     0.45
         0.86        6731.9         1.910    Nov  8 23:17:45      1622     0.45
         0.87        6733.8         1.890    Nov  8 23:17:45      1622     0.45
         0.87        6735.6         1.850    Nov  8 23:17:46      1623     0.45
         0.87        6737.5         1.920    Nov  8 23:17:46      1623     0.45
         0.87        6739.5         1.980    Nov  8 23:17:47      1624     0.45
         0.87        6741.5         1.950    Nov  8 23:17:47      1624     0.45
         0.87        6743.4         1.890    Nov  8 23:17:48      1625     0.45
         0.87        6745.4         2.070    Nov  8 23:17:48      1625     0.45
         0.87        6747.4         1.980    Nov  8 23:17:49      1626     0.45
         0.87        6749.4         1.940    Nov  8 23:17:49      1626     0.45
         0.87        6751.3         1.990    Nov  8 23:17:50      1627     0.45
         0.88        6753.3         1.980    Nov  8 23:17:51      1628     0.45
         0.88        6755.1         1.800    Nov  8 23:17:51      1628     0.45
         0.88        6757.2         2.040    Nov  8 23:17:52      1629     0.45
         0.88        6759.0         1.880    Nov  8 23:17:52      1629     0.45
         0.88        6761.0         2.000    Nov  8 23:17:53      1630     0.45
         0.88        6763.0         1.990    Nov  8 23:17:53      1630     0.45
         0.88        6764.9         1.890    Nov  8 23:17:54      1631     0.45
         0.88        6767.0         2.110    Nov  8 23:17:54      1631     0.45
         0.88        6768.9         1.890    Nov  8 23:17:55      1632     0.45
         0.88        6771.0         2.100    Nov  8 23:17:55      1632     0.45
         0.89        6773.0         1.950    Nov  8 23:17:56      1633     0.45
         0.89        6774.9         1.880    Nov  8 23:17:57      1634     0.45
         0.89        6777.0         2.180    Nov  8 23:17:57      1634     0.45
         0.89        6779.1         2.090    Nov  8 23:17:58      1635     0.45
         0.89        6781.1         1.970    Nov  8 23:17:58      1635     0.45
         0.89        6783.2         2.100    Nov  8 23:17:59      1636     0.45
         0.89        6785.2         1.980    Nov  8 23:17:59      1636     0.45
         0.89        6787.2         2.000    Nov  8 23:18:00      1637     0.45
         0.89        6789.2         2.040    Nov  8 23:18:01      1638     0.46
         0.89        6790.9         1.690    Nov  8 23:18:01      1638     0.46
         0.90        6792.8         1.910    Nov  8 23:18:02      1639     0.46
         0.90        6794.7         1.910    Nov  8 23:18:02      1639     0.46
         0.90        6796.6         1.890    Nov  8 23:18:03      1640     0.46
         0.90        6798.5         1.910    Nov  8 23:18:03      1640     0.46
         0.90        6800.6         2.040    Nov  8 23:18:04      1641     0.46
         0.90        6802.5         1.900    Nov  8 23:18:04      1641     0.46
         0.90        6804.5         2.040    Nov  8 23:18:05      1642     0.46
         0.90        6806.5         2.000    Nov  8 23:18:05      1642     0.46
         0.90        6808.5         1.960    Nov  8 23:18:06      1643     0.46
         0.90        6810.6         2.160    Nov  8 23:18:07      1644     0.46
         0.91        6812.7         2.030    Nov  8 23:18:07      1644     0.46
         0.91        6814.5         1.880    Nov  8 23:18:08      1645     0.46
         0.91        6816.5         1.990    Nov  8 23:18:08      1645     0.46
         0.91        6818.5         1.970    Nov  8 23:18:09      1646     0.46
         0.91        6820.4         1.950    Nov  8 23:18:09      1646     0.46
         0.91        6822.7         2.220    Nov  8 23:18:10      1647     0.46
         0.91        6824.6         1.910    Nov  8 23:18:11      1648     0.46
         0.91        6826.7         2.090    Nov  8 23:18:11      1648     0.46
         0.91        6828.6         1.910    Nov  8 23:18:12      1649     0.46
         0.91        6830.5         1.890    Nov  8 23:18:12      1649     0.46
         0.92        6832.6         2.110    Nov  8 23:18:13      1650     0.46
         0.92        6834.5         1.890    Nov  8 23:18:13      1650     0.46
         0.92        6836.6         2.140    Nov  8 23:18:14      1651     0.46
         0.92        6838.6         1.960    Nov  8 23:18:14      1651     0.46
         0.92        6840.5         1.900    Nov  8 23:18:15      1652     0.46
         0.92        6842.4         1.980    Nov  8 23:18:16      1653     0.46
         0.92        6844.3         1.830    Nov  8 23:18:16      1653     0.46
         0.92        6846.3         2.040    Nov  8 23:18:17      1654     0.46
         0.92        6848.4         2.090    Nov  8 23:18:17      1654     0.46
         0.92        6850.4         1.970    Nov  8 23:18:18      1655     0.46
         0.93        6852.3         1.980    Nov  8 23:18:18      1655     0.46
         0.93        6854.3         1.990    Nov  8 23:18:19      1656     0.46
         0.93        6856.3         2.000    Nov  8 23:18:19      1656     0.46
         0.93        6858.3         1.940    Nov  8 23:18:20      1657     0.46
         0.93        6860.3         2.060    Nov  8 23:18:21      1658     0.46
         0.93        6862.2         1.890    Nov  8 23:18:21      1658     0.46
         0.93        6863.9         1.640    Nov  8 23:18:22      1659     0.46
         0.93        6865.7         1.840    Nov  8 23:18:22      1659     0.46
         0.93        6867.6         1.860    Nov  8 23:18:23      1660     0.46
         0.93        6869.5         1.920    Nov  8 23:18:23      1660     0.46
         0.94        6871.4         1.900    Nov  8 23:18:24      1661     0.46
         0.94        6873.3         1.910    Nov  8 23:18:24      1661     0.46
         0.94        6875.1         1.790    Nov  8 23:18:25      1662     0.46
         0.94        6877.1         1.960    Nov  8 23:18:25      1662     0.46
         0.94        6879.1         2.020    Nov  8 23:18:26      1663     0.46
         0.94        6880.9         1.840    Nov  8 23:18:26      1663     0.46
         0.94        6882.8         1.930    Nov  8 23:18:27      1664     0.46
         0.94        6884.8         1.930    Nov  8 23:18:27      1664     0.46
         0.94        6886.8         2.020    Nov  8 23:18:28      1665     0.46
         0.94        6888.7         1.900    Nov  8 23:18:29      1666     0.46
         0.95        6890.5         1.860    Nov  8 23:18:29      1666     0.46
         0.95        6892.6         2.030    Nov  8 23:18:30      1667     0.46
         0.95        6894.4         1.810    Nov  8 23:18:30      1667     0.46
         0.95        6896.4         1.970    Nov  8 23:18:31      1668     0.46
         0.95        6898.2         1.790    Nov  8 23:18:31      1668     0.46
         0.95        6900.0         1.840    Nov  8 23:18:32      1669     0.46
         0.95        6902.0         2.020    Nov  8 23:18:32      1669     0.46
         0.95        6903.9         1.880    Nov  8 23:18:33      1670     0.46
         0.95        6905.9         2.060    Nov  8 23:18:33      1670     0.46
         0.95        6907.8         1.900    Nov  8 23:18:34      1671     0.46
         0.96        6909.9         2.100    Nov  8 23:18:35      1672     0.46
         0.96        6911.8         1.860    Nov  8 23:18:35      1672     0.46
         0.96        6913.7         1.890    Nov  8 23:18:36      1673     0.46
         0.96        6915.7         2.000    Nov  8 23:18:36      1673     0.46
         0.96        6917.7         2.010    Nov  8 23:18:37      1674     0.47
         0.96        6919.7         2.030    Nov  8 23:18:37      1674     0.47
         0.96        6921.6         1.910    Nov  8 23:18:38      1675     0.47
         0.96        6923.7         2.080    Nov  8 23:18:38      1675     0.47
         0.96        6925.7         1.990    Nov  8 23:18:39      1676     0.47
         0.96        6927.7         2.000    Nov  8 23:18:40      1677     0.47
         0.97        6929.8         2.050    Nov  8 23:18:40      1677     0.47
         0.97        6931.8         1.990    Nov  8 23:18:41      1678     0.47
         0.97        6933.9         2.090    Nov  8 23:18:41      1678     0.47
         0.97        6935.9         2.000    Nov  8 23:18:42      1679     0.47
         0.97        6937.8         1.930    Nov  8 23:18:42      1679     0.47
         0.97        6939.9         2.090    Nov  8 23:18:43      1680     0.47
         0.97        6941.9         2.000    Nov  8 23:18:44      1681     0.47
         0.97        6944.0         2.110    Nov  8 23:18:44      1681     0.47
         0.97        6945.9         1.960    Nov  8 23:18:45      1682     0.47
         0.97        6947.9         2.000    Nov  8 23:18:45      1682     0.47
         0.98        6950.1         2.120    Nov  8 23:18:46      1683     0.47
         0.98        6952.0         1.980    Nov  8 23:18:46      1683     0.47
         0.98        6954.1         2.070    Nov  8 23:18:47      1684     0.47
         0.98        6956.1         1.950    Nov  8 23:18:48      1685     0.47
         0.98        6958.1         2.000    Nov  8 23:18:48      1685     0.47
         0.98        6960.1         2.040    Nov  8 23:18:49      1686     0.47
         0.98        6962.0         1.880    Nov  8 23:18:49      1686     0.47
         0.98        6964.1         2.100    Nov  8 23:18:50      1687     0.47
         0.98        6966.2         2.090    Nov  8 23:18:50      1687     0.47
         0.98        6968.0         1.820    Nov  8 23:18:51      1688     0.47
         0.99        6970.0         2.060    Nov  8 23:18:51      1688     0.47
         0.99        6972.0         1.980    Nov  8 23:18:52      1689     0.47
         0.99        6973.5         1.480    Nov  8 23:18:52      1689     0.47
         0.99        6975.6         2.050    Nov  8 23:18:53      1690     0.47
         0.99        6977.5         1.960    Nov  8 23:18:54      1691     0.47
         0.99        6979.4         1.930    Nov  8 23:18:54      1691     0.47
         0.99        6981.6         2.100    Nov  8 23:18:55      1692     0.47
         0.99        6983.4         1.880    Nov  8 23:18:55      1692     0.47
         0.99        6985.4         1.960    Nov  8 23:18:56      1693     0.47
         0.99        6987.4         1.990    Nov  8 23:18:56      1693     0.47
         0.99        6989.4         1.990    Nov  8 23:18:57      1694     0.47
         1.00        6991.4         2.020    Nov  8 23:18:57      1694     0.47
         1.00        6993.3         1.910    Nov  8 23:18:58      1695     0.47
         1.00        6995.4         2.080    Nov  8 23:18:58      1695     0.47
         1.00        6997.5         2.080    Nov  8 23:18:59      1696     0.47
         1.00        6999.3         1.890    Nov  8 23:19:00      1697     0.47
