#Update-step  Updatetime     Error of A        Error of phi      Time in fs
     1                                         0.197644E-002
     1        0.00312500     0.000000E+000     0.682820E-004        0.0000
     2 *      0.00254934     0.000000E+000     0.249958E-003        0.0031
     2        0.00254934     0.000000E+000     0.100137E-003        0.0057
     3        0.00399027     0.000000E+000     0.740604E-004        0.0082
     4 *      0.00313522     0.000000E+000     0.126424E-003        0.0122
     4        0.00313522     0.000000E+000     0.109131E-003        0.0153
     5 *      0.00239752     0.000000E+000     0.373294E-003        0.0185
     5        0.00239752     0.000000E+000     0.255228E-003        0.0209
     6        0.00264554     0.000000E+000     0.181535E-003        0.0233
     7        0.00308646     0.000000E+000     0.261121E-003        0.0259
     8        0.00308646     0.000000E+000     0.100425E-003        0.0290
     9        0.00452681     0.000000E+000     0.129362E-003        0.0321
    10        0.00576139     0.000000E+000     0.860788E-004        0.0366
    11        0.00823056     0.000000E+000     0.115190E-003        0.0424
    12        0.00987667     0.000000E+000     0.155318E-003        0.0506
    13 *      0.00493834     0.000000E+000     0.807797E-004        0.0605
    13        0.00493834     0.000000E+000     0.478245E-004        0.0654
    14        0.00987667     0.000000E+000     0.197707E-003        0.0704
    15        0.00987667     0.000000E+000     0.181238E-003        0.0802
    16 *      0.00493834     0.000000E+000     0.251054E-003        0.0901
    16        0.00493834     0.000000E+000     0.632608E-004        0.0951
    17        0.00909091     0.000000E+000     0.135938E-003        0.1000
    18        0.01136364     0.000000E+000     0.195735E-003        0.1091
    19        0.01136364     0.000000E+000     0.235365E-003        0.1205
    20 *      0.00568182     0.000000E+000     0.980678E-004        0.1318
    20        0.00568182     0.000000E+000     0.109312E-003        0.1375
    21 *      0.00405844     0.000000E+000     0.224065E-003        0.1432
    21        0.00405844     0.000000E+000     0.840565E-004        0.1472
    22        0.00695733     0.000000E+000     0.262755E-003        0.1513
    23        0.00695733     0.000000E+000     0.241644E-003        0.1583
    24 *      0.00347866     0.000000E+000     0.108977E-003        0.1652
    24        0.00347866     0.000000E+000     0.152498E-003        0.1687
    25        0.00463822     0.000000E+000     0.153518E-003        0.1722
    26        0.00579777     0.000000E+000     0.201799E-003        0.1768
    27        0.00579777     0.000000E+000     0.169639E-003        0.1826
    28        0.00579777     0.000000E+000     0.166824E-003        0.1884
    29        0.00579777     0.000000E+000     0.156699E-003        0.1942
    30                                         0.132332E-002
    30        0.00049261     0.000000E+000     0.292958E-004        0.2000
    31        0.00105859     0.000000E+000     0.124590E-004        0.2005
    32        0.00273469     0.000000E+000     0.160160E-003        0.2016
    33 *      0.00165024     0.000000E+000     0.122258E-003        0.2043
    33        0.00165024     0.000000E+000     0.970304E-004        0.2059
    34        0.00264039     0.000000E+000     0.176467E-003        0.2076
    35        0.00309563     0.000000E+000     0.178919E-003        0.2102
    36        0.00361157     0.000000E+000     0.188371E-003        0.2133
    37        0.00415330     0.000000E+000     0.197262E-003        0.2169
    38        0.00464193     0.000000E+000     0.199445E-003        0.2211
    39        0.00530506     0.000000E+000     0.214415E-003        0.2257
    40        0.00574715     0.000000E+000     0.210069E-003        0.2310
    41        0.00632186     0.000000E+000     0.217485E-003        0.2368
    42        0.00632186     0.000000E+000     0.191459E-003        0.2431
    43        0.00722498     0.000000E+000     0.218423E-003        0.2494
    44        0.00722498     0.000000E+000     0.197482E-003        0.2567
    45        0.00722498     0.000000E+000     0.179445E-003        0.2639
    46        0.00722498     0.000000E+000     0.164186E-003        0.2711
    47        0.00722498     0.000000E+000     0.147006E-003        0.2783
    48        0.00722498     0.000000E+000     0.134352E-003        0.2856
    49        0.00722498     0.000000E+000     0.121907E-003        0.2928
    50        0.00909091     0.000000E+000     0.174379E-003        0.3000
    51        0.01010101     0.000000E+000     0.177666E-003        0.3091
    52        0.01154401     0.000000E+000     0.216523E-003        0.3192
    53        0.01154401     0.000000E+000     0.191163E-003        0.3307
    54        0.01154401     0.000000E+000     0.184532E-003        0.3423
    55        0.01154401     0.000000E+000     0.164392E-003        0.3538
    56        0.01154401     0.000000E+000     0.151398E-003        0.3654
    57        0.01154401     0.000000E+000     0.135544E-003        0.3769
    58        0.01154401     0.000000E+000     0.134004E-003        0.3885
    59        0.01428571     0.000000E+000     0.169920E-003        0.4000
    60        0.01714286     0.000000E+000     0.204411E-003        0.4143
    61        0.01714286     0.000000E+000     0.194333E-003        0.4314
    62        0.01714286     0.000000E+000     0.159280E-003        0.4486
    63 *      0.00857143     0.000000E+000     0.870267E-004        0.4657
    63        0.00857143     0.000000E+000     0.668618E-004        0.4743
    64        0.00857143     0.000000E+000     0.324915E-004        0.4829
    65        0.00857143     0.000000E+000     0.313032E-004        0.4914
    66        0.01666667     0.000000E+000     0.109209E-003        0.5000
    67        0.02083333     0.000000E+000     0.137733E-003        0.5167
    68        0.02083333     0.000000E+000     0.107404E-003        0.5375
    69        0.02083333     0.000000E+000     0.922223E-004        0.5583
    70                                         0.903830E-003
    70        0.00160256     0.000000E+000     0.370111E-004        0.5792
    71        0.00320513     0.000000E+000     0.400000E-005        0.5808
    72        0.00801282     0.000000E+000     0.124525E-004        0.5840
    73        0.00801282     0.000000E+000     0.101076E-004        0.5920
    74        0.02000000     0.000000E+000     0.602334E-004        0.6000
    75        0.02666667     0.000000E+000     0.679823E-004        0.6200
    76        0.02666667     0.000000E+000     0.477057E-004        0.6467
    77        0.02666667     0.000000E+000     0.442509E-004        0.6733
    78        0.05000000     0.000000E+000     0.906147E-004        0.7000
    79        0.05000000     0.000000E+000     0.571753E-004        0.7500
    80        0.05000000     0.000000E+000     0.259158E-004        0.8000
    81        0.05000000     0.000000E+000     0.141121E-004        0.8500
    82        0.10000000     0.000000E+000     0.251834E-004        0.9000
