#Update-step  Updatetime     Error of A        Error of phi      Time in fs
     1                                         0.600454E-001
     1                                         0.104521E-004
     1        0.00003542     0.000000E+000     0.130944E-006        0.0000
     2        0.00007015     0.000000E+000     0.511576E-006        0.0000
     3        0.00008832     0.000000E+000     0.807764E-006        0.0001
     4        0.00009389     0.000000E+000     0.910326E-006        0.0002
     5        0.00009542     0.000000E+000     0.937370E-006        0.0003
     6        0.00009588     0.000000E+000     0.943655E-006        0.0004
     7        0.00009606     0.000000E+000     0.944748E-006        0.0005
     8        0.00009625     0.000000E+000     0.946444E-006        0.0006
     9        0.00009634     0.000000E+000     0.946105E-006        0.0007
    10        0.00009644     0.000000E+000     0.942881E-006        0.0008
    11        0.00009662     0.000000E+000     0.944456E-006        0.0009
    12        0.00009681     0.000000E+000     0.943823E-006        0.0010
    13        0.00009700     0.000000E+000     0.949563E-006        0.0011
    14        0.00009700     0.000000E+000     0.969272E-006        0.0012
    15        0.00009625     0.000000E+000     0.978653E-006        0.0013
    16        0.00009513     0.000000E+000     0.989221E-006        0.0013
    17 *      0.00004680     0.000000E+000     0.250810E-006        0.0014
    17        0.00004680     0.000000E+000     0.254606E-006        0.0015
    18        0.00008366     0.000000E+000     0.834624E-006        0.0015
    19        0.00008784     0.000000E+000     0.985512E-006        0.0016
    20 *      0.00004330     0.000000E+000     0.264935E-006        0.0017
    20        0.00004330     0.000000E+000     0.282453E-006        0.0018
    21        0.00007434     0.000000E+000     0.904222E-006        0.0018
    22 *      0.00003786     0.000000E+000     0.310598E-006        0.0019
    22        0.00003786     0.000000E+000     0.420826E-006        0.0019
    23 *      0.00002784     0.000000E+000     0.672757E-006        0.0019
    23        0.00002784     0.000000E+000     0.562106E-006        0.0020
    24 *      0.00001828     0.000000E+000     0.636622E-006        0.0020
    24        0.00001828     0.000000E+000     0.453048E-006        0.0020
    25        0.00002613     0.000000E+000     0.511333E-006        0.0020
    26        0.00003292     0.000000E+000     0.420908E-006        0.0021
    27        0.00004448     0.000000E+000     0.313037E-006        0.0021
    28        0.00006671     0.000000E+000     0.794518E-006        0.0021
    29 *      0.00003566     0.000000E+000     0.450555E-006        0.0022
    29        0.00003566     0.000000E+000     0.665653E-006        0.0022
    30 *      0.00002191     0.000000E+000     0.873098E-006        0.0023
    30        0.00002191     0.000000E+000     0.237312E-006        0.0023
    31 *      0.00002012     0.000000E+000     0.349412E-006        0.0023
    31        0.00002012     0.000000E+000     0.170190E-006        0.0023
    32 *      0.00002098     0.000000E+000     0.102254E-005        0.0024
    32        0.00002098     0.000000E+000     0.653896E-006        0.0024
    33        0.00002596     0.000000E+000     0.635079E-006        0.0024
    34        0.00003020     0.000000E+000     0.535839E-006        0.0024
    35        0.00003739     0.000000E+000     0.587848E-006        0.0025
    36 *      0.00002237     0.000000E+000     0.522417E-006        0.0025
    36        0.00002237     0.000000E+000     0.441575E-006        0.0025
    37 *      0.00001615     0.000000E+000     0.279925E-006        0.0025
    37        0.00001615     0.000000E+000     0.188910E-006        0.0026
    38        0.00003237     0.000000E+000     0.759177E-006        0.0026
    39        0.00003522     0.000000E+000     0.879426E-006        0.0026
    40        0.00003626     0.000000E+000     0.767928E-006        0.0026
    41 *      0.00001964     0.000000E+000     0.406399E-006        0.0027
    41        0.00001964     0.000000E+000     0.331818E-006        0.0027
    42        0.00003171     0.000000E+000     0.687175E-006        0.0027
    43        0.00003582     0.000000E+000     0.801656E-006        0.0028
    44 *      0.00001909     0.000000E+000     0.274481E-006        0.0028
    44        0.00001909     0.000000E+000     0.237638E-006        0.0028
    45        0.00003504     0.000000E+000     0.835708E-006        0.0028
    46 *      0.00001839     0.000000E+000     0.381709E-006        0.0029
    46        0.00001839     0.000000E+000     0.324821E-006        0.0029
    47        0.00002992     0.000000E+000     0.716868E-006        0.0029
    48 *      0.00001663     0.000000E+000     0.402425E-006        0.0029
    48        0.00001663     0.000000E+000     0.347032E-006        0.0029
    49        0.00002638     0.000000E+000     0.721166E-006        0.0030
    50        0.00002927     0.000000E+000     0.792895E-006        0.0030
    51 *      0.00001567     0.000000E+000     0.291514E-006        0.0030
    51        0.00001567     0.000000E+000     0.246745E-006        0.0030
    52        0.00002835     0.000000E+000     0.875345E-006        0.0030
    53 *      0.00001462     0.000000E+000     0.542902E-006        0.0031
    53        0.00001462     0.000000E+000     0.502047E-006        0.0031
    54        0.00002007     0.000000E+000     0.868045E-006        0.0031
    55        0.00002077     0.000000E+000     0.821467E-006        0.0031
    56        0.00002194     0.000000E+000     0.793779E-006        0.0031
    57        0.00002348     0.000000E+000     0.763726E-006        0.0032
    58 *      0.00001275     0.000000E+000     0.297864E-006        0.0032
    58        0.00001275     0.000000E+000     0.264329E-006        0.0032
    59        0.00002247     0.000000E+000     0.780103E-006        0.0032
    60 *      0.00001210     0.000000E+000     0.326180E-006        0.0032
    60        0.00001210     0.000000E+000     0.300377E-006        0.0032
    61        0.00002030     0.000000E+000     0.764254E-006        0.0033
    62        0.00002204     0.000000E+000     0.767545E-006        0.0033
    63 *      0.00001194     0.000000E+000     0.255968E-006        0.0033
    63        0.00001194     0.000000E+000     0.273946E-006        0.0033
    64        0.00002075     0.000000E+000     0.738178E-006        0.0033
    65 *      0.00001141     0.000000E+000     0.301677E-006        0.0033
    65        0.00001141     0.000000E+000     0.277449E-006        0.0034
    66        0.00001974     0.000000E+000     0.744135E-006        0.0034
    67        0.00002164     0.000000E+000     0.933912E-006        0.0034
    68        0.00002178     0.000000E+000     0.821313E-006        0.0034
    69 *      0.00001150     0.000000E+000     0.255562E-006        0.0034
    69        0.00001150     0.000000E+000     0.282308E-006        0.0034
    70        0.00001977     0.000000E+000     0.742184E-006        0.0035
    71 *      0.00001085     0.000000E+000     0.285249E-006        0.0035
    71        0.00001085     0.000000E+000     0.265771E-006        0.0035
    72        0.00001908     0.000000E+000     0.741750E-006        0.0035
    73 *      0.00001047     0.000000E+000     0.276008E-006        0.0035
    73        0.00001047     0.000000E+000     0.268446E-006        0.0035
    74        0.00001835     0.000000E+000     0.800595E-006        0.0035
    75        0.00001957     0.000000E+000     0.867657E-006        0.0036
    76        0.00002025     0.000000E+000     0.878023E-006        0.0036
    77        0.00002087     0.000000E+000     0.872127E-006        0.0036
    78        0.00002155     0.000000E+000     0.838104E-006        0.0036
    79        0.00002260     0.000000E+000     0.905590E-006        0.0036
    80        0.00002301     0.000000E+000     0.929384E-006        0.0037
    81        0.00002320     0.000000E+000     0.960490E-006        0.0037
    82        0.00002310     0.000000E+000     0.835753E-006        0.0037
    83        0.00002424     0.000000E+000     0.894142E-006        0.0037
    84        0.00002481     0.000000E+000     0.908698E-006        0.0038
    85        0.00002522     0.000000E+000     0.912130E-006        0.0038
    86        0.00002561     0.000000E+000     0.913452E-006        0.0038
    87        0.00002599     0.000000E+000     0.913948E-006        0.0038
    88        0.00002637     0.000000E+000     0.913935E-006        0.0039
    89        0.00002676     0.000000E+000     0.914194E-006        0.0039
    90        0.00002715     0.000000E+000     0.913874E-006        0.0039
    91        0.00002755     0.000000E+000     0.910994E-006        0.0039
    92        0.00002799     0.000000E+000     0.901017E-006        0.0040
    93        0.00002856     0.000000E+000     0.610091E-006        0.0040
    94        0.00003371     0.000000E+000     0.595097E-007        0.0040
    95        0.00008165     0.000000E+000     0.198906E-006        0.0041
    96        0.00014223     0.000000E+000     0.503597E-006        0.0041
    97        0.00017993     0.000000E+000     0.787415E-006        0.0043
    98        0.00019301     0.000000E+000     0.920904E-006        0.0045
    99        0.00019498     0.000000E+000     0.934880E-006        0.0047
   100        0.00019579     0.000000E+000     0.933273E-006        0.0048
   101        0.00019701     0.000000E+000     0.942169E-006        0.0050
   102 *      0.00009871     0.000000E+000     0.255718E-006        0.0052
   102        0.00009871     0.000000E+000     0.283976E-006        0.0053
   103        0.00016916     0.000000E+000     0.929286E-006        0.0054
   104 *      0.00008519     0.000000E+000     0.256194E-006        0.0056
   104        0.00008519     0.000000E+000     0.254618E-006        0.0057
   105        0.00015222     0.000000E+000     0.789321E-006        0.0058
   106        0.00016303     0.000000E+000     0.870932E-006        0.0059
   107        0.00016829     0.000000E+000     0.884427E-006        0.0061
   108        0.00017263     0.000000E+000     0.881779E-006        0.0063
   109        0.00017755     0.000000E+000     0.881114E-006        0.0064
   110        0.00018240     0.000000E+000     0.889256E-006        0.0066
   111 *      0.00009339     0.000000E+000     0.317514E-006        0.0068
   111        0.00009339     0.000000E+000     0.224625E-006        0.0069
   112        0.00017518     0.000000E+000     0.736560E-006        0.0070
   113        0.00019262     0.000000E+000     0.861203E-006        0.0072
   114        0.00019968     0.000000E+000     0.901244E-006        0.0073
   115        0.00020364     0.000000E+000     0.914525E-006        0.0075
   116        0.00020637     0.000000E+000     0.916433E-006        0.0078
   117        0.00020919     0.000000E+000     0.920054E-006        0.0080
   118        0.00021160     0.000000E+000     0.947610E-006        0.0082
   119        0.00021160     0.000000E+000     0.891848E-006        0.0084
   120        0.00021661     0.000000E+000     0.880422E-006        0.0086
   121        0.00022242     0.000000E+000     0.905040E-006        0.0088
   122        0.00022630     0.000000E+000     0.903930E-006        0.0090
   123        0.00023032     0.000000E+000     0.905706E-006        0.0093
   124        0.00023449     0.000000E+000     0.909607E-006        0.0095
   125        0.00023820     0.000000E+000     0.910786E-006        0.0097
   126        0.00024205     0.000000E+000     0.913927E-006        0.0100
   127        0.00024535     0.000000E+000     0.914338E-006        0.0102
   128        0.00024876     0.000000E+000     0.917383E-006        0.0104
   129        0.00025156     0.000000E+000     0.918987E-006        0.0107
   130        0.00025444     0.000000E+000     0.924722E-006        0.0109
   131        0.00025665     0.000000E+000     0.935667E-006        0.0112
   132        0.00025814     0.000000E+000     0.950653E-006        0.0115
   133        0.00025739     0.000000E+000     0.916957E-006        0.0117
   134        0.00026044     0.000000E+000     0.927742E-006        0.0120
   135        0.00026277     0.000000E+000     0.928485E-006        0.0122
   136        0.00026436     0.000000E+000     0.917300E-006        0.0125
   137        0.00026761     0.000000E+000     0.945679E-006        0.0128
   138        0.00026761     0.000000E+000     0.945186E-006        0.0130
   139        0.00026761     0.000000E+000     0.936628E-006        0.0133
   140        0.00026844     0.000000E+000     0.926848E-006        0.0136
   141        0.00027097     0.000000E+000     0.921339E-006        0.0138
   142        0.00027356     0.000000E+000     0.905173E-006        0.0141
   143        0.00027800     0.000000E+000     0.922930E-006        0.0144
   144        0.00028074     0.000000E+000     0.911246E-006        0.0147
   145        0.00028450     0.000000E+000     0.897351E-006        0.0149
   146        0.00029034     0.000000E+000     0.912763E-006        0.0152
   147        0.00029439     0.000000E+000     0.914420E-006        0.0155
   148        0.00029857     0.000000E+000     0.934695E-006        0.0158
   149        0.00029963     0.000000E+000     0.888230E-006        0.0161
   150        0.00030734     0.000000E+000     0.907169E-006        0.0164
   151        0.00031195     0.000000E+000     0.905330E-006        0.0167
   152        0.00031671     0.000000E+000     0.921232E-006        0.0170
   153        0.00032039     0.000000E+000     0.920267E-006        0.0173
   154        0.00032418     0.000000E+000     0.927196E-006        0.0177
   155        0.00032676     0.000000E+000     0.915806E-006        0.0180
   156        0.00033073     0.000000E+000     0.927376E-006        0.0183
   157        0.00033344     0.000000E+000     0.916692E-006        0.0186
   158        0.00033761     0.000000E+000     0.925035E-006        0.0190
   159        0.00034046     0.000000E+000     0.920301E-006        0.0193
   160        0.00034337     0.000000E+000     0.916456E-006        0.0197
   161        0.00034785     0.000000E+000     0.919919E-006        0.0200
   162        0.00035091     0.000000E+000     0.914898E-006        0.0203
   163        0.00035563     0.000000E+000     0.917452E-006        0.0207
   164 *      0.00017943     0.000000E+000     0.258282E-006        0.0210
   164        0.00017943     0.000000E+000     0.229666E-006        0.0212
   165        0.00033301     0.000000E+000     0.777179E-006        0.0214
   166        0.00035898     0.000000E+000     0.885818E-006        0.0217
   167        0.00036745     0.000000E+000     0.910177E-006        0.0221
   168        0.00037275     0.000000E+000     0.919256E-006        0.0225
   169        0.00037639     0.000000E+000     0.916345E-006        0.0228
   170        0.00038011     0.000000E+000     0.914471E-006        0.0232
   171        0.00038393     0.000000E+000     0.916420E-006        0.0236
   172        0.00038785     0.000000E+000     0.982706E-006        0.0240
   173        0.00038197     0.000000E+000     0.887136E-006        0.0244
   174        0.00039192     0.000000E+000     0.925536E-006        0.0248
   175        0.00039398     0.000000E+000     0.925748E-006        0.0251
   176        0.00039608     0.000000E+000     0.928969E-006        0.0255
   177        0.00039821     0.000000E+000     0.926153E-006        0.0259
   178        0.00040037     0.000000E+000     0.912190E-006        0.0263
   179        0.00040480     0.000000E+000     0.917017E-006        0.0267
   180        0.00040935     0.000000E+000     0.917628E-006        0.0271
   181        0.00041402     0.000000E+000     0.915583E-006        0.0275
   182        0.00041884     0.000000E+000     0.917272E-006        0.0280
   183        0.00042379     0.000000E+000     0.939297E-006        0.0284
   184        0.00042379     0.000000E+000     0.901342E-006        0.0288
   185        0.00043155     0.000000E+000     0.933430E-006        0.0292
   186        0.00043421     0.000000E+000     0.918161E-006        0.0297
   187        0.00043967     0.000000E+000     0.922878E-006        0.0301
   188        0.00044247     0.000000E+000     0.903626E-006        0.0305
   189        0.00044822     0.000000E+000     0.929063E-006        0.0310
   190        0.00045117     0.000000E+000     0.916634E-006        0.0314
   191        0.00045722     0.000000E+000     0.953988E-006        0.0319
   192        0.00045416     0.000000E+000     0.911732E-006        0.0323
   193        0.00046038     0.000000E+000     0.908663E-006        0.0328
   194        0.00046682     0.000000E+000     0.909367E-006        0.0332
   195        0.00047348     0.000000E+000     0.912284E-006        0.0337
   196        0.00048040     0.000000E+000     0.923271E-006        0.0342
   197        0.00048396     0.000000E+000     0.932545E-006        0.0347
   198        0.00048396     0.000000E+000     0.936518E-006        0.0351
   199 *      0.00024198     0.000000E+000     0.940520E-006        0.0356
   199        0.00024198     0.000000E+000     0.232997E-006        0.0359
   200        0.00044673     0.000000E+000     0.764485E-006        0.0361
   201        0.00048424     0.000000E+000     0.871796E-006        0.0366
   202        0.00049961     0.000000E+000     0.887975E-006        0.0370
   203        0.00051190     0.000000E+000     0.927165E-006        0.0375
   204        0.00051616     0.000000E+000     0.978141E-006        0.0381
   205        0.00050763     0.000000E+000     0.912825E-006        0.0386
   206        0.00051190     0.000000E+000     0.900765E-006        0.0391
   207        0.00052072     0.000000E+000     0.914993E-006        0.0396
   208        0.00052529     0.000000E+000     0.885655E-006        0.0401
   209        0.00053476     0.000000E+000     0.896275E-006        0.0406
   210        0.00054466     0.000000E+000     0.908758E-006        0.0412
   211        0.00054980     0.000000E+000     0.906275E-006        0.0417
   212        0.00055508     0.000000E+000     0.906063E-006        0.0423
   213        0.00056053     0.000000E+000     0.907681E-006        0.0428
   214        0.00056613     0.000000E+000     0.908044E-006        0.0434
   215        0.00057191     0.000000E+000     0.915989E-006        0.0440
   216        0.00057787     0.000000E+000     0.923121E-006        0.0445
   217        0.00058401     0.000000E+000     0.934096E-006        0.0451
   218        0.00058401     0.000000E+000     0.931633E-006        0.0457
   219        0.00058401     0.000000E+000     0.926319E-006        0.0463
   220        0.00058401     0.000000E+000     0.974952E-006        0.0469
   221        0.00057759     0.000000E+000     0.928341E-006        0.0474
   222        0.00057759     0.000000E+000     0.954700E-006        0.0480
   223        0.00057118     0.000000E+000     0.904487E-006        0.0486
   224        0.00057767     0.000000E+000     0.940651E-006        0.0492
   225        0.00057767     0.000000E+000     0.950916E-006        0.0497
   226        0.00057103     0.000000E+000     0.931537E-006        0.0503
   227        0.00057103     0.000000E+000     0.918336E-006        0.0509
   228        0.00057783     0.000000E+000     0.903838E-006        0.0515
   229        0.00058487     0.000000E+000     0.914710E-006        0.0520
   230        0.00059218     0.000000E+000     0.902144E-006        0.0526
   231        0.00059978     0.000000E+000     0.916113E-006        0.0532
   232        0.00060767     0.000000E+000     0.926296E-006        0.0538
   233        0.00060767     0.000000E+000     0.924282E-006        0.0544
   234        0.00060767     0.000000E+000     0.905917E-006        0.0550
   235        0.00061611     0.000000E+000     0.927422E-006        0.0556
   236        0.00061611     0.000000E+000     0.899075E-006        0.0563
   237        0.00062504     0.000000E+000     0.917895E-006        0.0569
   238        0.00062504     0.000000E+000     0.881859E-006        0.0575
   239        0.00063451     0.000000E+000     0.898502E-006        0.0581
   240        0.00064442     0.000000E+000     0.885116E-006        0.0588
   241        0.00065481     0.000000E+000     0.899335E-006        0.0594
   242        0.00066573     0.000000E+000     0.887107E-006        0.0601
   243        0.00067721     0.000000E+000     0.895275E-006        0.0607
   244        0.00068930     0.000000E+000     0.888389E-006        0.0614
   245        0.00070206     0.000000E+000     0.896714E-006        0.0621
   246 *      0.00035778     0.000000E+000     0.253884E-006        0.0628
   246        0.00035778     0.000000E+000     0.979259E-006        0.0631
   247        0.00037622     0.000000E+000     0.337661E-006        0.0635
   248        0.00054724     0.000000E+000     0.529924E-006        0.0639
   249        0.00067114     0.000000E+000     0.738771E-006        0.0644
   250        0.00072707     0.000000E+000     0.832162E-006        0.0651
   251        0.00075938     0.000000E+000     0.876513E-006        0.0658
   252        0.00077704     0.000000E+000     0.886352E-006        0.0666
   253        0.00079599     0.000000E+000     0.897847E-006        0.0674
   254        0.00079599     0.000000E+000     0.867242E-006        0.0682
   255        0.00081694     0.000000E+000     0.882695E-006        0.0690
   256        0.00083963     0.000000E+000     0.901455E-006        0.0698
   257        0.00083963     0.000000E+000     0.872836E-006        0.0706
   258        0.00086508     0.000000E+000     0.897721E-006        0.0715
   259        0.00086508     0.000000E+000     0.871079E-006        0.0723
   260        0.00089391     0.000000E+000     0.902775E-006        0.0732
   261        0.00089391     0.000000E+000     0.877237E-006        0.0741
   262        0.00089391     0.000000E+000     0.853119E-006        0.0750
   263        0.00092829     0.000000E+000     0.894165E-006        0.0759
   264        0.00092829     0.000000E+000     0.869505E-006        0.0768
   265        0.00092829     0.000000E+000     0.845665E-006        0.0777
   266        0.00097049     0.000000E+000     0.897677E-006        0.0786
   267        0.00097049     0.000000E+000     0.871910E-006        0.0796
   268        0.00097049     0.000000E+000     0.846685E-006        0.0806
   269        0.00097049     0.000000E+000     0.821729E-006        0.0816
   270        0.00097049     0.000000E+000     0.801541E-006        0.0825
   271        0.00103114     0.000000E+000     0.866184E-006        0.0835
   272        0.00103114     0.000000E+000     0.838713E-006        0.0845
   273        0.00103114     0.000000E+000     0.813251E-006        0.0856
   274        0.00103114     0.000000E+000     0.787438E-006        0.0866
   275        0.00103114     0.000000E+000     0.761133E-006        0.0876
   276        0.00103114     0.000000E+000     0.735234E-006        0.0887
   277        0.00103114     0.000000E+000     0.710950E-006        0.0897
   278        0.00103114     0.000000E+000     0.687117E-006        0.0907
   279        0.00103114     0.000000E+000     0.664802E-006        0.0918
   280                                         0.457478E-005
   280        0.00007076     0.000000E+000     0.885078E-007        0.0928
   281        0.00015537     0.000000E+000     0.270206E-007        0.0929
   282        0.00041129     0.000000E+000     0.108671E-006        0.0930
   283        0.00082257     0.000000E+000     0.401035E-006        0.0934
   284        0.00095967     0.000000E+000     0.556082E-006        0.0942
   285        0.00095967     0.000000E+000     0.510162E-006        0.0952
   286        0.00095967     0.000000E+000     0.490082E-006        0.0962
   287        0.00095967     0.000000E+000     0.475197E-006        0.0971
   288        0.00095967     0.000000E+000     0.461929E-006        0.0981
   289        0.00095967     0.000000E+000     0.449457E-006        0.0990
   290        0.00126582     0.000000E+000     0.750755E-006        0.1000
   291        0.00137131     0.000000E+000     0.850506E-006        0.1013
   292        0.00141106     0.000000E+000     0.848716E-006        0.1026
   293        0.00145382     0.000000E+000     0.865327E-006        0.1040
   294        0.00149997     0.000000E+000     0.882787E-006        0.1055
   295        0.00152456     0.000000E+000     0.890590E-006        0.1070
   296        0.00155040     0.000000E+000     0.887410E-006        0.1085
   297        0.00157760     0.000000E+000     0.846680E-006        0.1101
   298        0.00163603     0.000000E+000     0.850977E-006        0.1117
   299 *      0.00085009     0.000000E+000     0.263521E-006        0.1133
   299        0.00085009     0.000000E+000     0.219172E-006        0.1141
   300        0.00160395     0.000000E+000     0.739374E-006        0.1150
   301        0.00173761     0.000000E+000     0.923739E-006        0.1166
   302        0.00173761     0.000000E+000     0.790896E-006        0.1183
   303        0.00185884     0.000000E+000     0.863172E-006        0.1201
   304        0.00190418     0.000000E+000     0.850326E-006        0.1219
   305        0.00195300     0.000000E+000     0.866986E-006        0.1238
   306        0.00200579     0.000000E+000     0.841361E-006        0.1258
   307        0.00206309     0.000000E+000     0.863026E-006        0.1278
   308        0.00212561     0.000000E+000     0.842113E-006        0.1299
   309        0.00219418     0.000000E+000     0.810243E-006        0.1320
   310        0.00226984     0.000000E+000     0.840623E-006        0.1342
   311        0.00235391     0.000000E+000     0.843570E-006        0.1364
   312        0.00244807     0.000000E+000     0.878843E-006        0.1388
   313        0.00244807     0.000000E+000     0.850984E-006        0.1412
   314        0.00244807     0.000000E+000     0.890216E-006        0.1437
   315 *      0.00122403     0.000000E+000     0.125950E-005        0.1461
   315        0.00122403     0.000000E+000     0.234399E-006        0.1474
   316        0.00223519     0.000000E+000     0.917960E-006        0.1486
   317                                         0.312113E-005
   317        0.00016840     0.000000E+000     0.765645E-007        0.1508
   318        0.00038286     0.000000E+000     0.111118E-006        0.1510
   319        0.00078424     0.000000E+000     0.171086E-006        0.1514
   320        0.00140702     0.000000E+000     0.345611E-006        0.1522
   321 *      0.00100938     0.000000E+000     0.856134E-006        0.1536
   321        0.00100938     0.000000E+000     0.160728E-006        0.1546
   322        0.00211490     0.000000E+000     0.515687E-006        0.1556
   323        0.00264363     0.000000E+000     0.824102E-006        0.1577
   324        0.00264363     0.000000E+000     0.746952E-006        0.1603
   325        0.00284698     0.000000E+000     0.672472E-006        0.1630
   326        0.00310580     0.000000E+000     0.722017E-006        0.1658
   327        0.00345089     0.000000E+000     0.807081E-006        0.1689
   328        0.00345089     0.000000E+000     0.770888E-006        0.1724
   329        0.00345089     0.000000E+000     0.716214E-006        0.1758
   330        0.00345089     0.000000E+000     0.688439E-006        0.1793
   331        0.00345089     0.000000E+000     0.681173E-006        0.1827
   332 *      0.00172544     0.000000E+000     0.271762E-006        0.1862
   332        0.00172544     0.000000E+000     0.932459E-004        0.1879
   333        0.00028757     0.000000E+000     0.134349E-007        0.1896
   334        0.00083876     0.000000E+000     0.683366E-007        0.1899
   335        0.00184527     0.000000E+000     0.176918E-006        0.1908
   336                                         0.103926E-004
   336        0.00013669     0.000000E+000     0.142973E-006        0.1926
   337        0.00025873     0.000000E+000     0.931789E-008        0.1928
   338        0.00077618     0.000000E+000     0.317969E-007        0.1930
   339        0.00206982     0.000000E+000     0.165300E-006        0.1938
   340        0.00206982     0.000000E+000     0.149581E-006        0.1959
   341        0.00206982     0.000000E+000     0.146828E-006        0.1979
   342        0.00384615     0.000000E+000     0.594187E-006        0.2000
   343 *      0.00228938     0.000000E+000     0.336507E-006        0.2038
   343        0.00228938     0.000000E+000     0.152585E-006        0.2061
   344 *      0.00240987     0.000000E+000     0.389703E-006        0.2084
   344        0.00240987     0.000000E+000     0.150849E-006        0.2108
   345        0.00510326     0.000000E+000     0.600892E-006        0.2132
   346        0.00583229     0.000000E+000     0.669369E-006        0.2183
   347        0.00631832     0.000000E+000     0.726388E-006        0.2242
   348        0.00695015     0.000000E+000     0.761623E-006        0.2305
   349        0.00695015     0.000000E+000     0.685878E-006        0.2374
   350        0.00695015     0.000000E+000     0.705903E-006        0.2444
   351 *      0.00347507     0.000000E+000     0.391086E-006        0.2513
   351        0.00347507     0.000000E+000     0.146417E-006        0.2548
   352        0.00695015     0.000000E+000     0.576198E-006        0.2583
   353 *      0.00347507     0.000000E+000     0.435378E-006        0.2652
   353        0.00347507     0.000000E+000     0.382094E-006        0.2687
   354        0.00463343     0.000000E+000     0.368198E-006        0.2722
   355 *      0.00289590     0.000000E+000     0.487358E-006        0.2768
   355        0.00289590     0.000000E+000     0.602843E-006        0.2797
   356 *      0.00173754     0.000000E+000     0.714225E-006        0.2826
   356        0.00173754     0.000000E+000     0.711858E-006        0.2844
   357        0.00198576     0.000000E+000     0.786208E-007        0.2861
   358        0.00397151     0.000000E+000     0.129044E-006        0.2881
   359        0.00794303     0.000000E+000     0.311869E-006        0.2921
   360        0.01111111     0.000000E+000     0.476928E-006        0.3000
   361        0.01269841     0.000000E+000     0.526926E-006        0.3111
   362        0.01523810     0.000000E+000     0.505425E-006        0.3238
   363        0.01523810     0.000000E+000     0.340092E-006        0.3390
   364        0.01523810     0.000000E+000     0.251412E-006        0.3543
   365        0.01523810     0.000000E+000     0.201452E-006        0.3695
   366        0.01523810     0.000000E+000     0.225417E-006        0.3848
   367 *      0.01250000     0.000000E+000     0.501030E-006        0.4000
   367        0.01250000     0.000000E+000     0.711482E-003        0.4125
   368        0.00094937     0.000000E+000     0.498557E-008        0.4250
   369        0.00284810     0.000000E+000     0.314363E-007        0.4259
   370        0.00712025     0.000000E+000     0.112641E-006        0.4288
   371        0.01281646     0.000000E+000     0.187925E-006        0.4359
   372        0.01708861     0.000000E+000     0.201081E-006        0.4487
   373        0.01708861     0.000000E+000     0.270433E-006        0.4658
   374        0.01708861     0.000000E+000     0.450563E-006        0.4829
   375                                         0.195945E-004
   375        0.00095238     0.000000E+000     0.249722E-006        0.5000
   376        0.00152381     0.000000E+000     0.172303E-006        0.5010
   377 *      0.00135450     0.000000E+000     0.396212E-006        0.5025
   377        0.00135450     0.000000E+000     0.329244E-006        0.5038
   378 *      0.00107744     0.000000E+000     0.508566E-006        0.5052
   378        0.00107744     0.000000E+000     0.571184E-008        0.5063
   379        0.00579125     0.000000E+000     0.125624E-006        0.5073
   380        0.01085859     0.000000E+000     0.529890E-006        0.5131
   381 *      0.00633418     0.000000E+000     0.334909E-006        0.5240
   381        0.00633418     0.000000E+000     0.247910E-007        0.5303
   382        0.02111392     0.000000E+000     0.227013E-006        0.5367
   383        0.02111392     0.000000E+000     0.726715E-006        0.5578
   384 *      0.01055696     0.000000E+000     0.476055E-006        0.5789
   384        0.01055696     0.000000E+000     0.929919E-005        0.5894
   385        0.00454545     0.000000E+000     0.149870E-007        0.6000
   386        0.01193182     0.000000E+000     0.551102E-007        0.6045
   387        0.02784091     0.000000E+000     0.397199E-006        0.6165
   388 *      0.01392045     0.000000E+000     0.311324E-006        0.6443
   388        0.01392045     0.000000E+000     0.155380E-006        0.6582
   389        0.02784091     0.000000E+000     0.561683E-006        0.6722
   390                                         0.569558E-004
   390        0.00121951     0.000000E+000     0.561297E-006        0.7000
   391        0.00147434     0.000000E+000     0.577027E-006        0.7012
   392        0.00176920     0.000000E+000     0.230137E-006        0.7027
   393        0.00289506     0.000000E+000     0.343256E-006        0.7045
   394 *      0.00201395     0.000000E+000     0.394940E-006        0.7074
   394        0.00201395     0.000000E+000     0.361145E-006        0.7094
   395        0.00305565     0.000000E+000     0.455058E-006        0.7114
   396 *      0.00194451     0.000000E+000     0.142647E-005        0.7144
   396        0.00194451     0.000000E+000     0.336475E-007        0.7164
   397        0.00680578     0.000000E+000     0.269552E-006        0.7183
   398        0.01069479     0.000000E+000     0.595577E-006        0.7251
   399 *      0.00534740     0.000000E+000     0.135894E-005        0.7358
   399        0.00534740     0.000000E+000     0.608669E-006        0.7412
   400        0.00668424     0.000000E+000     0.168885E-006        0.7465
   401 *      0.00584871     0.000000E+000     0.570102E-006        0.7532
   401        0.00584871     0.000000E+000     0.554740E-005        0.7591
   402        0.00292436     0.000000E+000     0.326274E-007        0.7649
   403        0.00643359     0.000000E+000     0.575526E-006        0.7678
   404        0.00643359     0.000000E+000     0.926264E-007        0.7743
   405 *      0.00482519     0.000000E+000     0.906376E-006        0.7807
   405        0.00482519     0.000000E+000     0.119417E-006        0.7855
   406        0.00965038     0.000000E+000     0.361135E-006        0.7903
   407                                         0.481992E-003
   407 *      0.00013333     0.000000E+000     0.350280E-006        0.8000
   407        0.00013333     0.000000E+000     0.168626E-006        0.8001
   408 *      0.00013929     0.000000E+000     0.493854E-006        0.8003
   408        0.00013929     0.000000E+000     0.812012E-009        0.8004
   409        0.00083575     0.000000E+000     0.229338E-007        0.8005
   410        0.00234807     0.000000E+000     0.682910E-007        0.8014
   411                                         0.782266E-005
   411        0.00031984     0.000000E+000     0.137484E-006        0.8037
   412 *      0.00031153     0.000000E+000     0.158145E-005        0.8040
   412        0.00031153     0.000000E+000     0.179812E-006        0.8044
   413        0.00063552     0.000000E+000     0.584460E-006        0.8047
   414        0.00075754     0.000000E+000     0.535136E-008        0.8053
   415        0.00223655     0.000000E+000     0.211452E-007        0.8061
   416        0.00611323     0.000000E+000     0.834720E-007        0.8083
   417 *      0.00611323     0.000000E+000     0.335541E-006        0.8144
   417        0.00611323     0.000000E+000     0.930122E-006        0.8205
   418        0.00611323     0.000000E+000     0.684565E-006        0.8266
   419        0.00672455     0.000000E+000     0.823525E-007        0.8328
   420                                         0.226194E-004
   420        0.00069564     0.000000E+000     0.266089E-006        0.8395
   421        0.00108773     0.000000E+000     0.158550E-007        0.8402
   422        0.00309145     0.000000E+000     0.755651E-007        0.8413
   423 *      0.00347788     0.000000E+000     0.264591E-006        0.8444
   423        0.00347788     0.000000E+000     0.402382E-006        0.8478
   424        0.00486904     0.000000E+000     0.170566E-006        0.8513
   425        0.00876427     0.000000E+000     0.165186E-006        0.8562
   426        0.01168569     0.000000E+000     0.933537E-007        0.8649
   427 *      0.01168569     0.000000E+000     0.514468E-006        0.8766
   427        0.01168569     0.000000E+000     0.461502E-006        0.8883
   428        0.01428571     0.000000E+000     0.826256E-007        0.9000
   429        0.02857143     0.000000E+000     0.170317E-006        0.9143
   430        0.02857143     0.000000E+000     0.461268E-006        0.9429
   431 *      0.01428571     0.000000E+000     0.170068E-005        0.9714
   431        0.01428571     0.000000E+000     0.380837E-006        0.9857
