#Update-step  Updatetime     Error of A        Error of phi      Time in fs
     1        0.05000000     0.000000E+000     0.191636E-004        0.0000
     2        0.05000000     0.000000E+000     0.676814E-006        0.0500
     3        0.10000000     0.000000E+000     0.304916E-007        0.1000
     4        0.10000000     0.000000E+000     0.241363E-008        0.2000
     5        0.10000000     0.000000E+000     0.431332E-009        0.3000
     6        0.10000000     0.000000E+000     0.358402E-007        0.4000
     7        0.10000000     0.000000E+000     0.844364E-008        0.5000
     8        0.10000000     0.000000E+000     0.149485E-008        0.6000
     9        0.10000000     0.000000E+000     0.327160E-009        0.7000
    10        0.10000000     0.000000E+000     0.773598E-010        0.8000
    11        0.10000000     0.000000E+000     0.190079E-010        0.9000
