#Update-step  Updatetime     Error of A        Error of phi      Time in fs
     1                                         0.588632E-003
     1                                         0.409336E-005
     1        0.00014347     0.000000E+000     0.924129E-007        0.0000
     2        0.00031205     0.000000E+000     0.409707E-006        0.0001
     3        0.00042540     0.000000E+000     0.804465E-006        0.0005
     4        0.00045260     0.000000E+000     0.845167E-006        0.0009
     5 *      0.00023604     0.000000E+000     0.553650E-006        0.0013
     5        0.00023604     0.000000E+000     0.752532E-006        0.0016
     6        0.00027583     0.000000E+000     0.655583E-006        0.0018
     7        0.00031689     0.000000E+000     0.694925E-006        0.0021
     8        0.00035621     0.000000E+000     0.741520E-006        0.0024
     9 *      0.00019527     0.000000E+000     0.787966E-006        0.0028
     9        0.00019527     0.000000E+000     0.299606E-006        0.0029
    10        0.00032721     0.000000E+000     0.690060E-006        0.0031
    11 *      0.00018421     0.000000E+000     0.275669E-006        0.0035
    11        0.00018421     0.000000E+000     0.479910E-006        0.0037
    12 *      0.00012856     0.000000E+000     0.120611E-005        0.0038
    12        0.00012856     0.000000E+000     0.126720E-005        0.0040
    13 *      0.00006116     0.000000E+000     0.413108E-006        0.0041
    13        0.00006116     0.000000E+000     0.347899E-006        0.0042
    14        0.00009685     0.000000E+000     0.889327E-006        0.0042
    15        0.00009926     0.000000E+000     0.968892E-006        0.0043
    16        0.00009844     0.000000E+000     0.837259E-006        0.0044
    17        0.00010323     0.000000E+000     0.914474E-006        0.0045
    18        0.00010470     0.000000E+000     0.904384E-006        0.0046
    19        0.00010657     0.000000E+000     0.890968E-006        0.0047
    20        0.00010914     0.000000E+000     0.889569E-006        0.0048
    21        0.00011184     0.000000E+000     0.890131E-006        0.0049
    22        0.00011454     0.000000E+000     0.890600E-006        0.0051
    23        0.00011737     0.000000E+000     0.893166E-006        0.0052
    24        0.00012005     0.000000E+000     0.893502E-006        0.0053
    25        0.00012285     0.000000E+000     0.896152E-006        0.0054
    26        0.00012546     0.000000E+000     0.896604E-006        0.0055
    27        0.00012819     0.000000E+000     0.899660E-006        0.0057
    28        0.00013086     0.000000E+000     0.903075E-006        0.0058
    29        0.00013327     0.000000E+000     0.904437E-006        0.0059
    30        0.00013578     0.000000E+000     0.909002E-006        0.0060
    31        0.00013797     0.000000E+000     0.911994E-006        0.0062
    32        0.00014004     0.000000E+000     0.917011E-006        0.0063
    33        0.00014173     0.000000E+000     0.924036E-006        0.0065
    34        0.00014303     0.000000E+000     0.941987E-006        0.0066
    35 *      0.00007174     0.000000E+000     0.256163E-006        0.0067
    35        0.00007174     0.000000E+000     0.310782E-006        0.0068
    36 *      0.00005938     0.000000E+000     0.351520E-006        0.0069
    36        0.00005938     0.000000E+000     0.469777E-006        0.0069
    37        0.00008363     0.000000E+000     0.983082E-006        0.0070
    38        0.00008252     0.000000E+000     0.961185E-006        0.0071
    39        0.00008215     0.000000E+000     0.934344E-006        0.0072
    40        0.00008266     0.000000E+000     0.852805E-006        0.0073
    41        0.00008604     0.000000E+000     0.896966E-006        0.0073
    42        0.00008792     0.000000E+000     0.981513E-006        0.0074
    43 *      0.00004338     0.000000E+000     0.264326E-006        0.0075
    43        0.00004338     0.000000E+000     0.272297E-006        0.0076
    44        0.00007556     0.000000E+000     0.831803E-006        0.0076
    45        0.00007939     0.000000E+000     0.910631E-006        0.0077
    46        0.00008064     0.000000E+000     0.922470E-006        0.0078
    47        0.00008149     0.000000E+000     0.935572E-006        0.0078
    48        0.00008193     0.000000E+000     0.942627E-006        0.0079
    49        0.00008215     0.000000E+000     0.946934E-006        0.0080
    50        0.00008222     0.000000E+000     0.949282E-006        0.0081
    51        0.00008222     0.000000E+000     0.950578E-006        0.0082
    52        0.00008215     0.000000E+000     0.950284E-006        0.0082
    53        0.00008207     0.000000E+000     0.949485E-006        0.0083
    54        0.00008207     0.000000E+000     0.948638E-006        0.0084
    55        0.00008207     0.000000E+000     0.943626E-006        0.0085
    56        0.00008222     0.000000E+000     0.934038E-006        0.0086
    57        0.00008274     0.000000E+000     0.920605E-006        0.0087
    58        0.00008373     0.000000E+000     0.901191E-006        0.0087
    59        0.00008538     0.000000E+000     0.870343E-006        0.0088
    60        0.00008819     0.000000E+000     0.807985E-006        0.0089
    61        0.00009373     0.000000E+000     0.729015E-006        0.0090
    62        0.00010355     0.000000E+000     0.600319E-006        0.0091
    63        0.00012288     0.000000E+000     0.570738E-006        0.0092
    64        0.00014867     0.000000E+000     0.648173E-006        0.0093
    65        0.00017148     0.000000E+000     0.746476E-006        0.0095
    66        0.00018749     0.000000E+000     0.810555E-006        0.0096
    67        0.00019907     0.000000E+000     0.854268E-006        0.0098
    68        0.00020685     0.000000E+000     0.899355E-006        0.0100
    69 *      0.00010537     0.000000E+000     0.264634E-006        0.0102
    69        0.00010537     0.000000E+000     0.309205E-006        0.0103
    70        0.00017459     0.000000E+000     0.934492E-006        0.0104
    71 *      0.00008781     0.000000E+000     0.271383E-006        0.0106
    71        0.00008781     0.000000E+000     0.258309E-006        0.0107
    72        0.00015597     0.000000E+000     0.752013E-006        0.0108
    73        0.00017028     0.000000E+000     0.848916E-006        0.0109
    74        0.00017742     0.000000E+000     0.891540E-006        0.0111
    75        0.00018141     0.000000E+000     0.909980E-006        0.0113
    76        0.00018405     0.000000E+000     0.915611E-006        0.0115
    77        0.00018638     0.000000E+000     0.915545E-006        0.0117
    78        0.00018878     0.000000E+000     0.911978E-006        0.0118
    79        0.00019165     0.000000E+000     0.908291E-006        0.0120
    80        0.00019463     0.000000E+000     0.900726E-006        0.0122
    81        0.00019860     0.000000E+000     0.897591E-006        0.0124
    82        0.00020275     0.000000E+000     0.891523E-006        0.0126
    83        0.00020758     0.000000E+000     0.887199E-006        0.0128
    84        0.00021265     0.000000E+000     0.881098E-006        0.0130
    85        0.00021854     0.000000E+000     0.878057E-006        0.0132
    86        0.00022479     0.000000E+000     0.874322E-006        0.0135
    87        0.00023142     0.000000E+000     0.870354E-006        0.0137
    88        0.00023913     0.000000E+000     0.871269E-006        0.0139
    89        0.00024669     0.000000E+000     0.868016E-006        0.0142
    90        0.00025477     0.000000E+000     0.865698E-006        0.0144
    91        0.00026341     0.000000E+000     0.864666E-006        0.0147
    92        0.00027270     0.000000E+000     0.865268E-006        0.0149
    93        0.00028176     0.000000E+000     0.862225E-006        0.0152
    94        0.00029148     0.000000E+000     0.861267E-006        0.0155
    95        0.00030192     0.000000E+000     0.862695E-006        0.0158
    96        0.00031203     0.000000E+000     0.860540E-006        0.0161
    97        0.00032287     0.000000E+000     0.861109E-006        0.0164
    98        0.00033454     0.000000E+000     0.864675E-006        0.0167
    99        0.00034569     0.000000E+000     0.864444E-006        0.0170
   100        0.00035766     0.000000E+000     0.867423E-006        0.0174
   101        0.00036889     0.000000E+000     0.866186E-006        0.0177
   102        0.00038090     0.000000E+000     0.868235E-006        0.0181
   103        0.00039378     0.000000E+000     0.873741E-006        0.0185
   104        0.00040559     0.000000E+000     0.874260E-006        0.0189
   105        0.00041820     0.000000E+000     0.878139E-006        0.0193
   106        0.00042938     0.000000E+000     0.876202E-006        0.0197
   107        0.00044125     0.000000E+000     0.877386E-006        0.0201
   108        0.00045385     0.000000E+000     0.881710E-006        0.0206
   109        0.00046453     0.000000E+000     0.878943E-006        0.0210
   110        0.00047579     0.000000E+000     0.878943E-006        0.0215
   111        0.00048769     0.000000E+000     0.881668E-006        0.0220
   112        0.00050027     0.000000E+000     0.887109E-006        0.0225
   113        0.00051021     0.000000E+000     0.883608E-006        0.0230
   114        0.00052419     0.000000E+000     0.894380E-006        0.0235
   115        0.00053527     0.000000E+000     0.895397E-006        0.0240
   116        0.00054690     0.000000E+000     0.898652E-006        0.0245
   117        0.00055500     0.000000E+000     0.890925E-006        0.0251
   118        0.00056771     0.000000E+000     0.898527E-006        0.0256
   119        0.00057658     0.000000E+000     0.894412E-006        0.0262
   120        0.00058581     0.000000E+000     0.892122E-006        0.0268
   121        0.00059541     0.000000E+000     0.891654E-006        0.0274
   122        0.00060542     0.000000E+000     0.893041E-006        0.0280
   123        0.00061586     0.000000E+000     0.896379E-006        0.0286
   124        0.00062676     0.000000E+000     0.900994E-006        0.0292
   125        0.00063815     0.000000E+000     0.908198E-006        0.0298
   126        0.00064406     0.000000E+000     0.900980E-006        0.0304
   127        0.00065633     0.000000E+000     0.912842E-006        0.0311
   128        0.00066270     0.000000E+000     0.909621E-006        0.0317
   129        0.00066927     0.000000E+000     0.908650E-006        0.0324
   130        0.00067603     0.000000E+000     0.910090E-006        0.0331
   131        0.00068299     0.000000E+000     0.914172E-006        0.0337
   132        0.00069018     0.000000E+000     0.921215E-006        0.0344
   133        0.00069761     0.000000E+000     0.931655E-006        0.0351
   134        0.00069761     0.000000E+000     0.925695E-006        0.0358
   135        0.00069761     0.000000E+000     0.923798E-006        0.0365
   136        0.00069761     0.000000E+000     0.926733E-006        0.0372
   137        0.00069761     0.000000E+000     0.935785E-006        0.0379
   138        0.00069761     0.000000E+000     0.953234E-006        0.0386
   139        0.00068968     0.000000E+000     0.961386E-006        0.0393
   140        0.00068184     0.000000E+000     0.989958E-006        0.0400
   141 *      0.00033326     0.000000E+000     0.262116E-006        0.0407
   141        0.00033326     0.000000E+000     0.280638E-006        0.0410
   142        0.00056945     0.000000E+000     0.919905E-006        0.0413
   143        0.00057509     0.000000E+000     0.782626E-006        0.0419
   144 *      0.00030919     0.000000E+000     0.779700E-006        0.0425
   144        0.00030919     0.000000E+000     0.904036E-005        0.0428
   145 *      0.00006725     0.000000E+000     0.268819E-006        0.0431
   145        0.00006725     0.000000E+000     0.258612E-006        0.0432
   146        0.00011949     0.000000E+000     0.783468E-006        0.0432
   147        0.00012843     0.000000E+000     0.868747E-006        0.0434
   148        0.00013265     0.000000E+000     0.894398E-006        0.0435
   149        0.00013552     0.000000E+000     0.903711E-006        0.0436
   150        0.00013784     0.000000E+000     0.907200E-006        0.0438
   151        0.00014026     0.000000E+000     0.912996E-006        0.0439
   152        0.00014204     0.000000E+000     0.911721E-006        0.0440
   153        0.00014424     0.000000E+000     0.916822E-006        0.0442
   154        0.00014613     0.000000E+000     0.918867E-006        0.0443
   155        0.00014769     0.000000E+000     0.917565E-006        0.0445
   156        0.00014928     0.000000E+000     0.917563E-006        0.0446
   157        0.00015091     0.000000E+000     0.918772E-006        0.0448
   158        0.00015258     0.000000E+000     0.921122E-006        0.0449
   159        0.00015430     0.000000E+000     0.924553E-006        0.0451
   160        0.00015561     0.000000E+000     0.923805E-006        0.0452
   161        0.00015695     0.000000E+000     0.923935E-006        0.0454
   162        0.00015832     0.000000E+000     0.924884E-006        0.0455
   163        0.00015972     0.000000E+000     0.926596E-006        0.0457
   164        0.00016114     0.000000E+000     0.929021E-006        0.0459
   165        0.00016211     0.000000E+000     0.926566E-006        0.0460
   166        0.00016359     0.000000E+000     0.930213E-006        0.0462
   167        0.00016459     0.000000E+000     0.928732E-006        0.0463
   168        0.00016561     0.000000E+000     0.927637E-006        0.0465
   169        0.00016665     0.000000E+000     0.926850E-006        0.0467
   170        0.00016770     0.000000E+000     0.926283E-006        0.0468
   171        0.00016931     0.000000E+000     0.931721E-006        0.0470
   172        0.00017040     0.000000E+000     0.931309E-006        0.0472
   173        0.00017151     0.000000E+000     0.930811E-006        0.0473
   174        0.00017264     0.000000E+000     0.930144E-006        0.0475
   175        0.00017378     0.000000E+000     0.929338E-006        0.0477
   176        0.00017495     0.000000E+000     0.928821E-006        0.0479
   177        0.00017614     0.000000E+000     0.929790E-006        0.0480
   178        0.00017734     0.000000E+000     0.933704E-006        0.0482
   179        0.00017795     0.000000E+000     0.934390E-006        0.0484
   180        0.00017857     0.000000E+000     0.937455E-006        0.0486
   181        0.00017920     0.000000E+000     0.942228E-006        0.0487
   182        0.00017920     0.000000E+000     0.941676E-006        0.0489
   183        0.00017920     0.000000E+000     0.942037E-006        0.0491
   184        0.00017920     0.000000E+000     0.943114E-006        0.0493
   185        0.00017920     0.000000E+000     0.944773E-006        0.0495
   186        0.00017920     0.000000E+000     0.946920E-006        0.0496
   187        0.00017920     0.000000E+000     0.949491E-006        0.0498
   188        0.00017920     0.000000E+000     0.952422E-006        0.0500
   189        0.00017855     0.000000E+000     0.948870E-006        0.0502
   190        0.00017855     0.000000E+000     0.952373E-006        0.0504
   191        0.00017791     0.000000E+000     0.949301E-006        0.0505
   192        0.00017791     0.000000E+000     0.953242E-006        0.0507
   193        0.00017727     0.000000E+000     0.950511E-006        0.0509
   194        0.00017663     0.000000E+000     0.947913E-006        0.0511
   195        0.00017663     0.000000E+000     0.952229E-006        0.0513
   196        0.00017599     0.000000E+000     0.949750E-006        0.0514
   197        0.00017599     0.000000E+000     0.954141E-006        0.0516
   198        0.00017535     0.000000E+000     0.951582E-006        0.0518
   199        0.00017471     0.000000E+000     0.948898E-006        0.0520
   200        0.00017471     0.000000E+000     0.952904E-006        0.0521
   201        0.00017407     0.000000E+000     0.949718E-006        0.0523
   202        0.00017407     0.000000E+000     0.953084E-006        0.0525
   203        0.00017344     0.000000E+000     0.949060E-006        0.0527
   204        0.00017344     0.000000E+000     0.951456E-006        0.0528
   205        0.00017280     0.000000E+000     0.946324E-006        0.0530
   206        0.00017280     0.000000E+000     0.947544E-006        0.0532
   207        0.00017280     0.000000E+000     0.948172E-006        0.0533
   208        0.00017280     0.000000E+000     0.948228E-006        0.0535
   209        0.00017280     0.000000E+000     0.947756E-006        0.0537
   210        0.00017280     0.000000E+000     0.946812E-006        0.0539
   211        0.00017280     0.000000E+000     0.945459E-006        0.0540
   212        0.00017280     0.000000E+000     0.943760E-006        0.0542
   213        0.00017280     0.000000E+000     0.941774E-006        0.0544
   214        0.00017280     0.000000E+000     0.939557E-006        0.0546
   215        0.00017346     0.000000E+000     0.944322E-006        0.0547
   216        0.00017346     0.000000E+000     0.941752E-006        0.0549
   217        0.00017346     0.000000E+000     0.939074E-006        0.0551
   218        0.00017414     0.000000E+000     0.943593E-006        0.0552
   219        0.00017414     0.000000E+000     0.940759E-006        0.0554
   220        0.00017414     0.000000E+000     0.937899E-006        0.0556
   221        0.00017482     0.000000E+000     0.942411E-006        0.0558
   222        0.00017482     0.000000E+000     0.939522E-006        0.0559
   223        0.00017552     0.000000E+000     0.944140E-006        0.0561
   224        0.00017552     0.000000E+000     0.941283E-006        0.0563
   225        0.00017552     0.000000E+000     0.938477E-006        0.0565
   226        0.00017624     0.000000E+000     0.943329E-006        0.0566
   227        0.00017624     0.000000E+000     0.940622E-006        0.0568
   228        0.00017624     0.000000E+000     0.937994E-006        0.0570
   229        0.00017697     0.000000E+000     0.943175E-006        0.0572
   230        0.00017697     0.000000E+000     0.940696E-006        0.0574
   231        0.00017697     0.000000E+000     0.938317E-006        0.0575
   232        0.00017771     0.000000E+000     0.943902E-006        0.0577
   233        0.00017771     0.000000E+000     0.941712E-006        0.0579
   234        0.00017771     0.000000E+000     0.939639E-006        0.0581
   235        0.00017771     0.000000E+000     0.937686E-006        0.0582
   236        0.00017847     0.000000E+000     0.943884E-006        0.0584
   237        0.00017847     0.000000E+000     0.942160E-006        0.0586
   238        0.00017847     0.000000E+000     0.940569E-006        0.0588
   239        0.00017847     0.000000E+000     0.939113E-006        0.0590
   240        0.00017925     0.000000E+000     0.946017E-006        0.0591
   241        0.00017925     0.000000E+000     0.944823E-006        0.0593
   242        0.00017925     0.000000E+000     0.943774E-006        0.0595
   243        0.00017925     0.000000E+000     0.942872E-006        0.0597
   244        0.00017925     0.000000E+000     0.942118E-006        0.0598
   245        0.00017925     0.000000E+000     0.941515E-006        0.0600
   246        0.00017925     0.000000E+000     0.941065E-006        0.0602
   247        0.00017925     0.000000E+000     0.940769E-006        0.0604
   248        0.00017925     0.000000E+000     0.940630E-006        0.0606
   249        0.00017925     0.000000E+000     0.940650E-006        0.0607
   250        0.00017925     0.000000E+000     0.940832E-006        0.0609
   251        0.00017925     0.000000E+000     0.941178E-006        0.0611
   252        0.00017925     0.000000E+000     0.941692E-006        0.0613
   253        0.00017925     0.000000E+000     0.942378E-006        0.0615
   254        0.00017925     0.000000E+000     0.943240E-006        0.0616
   255        0.00017925     0.000000E+000     0.944284E-006        0.0618
   256        0.00017925     0.000000E+000     0.945516E-006        0.0620
   257        0.00017925     0.000000E+000     0.946945E-006        0.0622
   258        0.00017925     0.000000E+000     0.948578E-006        0.0624
   259        0.00017925     0.000000E+000     0.950429E-006        0.0625
   260        0.00017840     0.000000E+000     0.943436E-006        0.0627
   261        0.00017840     0.000000E+000     0.945732E-006        0.0629
   262        0.00017840     0.000000E+000     0.948292E-006        0.0631
   263        0.00017840     0.000000E+000     0.951142E-006        0.0633
   264        0.00017753     0.000000E+000     0.945088E-006        0.0634
   265        0.00017753     0.000000E+000     0.948570E-006        0.0636
   266        0.00017753     0.000000E+000     0.952457E-006        0.0638
   267        0.00017666     0.000000E+000     0.947472E-006        0.0640
   268        0.00017666     0.000000E+000     0.952305E-006        0.0641
   269        0.00017579     0.000000E+000     0.948387E-006        0.0643
   270        0.00017579     0.000000E+000     0.954555E-006        0.0645
   271        0.00017492     0.000000E+000     0.952193E-006        0.0647
   272        0.00017405     0.000000E+000     0.950917E-006        0.0648
   273        0.00017319     0.000000E+000     0.951006E-006        0.0650
   274        0.00017234     0.000000E+000     0.952849E-006        0.0652
   275        0.00017148     0.000000E+000     0.957009E-006        0.0654
   276        0.00017063     0.000000E+000     0.964308E-006        0.0655
   277        0.00016895     0.000000E+000     0.966414E-006        0.0657
   278        0.00016730     0.000000E+000     0.974510E-006        0.0659
   279        0.00016566     0.000000E+000     0.991249E-006        0.0660
   280 *      0.00008124     0.000000E+000     0.250976E-006        0.0662
   280        0.00008124     0.000000E+000     0.258787E-006        0.0663
   281        0.00014435     0.000000E+000     0.845219E-006        0.0664
   282 *      0.00007542     0.000000E+000     0.250756E-006        0.0665
   282        0.00007542     0.000000E+000     0.264335E-006        0.0666
   283        0.00013282     0.000000E+000     0.869124E-006        0.0667
   284 *      0.00006861     0.000000E+000     0.264576E-006        0.0668
   284        0.00006861     0.000000E+000     0.285529E-006        0.0669
   285        0.00011726     0.000000E+000     0.901369E-006        0.0669
   286 *      0.00005969     0.000000E+000     0.269155E-006        0.0670
   286        0.00005969     0.000000E+000     0.286839E-006        0.0671
   287        0.00010164     0.000000E+000     0.878624E-006        0.0672
   288 *      0.00005228     0.000000E+000     0.254185E-006        0.0673
   288        0.00005228     0.000000E+000     0.263715E-006        0.0673
   289        0.00009216     0.000000E+000     0.843120E-006        0.0674
   290        0.00009625     0.000000E+000     0.960651E-006        0.0675
   291        0.00009568     0.000000E+000     0.979449E-006        0.0676
   292        0.00009456     0.000000E+000     0.975629E-006        0.0677
   293        0.00009347     0.000000E+000     0.964296E-006        0.0678
   294        0.00009293     0.000000E+000     0.959406E-006        0.0678
   295        0.00009239     0.000000E+000     0.951539E-006        0.0679
   296        0.00009213     0.000000E+000     0.947249E-006        0.0680
   297        0.00009213     0.000000E+000     0.947130E-006        0.0681
   298        0.00009213     0.000000E+000     0.946124E-006        0.0682
   299        0.00009213     0.000000E+000     0.944489E-006        0.0683
   300        0.00009213     0.000000E+000     0.942400E-006        0.0684
   301        0.00009240     0.000000E+000     0.945479E-006        0.0685
   302        0.00009240     0.000000E+000     0.942787E-006        0.0686
   303        0.00009267     0.000000E+000     0.945454E-006        0.0687
   304        0.00009267     0.000000E+000     0.942394E-006        0.0688
   305        0.00009295     0.000000E+000     0.944794E-006        0.0689
   306        0.00009295     0.000000E+000     0.941444E-006        0.0690
   307        0.00009323     0.000000E+000     0.943597E-006        0.0690
   308        0.00009323     0.000000E+000     0.939935E-006        0.0691
   309        0.00009351     0.000000E+000     0.941784E-006        0.0692
   310        0.00009379     0.000000E+000     0.943464E-006        0.0693
   311        0.00009379     0.000000E+000     0.939192E-006        0.0694
   312        0.00009408     0.000000E+000     0.940472E-006        0.0695
   313        0.00009438     0.000000E+000     0.941552E-006        0.0696
   314        0.00009467     0.000000E+000     0.942430E-006        0.0697
   315        0.00009467     0.000000E+000     0.937234E-006        0.0698
   316        0.00009497     0.000000E+000     0.937725E-006        0.0699
   317        0.00009527     0.000000E+000     0.938045E-006        0.0700
   318        0.00009558     0.000000E+000     0.938209E-006        0.0701
   319        0.00009588     0.000000E+000     0.938235E-006        0.0702
   320        0.00009619     0.000000E+000     0.938144E-006        0.0703
   321        0.00009651     0.000000E+000     0.937955E-006        0.0704
   322        0.00009682     0.000000E+000     0.937692E-006        0.0705
   323        0.00009714     0.000000E+000     0.937375E-006        0.0706
   324        0.00009747     0.000000E+000     0.937028E-006        0.0707
   325        0.00009779     0.000000E+000     0.936672E-006        0.0708
   326        0.00009812     0.000000E+000     0.936337E-006        0.0709
   327        0.00009845     0.000000E+000     0.936057E-006        0.0710
   328        0.00009879     0.000000E+000     0.935883E-006        0.0711
   329        0.00009913     0.000000E+000     0.935896E-006        0.0712
   330        0.00009947     0.000000E+000     0.936214E-006        0.0713
   331        0.00009982     0.000000E+000     0.937017E-006        0.0714
   332        0.00010017     0.000000E+000     0.938560E-006        0.0715
   333        0.00010052     0.000000E+000     0.941159E-006        0.0716
   334        0.00010088     0.000000E+000     0.945138E-006        0.0717
   335        0.00010088     0.000000E+000     0.943961E-006        0.0718
   336        0.00010088     0.000000E+000     0.944267E-006        0.0719
   337        0.00010088     0.000000E+000     0.945768E-006        0.0720
   338        0.00010088     0.000000E+000     0.948059E-006        0.0721
   339        0.00010088     0.000000E+000     0.950757E-006        0.0722
   340        0.00010051     0.000000E+000     0.946704E-006        0.0723
   341        0.00010051     0.000000E+000     0.949424E-006        0.0724
   342        0.00010051     0.000000E+000     0.951978E-006        0.0725
   343        0.00010015     0.000000E+000     0.947394E-006        0.0726
   344        0.00010015     0.000000E+000     0.949486E-006        0.0727
   345        0.00010015     0.000000E+000     0.951358E-006        0.0728
   346        0.00009978     0.000000E+000     0.946060E-006        0.0729
   347        0.00009978     0.000000E+000     0.947522E-006        0.0730
   348        0.00009978     0.000000E+000     0.948814E-006        0.0731
   349        0.00009978     0.000000E+000     0.949954E-006        0.0732
   350        0.00009978     0.000000E+000     0.950958E-006        0.0733
   351        0.00009941     0.000000E+000     0.944777E-006        0.0734
   352        0.00009941     0.000000E+000     0.945536E-006        0.0735
   353        0.00009941     0.000000E+000     0.946194E-006        0.0736
   354        0.00009941     0.000000E+000     0.946762E-006        0.0737
   355        0.00009941     0.000000E+000     0.947247E-006        0.0738
   356        0.00009941     0.000000E+000     0.947656E-006        0.0739
   357        0.00009941     0.000000E+000     0.947994E-006        0.0740
   358        0.00009941     0.000000E+000     0.948268E-006        0.0741
   359        0.00009941     0.000000E+000     0.948483E-006        0.0742
   360        0.00009941     0.000000E+000     0.948641E-006        0.0743
   361        0.00009941     0.000000E+000     0.948748E-006        0.0744
   362        0.00009941     0.000000E+000     0.948806E-006        0.0745
   363        0.00009941     0.000000E+000     0.948819E-006        0.0746
   364        0.00009941     0.000000E+000     0.948789E-006        0.0747
   365        0.00009941     0.000000E+000     0.948719E-006        0.0748
   366        0.00009941     0.000000E+000     0.948611E-006        0.0748
   367        0.00009941     0.000000E+000     0.948467E-006        0.0749
   368        0.00009941     0.000000E+000     0.948289E-006        0.0750
   369        0.00009941     0.000000E+000     0.948078E-006        0.0751
   370        0.00009941     0.000000E+000     0.947836E-006        0.0752
   371        0.00009941     0.000000E+000     0.947563E-006        0.0753
   372        0.00009941     0.000000E+000     0.947261E-006        0.0754
   373        0.00009941     0.000000E+000     0.946932E-006        0.0755
   374        0.00009941     0.000000E+000     0.946574E-006        0.0756
   375        0.00009941     0.000000E+000     0.946190E-006        0.0757
   376        0.00009941     0.000000E+000     0.945780E-006        0.0758
   377        0.00009941     0.000000E+000     0.945343E-006        0.0759
   378        0.00009941     0.000000E+000     0.944881E-006        0.0760
   379        0.00009941     0.000000E+000     0.944392E-006        0.0761
   380        0.00009941     0.000000E+000     0.943877E-006        0.0762
   381        0.00009941     0.000000E+000     0.943336E-006        0.0763
   382        0.00009941     0.000000E+000     0.942768E-006        0.0764
   383        0.00009941     0.000000E+000     0.942173E-006        0.0765
   384        0.00009941     0.000000E+000     0.941551E-006        0.0766
   385        0.00009941     0.000000E+000     0.940899E-006        0.0767
   386        0.00009941     0.000000E+000     0.940217E-006        0.0768
   387        0.00009941     0.000000E+000     0.939505E-006        0.0769
   388        0.00009941     0.000000E+000     0.938761E-006        0.0770
   389        0.00009984     0.000000E+000     0.946156E-006        0.0771
   390        0.00009984     0.000000E+000     0.945333E-006        0.0772
   391        0.00009984     0.000000E+000     0.944473E-006        0.0773
   392        0.00009984     0.000000E+000     0.943575E-006        0.0774
   393        0.00009984     0.000000E+000     0.942636E-006        0.0775
   394        0.00009984     0.000000E+000     0.941655E-006        0.0776
   395        0.00009984     0.000000E+000     0.940629E-006        0.0777
   396        0.00009984     0.000000E+000     0.939557E-006        0.0778
   397        0.00009984     0.000000E+000     0.938437E-006        0.0779
   398        0.00010030     0.000000E+000     0.945806E-006        0.0780
   399        0.00010030     0.000000E+000     0.944566E-006        0.0781
   400        0.00010030     0.000000E+000     0.943269E-006        0.0782
   401        0.00010030     0.000000E+000     0.941914E-006        0.0783
   402        0.00010030     0.000000E+000     0.940499E-006        0.0784
   403        0.00010030     0.000000E+000     0.939020E-006        0.0785
   404        0.00010030     0.000000E+000     0.937476E-006        0.0786
   405        0.00010077     0.000000E+000     0.944715E-006        0.0787
   406        0.00010077     0.000000E+000     0.943010E-006        0.0788
   407        0.00010077     0.000000E+000     0.941231E-006        0.0789
   408        0.00010077     0.000000E+000     0.939378E-006        0.0790
   409        0.00010077     0.000000E+000     0.937446E-006        0.0791
   410        0.00010126     0.000000E+000     0.944542E-006        0.0792
   411        0.00010126     0.000000E+000     0.942419E-006        0.0793
   412        0.00010126     0.000000E+000     0.940213E-006        0.0794
   413        0.00010126     0.000000E+000     0.937920E-006        0.0795
   414        0.00010126     0.000000E+000     0.935539E-006        0.0796
   415        0.00010177     0.000000E+000     0.942428E-006        0.0797
   416        0.00010177     0.000000E+000     0.939831E-006        0.0798
   417        0.00010177     0.000000E+000     0.937141E-006        0.0800
   418        0.00010229     0.000000E+000     0.943922E-006        0.0801
   419        0.00010229     0.000000E+000     0.941002E-006        0.0802
   420        0.00010229     0.000000E+000     0.937986E-006        0.0803
   421        0.00010229     0.000000E+000     0.934875E-006        0.0804
   422        0.00010283     0.000000E+000     0.941456E-006        0.0805
   423        0.00010283     0.000000E+000     0.938102E-006        0.0806
   424        0.00010283     0.000000E+000     0.934653E-006        0.0807
   425        0.00010339     0.000000E+000     0.941101E-006        0.0808
   426        0.00010339     0.000000E+000     0.937405E-006        0.0809
   427        0.00010339     0.000000E+000     0.933613E-006        0.0810
   428        0.00010395     0.000000E+000     0.939928E-006        0.0811
   429        0.00010395     0.000000E+000     0.935888E-006        0.0812
   430        0.00010454     0.000000E+000     0.942150E-006        0.0813
   431        0.00010454     0.000000E+000     0.937862E-006        0.0814
   432        0.00010454     0.000000E+000     0.933486E-006        0.0815
   433        0.00010513     0.000000E+000     0.939625E-006        0.0816
   434        0.00010513     0.000000E+000     0.935006E-006        0.0817
   435        0.00010574     0.000000E+000     0.941106E-006        0.0818
   436        0.00010574     0.000000E+000     0.936247E-006        0.0819
   437        0.00010574     0.000000E+000     0.931313E-006        0.0820
   438        0.00010637     0.000000E+000     0.937318E-006        0.0821
   439        0.00010637     0.000000E+000     0.932153E-006        0.0822
   440        0.00010702     0.000000E+000     0.938143E-006        0.0823
   441        0.00010702     0.000000E+000     0.932755E-006        0.0824
   442        0.00010768     0.000000E+000     0.938741E-006        0.0826
   443        0.00010768     0.000000E+000     0.933136E-006        0.0827
   444        0.00010836     0.000000E+000     0.939130E-006        0.0828
   445        0.00010836     0.000000E+000     0.933314E-006        0.0829
   446        0.00010905     0.000000E+000     0.939329E-006        0.0830
   447        0.00010905     0.000000E+000     0.933310E-006        0.0831
   448        0.00010976     0.000000E+000     0.939358E-006        0.0832
   449        0.00010976     0.000000E+000     0.933140E-006        0.0833
   450        0.00011049     0.000000E+000     0.939235E-006        0.0834
   451        0.00011049     0.000000E+000     0.932825E-006        0.0835
   452        0.00011125     0.000000E+000     0.938979E-006        0.0836
   453        0.00011125     0.000000E+000     0.932379E-006        0.0838
   454        0.00011202     0.000000E+000     0.938604E-006        0.0839
   455        0.00011202     0.000000E+000     0.931818E-006        0.0840
   456        0.00011281     0.000000E+000     0.938126E-006        0.0841
   457        0.00011281     0.000000E+000     0.931154E-006        0.0842
   458        0.00011363     0.000000E+000     0.937554E-006        0.0843
   459        0.00011363     0.000000E+000     0.930396E-006        0.0844
   460        0.00011447     0.000000E+000     0.936897E-006        0.0845
   461        0.00011447     0.000000E+000     0.929550E-006        0.0847
   462        0.00011534     0.000000E+000     0.936161E-006        0.0848
   463        0.00011534     0.000000E+000     0.928619E-006        0.0849
   464        0.00011623     0.000000E+000     0.935346E-006        0.0850
   465        0.00011623     0.000000E+000     0.927602E-006        0.0851
   466        0.00011716     0.000000E+000     0.934450E-006        0.0852
   467        0.00011716     0.000000E+000     0.926495E-006        0.0854
   468        0.00011811     0.000000E+000     0.933468E-006        0.0855
   469        0.00011811     0.000000E+000     0.925289E-006        0.0856
   470        0.00011909     0.000000E+000     0.932388E-006        0.0857
   471        0.00011909     0.000000E+000     0.923971E-006        0.0858
   472        0.00012011     0.000000E+000     0.931196E-006        0.0859
   473        0.00012011     0.000000E+000     0.922522E-006        0.0861
   474        0.00012116     0.000000E+000     0.929873E-006        0.0862
   475        0.00012116     0.000000E+000     0.920921E-006        0.0863
   476        0.00012226     0.000000E+000     0.928392E-006        0.0864
   477        0.00012226     0.000000E+000     0.919139E-006        0.0866
   478        0.00012339     0.000000E+000     0.926726E-006        0.0867
   479        0.00012455     0.000000E+000     0.934475E-006        0.0868
   480        0.00012455     0.000000E+000     0.924582E-006        0.0869
   481        0.00012576     0.000000E+000     0.932435E-006        0.0870
   482        0.00012576     0.000000E+000     0.922160E-006        0.0872
   483        0.00012702     0.000000E+000     0.930106E-006        0.0873
   484        0.00012702     0.000000E+000     0.919414E-006        0.0874
   485        0.00012833     0.000000E+000     0.927438E-006        0.0876
   486        0.00012833     0.000000E+000     0.916290E-006        0.0877
   487        0.00012969     0.000000E+000     0.924377E-006        0.0878
   488        0.00012969     0.000000E+000     0.912731E-006        0.0879
   489        0.00013112     0.000000E+000     0.920865E-006        0.0881
   490        0.00013259     0.000000E+000     0.929153E-006        0.0882
   491        0.00013259     0.000000E+000     0.916468E-006        0.0883
   492        0.00013413     0.000000E+000     0.924778E-006        0.0885
   493        0.00013413     0.000000E+000     0.911470E-006        0.0886
   494        0.00013575     0.000000E+000     0.919786E-006        0.0887
   495        0.00013743     0.000000E+000     0.928255E-006        0.0889
   496        0.00013743     0.000000E+000     0.913667E-006        0.0890
   497        0.00013919     0.000000E+000     0.922129E-006        0.0891
   498        0.00013919     0.000000E+000     0.906797E-006        0.0893
   499        0.00014104     0.000000E+000     0.915253E-006        0.0894
   500        0.00014298     0.000000E+000     0.923888E-006        0.0896
   501        0.00014298     0.000000E+000     0.907050E-006        0.0897
   502        0.00014502     0.000000E+000     0.915715E-006        0.0898
   503        0.00014502     0.000000E+000     0.898064E-006        0.0900
   504        0.00014718     0.000000E+000     0.906815E-006        0.0901
   505        0.00014945     0.000000E+000     0.915845E-006        0.0903
   506        0.00014945     0.000000E+000     0.896578E-006        0.0904
   507        0.00015186     0.000000E+000     0.905853E-006        0.0906
   508        0.00015439     0.000000E+000     0.915546E-006        0.0907
   509        0.00015439     0.000000E+000     0.894692E-006        0.0909
   510        0.00015710     0.000000E+000     0.904922E-006        0.0910
   511        0.00015995     0.000000E+000     0.915809E-006        0.0912
   512        0.00015995     0.000000E+000     0.893526E-006        0.0914
   513        0.00016303     0.000000E+000     0.905434E-006        0.0915
   514        0.00016303     0.000000E+000     0.882803E-006        0.0917
   515        0.00016636     0.000000E+000     0.896161E-006        0.0918
   516        0.00016990     0.000000E+000     0.910896E-006        0.0920
   517        0.00016990     0.000000E+000     0.887486E-006        0.0922
   518        0.00017376     0.000000E+000     0.904632E-006        0.0924
   519        0.00017376     0.000000E+000     0.881557E-006        0.0925
   520        0.00017800     0.000000E+000     0.901909E-006        0.0927
   521        0.00017800     0.000000E+000     0.879507E-006        0.0929
   522        0.00018268     0.000000E+000     0.904061E-006        0.0931
   523        0.00018268     0.000000E+000     0.882697E-006        0.0932
   524        0.00018790     0.000000E+000     0.912718E-006        0.0934
   525        0.00018790     0.000000E+000     0.892783E-006        0.0936
   526        0.00018790     0.000000E+000     0.874559E-006        0.0938
   527        0.00019396     0.000000E+000     0.914148E-006        0.0940
   528        0.00019396     0.000000E+000     0.897888E-006        0.0942
   529        0.00019396     0.000000E+000     0.883543E-006        0.0944
   530        0.00019396     0.000000E+000     0.871086E-006        0.0946
   531        0.00019396     0.000000E+000     0.860487E-006        0.0948
   532        0.00019396     0.000000E+000     0.851710E-006        0.0950
   533        0.00020204     0.000000E+000     0.916356E-006        0.0952
   534        0.00020204     0.000000E+000     0.910457E-006        0.0954
   535        0.00020204     0.000000E+000     0.906561E-006        0.0956
   536        0.00020204     0.000000E+000     0.904618E-006        0.0958
   537        0.00020204     0.000000E+000     0.904581E-006        0.0960
   538        0.00020204     0.000000E+000     0.906401E-006        0.0962
   539        0.00020204     0.000000E+000     0.910032E-006        0.0964
   540        0.00020204     0.000000E+000     0.915429E-006        0.0966
   541        0.00020204     0.000000E+000     0.922550E-006        0.0968
   542        0.00020204     0.000000E+000     0.931353E-006        0.0970
   543        0.00020204     0.000000E+000     0.941797E-006        0.0972
   544        0.00020204     0.000000E+000     0.953841E-006        0.0974
   545        0.00020204     0.000000E+000     0.967444E-006        0.0976
   546        0.00018520     0.000000E+000     0.826161E-006        0.0978
   547        0.00018520     0.000000E+000     0.838922E-006        0.0980
   548        0.00018520     0.000000E+000     0.852697E-006        0.0981
   549        0.00018520     0.000000E+000     0.867454E-006        0.0983
   550        0.00018520     0.000000E+000     0.883161E-006        0.0985
   551        0.00018520     0.000000E+000     0.899781E-006        0.0987
   552        0.00018520     0.000000E+000     0.917276E-006        0.0989
   553        0.00018520     0.000000E+000     0.935605E-006        0.0991
   554        0.00018520     0.000000E+000     0.954723E-006        0.0993
   555        0.00018520     0.000000E+000     0.974582E-006        0.0994
   556        0.00018520     0.000000E+000     0.995131E-006        0.0996
   557 *      0.00009260     0.000000E+000     0.255121E-006        0.0998
   557        0.00009260     0.000000E+000     0.257849E-006        0.0999
   558        0.00016474     0.000000E+000     0.822186E-006        0.1000
   559        0.00017393     0.000000E+000     0.933519E-006        0.1002
   560        0.00017484     0.000000E+000     0.962324E-006        0.1003
   561        0.00017393     0.000000E+000     0.971495E-006        0.1005
   562        0.00017242     0.000000E+000     0.973791E-006        0.1007
   563        0.00017064     0.000000E+000     0.972527E-006        0.1009
   564        0.00016889     0.000000E+000     0.971030E-006        0.1010
   565        0.00016746     0.000000E+000     0.972543E-006        0.1012
   566        0.00016577     0.000000E+000     0.970477E-006        0.1014
   567        0.00016439     0.000000E+000     0.971319E-006        0.1015
   568        0.00016275     0.000000E+000     0.968592E-006        0.1017
   569        0.00016141     0.000000E+000     0.968685E-006        0.1019
   570        0.00016010     0.000000E+000     0.968386E-006        0.1020
   571        0.00015880     0.000000E+000     0.967686E-006        0.1022
   572        0.00015752     0.000000E+000     0.966581E-006        0.1023
   573        0.00015625     0.000000E+000     0.965069E-006        0.1025
   574        0.00015526     0.000000E+000     0.966215E-006        0.1027
   575        0.00015403     0.000000E+000     0.963886E-006        0.1028
   576        0.00015306     0.000000E+000     0.964184E-006        0.1030
   577        0.00015209     0.000000E+000     0.964066E-006        0.1031
   578        0.00015114     0.000000E+000     0.963538E-006        0.1033
   579        0.00015020     0.000000E+000     0.962608E-006        0.1034
   580        0.00014927     0.000000E+000     0.961286E-006        0.1036
   581        0.00014858     0.000000E+000     0.962536E-006        0.1037
   582        0.00014767     0.000000E+000     0.960454E-006        0.1039
   583        0.00014699     0.000000E+000     0.960940E-006        0.1040
   584        0.00014632     0.000000E+000     0.961062E-006        0.1042
   585        0.00014565     0.000000E+000     0.960830E-006        0.1043
   586        0.00014499     0.000000E+000     0.960256E-006        0.1045
   587        0.00014433     0.000000E+000     0.959351E-006        0.1046
   588        0.00014368     0.000000E+000     0.958128E-006        0.1047
   589        0.00014303     0.000000E+000     0.956599E-006        0.1049
   590        0.00014260     0.000000E+000     0.957638E-006        0.1050
   591        0.00014196     0.000000E+000     0.955530E-006        0.1052
   592        0.00014153     0.000000E+000     0.955996E-006        0.1053
   593        0.00014111     0.000000E+000     0.956193E-006        0.1055
   594        0.00014069     0.000000E+000     0.956131E-006        0.1056
   595        0.00014027     0.000000E+000     0.955821E-006        0.1057
   596        0.00013985     0.000000E+000     0.955272E-006        0.1059
   597        0.00013944     0.000000E+000     0.954495E-006        0.1060
   598        0.00013903     0.000000E+000     0.953500E-006        0.1062
   599        0.00013882     0.000000E+000     0.955110E-006        0.1063
   600        0.00013841     0.000000E+000     0.953703E-006        0.1064
   601        0.00013820     0.000000E+000     0.954914E-006        0.1066
   602        0.00013780     0.000000E+000     0.953128E-006        0.1067
   603        0.00013759     0.000000E+000     0.953972E-006        0.1068
   604        0.00013719     0.000000E+000     0.951842E-006        0.1070
   605        0.00013698     0.000000E+000     0.952349E-006        0.1071
   606        0.00013678     0.000000E+000     0.952701E-006        0.1073
   607        0.00013658     0.000000E+000     0.952902E-006        0.1074
   608        0.00013638     0.000000E+000     0.952959E-006        0.1075
   609        0.00013618     0.000000E+000     0.952879E-006        0.1077
   610        0.00013598     0.000000E+000     0.952668E-006        0.1078
   611        0.00013578     0.000000E+000     0.952330E-006        0.1079
   612        0.00013558     0.000000E+000     0.951871E-006        0.1081
   613        0.00013538     0.000000E+000     0.951297E-006        0.1082
   614        0.00013518     0.000000E+000     0.950613E-006        0.1084
   615        0.00013498     0.000000E+000     0.949824E-006        0.1085
   616        0.00013498     0.000000E+000     0.951729E-006        0.1086
   617        0.00013478     0.000000E+000     0.950738E-006        0.1088
   618        0.00013458     0.000000E+000     0.949655E-006        0.1089
   619        0.00013458     0.000000E+000     0.951281E-006        0.1090
   620        0.00013438     0.000000E+000     0.950020E-006        0.1092
   621        0.00013438     0.000000E+000     0.951480E-006        0.1093
   622        0.00013418     0.000000E+000     0.950054E-006        0.1094
   623        0.00013418     0.000000E+000     0.951358E-006        0.1096
   624        0.00013398     0.000000E+000     0.949778E-006        0.1097
   625        0.00013398     0.000000E+000     0.950938E-006        0.1098
   626        0.00013378     0.000000E+000     0.949214E-006        0.1100
   627        0.00013378     0.000000E+000     0.950236E-006        0.1101
   628        0.00013358     0.000000E+000     0.948378E-006        0.1102
   629        0.00013358     0.000000E+000     0.949270E-006        0.1104
   630        0.00013358     0.000000E+000     0.950100E-006        0.1105
   631        0.00013338     0.000000E+000     0.948046E-006        0.1106
   632        0.00013338     0.000000E+000     0.948752E-006        0.1108
   633        0.00013338     0.000000E+000     0.949399E-006        0.1109
   634        0.00013338     0.000000E+000     0.949985E-006        0.1110
   635        0.00013338     0.000000E+000     0.950512E-006        0.1112
   636        0.00013318     0.000000E+000     0.948135E-006        0.1113
   637        0.00013318     0.000000E+000     0.948536E-006        0.1114
   638        0.00013318     0.000000E+000     0.948873E-006        0.1116
   639        0.00013318     0.000000E+000     0.949145E-006        0.1117
   640        0.00013318     0.000000E+000     0.949350E-006        0.1118
   641        0.00013318     0.000000E+000     0.949484E-006        0.1120
   642        0.00013318     0.000000E+000     0.949544E-006        0.1121
   643        0.00013318     0.000000E+000     0.949527E-006        0.1122
   644        0.00013318     0.000000E+000     0.949429E-006        0.1124
   645        0.00013318     0.000000E+000     0.949245E-006        0.1125
   646        0.00013318     0.000000E+000     0.948969E-006        0.1126
   647        0.00013318     0.000000E+000     0.948596E-006        0.1128
   648        0.00013318     0.000000E+000     0.948120E-006        0.1129
   649        0.00013318     0.000000E+000     0.947533E-006        0.1130
   650        0.00013318     0.000000E+000     0.946829E-006        0.1132
   651        0.00013318     0.000000E+000     0.946001E-006        0.1133
   652        0.00013339     0.000000E+000     0.947942E-006        0.1134
   653        0.00013339     0.000000E+000     0.946838E-006        0.1136
   654        0.00013339     0.000000E+000     0.945588E-006        0.1137
   655        0.00013360     0.000000E+000     0.947101E-006        0.1138
   656        0.00013360     0.000000E+000     0.945536E-006        0.1140
   657        0.00013380     0.000000E+000     0.946740E-006        0.1141
   658        0.00013380     0.000000E+000     0.944847E-006        0.1142
   659        0.00013401     0.000000E+000     0.945739E-006        0.1144
   660        0.00013422     0.000000E+000     0.946484E-006        0.1145
   661        0.00013422     0.000000E+000     0.944129E-006        0.1146
   662        0.00013444     0.000000E+000     0.944611E-006        0.1148
   663        0.00013465     0.000000E+000     0.944986E-006        0.1149
   664        0.00013486     0.000000E+000     0.945274E-006        0.1150
   665        0.00013508     0.000000E+000     0.945495E-006        0.1152
   666        0.00013529     0.000000E+000     0.945671E-006        0.1153
   667        0.00013551     0.000000E+000     0.945820E-006        0.1154
   668        0.00013573     0.000000E+000     0.945958E-006        0.1156
   669        0.00013595     0.000000E+000     0.946098E-006        0.1157
   670        0.00013595     0.000000E+000     0.943211E-006        0.1158
   671        0.00013617     0.000000E+000     0.943383E-006        0.1160
   672        0.00013639     0.000000E+000     0.943578E-006        0.1161
   673        0.00013661     0.000000E+000     0.943798E-006        0.1163
   674        0.00013683     0.000000E+000     0.944043E-006        0.1164
   675        0.00013706     0.000000E+000     0.944311E-006        0.1165
   676        0.00013728     0.000000E+000     0.944600E-006        0.1167
   677        0.00013751     0.000000E+000     0.944907E-006        0.1168
   678        0.00013774     0.000000E+000     0.945228E-006        0.1169
   679        0.00013797     0.000000E+000     0.945560E-006        0.1171
   680        0.00013820     0.000000E+000     0.945898E-006        0.1172
   681        0.00013843     0.000000E+000     0.946238E-006        0.1174
   682        0.00013843     0.000000E+000     0.943421E-006        0.1175
   683        0.00013866     0.000000E+000     0.943756E-006        0.1176
   684        0.00013890     0.000000E+000     0.944080E-006        0.1178
   685        0.00013913     0.000000E+000     0.944393E-006        0.1179
   686        0.00013937     0.000000E+000     0.944689E-006        0.1181
   687        0.00013961     0.000000E+000     0.944967E-006        0.1182
   688        0.00013985     0.000000E+000     0.945224E-006        0.1183
   689        0.00014009     0.000000E+000     0.945458E-006        0.1185
   690        0.00014033     0.000000E+000     0.945667E-006        0.1186
   691        0.00014057     0.000000E+000     0.945850E-006        0.1187
   692        0.00014057     0.000000E+000     0.942748E-006        0.1189
   693        0.00014082     0.000000E+000     0.942878E-006        0.1190
   694        0.00014106     0.000000E+000     0.942985E-006        0.1192
   695        0.00014131     0.000000E+000     0.943068E-006        0.1193
   696        0.00014156     0.000000E+000     0.943131E-006        0.1195
   697        0.00014181     0.000000E+000     0.943177E-006        0.1196
   698        0.00014206     0.000000E+000     0.943209E-006        0.1197
   699        0.00014231     0.000000E+000     0.943231E-006        0.1199
   700        0.00014256     0.000000E+000     0.943247E-006        0.1200
   701        0.00014282     0.000000E+000     0.943260E-006        0.1202
   702        0.00014307     0.000000E+000     0.943268E-006        0.1203
   703        0.00014333     0.000000E+000     0.943258E-006        0.1205
   704        0.00014359     0.000000E+000     0.943181E-006        0.1206
   705        0.00014385     0.000000E+000     0.942851E-006        0.1207
   706        0.00014411     0.000000E+000     0.941260E-006        0.1209
   707        0.00014438     0.000000E+000     0.922308E-006        0.1210
   708        0.00014598     0.000000E+000     0.953958E-006        0.1212
   709        0.00014571     0.000000E+000     0.956109E-006        0.1213
   710        0.00014517     0.000000E+000     0.944581E-006        0.1215
   711        0.00014544     0.000000E+000     0.942231E-006        0.1216
   712        0.00014571     0.000000E+000     0.939446E-006        0.1218
   713        0.00014626     0.000000E+000     0.940208E-006        0.1219
   714        0.00014681     0.000000E+000     0.941137E-006        0.1220
   715        0.00014709     0.000000E+000     0.938721E-006        0.1222
   716        0.00014765     0.000000E+000     0.940046E-006        0.1223
   717        0.00014821     0.000000E+000     0.941580E-006        0.1225
   718        0.00014850     0.000000E+000     0.939726E-006        0.1226
   719        0.00014907     0.000000E+000     0.941684E-006        0.1228
   720        0.00014936     0.000000E+000     0.940254E-006        0.1229
   721        0.00014994     0.000000E+000     0.942774E-006        0.1231
   722        0.00015023     0.000000E+000     0.942568E-006        0.1232
   723        0.00015053     0.000000E+000     0.941415E-006        0.1234
   724        0.00015083     0.000000E+000     0.939797E-006        0.1235
   725        0.00015142     0.000000E+000     0.943256E-006        0.1237
   726        0.00015173     0.000000E+000     0.941851E-006        0.1238
   727        0.00015203     0.000000E+000     0.940053E-006        0.1240
   728        0.00015264     0.000000E+000     0.942469E-006        0.1241
   729        0.00015295     0.000000E+000     0.941375E-006        0.1243
   730        0.00015326     0.000000E+000     0.941019E-006        0.1244
   731        0.00015357     0.000000E+000     0.939164E-006        0.1246
   732        0.00015420     0.000000E+000     0.943563E-006        0.1247
   733        0.00015452     0.000000E+000     0.942184E-006        0.1249
   734        0.00015484     0.000000E+000     0.940593E-006        0.1251
   735        0.00015516     0.000000E+000     0.938603E-006        0.1252
   736        0.00015581     0.000000E+000     0.946087E-006        0.1254
   737        0.00015581     0.000000E+000     0.941055E-006        0.1255
   738        0.00015613     0.000000E+000     0.939871E-006        0.1257
   739        0.00015646     0.000000E+000     0.938597E-006        0.1258
   740        0.00015713     0.000000E+000     0.941200E-006        0.1260
   741        0.00015746     0.000000E+000     0.939740E-006        0.1261
   742        0.00015780     0.000000E+000     0.938190E-006        0.1263
   743        0.00015848     0.000000E+000     0.940566E-006        0.1265
   744        0.00015882     0.000000E+000     0.938808E-006        0.1266
   745        0.00015952     0.000000E+000     0.941000E-006        0.1268
   746        0.00015986     0.000000E+000     0.938962E-006        0.1269
   747        0.00016057     0.000000E+000     0.940807E-006        0.1271
   748        0.00016092     0.000000E+000     0.939241E-006        0.1273
   749        0.00016128     0.000000E+000     0.939234E-006        0.1274
   750        0.00016164     0.000000E+000     0.936731E-006        0.1276
   751        0.00016237     0.000000E+000     0.943625E-006        0.1277
   752        0.00016273     0.000000E+000     0.941407E-006        0.1279
   753        0.00016310     0.000000E+000     0.939092E-006        0.1281
   754        0.00016348     0.000000E+000     0.936648E-006        0.1282
   755        0.00016422     0.000000E+000     0.938410E-006        0.1284
   756        0.00016498     0.000000E+000     0.944944E-006        0.1286
   757        0.00016498     0.000000E+000     0.938085E-006        0.1287
   758        0.00016575     0.000000E+000     0.939854E-006        0.1289
   759        0.00016614     0.000000E+000     0.937968E-006        0.1291
   760        0.00016692     0.000000E+000     0.944237E-006        0.1292
   761        0.00016692     0.000000E+000     0.937176E-006        0.1294
   762        0.00016772     0.000000E+000     0.939556E-006        0.1296
   763        0.00016812     0.000000E+000     0.940049E-006        0.1297
   764        0.00016852     0.000000E+000     0.939102E-006        0.1299
   765        0.00016893     0.000000E+000     0.939272E-006        0.1301
   766        0.00016934     0.000000E+000     0.938830E-006        0.1302
   767        0.00016975     0.000000E+000     0.938639E-006        0.1304
   768        0.00017017     0.000000E+000     0.938379E-006        0.1306
   769        0.00017059     0.000000E+000     0.938071E-006        0.1307
   770        0.00017101     0.000000E+000     0.937739E-006        0.1309
   771        0.00017187     0.000000E+000     0.942062E-006        0.1311
   772        0.00017230     0.000000E+000     0.941716E-006        0.1313
   773        0.00017273     0.000000E+000     0.941361E-006        0.1314
   774        0.00017317     0.000000E+000     0.940998E-006        0.1316
   775        0.00017361     0.000000E+000     0.940628E-006        0.1318
   776        0.00017405     0.000000E+000     0.940255E-006        0.1319
   777        0.00017450     0.000000E+000     0.939880E-006        0.1321
   778        0.00017495     0.000000E+000     0.939505E-006        0.1323
   779        0.00017540     0.000000E+000     0.939131E-006        0.1325
   780        0.00017586     0.000000E+000     0.938760E-006        0.1326
   781        0.00017632     0.000000E+000     0.938393E-006        0.1328
   782        0.00017679     0.000000E+000     0.938031E-006        0.1330
   783        0.00017726     0.000000E+000     0.937674E-006        0.1332
   784        0.00017773     0.000000E+000     0.937323E-006        0.1334
   785        0.00017821     0.000000E+000     0.936978E-006        0.1335
   786        0.00017869     0.000000E+000     0.936640E-006        0.1337
   787        0.00017966     0.000000E+000     0.941379E-006        0.1339
   788        0.00018015     0.000000E+000     0.941051E-006        0.1341
   789        0.00018064     0.000000E+000     0.940730E-006        0.1342
   790        0.00018114     0.000000E+000     0.940416E-006        0.1344
   791        0.00018165     0.000000E+000     0.940108E-006        0.1346
   792        0.00018215     0.000000E+000     0.939806E-006        0.1348
   793        0.00018267     0.000000E+000     0.939510E-006        0.1350
   794        0.00018318     0.000000E+000     0.939220E-006        0.1352
   795        0.00018370     0.000000E+000     0.938935E-006        0.1353
   796        0.00018423     0.000000E+000     0.938655E-006        0.1355
   797        0.00018476     0.000000E+000     0.938380E-006        0.1357
   798        0.00018529     0.000000E+000     0.938109E-006        0.1359
   799        0.00018583     0.000000E+000     0.937841E-006        0.1361
   800        0.00018637     0.000000E+000     0.937578E-006        0.1363
   801        0.00018692     0.000000E+000     0.937317E-006        0.1364
   802        0.00018747     0.000000E+000     0.937059E-006        0.1366
   803        0.00018803     0.000000E+000     0.936803E-006        0.1368
   804        0.00018859     0.000000E+000     0.936550E-006        0.1370
   805        0.00018916     0.000000E+000     0.936298E-006        0.1372
   806        0.00018974     0.000000E+000     0.936048E-006        0.1374
   807        0.00019031     0.000000E+000     0.935799E-006        0.1376
   808        0.00019090     0.000000E+000     0.935550E-006        0.1378
   809        0.00019149     0.000000E+000     0.935303E-006        0.1380
   810        0.00019208     0.000000E+000     0.935056E-006        0.1381
   811        0.00019268     0.000000E+000     0.934809E-006        0.1383
   812        0.00019329     0.000000E+000     0.934562E-006        0.1385
   813        0.00019390     0.000000E+000     0.934316E-006        0.1387
   814        0.00019514     0.000000E+000     0.940018E-006        0.1389
   815        0.00019577     0.000000E+000     0.939769E-006        0.1391
   816        0.00019640     0.000000E+000     0.939519E-006        0.1393
   817        0.00019704     0.000000E+000     0.939269E-006        0.1395
   818        0.00019769     0.000000E+000     0.939018E-006        0.1397
   819        0.00019834     0.000000E+000     0.938768E-006        0.1399
   820        0.00019900     0.000000E+000     0.938516E-006        0.1401
   821        0.00019966     0.000000E+000     0.938265E-006        0.1403
   822        0.00020034     0.000000E+000     0.938013E-006        0.1405
   823        0.00020101     0.000000E+000     0.937761E-006        0.1407
   824        0.00020170     0.000000E+000     0.937509E-006        0.1409
   825        0.00020239     0.000000E+000     0.937257E-006        0.1411
   826        0.00020309     0.000000E+000     0.937006E-006        0.1413
   827        0.00020380     0.000000E+000     0.936756E-006        0.1415
   828        0.00020452     0.000000E+000     0.936506E-006        0.1417
   829        0.00020524     0.000000E+000     0.936257E-006        0.1419
   830        0.00020597     0.000000E+000     0.936010E-006        0.1421
   831        0.00020671     0.000000E+000     0.935765E-006        0.1423
   832        0.00020745     0.000000E+000     0.935521E-006        0.1425
   833        0.00020821     0.000000E+000     0.935281E-006        0.1427
   834        0.00020897     0.000000E+000     0.935043E-006        0.1430
   835        0.00020974     0.000000E+000     0.934808E-006        0.1432
   836        0.00021052     0.000000E+000     0.934578E-006        0.1434
   837        0.00021131     0.000000E+000     0.934351E-006        0.1436
   838        0.00021211     0.000000E+000     0.934130E-006        0.1438
   839        0.00021291     0.000000E+000     0.933914E-006        0.1440
   840        0.00021373     0.000000E+000     0.933704E-006        0.1442
   841        0.00021456     0.000000E+000     0.933500E-006        0.1444
   842        0.00021539     0.000000E+000     0.933304E-006        0.1446
   843        0.00021623     0.000000E+000     0.933115E-006        0.1449
   844        0.00021709     0.000000E+000     0.932935E-006        0.1451
   845        0.00021795     0.000000E+000     0.932765E-006        0.1453
   846        0.00021883     0.000000E+000     0.932604E-006        0.1455
   847        0.00021972     0.000000E+000     0.932455E-006        0.1457
   848        0.00022061     0.000000E+000     0.932317E-006        0.1459
   849        0.00022152     0.000000E+000     0.932192E-006        0.1462
   850        0.00022244     0.000000E+000     0.932080E-006        0.1464
   851        0.00022337     0.000000E+000     0.931982E-006        0.1466
   852        0.00022431     0.000000E+000     0.931900E-006        0.1468
   853        0.00022527     0.000000E+000     0.931834E-006        0.1471
   854        0.00022623     0.000000E+000     0.931786E-006        0.1473
   855        0.00022721     0.000000E+000     0.931756E-006        0.1475
   856        0.00022821     0.000000E+000     0.931746E-006        0.1477
   857        0.00022921     0.000000E+000     0.931756E-006        0.1480
   858        0.00023023     0.000000E+000     0.931789E-006        0.1482
   859        0.00023126     0.000000E+000     0.931844E-006        0.1484
   860        0.00023231     0.000000E+000     0.931924E-006        0.1487
   861        0.00023337     0.000000E+000     0.932030E-006        0.1489
   862        0.00023444     0.000000E+000     0.932163E-006        0.1491
   863        0.00023553     0.000000E+000     0.932324E-006        0.1494
   864        0.00023664     0.000000E+000     0.932516E-006        0.1496
   865        0.00023776     0.000000E+000     0.932739E-006        0.1498
   866        0.00023890     0.000000E+000     0.932995E-006        0.1501
   867        0.00024005     0.000000E+000     0.933286E-006        0.1503
   868        0.00024122     0.000000E+000     0.933614E-006        0.1505
   869        0.00024241     0.000000E+000     0.933979E-006        0.1508
   870        0.00024362     0.000000E+000     0.934385E-006        0.1510
   871        0.00024484     0.000000E+000     0.934832E-006        0.1513
   872        0.00024609     0.000000E+000     0.935323E-006        0.1515
   873        0.00024735     0.000000E+000     0.935860E-006        0.1518
   874        0.00024863     0.000000E+000     0.936445E-006        0.1520
   875        0.00024993     0.000000E+000     0.937079E-006        0.1523
   876        0.00025125     0.000000E+000     0.937766E-006        0.1525
   877        0.00025125     0.000000E+000     0.928597E-006        0.1528
   878        0.00025260     0.000000E+000     0.929382E-006        0.1530
   879        0.00025398     0.000000E+000     0.930225E-006        0.1533
   880        0.00025537     0.000000E+000     0.931129E-006        0.1535
   881        0.00025679     0.000000E+000     0.932096E-006        0.1538
   882        0.00025823     0.000000E+000     0.933129E-006        0.1540
   883        0.00025970     0.000000E+000     0.934232E-006        0.1543
   884        0.00026119     0.000000E+000     0.935406E-006        0.1546
   885        0.00026271     0.000000E+000     0.936656E-006        0.1548
   886        0.00026271     0.000000E+000     0.927097E-006        0.1551
   887        0.00026427     0.000000E+000     0.928481E-006        0.1553
   888        0.00026585     0.000000E+000     0.929949E-006        0.1556
   889        0.00026746     0.000000E+000     0.931505E-006        0.1559
   890        0.00026910     0.000000E+000     0.933151E-006        0.1561
   891        0.00027077     0.000000E+000     0.934892E-006        0.1564
   892        0.00027077     0.000000E+000     0.925114E-006        0.1567
   893        0.00027249     0.000000E+000     0.927021E-006        0.1569
   894        0.00027423     0.000000E+000     0.929033E-006        0.1572
   895        0.00027601     0.000000E+000     0.931155E-006        0.1575
   896        0.00027783     0.000000E+000     0.933393E-006        0.1578
   897        0.00027968     0.000000E+000     0.935751E-006        0.1580
   898        0.00027968     0.000000E+000     0.925740E-006        0.1583
   899        0.00028159     0.000000E+000     0.928301E-006        0.1586
   900        0.00028353     0.000000E+000     0.930996E-006        0.1589
   901        0.00028551     0.000000E+000     0.933830E-006        0.1592
   902        0.00028551     0.000000E+000     0.923723E-006        0.1595
   903        0.00028755     0.000000E+000     0.926789E-006        0.1597
   904        0.00028963     0.000000E+000     0.930010E-006        0.1600
   905        0.00029176     0.000000E+000     0.933394E-006        0.1603
   906        0.00029176     0.000000E+000     0.923181E-006        0.1606
   907        0.00029396     0.000000E+000     0.926829E-006        0.1609
   908        0.00029620     0.000000E+000     0.930658E-006        0.1612
   909        0.00029850     0.000000E+000     0.934677E-006        0.1615
   910        0.00029850     0.000000E+000     0.924346E-006        0.1618
   911        0.00030087     0.000000E+000     0.928666E-006        0.1621
   912        0.00030329     0.000000E+000     0.933197E-006        0.1624
   913        0.00030329     0.000000E+000     0.922829E-006        0.1627
   914        0.00030580     0.000000E+000     0.927692E-006        0.1630
   915        0.00030837     0.000000E+000     0.932790E-006        0.1633
   916        0.00030837     0.000000E+000     0.922374E-006        0.1636
   917        0.00031103     0.000000E+000     0.927837E-006        0.1639
   918        0.00031375     0.000000E+000     0.933563E-006        0.1642
   919        0.00031375     0.000000E+000     0.923086E-006        0.1645
   920        0.00031658     0.000000E+000     0.929215E-006        0.1649
   921        0.00031658     0.000000E+000     0.918782E-006        0.1652
   922        0.00031951     0.000000E+000     0.925335E-006        0.1655
   923        0.00032253     0.000000E+000     0.932206E-006        0.1658
   924        0.00032253     0.000000E+000     0.921683E-006        0.1661
   925        0.00032566     0.000000E+000     0.929026E-006        0.1665
   926        0.00032566     0.000000E+000     0.918532E-006        0.1668
   927        0.00032891     0.000000E+000     0.926374E-006        0.1671
   928        0.00032891     0.000000E+000     0.915901E-006        0.1674
   929        0.00033231     0.000000E+000     0.924276E-006        0.1678
   930        0.00033580     0.000000E+000     0.933066E-006        0.1681
   931        0.00033580     0.000000E+000     0.922445E-006        0.1684
   932        0.00033945     0.000000E+000     0.931834E-006        0.1688
   933        0.00033945     0.000000E+000     0.921210E-006        0.1691
   934        0.00034327     0.000000E+000     0.931241E-006        0.1694
   935        0.00034327     0.000000E+000     0.920602E-006        0.1698
   936        0.00034726     0.000000E+000     0.931323E-006        0.1701
   937        0.00034726     0.000000E+000     0.920657E-006        0.1705
   938        0.00035144     0.000000E+000     0.932121E-006        0.1708
   939        0.00035144     0.000000E+000     0.921414E-006        0.1712
   940        0.00035144     0.000000E+000     0.910876E-006        0.1715
   941        0.00035589     0.000000E+000     0.923339E-006        0.1719
   942        0.00035589     0.000000E+000     0.912738E-006        0.1722
   943        0.00036057     0.000000E+000     0.926093E-006        0.1726
   944        0.00036057     0.000000E+000     0.915412E-006        0.1730
   945        0.00036551     0.000000E+000     0.929743E-006        0.1733
   946        0.00036551     0.000000E+000     0.918964E-006        0.1737
   947        0.00036551     0.000000E+000     0.908353E-006        0.1740
   948        0.00037081     0.000000E+000     0.923997E-006        0.1744
   949        0.00037081     0.000000E+000     0.913260E-006        0.1748
   950        0.00037643     0.000000E+000     0.930119E-006        0.1752
   951        0.00037643     0.000000E+000     0.919232E-006        0.1755
   952        0.00037643     0.000000E+000     0.908513E-006        0.1759
   953        0.00038250     0.000000E+000     0.927017E-006        0.1763
   954        0.00038250     0.000000E+000     0.916114E-006        0.1767
   955        0.00038250     0.000000E+000     0.905377E-006        0.1770
   956        0.00038910     0.000000E+000     0.925773E-006        0.1774
   957        0.00038910     0.000000E+000     0.914813E-006        0.1778
   958        0.00038910     0.000000E+000     0.904019E-006        0.1782
   959        0.00039630     0.000000E+000     0.926618E-006        0.1786
   960        0.00039630     0.000000E+000     0.915556E-006        0.1790
   961        0.00039630     0.000000E+000     0.904661E-006        0.1794
   962        0.00039630     0.000000E+000     0.893928E-006        0.1798
   963        0.00040439     0.000000E+000     0.919597E-006        0.1802
   964        0.00040439     0.000000E+000     0.908533E-006        0.1806
   965        0.00040439     0.000000E+000     0.897633E-006        0.1810
   966        0.00040439     0.000000E+000     0.886893E-006        0.1814
   967        0.00041358     0.000000E+000     0.916394E-006        0.1818
   968        0.00041358     0.000000E+000     0.905245E-006        0.1822
   969        0.00041358     0.000000E+000     0.894260E-006        0.1826
   970        0.00041358     0.000000E+000     0.883436E-006        0.1830
   971        0.00042418     0.000000E+000     0.917868E-006        0.1835
   972        0.00042418     0.000000E+000     0.906533E-006        0.1839
   973        0.00042418     0.000000E+000     0.895365E-006        0.1843
   974        0.00042418     0.000000E+000     0.884359E-006        0.1847
   975        0.00042418     0.000000E+000     0.873514E-006        0.1852
   976        0.00043704     0.000000E+000     0.915630E-006        0.1856
   977        0.00043704     0.000000E+000     0.904115E-006        0.1860
   978        0.00043704     0.000000E+000     0.892769E-006        0.1865
   979        0.00043704     0.000000E+000     0.881587E-006        0.1869
   980        0.00043704     0.000000E+000     0.870568E-006        0.1873
   981        0.00043704     0.000000E+000     0.859707E-006        0.1878
   982        0.00045385     0.000000E+000     0.915203E-006        0.1882
   983        0.00045385     0.000000E+000     0.903395E-006        0.1887
   984        0.00045385     0.000000E+000     0.891760E-006        0.1891
   985        0.00045385     0.000000E+000     0.880295E-006        0.1896
   986        0.00045385     0.000000E+000     0.868996E-006        0.1900
   987        0.00045385     0.000000E+000     0.857860E-006        0.1905
   988        0.00045385     0.000000E+000     0.846884E-006        0.1909
   989        0.00045385     0.000000E+000     0.836065E-006        0.1914
   990        0.00045385     0.000000E+000     0.825399E-006        0.1918
   991        0.00045385     0.000000E+000     0.814884E-006        0.1923
   992        0.00045385     0.000000E+000     0.804517E-006        0.1927
   993        0.00045385     0.000000E+000     0.794295E-006        0.1932
   994        0.00045385     0.000000E+000     0.784215E-006        0.1936
   995        0.00045385     0.000000E+000     0.774274E-006        0.1941
   996        0.00045385     0.000000E+000     0.764472E-006        0.1946
   997        0.00045385     0.000000E+000     0.754803E-006        0.1950
   998        0.00045385     0.000000E+000     0.745267E-006        0.1955
   999        0.00045385     0.000000E+000     0.735861E-006        0.1959
  1000        0.00045385     0.000000E+000     0.726582E-006        0.1964
  1001        0.00045385     0.000000E+000     0.717429E-006        0.1968
  1002        0.00045385     0.000000E+000     0.708399E-006        0.1973
  1003        0.00045385     0.000000E+000     0.699490E-006        0.1977
  1004        0.00045385     0.000000E+000     0.690700E-006        0.1982
  1005        0.00045385     0.000000E+000     0.682026E-006        0.1986
  1006        0.00045385     0.000000E+000     0.673468E-006        0.1991
  1007        0.00045385     0.000000E+000     0.665023E-006        0.1995
  1008        0.00051813     0.000000E+000     0.854638E-006        0.2000
  1009        0.00053774     0.000000E+000     0.906988E-006        0.2005
  1010        0.00054665     0.000000E+000     0.923243E-006        0.2011
  1011        0.00054971     0.000000E+000     0.919488E-006        0.2016
  1012        0.00055595     0.000000E+000     0.926163E-006        0.2022
  1013        0.00055915     0.000000E+000     0.922466E-006        0.2027
  1014        0.00056240     0.000000E+000     0.918830E-006        0.2033
  1015        0.00056905     0.000000E+000     0.926049E-006        0.2038
  1016        0.00057246     0.000000E+000     0.922475E-006        0.2044
  1017        0.00057593     0.000000E+000     0.918965E-006        0.2050
  1018        0.00058304     0.000000E+000     0.926782E-006        0.2055
  1019        0.00058669     0.000000E+000     0.923340E-006        0.2061
  1020        0.00059040     0.000000E+000     0.919966E-006        0.2067
  1021        0.00059418     0.000000E+000     0.916660E-006        0.2073
  1022        0.00060195     0.000000E+000     0.925321E-006        0.2079
  1023        0.00060594     0.000000E+000     0.922094E-006        0.2085
  1024        0.00061000     0.000000E+000     0.918941E-006        0.2091
  1025        0.00061415     0.000000E+000     0.915863E-006        0.2097
  1026        0.00062268     0.000000E+000     0.925494E-006        0.2103
  1027        0.00062707     0.000000E+000     0.922511E-006        0.2110
  1028        0.00063155     0.000000E+000     0.919610E-006        0.2116
  1029        0.00063612     0.000000E+000     0.916794E-006        0.2122
  1030        0.00064080     0.000000E+000     0.914065E-006        0.2129
  1031        0.00064558     0.000000E+000     0.911425E-006        0.2135
  1032        0.00065544     0.000000E+000     0.922705E-006        0.2141
  1033        0.00066052     0.000000E+000     0.920198E-006        0.2148
  1034        0.00066572     0.000000E+000     0.917794E-006        0.2155
  1035        0.00067105     0.000000E+000     0.915494E-006        0.2161
  1036        0.00067650     0.000000E+000     0.913305E-006        0.2168
  1037        0.00068209     0.000000E+000     0.911229E-006        0.2175
  1038        0.00068783     0.000000E+000     0.909273E-006        0.2181
  1039        0.00069371     0.000000E+000     0.907440E-006        0.2188
  1040        0.00070588     0.000000E+000     0.921575E-006        0.2195
  1041        0.00071218     0.000000E+000     0.919969E-006        0.2202
  1042        0.00071865     0.000000E+000     0.918511E-006        0.2209
  1043        0.00072531     0.000000E+000     0.917208E-006        0.2217
  1044        0.00073215     0.000000E+000     0.916069E-006        0.2224
  1045        0.00073919     0.000000E+000     0.915102E-006        0.2231
  1046        0.00074644     0.000000E+000     0.914317E-006        0.2239
  1047        0.00075390     0.000000E+000     0.913724E-006        0.2246
  1048        0.00076159     0.000000E+000     0.913334E-006        0.2254
  1049        0.00076953     0.000000E+000     0.913160E-006        0.2261
  1050        0.00077771     0.000000E+000     0.913214E-006        0.2269
  1051        0.00078617     0.000000E+000     0.913511E-006        0.2277
  1052        0.00079490     0.000000E+000     0.914067E-006        0.2285
  1053        0.00080393     0.000000E+000     0.914898E-006        0.2293
  1054        0.00081328     0.000000E+000     0.916023E-006        0.2301
  1055        0.00082296     0.000000E+000     0.917462E-006        0.2309
  1056        0.00083300     0.000000E+000     0.919236E-006        0.2317
  1057        0.00084341     0.000000E+000     0.921370E-006        0.2325
  1058        0.00084341     0.000000E+000     0.900847E-006        0.2334
  1059        0.00085437     0.000000E+000     0.903667E-006        0.2342
  1060        0.00086576     0.000000E+000     0.906910E-006        0.2351
  1061        0.00087762     0.000000E+000     0.910610E-006        0.2359
  1062        0.00088998     0.000000E+000     0.914804E-006        0.2368
  1063        0.00090288     0.000000E+000     0.919531E-006        0.2377
  1064        0.00090288     0.000000E+000     0.898079E-006        0.2386
  1065        0.00091656     0.000000E+000     0.903749E-006        0.2395
  1066        0.00093088     0.000000E+000     0.910062E-006        0.2404
  1067        0.00094589     0.000000E+000     0.917079E-006        0.2414
  1068        0.00094589     0.000000E+000     0.895071E-006        0.2423
  1069        0.00096192     0.000000E+000     0.903274E-006        0.2432
  1070        0.00097880     0.000000E+000     0.912343E-006        0.2442
  1071        0.00097880     0.000000E+000     0.890037E-006        0.2452
  1072        0.00099693     0.000000E+000     0.900527E-006        0.2462
  1073        0.00101610     0.000000E+000     0.912110E-006        0.2472
  1074        0.00101610     0.000000E+000     0.889350E-006        0.2482
  1075        0.00103683     0.000000E+000     0.902675E-006        0.2492
  1076        0.00103683     0.000000E+000     0.879966E-006        0.2502
  1077        0.00105937     0.000000E+000     0.895267E-006        0.2513
  1078        0.00108345     0.000000E+000     0.912216E-006        0.2523
  1079        0.00108345     0.000000E+000     0.888685E-006        0.2534
  1080        0.00110988     0.000000E+000     0.908188E-006        0.2545
  1081        0.00110988     0.000000E+000     0.884502E-006        0.2556
  1082        0.00113908     0.000000E+000     0.907000E-006        0.2567
  1083        0.00113908     0.000000E+000     0.883047E-006        0.2579
  1084        0.00117163     0.000000E+000     0.909121E-006        0.2590
  1085        0.00117163     0.000000E+000     0.884753E-006        0.2602
  1086        0.00117163     0.000000E+000     0.861187E-006        0.2613
  1087        0.00120942     0.000000E+000     0.892673E-006        0.2625
  1088        0.00120942     0.000000E+000     0.868436E-006        0.2637
  1089        0.00120942     0.000000E+000     0.844998E-006        0.2649
  1090        0.00125422     0.000000E+000     0.883549E-006        0.2661
  1091        0.00125422     0.000000E+000     0.859101E-006        0.2674
  1092        0.00125422     0.000000E+000     0.835442E-006        0.2686
  1093        0.00130875     0.000000E+000     0.883740E-006        0.2699
  1094        0.00130875     0.000000E+000     0.858581E-006        0.2712
  1095        0.00130875     0.000000E+000     0.834228E-006        0.2725
  1096        0.00130875     0.000000E+000     0.810638E-006        0.2738
  1097        0.00138146     0.000000E+000     0.876397E-006        0.2751
  1098        0.00138146     0.000000E+000     0.850384E-006        0.2765
  1099        0.00138146     0.000000E+000     0.825181E-006        0.2779
  1100        0.00138146     0.000000E+000     0.800746E-006        0.2793
  1101        0.00138146     0.000000E+000     0.777042E-006        0.2807
  1102        0.00138146     0.000000E+000     0.754035E-006        0.2820
  1103        0.00150704     0.000000E+000     0.868415E-006        0.2834
  1104        0.00150704     0.000000E+000     0.840363E-006        0.2849
  1105        0.00150704     0.000000E+000     0.813160E-006        0.2864
  1106        0.00150704     0.000000E+000     0.786772E-006        0.2879
  1107        0.00150704     0.000000E+000     0.761172E-006        0.2895
  1108        0.00150704     0.000000E+000     0.736316E-006        0.2910
  1109        0.00150704     0.000000E+000     0.712187E-006        0.2925
  1110        0.00150704     0.000000E+000     0.688755E-006        0.2940
  1111        0.00150704     0.000000E+000     0.665976E-006        0.2955
  1112        0.00150704     0.000000E+000     0.643850E-006        0.2970
  1113        0.00150704     0.000000E+000     0.622353E-006        0.2985
  1114        0.00175439     0.000000E+000     0.810422E-006        0.3000
  1115        0.00185369     0.000000E+000     0.867281E-006        0.3018
  1116        0.00189004     0.000000E+000     0.863230E-006        0.3036
  1117        0.00192861     0.000000E+000     0.859506E-006        0.3055
  1118        0.00196964     0.000000E+000     0.855991E-006        0.3074
  1119        0.00201341     0.000000E+000     0.852764E-006        0.3094
  1120        0.00206024     0.000000E+000     0.849838E-006        0.3114
  1121        0.00211049     0.000000E+000     0.847234E-006        0.3135
  1122        0.00216460     0.000000E+000     0.844977E-006        0.3156
  1123        0.00222311     0.000000E+000     0.843110E-006        0.3177
  1124        0.00228662     0.000000E+000     0.841726E-006        0.3200
  1125        0.00235591     0.000000E+000     0.841022E-006        0.3223
  1126        0.00243191     0.000000E+000     0.841355E-006        0.3246
  1127        0.00251577     0.000000E+000     0.843148E-006        0.3270
  1128        0.00260895     0.000000E+000     0.846725E-006        0.3296
  1129        0.00271330     0.000000E+000     0.852360E-006        0.3322
  1130        0.00271330     0.000000E+000     0.792434E-006        0.3349
  1131        0.00283664     0.000000E+000     0.802131E-006        0.3376
  1132        0.00297847     0.000000E+000     0.815146E-006        0.3404
  1133        0.00314394     0.000000E+000     0.832598E-006        0.3434
  1134        0.00314394     0.000000E+000     0.761823E-006        0.3466
  1135        0.00335354     0.000000E+000     0.788507E-006        0.3497
  1136        0.00335354     0.000000E+000     0.715681E-006        0.3531
  1137        0.00363300     0.000000E+000     0.756949E-006        0.3564
  1138        0.00363300     0.000000E+000     0.680222E-006        0.3600
  1139        0.00403666     0.000000E+000     0.747577E-006        0.3637
  1140        0.00403666     0.000000E+000     0.662855E-006        0.3677
  1141        0.00403666     0.000000E+000     0.587342E-006        0.3717
  1142        0.00484400     0.000000E+000     0.736965E-006        0.3758
  1143        0.00484400     0.000000E+000     0.637068E-006        0.3806
  1144        0.00484400     0.000000E+000     0.550584E-006        0.3855
  1145        0.00484400     0.000000E+000     0.475830E-006        0.3903
  1146        0.00484400     0.000000E+000     0.411293E-006        0.3952
  1147        0.00625000     0.000000E+000     0.576972E-006        0.4000
  1148        0.00721154     0.000000E+000     0.626823E-006        0.4062
  1149        0.00786713     0.000000E+000     0.595989E-006        0.4135
  1150        0.00874126     0.000000E+000     0.575836E-006        0.4213
  1151        0.00999001     0.000000E+000     0.572162E-006        0.4301
  1152        0.01198801     0.000000E+000     0.600435E-006        0.4401
  1153        0.01198801     0.000000E+000     0.430916E-006        0.4520
  1154        0.01198801     0.000000E+000     0.313430E-006        0.4640
  1155        0.01198801     0.000000E+000     0.232978E-006        0.4760
  1156        0.01198801     0.000000E+000     0.179324E-006        0.4880
  1157        0.02000000     0.000000E+000     0.349610E-006        0.5000
  1158        0.02666667     0.000000E+000     0.443286E-006        0.5200
  1159        0.02666667     0.000000E+000     0.503425E-006        0.5467
  1160        0.02666667     0.000000E+000     0.557950E-006        0.5733
  1161        0.02500000     0.000000E+000     0.382211E-006        0.6000
  1162        0.02500000     0.000000E+000     0.236121E-006        0.6250
  1163        0.02500000     0.000000E+000     0.134773E-006        0.6500
  1164        0.02500000     0.000000E+000     0.754797E-007        0.6750
  1165        0.05000000     0.000000E+000     0.123103E-006        0.7000
  1166        0.05000000     0.000000E+000     0.415201E-007        0.7500
  1167        0.10000000     0.000000E+000     0.336842E-007        0.8000
  1168        0.10000000     0.000000E+000     0.434262E-008        0.9000
