#Update-step  Updatetime     Error of A        Error of phi      Time in fs
     1 *      0.02500000     0.000000E+000     0.220198E-003        0.0000
     1        0.02500000     0.000000E+000     0.257894E-003        0.0250
     2        0.02500000     0.000000E+000     0.129769E-003        0.0500
     3        0.02500000     0.000000E+000     0.307267E-004        0.0750
     4        0.05000000     0.000000E+000     0.333010E-004        0.1000
     5        0.05000000     0.000000E+000     0.144628E-004        0.1500
     6        0.10000000     0.000000E+000     0.104692E-003        0.2000
     7                                         0.250226E-002
     7        0.00588235     0.000000E+000     0.123886E-003        0.3000
     8 *      0.00392157     0.000000E+000     0.118654E-003        0.3059
     8        0.00392157     0.000000E+000     0.189604E-003        0.3098
     9 *      0.00239651     0.000000E+000     0.269282E-003        0.3137
     9        0.00239651     0.000000E+000     0.315368E-004        0.3161
    10        0.00582011     0.000000E+000     0.508999E-004        0.3185
    11        0.00945767     0.000000E+000     0.413412E-004        0.3243
    12        0.01655093     0.000000E+000     0.155946E-004        0.3338
    13        0.02482639     0.000000E+000     0.233364E-004        0.3503
    14        0.02482639     0.000000E+000     0.767762E-004        0.3752
    15 *      0.01666667     0.000000E+000     0.700839E-003        0.4000
    15        0.01666667     0.000000E+000     0.228321E-001        0.4167
    16 *      0.00151515     0.000000E+000     0.816303E-004        0.4333
    16        0.00151515     0.000000E+000     0.108077E-004        0.4348
    17        0.00530303     0.000000E+000     0.773241E-004        0.4364
    18        0.00833333     0.000000E+000     0.739597E-004        0.4417
    19        0.01250000     0.000000E+000     0.380704E-004        0.4500
    20 *      0.00937500     0.000000E+000     0.516879E-003        0.4625
    20        0.00937500     0.000000E+000     0.180921E-004        0.4719
    21        0.01875000     0.000000E+000     0.314452E-004        0.4812
    22        0.03333333     0.000000E+000     0.401481E-004        0.5000
    23                                         0.130943E-002
    23        0.00476190     0.000000E+000     0.207639E-003        0.5333
    24        0.00515873     0.000000E+000     0.848334E-005        0.5381
    25        0.01418651     0.000000E+000     0.945381E-005        0.5433
    26        0.02127976     0.000000E+000     0.766638E-005        0.5574
    27 *      0.01063988     0.000000E+000     0.449600E-003        0.5787
    27        0.01063988     0.000000E+000     0.279735E-004        0.5894
    28        0.02500000     0.000000E+000     0.967375E-005        0.6000
    29        0.03750000     0.000000E+000     0.280487E-004        0.6250
    30        0.03750000     0.000000E+000     0.331884E-004        0.6625
    31        0.05000000     0.000000E+000     0.122076E-003        0.7000
    32        0.05000000     0.000000E+000     0.890041E-004        0.7500
    33        0.05000000     0.000000E+000     0.112279E-003        0.8000
    34 *      0.02500000     0.000000E+000     0.120300E-003        0.8500
    34        0.02500000     0.000000E+000     0.678824E-003        0.8750
    35 *      0.00833333     0.000000E+000     0.811915E-003        0.9000
    35        0.00833333     0.000000E+000     0.110232E-003        0.9083
    36 *      0.00595238     0.000000E+000     0.877361E-004        0.9167
    36        0.00595238     0.000000E+000     0.956238E-004        0.9226
    37 *      0.00446429     0.000000E+000     0.148177E-003        0.9286
    37        0.00446429     0.000000E+000     0.660548E-003        0.9330
    38 *      0.00164474     0.000000E+000     0.650005E-003        0.9375
    38        0.00164474     0.000000E+000     0.718142E-003        0.9391
    39 *      0.00060419     0.000000E+000     0.848144E-004        0.9408
    39        0.00060419     0.000000E+000     0.105631E-003        0.9414
    40        0.00095085     0.000000E+000     0.250673E-003        0.9420
    41 *      0.00049182     0.000000E+000     0.245363E-003        0.9429
    41        0.00049182     0.000000E+000     0.311468E-003        0.9434
    42        0.00050511     0.000000E+000     0.267585E-003        0.9439
    43        0.00051447     0.000000E+000     0.249701E-003        0.9444
    44        0.00053969     0.000000E+000     0.272326E-003        0.9450
    45        0.00054508     0.000000E+000     0.246219E-003        0.9455
    46        0.00057408     0.000000E+000     0.234055E-003        0.9460
    47        0.00061367     0.000000E+000     0.237929E-003        0.9466
    48        0.00065155     0.000000E+000     0.240539E-003        0.9472
    49        0.00068584     0.000000E+000     0.240150E-003        0.9479
    50        0.00072448     0.000000E+000     0.241749E-003        0.9486
    51        0.00076839     0.000000E+000     0.236956E-003        0.9493
    52        0.00081878     0.000000E+000     0.240019E-003        0.9501
    53        0.00086187     0.000000E+000     0.243766E-003        0.9509
    54        0.00091065     0.000000E+000     0.241678E-003        0.9517
    55        0.00096641     0.000000E+000     0.241200E-003        0.9526
    56        0.00100843     0.000000E+000     0.232645E-003        0.9536
    57        0.00108046     0.000000E+000     0.233180E-003        0.9546
    58        0.00116576     0.000000E+000     0.233432E-003        0.9557
    59        0.00123237     0.000000E+000     0.221832E-003        0.9569
    60        0.00135163     0.000000E+000     0.222940E-003        0.9581
    61        0.00144818     0.000000E+000     0.211540E-003        0.9595
    62        0.00156403     0.000000E+000     0.201571E-003        0.9609
    63        0.00170622     0.000000E+000     0.193062E-003        0.9625
    64        0.00188582     0.000000E+000     0.186895E-003        0.9642
    65        0.00212154     0.000000E+000     0.185404E-003        0.9661
    66        0.00244794     0.000000E+000     0.191525E-003        0.9682
    67        0.00267048     0.000000E+000     0.176487E-003        0.9706
    68        0.00296719     0.000000E+000     0.168575E-003        0.9733
    69        0.00339108     0.000000E+000     0.168715E-003        0.9763
    70        0.00406930     0.000000E+000     0.180994E-003        0.9797
    71        0.00406930     0.000000E+000     0.133404E-003        0.9837
    72        0.00406930     0.000000E+000     0.990080E-004        0.9878
    73        0.00406930     0.000000E+000     0.738481E-004        0.9919
    74        0.00406930     0.000000E+000     0.553409E-004        0.9959
