#    Start: ------ Host: "mendez-famaf" ----------Mon Sep 19 08:33:35 2022

#    Time[fs]   CPU-time[s]     Delta-CPU    Real time        RealT[s]     [h]
#       -0.00           8.0                  Sep 19 08:33:43         0     0.00
         0.00          45.0        36.970    Sep 19 08:33:56        13     0.00
         0.00         145.8       100.820    Sep 19 08:34:38        55     0.02
         0.00         235.7        89.950    Sep 19 08:35:13        90     0.03
         0.00         322.1        86.390    Sep 19 08:35:46       123     0.03
         0.00         406.6        84.500    Sep 19 08:36:19       156     0.04
         0.01         489.6        82.920    Sep 19 08:36:51       188     0.05
         0.01         570.9        81.310    Sep 19 08:37:23       220     0.06
         0.01         649.9        79.020    Sep 19 08:37:53       250     0.07
         0.01         726.6        76.730    Sep 19 08:38:23       280     0.08
         0.01         800.9        74.280    Sep 19 08:38:52       309     0.09
         0.01         871.7        70.840    Sep 19 08:39:20       337     0.09
         0.01         938.9        67.160    Sep 19 08:39:46       363     0.10
         0.01        1003.2        64.310    Sep 19 08:40:11       388     0.11
         0.01        1066.6        63.420    Sep 19 08:40:36       413     0.11
         0.01        1129.8        63.130    Sep 19 08:41:00       437     0.12
         0.01        1189.1        59.370    Sep 19 08:41:23       460     0.13
         0.02        1244.5        55.370    Sep 19 08:41:44       481     0.13
         0.02        1297.1        52.600    Sep 19 08:42:04       501     0.14
         0.02        1347.6        50.520    Sep 19 08:42:25       522     0.14
         0.02        1397.0        49.350    Sep 19 08:42:44       541     0.15
         0.02        1444.7        47.770    Sep 19 08:43:02       559     0.16
         0.02        1490.8        46.030    Sep 19 08:43:20       577     0.16
         0.02        1535.3        44.570    Sep 19 08:43:38       595     0.17
         0.02        1579.2        43.920    Sep 19 08:43:55       612     0.17
         0.02        1620.7        41.490    Sep 19 08:44:11       628     0.17
         0.02        1660.8        40.020    Sep 19 08:44:27       644     0.18
         0.03        1699.3        38.580    Sep 19 08:44:42       659     0.18
         0.03        1737.0        37.670    Sep 19 08:44:56       673     0.19
         0.03        1774.0        36.990    Sep 19 08:45:11       688     0.19
         0.03        1809.2        35.210    Sep 19 08:45:25       702     0.20
         0.03        1843.0        33.780    Sep 19 08:45:38       715     0.20
         0.03        1875.1        32.090    Sep 19 08:45:50       727     0.20
         0.03        1906.4        31.310    Sep 19 08:46:02       739     0.21
         0.03        1937.9        31.490    Sep 19 08:46:15       752     0.21
         0.03        1968.4        30.550    Sep 19 08:46:27       764     0.21
         0.03        1998.2        29.730    Sep 19 08:46:38       775     0.22
         0.04        2027.2        29.030    Sep 19 08:46:50       787     0.22
         0.04        2055.9        28.720    Sep 19 08:47:01       798     0.22
         0.04        2084.3        28.350    Sep 19 08:47:12       809     0.22
         0.04        2112.7        28.400    Sep 19 08:47:24       821     0.23
         0.04        2140.2        27.580    Sep 19 08:47:34       831     0.23
         0.04        2167.1        26.820    Sep 19 08:47:45       842     0.23
         0.04        2193.0        25.970    Sep 19 08:47:55       852     0.24
         0.04        2218.5        25.460    Sep 19 08:48:05       862     0.24
         0.04        2243.3        24.850    Sep 19 08:48:15       872     0.24
         0.05        2267.4        24.040    Sep 19 08:48:25       882     0.24
         0.05        2290.7        23.280    Sep 19 08:48:34       891     0.25
         0.05        2314.0        23.300    Sep 19 08:48:43       900     0.25
         0.05        2336.5        22.540    Sep 19 08:48:52       909     0.25
         0.05        2359.1        22.630    Sep 19 08:49:01       918     0.26
         0.05        2381.0        21.840    Sep 19 08:49:10       927     0.26
         0.05        2402.8        21.820    Sep 19 08:49:18       935     0.26
         0.05        2423.9        21.100    Sep 19 08:49:26       943     0.26
         0.05        2445.0        21.100    Sep 19 08:49:35       952     0.26
         0.05        2466.1        21.100    Sep 19 08:49:43       960     0.27
         0.05        2486.5        20.380    Sep 19 08:49:51       968     0.27
         0.06        2506.8        20.380    Sep 19 08:49:59       976     0.27
         0.06        2527.2        20.390    Sep 19 08:50:07       984     0.27
         0.06        2546.9        19.670    Sep 19 08:50:15       992     0.28
         0.06        2566.6        19.660    Sep 19 08:50:23      1000     0.28
         0.06        2586.2        19.650    Sep 19 08:50:31      1008     0.28
         0.06        2605.2        18.930    Sep 19 08:50:38      1015     0.28
         0.06        2624.2        19.070    Sep 19 08:50:45      1022     0.28
         0.06        2643.1        18.930    Sep 19 08:50:53      1030     0.29
         0.06        2661.4        18.210    Sep 19 08:51:00      1037     0.29
         0.06        2679.6        18.190    Sep 19 08:51:07      1044     0.29
         0.07        2697.8        18.210    Sep 19 08:51:15      1052     0.29
         0.07        2716.0        18.200    Sep 19 08:51:22      1059     0.29
         0.07        2733.4        17.460    Sep 19 08:51:29      1066     0.30
         0.07        2750.9        17.450    Sep 19 08:51:36      1073     0.30
         0.07        2768.3        17.410    Sep 19 08:51:42      1079     0.30
         0.07        2785.3        17.050    Sep 19 08:51:49      1086     0.30
         0.07        2801.7        16.320    Sep 19 08:51:56      1093     0.30
         0.07        2818.0        16.340    Sep 19 08:52:02      1099     0.31
         0.07        2834.5        16.530    Sep 19 08:52:09      1106     0.31
         0.07        2850.8        16.330    Sep 19 08:52:15      1112     0.31
         0.08        2866.5        15.660    Sep 19 08:52:22      1119     0.31
         0.08        2882.1        15.610    Sep 19 08:52:28      1125     0.31
         0.08        2897.7        15.610    Sep 19 08:52:34      1131     0.31
         0.08        2913.3        15.600    Sep 19 08:52:40      1137     0.32
         0.08        2928.2        14.900    Sep 19 08:52:46      1143     0.32
         0.08        2943.2        14.920    Sep 19 08:52:52      1149     0.32
         0.08        2958.1        14.910    Sep 19 08:52:58      1155     0.32
         0.08        2973.0        14.910    Sep 19 08:53:03      1160     0.32
         0.08        2987.4        14.390    Sep 19 08:53:09      1166     0.32
         0.08        3001.6        14.220    Sep 19 08:53:15      1172     0.33
         0.09        3015.8        14.200    Sep 19 08:53:21      1178     0.33
         0.09        3030.0        14.200    Sep 19 08:53:27      1184     0.33
         0.09        3044.2        14.200    Sep 19 08:53:32      1189     0.33
         0.09        3057.7        13.490    Sep 19 08:53:38      1195     0.33
         0.09        3071.2        13.480    Sep 19 08:53:43      1200     0.33
         0.09        3084.6        13.490    Sep 19 08:53:48      1205     0.33
         0.09        3098.1        13.490    Sep 19 08:53:53      1210     0.34
         0.09        3111.6        13.490    Sep 19 08:53:59      1216     0.34
         0.09        3124.4        12.790    Sep 19 08:54:04      1221     0.34
         0.09        3137.3        12.850    Sep 19 08:54:09      1226     0.34
         0.10        3150.1        12.810    Sep 19 08:54:15      1232     0.34
         0.10        3162.8        12.780    Sep 19 08:54:20      1237     0.34
         0.10        3175.6        12.790    Sep 19 08:54:25      1242     0.34
         0.10        3188.4        12.780    Sep 19 08:54:30      1247     0.35
         0.10        3200.5        12.060    Sep 19 08:54:35      1252     0.35
         0.10        3212.6        12.070    Sep 19 08:54:39      1256     0.35
         0.10        3224.6        12.070    Sep 19 08:54:44      1261     0.35
         0.10        3236.7        12.080    Sep 19 08:54:49      1266     0.35
         0.10        3248.8        12.070    Sep 19 08:54:54      1271     0.35
         0.10        3260.8        12.070    Sep 19 08:54:59      1276     0.35
         0.11        3272.9        12.070    Sep 19 08:55:03      1280     0.36
         0.11        3284.3        11.370    Sep 19 08:55:08      1285     0.36
         0.11        3295.6        11.370    Sep 19 08:55:13      1290     0.36
         0.11        3307.0        11.360    Sep 19 08:55:17      1294     0.36
         0.11        3318.4        11.360    Sep 19 08:55:22      1299     0.36
         0.11        3329.7        11.360    Sep 19 08:55:26      1303     0.36
         0.11        3341.1        11.360    Sep 19 08:55:31      1308     0.36
         0.11        3352.5        11.370    Sep 19 08:55:35      1312     0.36
         0.11        3363.8        11.370    Sep 19 08:55:40      1317     0.37
         0.11        3374.5        10.630    Sep 19 08:55:44      1321     0.37
         0.12        3385.1        10.650    Sep 19 08:55:48      1325     0.37
         0.12        3395.8        10.650    Sep 19 08:55:52      1329     0.37
         0.12        3406.4        10.650    Sep 19 08:55:56      1333     0.37
         0.12        3417.1        10.650    Sep 19 08:56:01      1338     0.37
         0.12        3427.7        10.650    Sep 19 08:56:05      1342     0.37
         0.12        3438.3        10.630    Sep 19 08:56:09      1346     0.37
         0.12        3449.0        10.660    Sep 19 08:56:14      1351     0.38
         0.12        3459.6        10.640    Sep 19 08:56:18      1355     0.38
         0.12        3469.6         9.950    Sep 19 08:56:22      1359     0.38
         0.12        3479.5         9.940    Sep 19 08:56:26      1363     0.38
         0.13        3489.5         9.950    Sep 19 08:56:30      1367     0.38
         0.13        3499.4         9.950    Sep 19 08:56:34      1371     0.38
         0.13        3509.4         9.950    Sep 19 08:56:38      1375     0.38
         0.13        3519.3         9.940    Sep 19 08:56:42      1379     0.38
         0.13        3529.2         9.930    Sep 19 08:56:46      1383     0.38
         0.13        3539.2         9.950    Sep 19 08:56:50      1387     0.39
         0.13        3549.1         9.940    Sep 19 08:56:53      1390     0.39
         0.13        3559.1         9.950    Sep 19 08:56:57      1394     0.39
         0.13        3569.0         9.950    Sep 19 08:57:01      1398     0.39
         0.13        3578.3         9.240    Sep 19 08:57:05      1402     0.39
         0.14        3587.5         9.200    Sep 19 08:57:09      1406     0.39
         0.14        3596.7         9.260    Sep 19 08:57:13      1410     0.39
         0.14        3606.0         9.230    Sep 19 08:57:16      1413     0.39
         0.14        3615.2         9.230    Sep 19 08:57:20      1417     0.39
         0.14        3624.4         9.230    Sep 19 08:57:24      1421     0.39
         0.14        3633.7         9.230    Sep 19 08:57:28      1425     0.40
         0.14        3642.9         9.230    Sep 19 08:57:31      1428     0.40
         0.14        3652.1         9.240    Sep 19 08:57:35      1432     0.40
         0.14        3661.4         9.230    Sep 19 08:57:38      1435     0.40
         0.14        3670.6         9.240    Sep 19 08:57:42      1439     0.40
         0.15        3679.8         9.230    Sep 19 08:57:46      1443     0.40
         0.15        3688.4         8.530    Sep 19 08:57:49      1446     0.40
         0.15        3697.1         8.700    Sep 19 08:57:52      1449     0.40
         0.15        3705.6         8.530    Sep 19 08:57:56      1453     0.40
         0.15        3714.1         8.530    Sep 19 08:57:59      1456     0.40
         0.15        3722.6         8.520    Sep 19 08:58:03      1460     0.41
         0.15        3731.2         8.520    Sep 19 08:58:06      1463     0.41
         0.15        3739.7         8.570    Sep 19 08:58:10      1467     0.41
         0.15        3748.3         8.530    Sep 19 08:58:13      1470     0.41
         0.15        3756.8         8.510    Sep 19 08:58:17      1474     0.41
         0.16        3765.3         8.540    Sep 19 08:58:20      1477     0.41
         0.16        3773.8         8.530    Sep 19 08:58:23      1480     0.41
         0.16        3782.4         8.550    Sep 19 08:58:27      1484     0.41
         0.16        3790.9         8.530    Sep 19 08:58:30      1487     0.41
         0.16        3799.4         8.520    Sep 19 08:58:33      1490     0.41
         0.16        3807.9         8.510    Sep 19 08:58:37      1494     0.41
         0.16        3815.8         7.810    Sep 19 08:58:40      1497     0.42
         0.16        3823.6         7.810    Sep 19 08:58:43      1500     0.42
         0.16        3831.4         7.810    Sep 19 08:58:46      1503     0.42
         0.16        3839.2         7.820    Sep 19 08:58:49      1506     0.42
         0.17        3847.0         7.810    Sep 19 08:58:52      1509     0.42
         0.17        3854.8         7.830    Sep 19 08:58:55      1512     0.42
         0.17        3862.7         7.810    Sep 19 08:58:58      1515     0.42
         0.17        3870.5         7.830    Sep 19 08:59:02      1519     0.42
         0.17        3878.3         7.810    Sep 19 08:59:05      1522     0.42
         0.17        3886.1         7.800    Sep 19 08:59:08      1525     0.42
         0.17        3893.9         7.830    Sep 19 08:59:11      1528     0.42
         0.17        3901.8         7.840    Sep 19 08:59:14      1531     0.43
         0.17        3909.6         7.810    Sep 19 08:59:17      1534     0.43
         0.17        3917.4         7.810    Sep 19 08:59:21      1538     0.43
         0.18        3925.2         7.800    Sep 19 08:59:24      1541     0.43
         0.18        3933.0         7.820    Sep 19 08:59:27      1544     0.43
         0.18        3940.8         7.820    Sep 19 08:59:30      1547     0.43
         0.18        3947.9         7.110    Sep 19 08:59:33      1550     0.43
         0.18        3955.0         7.100    Sep 19 08:59:35      1552     0.43
         0.18        3962.2         7.120    Sep 19 08:59:38      1555     0.43
         0.18        3969.2         7.100    Sep 19 08:59:41      1558     0.43
         0.18        3976.4         7.110    Sep 19 08:59:44      1561     0.43
         0.18        3983.5         7.100    Sep 19 08:59:47      1564     0.43
         0.18        3990.6         7.110    Sep 19 08:59:49      1566     0.43
         0.19        3997.7         7.110    Sep 19 08:59:52      1569     0.44
         0.19        4004.8         7.130    Sep 19 08:59:55      1572     0.44
         0.19        4011.9         7.090    Sep 19 08:59:58      1575     0.44
         0.19        4019.0         7.110    Sep 19 09:00:01      1578     0.44
         0.19        4026.1         7.090    Sep 19 09:00:03      1580     0.44
         0.19        4033.2         7.110    Sep 19 09:00:06      1583     0.44
         0.19        4040.4         7.170    Sep 19 09:00:09      1586     0.44
         0.19        4047.5         7.100    Sep 19 09:00:12      1589     0.44
         0.19        4054.6         7.100    Sep 19 09:00:15      1592     0.44
         0.19        4061.7         7.100    Sep 19 09:00:18      1595     0.44
         0.20        4068.8         7.110    Sep 19 09:00:21      1598     0.44
         0.20        4075.9         7.100    Sep 19 09:00:24      1601     0.44
         0.20        4082.3         6.400    Sep 19 09:00:26      1603     0.45
         0.20        4088.7         6.390    Sep 19 09:00:29      1606     0.45
         0.20        4095.1         6.400    Sep 19 09:00:31      1608     0.45
         0.20        4101.5         6.390    Sep 19 09:00:34      1611     0.45
         0.20        4107.9         6.390    Sep 19 09:00:36      1613     0.45
         0.20        4114.3         6.410    Sep 19 09:00:39      1616     0.45
         0.20        4120.6         6.380    Sep 19 09:00:41      1618     0.45
         0.20        4127.1         6.400    Sep 19 09:00:44      1621     0.45
         0.21        4133.4         6.380    Sep 19 09:00:46      1623     0.45
         0.21        4139.8         6.410    Sep 19 09:00:49      1626     0.45
         0.21        4146.2         6.400    Sep 19 09:00:51      1628     0.45
         0.21        4152.6         6.400    Sep 19 09:00:54      1631     0.45
         0.21        4159.0         6.390    Sep 19 09:00:56      1633     0.45
         0.21        4165.4         6.390    Sep 19 09:00:59      1636     0.45
         0.21        4171.8         6.410    Sep 19 09:01:01      1638     0.46
         0.21        4178.3         6.430    Sep 19 09:01:04      1641     0.46
         0.21        4184.7         6.410    Sep 19 09:01:07      1644     0.46
         0.21        4191.0         6.370    Sep 19 09:01:09      1646     0.46
         0.22        4197.4         6.400    Sep 19 09:01:12      1649     0.46
         0.22        4203.8         6.390    Sep 19 09:01:15      1652     0.46
         0.22        4210.2         6.390    Sep 19 09:01:17      1654     0.46
         0.22        4216.6         6.410    Sep 19 09:01:20      1657     0.46
         0.22        4223.0         6.390    Sep 19 09:01:22      1659     0.46
         0.22        4229.4         6.390    Sep 19 09:01:25      1662     0.46
         0.22        4235.1         5.680    Sep 19 09:01:27      1664     0.46
         0.22        4240.8         5.680    Sep 19 09:01:29      1666     0.46
         0.22        4246.5         5.690    Sep 19 09:01:31      1668     0.46
         0.22        4252.2         5.690    Sep 19 09:01:34      1671     0.46
         0.23        4257.8         5.690    Sep 19 09:01:36      1673     0.46
         0.23        4263.5         5.680    Sep 19 09:01:38      1675     0.47
         0.23        4269.2         5.700    Sep 19 09:01:40      1677     0.47
         0.23        4274.9         5.680    Sep 19 09:01:43      1680     0.47
         0.23        4280.6         5.680    Sep 19 09:01:45      1682     0.47
         0.23        4286.3         5.690    Sep 19 09:01:47      1684     0.47
         0.23        4292.0         5.690    Sep 19 09:01:49      1686     0.47
         0.23        4297.6         5.680    Sep 19 09:01:52      1689     0.47
         0.23        4303.3         5.680    Sep 19 09:01:54      1691     0.47
         0.23        4309.0         5.680    Sep 19 09:01:56      1693     0.47
         0.24        4314.7         5.690    Sep 19 09:01:58      1695     0.47
         0.24        4320.4         5.690    Sep 19 09:02:01      1698     0.47
         0.24        4326.1         5.680    Sep 19 09:02:03      1700     0.47
         0.24        4331.7         5.670    Sep 19 09:02:05      1702     0.47
         0.24        4337.4         5.690    Sep 19 09:02:07      1704     0.47
         0.24        4343.1         5.670    Sep 19 09:02:10      1707     0.47
         0.24        4348.8         5.680    Sep 19 09:02:12      1709     0.47
         0.24        4354.5         5.690    Sep 19 09:02:15      1712     0.48
         0.24        4360.2         5.690    Sep 19 09:02:17      1714     0.48
         0.24        4365.8         5.680    Sep 19 09:02:19      1716     0.48
         0.25        4371.5         5.680    Sep 19 09:02:21      1718     0.48
         0.25        4377.2         5.690    Sep 19 09:02:24      1721     0.48
         0.25        4382.9         5.680    Sep 19 09:02:26      1723     0.48
         0.25        4388.6         5.690    Sep 19 09:02:28      1725     0.48
         0.25        4394.3         5.690    Sep 19 09:02:30      1727     0.48
         0.25        4399.9         5.670    Sep 19 09:02:33      1730     0.48
         0.25        4405.6         5.690    Sep 19 09:02:35      1732     0.48
         0.25        4410.6         4.970    Sep 19 09:02:37      1734     0.48
         0.25        4415.6         4.970    Sep 19 09:02:39      1736     0.48
         0.25        4420.5         4.970    Sep 19 09:02:41      1738     0.48
         0.26        4425.5         4.980    Sep 19 09:02:43      1740     0.48
         0.26        4430.5         4.980    Sep 19 09:02:45      1742     0.48
         0.26        4435.5         4.980    Sep 19 09:02:47      1744     0.48
         0.26        4440.4         4.960    Sep 19 09:02:49      1746     0.48
         0.26        4445.4         4.990    Sep 19 09:02:51      1748     0.49
         0.26        4450.4         4.970    Sep 19 09:02:53      1750     0.49
         0.26        4455.4         4.990    Sep 19 09:02:55      1752     0.49
         0.26        4460.4         4.980    Sep 19 09:02:57      1754     0.49
         0.26        4465.3         4.970    Sep 19 09:02:59      1756     0.49
         0.26        4470.3         4.990    Sep 19 09:03:01      1758     0.49
         0.27        4475.3         4.970    Sep 19 09:03:02      1759     0.49
         0.27        4480.3         4.990    Sep 19 09:03:04      1761     0.49
         0.27        4485.3         4.980    Sep 19 09:03:06      1763     0.49
         0.27        4490.3         5.050    Sep 19 09:03:09      1766     0.49
         0.27        4495.3         4.980    Sep 19 09:03:11      1768     0.49
         0.27        4500.3         4.980    Sep 19 09:03:13      1770     0.49
         0.27        4505.2         4.980    Sep 19 09:03:15      1772     0.49
         0.27        4510.2         4.970    Sep 19 09:03:17      1774     0.49
         0.27        4515.2         4.980    Sep 19 09:03:19      1776     0.49
         0.27        4520.2         4.980    Sep 19 09:03:21      1778     0.49
         0.28        4525.2         4.980    Sep 19 09:03:23      1780     0.49
         0.28        4530.1         4.970    Sep 19 09:03:25      1782     0.49
         0.28        4535.1         4.980    Sep 19 09:03:27      1784     0.50
         0.28        4540.1         4.970    Sep 19 09:03:29      1786     0.50
         0.28        4545.7         5.640    Sep 19 09:03:31      1788     0.50
         0.28        4550.7         4.990    Sep 19 09:03:33      1790     0.50
         0.28        4555.7         4.980    Sep 19 09:03:35      1792     0.50
         0.28        4560.6         4.930    Sep 19 09:03:37      1794     0.50
         0.28        4565.5         4.860    Sep 19 09:03:39      1796     0.50
         0.28        4570.3         4.840    Sep 19 09:03:41      1798     0.50
         0.29        4575.2         4.850    Sep 19 09:03:43      1800     0.50
         0.29        4580.0         4.850    Sep 19 09:03:45      1802     0.50
         0.29        4584.9         4.860    Sep 19 09:03:47      1804     0.50
         0.29        4589.7         4.850    Sep 19 09:03:49      1806     0.50
         0.29        4594.6         4.850    Sep 19 09:03:51      1808     0.50
         0.29        4599.4         4.840    Sep 19 09:03:53      1810     0.50
         0.29        4604.3         4.860    Sep 19 09:03:55      1812     0.50
         0.29        4609.1         4.840    Sep 19 09:03:56      1813     0.50
         0.29        4614.0         4.860    Sep 19 09:03:58      1815     0.50
         0.29        4618.8         4.850    Sep 19 09:04:00      1817     0.50
         0.30        4623.7         4.840    Sep 19 09:04:02      1819     0.51
         0.30        4628.5         4.860    Sep 19 09:04:04      1821     0.51
         0.30        4633.4         4.850    Sep 19 09:04:06      1823     0.51
         0.30        4638.2         4.840    Sep 19 09:04:08      1825     0.51
         0.30        4643.1         4.840    Sep 19 09:04:11      1828     0.51
         0.30        4647.9         4.850    Sep 19 09:04:13      1830     0.51
         0.30        4652.8         4.860    Sep 19 09:04:15      1832     0.51
         0.30        4657.6         4.850    Sep 19 09:04:17      1834     0.51
         0.30        4662.5         4.840    Sep 19 09:04:19      1836     0.51
         0.30        4667.4         4.980    Sep 19 09:04:21      1838     0.51
         0.31        4672.4         4.970    Sep 19 09:04:23      1840     0.51
         0.31        4677.4         4.980    Sep 19 09:04:25      1842     0.51
         0.31        4682.4         4.980    Sep 19 09:04:27      1844     0.51
         0.31        4686.6         4.270    Sep 19 09:04:28      1845     0.51
         0.31        4690.9         4.260    Sep 19 09:04:30      1847     0.51
         0.31        4695.2         4.270    Sep 19 09:04:32      1849     0.51
         0.31        4699.4         4.260    Sep 19 09:04:33      1850     0.51
         0.31        4703.7         4.270    Sep 19 09:04:35      1852     0.51
         0.31        4708.0         4.260    Sep 19 09:04:37      1854     0.52
         0.31        4712.2         4.280    Sep 19 09:04:38      1855     0.52
         0.32        4716.5         4.270    Sep 19 09:04:40      1857     0.52
         0.32        4720.8         4.270    Sep 19 09:04:42      1859     0.52
         0.32        4725.1         4.270    Sep 19 09:04:44      1861     0.52
         0.32        4729.3         4.270    Sep 19 09:04:45      1862     0.52
         0.32        4733.6         4.260    Sep 19 09:04:47      1864     0.52
         0.32        4737.9         4.270    Sep 19 09:04:49      1866     0.52
         0.32        4742.1         4.270    Sep 19 09:04:50      1867     0.52
         0.32        4746.4         4.270    Sep 19 09:04:52      1869     0.52
         0.32        4750.6         4.260    Sep 19 09:04:54      1871     0.52
         0.32        4754.9         4.270    Sep 19 09:04:55      1872     0.52
         0.33        4759.2         4.270    Sep 19 09:04:57      1874     0.52
         0.33        4763.4         4.260    Sep 19 09:04:59      1876     0.52
         0.33        4767.7         4.270    Sep 19 09:05:00      1877     0.52
         0.33        4772.0         4.260    Sep 19 09:05:02      1879     0.52
         0.33        4776.3         4.280    Sep 19 09:05:04      1881     0.52
         0.33        4780.5         4.260    Sep 19 09:05:05      1882     0.52
         0.33        4784.8         4.270    Sep 19 09:05:07      1884     0.52
         0.33        4789.1         4.290    Sep 19 09:05:09      1886     0.52
         0.33        4793.3         4.260    Sep 19 09:05:11      1888     0.52
         0.33        4797.6         4.280    Sep 19 09:05:13      1890     0.53
         0.34        4801.9         4.270    Sep 19 09:05:14      1891     0.53
         0.34        4806.2         4.340    Sep 19 09:05:16      1893     0.53
         0.34        4810.5         4.270    Sep 19 09:05:18      1895     0.53
         0.34        4814.8         4.260    Sep 19 09:05:20      1897     0.53
         0.34        4819.0         4.270    Sep 19 09:05:21      1898     0.53
         0.34        4823.3         4.270    Sep 19 09:05:23      1900     0.53
         0.34        4827.6         4.270    Sep 19 09:05:25      1902     0.53
         0.34        4831.8         4.270    Sep 19 09:05:26      1903     0.53
         0.34        4836.1         4.270    Sep 19 09:05:28      1905     0.53
         0.34        4840.4         4.270    Sep 19 09:05:30      1907     0.53
         0.35        4844.6         4.260    Sep 19 09:05:31      1908     0.53
         0.35        4849.0         4.330    Sep 19 09:05:33      1910     0.53
         0.35        4853.2         4.270    Sep 19 09:05:35      1912     0.53
         0.35        4857.5         4.260    Sep 19 09:05:36      1913     0.53
         0.35        4861.8         4.280    Sep 19 09:05:38      1915     0.53
         0.35        4866.0         4.260    Sep 19 09:05:40      1917     0.53
         0.35        4870.3         4.270    Sep 19 09:05:42      1919     0.53
         0.35        4874.6         4.280    Sep 19 09:05:43      1920     0.53
         0.35        4878.9         4.260    Sep 19 09:05:45      1922     0.53
         0.35        4883.2         4.330    Sep 19 09:05:47      1924     0.53
         0.36        4887.5         4.280    Sep 19 09:05:48      1925     0.53
         0.36        4891.7         4.260    Sep 19 09:05:50      1927     0.54
         0.36        4896.0         4.270    Sep 19 09:05:52      1929     0.54
         0.36        4900.2         4.260    Sep 19 09:05:54      1931     0.54
         0.36        4904.5         4.270    Sep 19 09:05:55      1932     0.54
         0.36        4908.8         4.270    Sep 19 09:05:57      1934     0.54
         0.36        4913.1         4.270    Sep 19 09:05:59      1936     0.54
         0.36        4917.3         4.260    Sep 19 09:06:00      1937     0.54
         0.36        4921.6         4.270    Sep 19 09:06:02      1939     0.54
         0.36        4925.9         4.270    Sep 19 09:06:04      1941     0.54
         0.37        4930.1         4.260    Sep 19 09:06:05      1942     0.54
         0.37        4934.4         4.270    Sep 19 09:06:07      1944     0.54
         0.37        4938.7         4.270    Sep 19 09:06:09      1946     0.54
         0.37        4942.9         4.270    Sep 19 09:06:11      1948     0.54
         0.37        4947.2         4.270    Sep 19 09:06:13      1950     0.54
         0.37        4951.5         4.270    Sep 19 09:06:14      1951     0.54
         0.37        4955.7         4.270    Sep 19 09:06:16      1953     0.54
         0.37        4960.0         4.280    Sep 19 09:06:18      1955     0.54
         0.37        4964.3         4.260    Sep 19 09:06:20      1957     0.54
         0.37        4968.5         4.270    Sep 19 09:06:21      1958     0.54
         0.38        4972.8         4.260    Sep 19 09:06:23      1960     0.54
         0.38        4977.8         4.990    Sep 19 09:06:25      1962     0.55
         0.38        4982.8         4.970    Sep 19 09:06:27      1964     0.55
         0.38        4987.8         4.980    Sep 19 09:06:29      1966     0.55
         0.38        4992.7         4.980    Sep 19 09:06:31      1968     0.55
         0.38        4997.7         4.980    Sep 19 09:06:33      1970     0.55
         0.38        5002.7         4.980    Sep 19 09:06:35      1972     0.55
         0.38        5007.7         4.980    Sep 19 09:06:37      1974     0.55
         0.38        5012.6         4.970    Sep 19 09:06:39      1976     0.55
         0.38        5017.6         4.980    Sep 19 09:06:41      1978     0.55
         0.39        5022.6         4.980    Sep 19 09:06:43      1980     0.55
         0.39        5027.6         4.980    Sep 19 09:06:45      1982     0.55
         0.39        5032.6         4.980    Sep 19 09:06:47      1984     0.55
         0.39        5037.5         4.980    Sep 19 09:06:49      1986     0.55
         0.39        5042.5         4.980    Sep 19 09:06:51      1988     0.55
         0.39        5047.5         4.990    Sep 19 09:06:53      1990     0.55
         0.39        5052.5         4.960    Sep 19 09:06:55      1992     0.55
         0.39        5057.4         4.980    Sep 19 09:06:57      1994     0.55
         0.39        5062.4         4.980    Sep 19 09:06:58      1995     0.55
         0.39        5067.4         4.980    Sep 19 09:07:00      1997     0.55
         0.40        5072.4         4.970    Sep 19 09:07:02      1999     0.56
         0.40        5077.3         4.970    Sep 19 09:07:04      2001     0.56
         0.40        5082.3         4.980    Sep 19 09:07:06      2003     0.56
         0.40        5087.4         5.060    Sep 19 09:07:09      2006     0.56
         0.40        5092.4         4.980    Sep 19 09:07:11      2008     0.56
         0.40        5097.4         4.980    Sep 19 09:07:13      2010     0.56
         0.40        5102.3         4.970    Sep 19 09:07:15      2012     0.56
         0.40        5107.3         4.970    Sep 19 09:07:17      2014     0.56
         0.40        5112.3         4.980    Sep 19 09:07:19      2016     0.56
         0.40        5117.2         4.980    Sep 19 09:07:21      2018     0.56
         0.41        5122.2         4.980    Sep 19 09:07:23      2020     0.56
         0.41        5127.3         5.040    Sep 19 09:07:25      2022     0.56
         0.41        5132.2         4.970    Sep 19 09:07:27      2024     0.56
         0.41        5137.2         4.990    Sep 19 09:07:29      2026     0.56
         0.41        5142.2         4.980    Sep 19 09:07:31      2028     0.56
         0.41        5147.2         4.970    Sep 19 09:07:33      2030     0.56
         0.41        5152.2         4.990    Sep 19 09:07:35      2032     0.56
         0.41        5157.1         4.970    Sep 19 09:07:37      2034     0.56
         0.41        5162.1         4.980    Sep 19 09:07:38      2035     0.57
         0.41        5167.8         5.680    Sep 19 09:07:41      2038     0.57
         0.42        5173.5         5.700    Sep 19 09:07:43      2040     0.57
         0.42        5179.2         5.680    Sep 19 09:07:45      2042     0.57
         0.42        5184.9         5.700    Sep 19 09:07:48      2045     0.57
         0.42        5190.6         5.690    Sep 19 09:07:50      2047     0.57
         0.42        5196.2         5.680    Sep 19 09:07:52      2049     0.57
         0.42        5201.9         5.700    Sep 19 09:07:54      2051     0.57
         0.42        5207.6         5.690    Sep 19 09:07:57      2054     0.57
         0.42        5213.3         5.680    Sep 19 09:07:59      2056     0.57
         0.42        5219.0         5.690    Sep 19 09:08:01      2058     0.57
         0.42        5224.7         5.680    Sep 19 09:08:03      2060     0.57
         0.43        5230.4         5.690    Sep 19 09:08:06      2063     0.57
         0.43        5236.1         5.690    Sep 19 09:08:08      2065     0.57
         0.43        5241.8         5.690    Sep 19 09:08:10      2067     0.57
         0.43        5247.4         5.690    Sep 19 09:08:13      2070     0.57
         0.43        5253.1         5.690    Sep 19 09:08:15      2072     0.58
         0.43        5258.8         5.690    Sep 19 09:08:17      2074     0.58
         0.43        5264.5         5.680    Sep 19 09:08:19      2076     0.58
         0.43        5270.2         5.700    Sep 19 09:08:22      2079     0.58
         0.43        5275.9         5.690    Sep 19 09:08:24      2081     0.58
         0.44        5281.6         5.690    Sep 19 09:08:26      2083     0.58
         0.44        5287.3         5.680    Sep 19 09:08:28      2085     0.58
         0.44        5293.0         5.690    Sep 19 09:08:31      2088     0.58
         0.44        5299.4         6.390    Sep 19 09:08:33      2090     0.58
         0.44        5305.8         6.400    Sep 19 09:08:36      2093     0.58
         0.44        5312.1         6.400    Sep 19 09:08:38      2095     0.58
         0.44        5318.5         6.390    Sep 19 09:08:41      2098     0.58
         0.44        5324.9         6.400    Sep 19 09:08:43      2100     0.58
         0.44        5331.3         6.390    Sep 19 09:08:46      2103     0.58
         0.44        5337.7         6.410    Sep 19 09:08:48      2105     0.58
         0.45        5344.1         6.400    Sep 19 09:08:51      2108     0.59
         0.45        5350.6         6.410    Sep 19 09:08:53      2110     0.59
         0.45        5356.9         6.390    Sep 19 09:08:56      2113     0.59
         0.45        5363.5         6.540    Sep 19 09:08:59      2116     0.59
         0.45        5370.0         6.560    Sep 19 09:09:01      2118     0.59
         0.45        5376.6         6.560    Sep 19 09:09:04      2121     0.59
         0.45        5383.2         6.560    Sep 19 09:09:06      2123     0.59
         0.45        5389.8         6.640    Sep 19 09:09:09      2126     0.59
         0.45        5396.4         6.550    Sep 19 09:09:12      2129     0.59
         0.45        5402.9         6.560    Sep 19 09:09:15      2132     0.59
         0.46        5409.5         6.560    Sep 19 09:09:17      2134     0.59
         0.46        5416.8         7.280    Sep 19 09:09:20      2137     0.59
         0.46        5424.0         7.270    Sep 19 09:09:23      2140     0.59
         0.46        5431.3         7.300    Sep 19 09:09:26      2143     0.60
         0.46        5438.6         7.300    Sep 19 09:09:29      2146     0.60
         0.46        5445.9         7.270    Sep 19 09:09:32      2149     0.60
         0.46        5453.2         7.300    Sep 19 09:09:35      2152     0.60
         0.46        5460.5         7.280    Sep 19 09:09:38      2155     0.60
         0.46        5467.8         7.280    Sep 19 09:09:40      2157     0.60
         0.46        5475.0         7.280    Sep 19 09:09:43      2160     0.60
         0.47        5482.3         7.290    Sep 19 09:09:46      2163     0.60
         0.47        5489.6         7.280    Sep 19 09:09:49      2166     0.60
         0.47        5496.9         7.290    Sep 19 09:09:52      2169     0.60
         0.47        5504.2         7.300    Sep 19 09:09:55      2172     0.60
         0.47        5512.2         8.020    Sep 19 09:09:58      2175     0.60
         0.47        5520.2         8.010    Sep 19 09:10:01      2178     0.60
         0.47        5528.2         8.000    Sep 19 09:10:05      2182     0.61
         0.47        5536.2         8.030    Sep 19 09:10:08      2185     0.61
         0.47        5544.3         8.020    Sep 19 09:10:11      2188     0.61
         0.47        5552.3         8.020    Sep 19 09:10:15      2192     0.61
         0.48        5560.3         8.010    Sep 19 09:10:18      2195     0.61
         0.48        5568.3         8.020    Sep 19 09:10:21      2198     0.61
         0.48        5576.3         8.020    Sep 19 09:10:24      2201     0.61
         0.48        5584.4         8.010    Sep 19 09:10:28      2205     0.61
         0.48        5592.5         8.120    Sep 19 09:10:31      2208     0.61
         0.48        5601.2         8.750    Sep 19 09:10:34      2211     0.61
         0.48        5610.0         8.740    Sep 19 09:10:38      2215     0.62
         0.48        5618.7         8.740    Sep 19 09:10:41      2218     0.62
         0.48        5627.4         8.730    Sep 19 09:10:45      2222     0.62
         0.48        5636.2         8.750    Sep 19 09:10:48      2225     0.62
         0.48        5644.9         8.730    Sep 19 09:10:52      2229     0.62
         0.49        5653.6         8.740    Sep 19 09:10:55      2232     0.62
         0.49        5662.4         8.740    Sep 19 09:10:59      2236     0.62
         0.49        5671.1         8.730    Sep 19 09:11:02      2239     0.62
         0.49        5680.6         9.480    Sep 19 09:11:06      2243     0.62
         0.49        5690.1         9.450    Sep 19 09:11:10      2247     0.62
         0.49        5699.5         9.470    Sep 19 09:11:14      2251     0.63
         0.49        5709.0         9.490    Sep 19 09:11:18      2255     0.63
         0.49        5718.5         9.460    Sep 19 09:11:21      2258     0.63
         0.49        5727.9         9.460    Sep 19 09:11:25      2262     0.63
         0.49        5737.4         9.480    Sep 19 09:11:29      2266     0.63
         0.50        5746.9         9.460    Sep 19 09:11:32      2269     0.63
         0.50        5757.1        10.210    Sep 19 09:11:36      2273     0.63
         0.50        5767.3        10.190    Sep 19 09:11:40      2277     0.63
         0.50        5777.5        10.190    Sep 19 09:11:44      2281     0.63
         0.50        5787.6        10.190    Sep 19 09:11:48      2285     0.63
         0.50        5797.8        10.200    Sep 19 09:11:52      2289     0.64
         0.50        5808.0        10.200    Sep 19 09:11:56      2293     0.64
         0.50        5819.0        10.910    Sep 19 09:12:01      2298     0.64
         0.50        5829.9        10.920    Sep 19 09:12:05      2302     0.64
         0.50        5840.8        10.940    Sep 19 09:12:10      2307     0.64
         0.51        5851.8        10.940    Sep 19 09:12:14      2311     0.64
         0.51        5862.7        10.930    Sep 19 09:12:18      2315     0.64
         0.51        5873.8        11.070    Sep 19 09:12:23      2320     0.64
         0.51        5885.4        11.660    Sep 19 09:12:28      2325     0.65
         0.51        5897.1        11.710    Sep 19 09:12:32      2329     0.65
         0.51        5908.8        11.650    Sep 19 09:12:37      2334     0.65
         0.51        5920.4        11.640    Sep 19 09:12:41      2338     0.65
         0.51        5932.8        12.380    Sep 19 09:12:46      2343     0.65
         0.51        5945.2        12.390    Sep 19 09:12:51      2348     0.65
         0.51        5957.6        12.370    Sep 19 09:12:56      2353     0.65
         0.52        5969.9        12.380    Sep 19 09:13:01      2358     0.66
         0.52        5983.1        13.120    Sep 19 09:13:06      2363     0.66
         0.52        5996.2        13.120    Sep 19 09:13:12      2369     0.66
         0.52        6009.3        13.110    Sep 19 09:13:17      2374     0.66
         0.52        6022.4        13.090    Sep 19 09:13:22      2379     0.66
         0.52        6036.2        13.850    Sep 19 09:13:28      2385     0.66
         0.52        6050.1        13.830    Sep 19 09:13:33      2390     0.66
         0.52        6063.9        13.840    Sep 19 09:13:38      2395     0.67
         0.52        6078.5        14.570    Sep 19 09:13:44      2401     0.67
         0.52        6093.6        15.180    Sep 19 09:13:50      2407     0.67
         0.53        6108.2        14.560    Sep 19 09:13:56      2413     0.67
         0.53        6123.5        15.290    Sep 19 09:14:02      2419     0.67
         0.53        6138.8        15.320    Sep 19 09:14:08      2425     0.67
         0.53        6155.0        16.200    Sep 19 09:14:15      2432     0.68
         0.53        6171.0        16.020    Sep 19 09:14:21      2438     0.68
         0.53        6187.8        16.740    Sep 19 09:14:28      2445     0.68
         0.53        6204.5        16.740    Sep 19 09:14:34      2451     0.68
         0.53        6222.0        17.510    Sep 19 09:14:41      2458     0.68
         0.53        6239.5        17.480    Sep 19 09:14:48      2465     0.68
         0.53        6257.7        18.220    Sep 19 09:14:55      2472     0.69
         0.54        6276.4        18.680    Sep 19 09:15:02      2479     0.69
         0.54        6295.9        19.480    Sep 19 09:15:10      2487     0.69
         0.54        6316.0        20.130    Sep 19 09:15:18      2495     0.69
         0.54        6336.9        20.890    Sep 19 09:15:27      2504     0.70
         0.54        6357.8        20.880    Sep 19 09:15:35      2512     0.70
         0.54        6379.4        21.610    Sep 19 09:15:43      2520     0.70
         0.54        6401.8        22.390    Sep 19 09:15:52      2529     0.70
         0.54        6424.9        23.130    Sep 19 09:16:01      2538     0.70
         0.54        6448.8        23.920    Sep 19 09:16:11      2548     0.71
         0.54        6474.2        25.350    Sep 19 09:16:21      2558     0.71
         0.55        6500.3        26.100    Sep 19 09:16:31      2568     0.71
         0.55        6527.1        26.860    Sep 19 09:16:41      2578     0.72
         0.55        6555.5        28.340    Sep 19 09:16:52      2589     0.72
         0.55        6585.3        29.850    Sep 19 09:17:04      2601     0.72
         0.55        6616.7        31.340    Sep 19 09:17:17      2614     0.73
         0.55        6649.5        32.810    Sep 19 09:17:30      2627     0.73
         0.55        6683.8        34.310    Sep 19 09:17:43      2640     0.73
         0.55        6720.4        36.560    Sep 19 09:17:57      2654     0.74
         0.55        6759.2        38.810    Sep 19 09:18:13      2670     0.74
         0.55        6800.2        41.010    Sep 19 09:18:29      2686     0.75
         0.56        6844.2        44.000    Sep 19 09:18:46      2703     0.75
         0.56        6892.1        47.930    Sep 19 09:19:05      2722     0.76
         0.56        6944.9        52.780    Sep 19 09:19:26      2743     0.76
         0.56        7003.0        58.140    Sep 19 09:19:49      2766     0.77
         0.56        7066.4        63.400    Sep 19 09:20:14      2791     0.78
         0.56        7137.5        71.040    Sep 19 09:20:42      2819     0.78
         0.56        7217.0        79.490    Sep 19 09:21:13      2850     0.79
         0.56        7307.3        90.300    Sep 19 09:21:49      2886     0.80
         0.56        7410.4       103.190    Sep 19 09:22:30      2927     0.81
         0.56        7530.4       119.990    Sep 19 09:23:17      2974     0.83
         0.57        7670.2       139.760    Sep 19 09:24:12      3029     0.84
         0.57        7832.2       162.030    Sep 19 09:25:15      3092     0.86
         0.57        8016.3       184.050    Sep 19 09:26:27      3164     0.88
         0.57        8219.3       203.000    Sep 19 09:27:47      3244     0.90
         0.57        8437.2       217.910    Sep 19 09:29:13      3330     0.93
         0.57        8665.6       228.400    Sep 19 09:30:42      3419     0.95
         0.57        8903.2       237.660    Sep 19 09:32:16      3513     0.98
         0.57        9139.8       236.520    Sep 19 09:33:48      3605     1.00
         0.57        9374.7       234.950    Sep 19 09:35:21      3698     1.03
         0.57        9606.8       232.090    Sep 19 09:36:52      3789     1.05
         0.58        9834.4       227.580    Sep 19 09:38:22      3879     1.08
         0.58       10055.9       221.530    Sep 19 09:39:49      3966     1.10
         0.58       10270.7       214.810    Sep 19 09:41:17      4054     1.13
         0.58       10477.4       206.710    Sep 19 09:42:39      4136     1.15
         0.58       10676.9       199.490    Sep 19 09:43:57      4214     1.17
         0.58       10869.3       192.410    Sep 19 09:45:13      4290     1.19
         0.58       11051.5       182.150    Sep 19 09:46:26      4363     1.21
         0.58       11226.8       175.310    Sep 19 09:47:35      4432     1.23
         0.58       11395.7       168.880    Sep 19 09:48:42      4499     1.25
         0.58       11558.9       163.250    Sep 19 09:49:47      4564     1.27
         0.59       11718.4       159.510    Sep 19 09:50:51      4628     1.29
         0.59       11872.1       153.630    Sep 19 09:51:52      4689     1.30
         0.59       12022.0       149.920    Sep 19 09:52:51      4748     1.32
         0.59       12168.5       146.500    Sep 19 09:53:49      4806     1.33
         0.59       12311.1       142.620    Sep 19 09:54:46      4863     1.35
         0.59       12450.8       139.740    Sep 19 09:55:41      4918     1.37
         0.59       12587.7       136.850    Sep 19 09:56:35      4972     1.38
         0.59       12721.7       133.960    Sep 19 09:57:28      5025     1.40
         0.59       12852.7       131.050    Sep 19 09:58:20      5077     1.41
         0.59       12980.8       128.090    Sep 19 09:59:11      5128     1.42
         0.60       13106.7       125.900    Sep 19 10:00:01      5178     1.44
         0.60       13230.7       123.990    Sep 19 10:00:51      5228     1.45
         0.60       13352.4       121.720    Sep 19 10:01:39      5276     1.47
         0.60       13471.2       118.810    Sep 19 10:02:27      5324     1.48
         0.60       13587.7       116.510    Sep 19 10:03:13      5370     1.49
         0.60       13702.0       114.290    Sep 19 10:03:59      5416     1.50
         0.60       13814.1       112.080    Sep 19 10:04:43      5460     1.52
         0.60       13924.8       110.650    Sep 19 10:05:27      5504     1.53
         0.60       14033.3       108.530    Sep 19 10:06:11      5548     1.54
         0.61       14139.6       106.320    Sep 19 10:06:53      5590     1.55
         0.61       14243.8       104.240    Sep 19 10:07:34      5631     1.56
         0.61       14346.5       102.630    Sep 19 10:08:15      5672     1.58
         0.61       14446.9       100.470    Sep 19 10:08:55      5712     1.59
         0.61       14545.3        98.320    Sep 19 10:09:34      5751     1.60
         0.61       14642.1        96.840    Sep 19 10:10:13      5790     1.61
         0.61       14736.8        94.670    Sep 19 10:10:51      5828     1.62
         0.61       14830.1        93.290    Sep 19 10:11:28      5865     1.63
         0.61       14921.8        91.700    Sep 19 10:12:04      5901     1.64
         0.61       15011.4        89.620    Sep 19 10:12:40      5937     1.65
         0.61       15100.3        88.940    Sep 19 10:13:15      5972     1.66
         0.62       15186.9        86.560    Sep 19 10:13:49      6006     1.67
         0.62       15272.0        85.150    Sep 19 10:14:23      6040     1.68
         0.62       15355.0        82.960    Sep 19 10:14:56      6073     1.69
         0.62       15436.5        81.510    Sep 19 10:15:29      6106     1.70
         0.62       15516.6        80.100    Sep 19 10:16:00      6137     1.70
         0.62       15595.2        78.630    Sep 19 10:16:32      6169     1.71
         0.62       15672.4        77.160    Sep 19 10:17:03      6200     1.72
         0.62       15748.1        75.720    Sep 19 10:17:33      6230     1.73
         0.62       15823.7        75.580    Sep 19 10:18:03      6260     1.74
         0.62       15897.2        73.550    Sep 19 10:18:33      6290     1.75
         0.63       15969.3        72.030    Sep 19 10:19:01      6318     1.75
         0.63       16039.9        70.620    Sep 19 10:19:29      6346     1.76
         0.63       16109.1        69.170    Sep 19 10:19:57      6374     1.77
         0.63       16177.6        68.560    Sep 19 10:20:24      6401     1.78
         0.63       16244.6        66.960    Sep 19 10:20:50      6427     1.79
         0.63       16310.1        65.530    Sep 19 10:21:17      6454     1.79
         0.63       16374.9        64.770    Sep 19 10:21:42      6479     1.80
         0.63       16438.2        63.350    Sep 19 10:22:07      6504     1.81
         0.63       16500.9        62.630    Sep 19 10:22:32      6529     1.81
         0.63       16562.1        61.240    Sep 19 10:22:57      6554     1.82
         0.64       16622.6        60.470    Sep 19 10:23:21      6578     1.83
         0.64       16681.5        58.940    Sep 19 10:23:44      6601     1.83
         0.64       16739.8        58.250    Sep 19 10:24:07      6624     1.84
         0.64       16796.6        56.830    Sep 19 10:24:30      6647     1.85
         0.64       16852.8        56.200    Sep 19 10:24:52      6669     1.85
         0.64       16908.2        55.390    Sep 19 10:25:14      6691     1.86
         0.64       16962.0        53.850    Sep 19 10:25:35      6712     1.86
         0.64       17015.2        53.130    Sep 19 10:25:56      6733     1.87
         0.64       17067.5        52.390    Sep 19 10:26:17      6754     1.88
         0.64       17119.3        51.740    Sep 19 10:26:38      6775     1.88
         0.65       17169.5        50.200    Sep 19 10:26:57      6794     1.89
         0.65       17219.0        49.550    Sep 19 10:27:18      6815     1.89
         0.65       17267.8        48.780    Sep 19 10:27:37      6834     1.90
         0.65       17315.9        48.040    Sep 19 10:27:56      6853     1.90
         0.65       17363.3        47.420    Sep 19 10:28:15      6872     1.91
         0.65       17409.1        45.840    Sep 19 10:28:33      6890     1.91
         0.65       17454.2        45.130    Sep 19 10:28:51      6908     1.92
         0.65       17498.6        44.400    Sep 19 10:29:08      6925     1.92
         0.65       17542.3        43.680    Sep 19 10:29:26      6943     1.93
         0.65       17585.3        42.940    Sep 19 10:29:42      6959     1.93
         0.66       17627.5        42.260    Sep 19 10:29:59      6976     1.94
         0.66       17669.0        41.520    Sep 19 10:30:16      6993     1.94
         0.66       17709.8        40.770    Sep 19 10:30:32      7009     1.95
         0.66       17749.9        40.060    Sep 19 10:30:48      7025     1.95
         0.66       17789.2        39.310    Sep 19 10:31:03      7040     1.96
         0.66       17827.8        38.580    Sep 19 10:31:19      7056     1.96
         0.66       17864.9        37.150    Sep 19 10:31:34      7071     1.96
         0.66       17901.3        36.370    Sep 19 10:31:48      7085     1.97
         0.66       17936.9        35.660    Sep 19 10:32:02      7099     1.97
         0.66       17971.9        34.930    Sep 19 10:32:16      7113     1.98
         0.67       18006.1        34.210    Sep 19 10:32:30      7127     1.98
         0.67       18039.6        33.480    Sep 19 10:32:43      7140     1.98
         0.67       18072.3        32.760    Sep 19 10:32:56      7153     1.99
         0.67       18104.4        32.030    Sep 19 10:33:09      7166     1.99
         0.67       18136.5        32.090    Sep 19 10:33:22      7179     1.99
         0.67       18167.8        31.320    Sep 19 10:33:34      7191     2.00
         0.67       18198.3        30.580    Sep 19 10:33:46      7203     2.00
         0.67       18228.2        29.840    Sep 19 10:33:58      7215     2.00
         0.67       18257.1        28.900    Sep 19 10:34:10      7227     2.01
         0.67       18285.1        28.030    Sep 19 10:34:21      7238     2.01
         0.68       18312.8        27.670    Sep 19 10:34:32      7249     2.01
         0.68       18339.7        26.940    Sep 19 10:34:43      7260     2.02
         0.68       18366.0        26.230    Sep 19 10:34:53      7270     2.02
         0.68       18391.4        25.480    Sep 19 10:35:03      7280     2.02
         0.68       18416.2        24.730    Sep 19 10:35:13      7290     2.02
         0.68       18440.2        24.040    Sep 19 10:35:23      7300     2.03
         0.68       18464.3        24.070    Sep 19 10:35:32      7309     2.03
         0.68       18487.6        23.300    Sep 19 10:35:41      7318     2.03
         0.68       18510.1        22.560    Sep 19 10:35:50      7327     2.04
         0.68       18532.0        21.860    Sep 19 10:35:59      7336     2.04
         0.69       18553.1        21.140    Sep 19 10:36:08      7345     2.04
         0.69       18574.3        21.120    Sep 19 10:36:16      7353     2.04
         0.69       18594.7        20.400    Sep 19 10:36:24      7361     2.04
         0.69       18614.3        19.670    Sep 19 10:36:32      7369     2.05
         0.69       18634.0        19.630    Sep 19 10:36:40      7377     2.05
         0.69       18652.9        18.940    Sep 19 10:36:47      7384     2.05
         0.69       18671.2        18.350    Sep 19 10:36:55      7392     2.05
         0.69       18689.5        18.210    Sep 19 10:37:02      7399     2.06
         0.69       18707.0        17.560    Sep 19 10:37:09      7406     2.06
         0.69       18723.8        16.750    Sep 19 10:37:16      7413     2.06
         0.70       18740.5        16.760    Sep 19 10:37:22      7419     2.06
         0.70       18756.6        16.020    Sep 19 10:37:29      7426     2.06
         0.70       18772.6        16.010    Sep 19 10:37:35      7432     2.06
         0.70       18787.8        15.290    Sep 19 10:37:41      7438     2.07
         0.70       18802.4        14.560    Sep 19 10:37:47      7444     2.07
         0.70       18817.0        14.560    Sep 19 10:37:52      7449     2.07
         0.70       18830.8        13.840    Sep 19 10:37:58      7455     2.07
         0.70       18844.7        13.850    Sep 19 10:38:03      7460     2.07
         0.70       18857.8        13.090    Sep 19 10:38:09      7466     2.07
         0.70       18870.9        13.110    Sep 19 10:38:14      7471     2.08
         0.71       18884.0        13.120    Sep 19 10:38:19      7476     2.08
         0.71       18896.4        12.390    Sep 19 10:38:24      7481     2.08
         0.71       18908.7        12.370    Sep 19 10:38:29      7486     2.08
         0.71       18920.5        11.750    Sep 19 10:38:34      7491     2.08
         0.71       18932.2        11.660    Sep 19 10:38:38      7495     2.08
         0.71       18943.8        11.640    Sep 19 10:38:43      7500     2.08
         0.71       18954.7        10.930    Sep 19 10:38:47      7504     2.08
         0.71       18965.7        10.930    Sep 19 10:38:51      7508     2.09
         0.71       18976.6        10.930    Sep 19 10:38:56      7513     2.09
         0.71       18986.8        10.210    Sep 19 10:39:00      7517     2.09
         0.72       18997.0        10.200    Sep 19 10:39:04      7521     2.09
         0.72       19007.2        10.200    Sep 19 10:39:08      7525     2.09
         0.72       19016.7         9.470    Sep 19 10:39:12      7529     2.09
         0.72       19026.1         9.470    Sep 19 10:39:16      7533     2.09
         0.72       19035.4         9.230    Sep 19 10:39:19      7536     2.09
         0.72       19043.9         8.530    Sep 19 10:39:23      7540     2.09
         0.72       19052.4         8.550    Sep 19 10:39:26      7543     2.10
         0.72       19061.0         8.530    Sep 19 10:39:30      7547     2.10
         0.72       19069.5         8.530    Sep 19 10:39:33      7550     2.10
         0.72       19077.3         7.810    Sep 19 10:39:36      7553     2.10
         0.73       19085.1         7.820    Sep 19 10:39:39      7556     2.10
         0.73       19093.0         7.820    Sep 19 10:39:42      7559     2.10
         0.73       19100.8         7.810    Sep 19 10:39:45      7562     2.10
         0.73       19108.6         7.830    Sep 19 10:39:48      7565     2.10
         0.73       19115.7         7.110    Sep 19 10:39:51      7568     2.10
         0.73       19122.8         7.110    Sep 19 10:39:54      7571     2.10
         0.73       19129.9         7.120    Sep 19 10:39:57      7574     2.10
         0.73       19137.1         7.130    Sep 19 10:40:00      7577     2.10
         0.73       19144.2         7.110    Sep 19 10:40:02      7579     2.11
         0.73       19150.6         6.400    Sep 19 10:40:05      7582     2.11
         0.74       19157.0         6.410    Sep 19 10:40:08      7585     2.11
         0.74       19163.4         6.400    Sep 19 10:40:10      7587     2.11
         0.74       19169.8         6.410    Sep 19 10:40:13      7590     2.11
         0.74       19176.2         6.400    Sep 19 10:40:16      7593     2.11
         0.74       19182.7         6.460    Sep 19 10:40:18      7595     2.11
         0.74       19189.0         6.400    Sep 19 10:40:21      7598     2.11
         0.74       19194.7         5.690    Sep 19 10:40:23      7600     2.11
         0.74       19200.4         5.680    Sep 19 10:40:25      7602     2.11
         0.74       19206.1         5.700    Sep 19 10:40:27      7604     2.11
         0.74       19211.8         5.690    Sep 19 10:40:30      7607     2.11
         0.75       19217.5         5.680    Sep 19 10:40:32      7609     2.11
         0.75       19223.2         5.690    Sep 19 10:40:34      7611     2.11
         0.75       19228.9         5.700    Sep 19 10:40:37      7614     2.12
         0.75       19234.6         5.680    Sep 19 10:40:39      7616     2.12
         0.75       19239.5         4.970    Sep 19 10:40:41      7618     2.12
         0.75       19244.5         4.990    Sep 19 10:40:43      7620     2.12
         0.75       19249.5         4.970    Sep 19 10:40:45      7622     2.12
         0.75       19254.5         4.990    Sep 19 10:40:47      7624     2.12
         0.75       19259.5         4.970    Sep 19 10:40:49      7626     2.12
         0.75       19264.4         4.990    Sep 19 10:40:51      7628     2.12
         0.76       19269.4         4.980    Sep 19 10:40:53      7630     2.12
         0.76       19274.4         4.990    Sep 19 10:40:55      7632     2.12
         0.76       19279.4         4.970    Sep 19 10:40:57      7634     2.12
         0.76       19284.4         4.980    Sep 19 10:40:59      7636     2.12
         0.76       19289.4         4.990    Sep 19 10:41:01      7638     2.12
         0.76       19293.6         4.270    Sep 19 10:41:02      7639     2.12
         0.76       19297.9         4.270    Sep 19 10:41:04      7641     2.12
         0.76       19302.1         4.260    Sep 19 10:41:06      7643     2.12
         0.76       19306.4         4.250    Sep 19 10:41:07      7644     2.12
         0.76       19310.7         4.280    Sep 19 10:41:09      7646     2.12
         0.77       19315.0         4.270    Sep 19 10:41:11      7648     2.12
         0.77       19319.2         4.270    Sep 19 10:41:13      7650     2.12
         0.77       19323.5         4.270    Sep 19 10:41:14      7651     2.13
         0.77       19328.0         4.460    Sep 19 10:41:16      7653     2.13
         0.77       19332.2         4.280    Sep 19 10:41:18      7655     2.13
         0.77       19336.5         4.270    Sep 19 10:41:20      7657     2.13
         0.77       19340.8         4.280    Sep 19 10:41:21      7658     2.13
         0.77       19345.0         4.260    Sep 19 10:41:23      7660     2.13
         0.77       19349.3         4.280    Sep 19 10:41:25      7662     2.13
         0.77       19352.9         3.550    Sep 19 10:41:26      7663     2.13
         0.78       19356.4         3.560    Sep 19 10:41:28      7665     2.13
         0.78       19360.0         3.570    Sep 19 10:41:29      7666     2.13
         0.78       19363.6         3.550    Sep 19 10:41:31      7668     2.13
         0.78       19367.1         3.560    Sep 19 10:41:32      7669     2.13
         0.78       19370.7         3.560    Sep 19 10:41:33      7670     2.13
         0.78       19374.2         3.560    Sep 19 10:41:35      7672     2.13
         0.78       19377.8         3.550    Sep 19 10:41:36      7673     2.13
         0.78       19381.3         3.550    Sep 19 10:41:38      7675     2.13
         0.78       19384.9         3.570    Sep 19 10:41:39      7676     2.13
         0.78       19388.5         3.560    Sep 19 10:41:40      7677     2.13
         0.79       19392.0         3.560    Sep 19 10:41:42      7679     2.13
         0.79       19395.6         3.560    Sep 19 10:41:43      7680     2.13
         0.79       19399.1         3.560    Sep 19 10:41:45      7682     2.13
         0.79       19402.7         3.560    Sep 19 10:41:46      7683     2.13
         0.79       19406.2         3.550    Sep 19 10:41:48      7685     2.13
         0.79       19409.8         3.560    Sep 19 10:41:49      7686     2.13
         0.79       19413.4         3.570    Sep 19 10:41:50      7687     2.14
         0.79       19416.9         3.550    Sep 19 10:41:52      7689     2.14
         0.79       19420.5         3.560    Sep 19 10:41:53      7690     2.14
         0.79       19424.1         3.570    Sep 19 10:41:55      7692     2.14
         0.80       19426.9         2.840    Sep 19 10:41:56      7693     2.14
         0.80       19429.8         2.870    Sep 19 10:41:57      7694     2.14
         0.80       19432.6         2.840    Sep 19 10:41:58      7695     2.14
         0.80       19435.5         2.850    Sep 19 10:41:59      7696     2.14
         0.80       19438.3         2.860    Sep 19 10:42:00      7697     2.14
         0.80       19441.2         2.850    Sep 19 10:42:01      7698     2.14
         0.80       19444.0         2.850    Sep 19 10:42:03      7700     2.14
         0.80       19446.9         2.850    Sep 19 10:42:04      7701     2.14
         0.80       19449.7         2.850    Sep 19 10:42:05      7702     2.14
         0.80       19452.6         2.850    Sep 19 10:42:06      7703     2.14
         0.81       19455.4         2.830    Sep 19 10:42:07      7704     2.14
         0.81       19458.3         2.860    Sep 19 10:42:08      7705     2.14
         0.81       19461.1         2.840    Sep 19 10:42:09      7706     2.14
         0.81       19464.0         2.850    Sep 19 10:42:11      7708     2.14
         0.81       19466.8         2.860    Sep 19 10:42:12      7709     2.14
         0.81       19469.7         2.850    Sep 19 10:42:13      7710     2.14
         0.81       19472.5         2.850    Sep 19 10:42:14      7711     2.14
         0.81       19475.3         2.840    Sep 19 10:42:15      7712     2.14
         0.81       19478.2         2.860    Sep 19 10:42:16      7713     2.14
         0.81       19481.1         2.850    Sep 19 10:42:18      7715     2.14
         0.82       19483.9         2.840    Sep 19 10:42:19      7716     2.14
         0.82       19486.8         2.850    Sep 19 10:42:20      7717     2.14
         0.82       19489.6         2.850    Sep 19 10:42:21      7718     2.14
         0.82       19492.5         2.850    Sep 19 10:42:22      7719     2.14
         0.82       19495.3         2.850    Sep 19 10:42:23      7720     2.14
         0.82       19498.1         2.830    Sep 19 10:42:24      7721     2.14
         0.82       19500.9         2.780    Sep 19 10:42:26      7723     2.15
         0.82       19503.7         2.780    Sep 19 10:42:27      7724     2.15
         0.82       19506.5         2.780    Sep 19 10:42:28      7725     2.15
         0.82       19509.3         2.790    Sep 19 10:42:29      7726     2.15
         0.83       19512.0         2.770    Sep 19 10:42:30      7727     2.15
         0.83       19514.2         2.130    Sep 19 10:42:31      7728     2.15
         0.83       19516.3         2.150    Sep 19 10:42:32      7729     2.15
         0.83       19518.4         2.130    Sep 19 10:42:33      7730     2.15
         0.83       19520.6         2.140    Sep 19 10:42:33      7730     2.15
         0.83       19522.7         2.130    Sep 19 10:42:34      7731     2.15
         0.83       19524.8         2.110    Sep 19 10:42:35      7732     2.15
         0.83       19526.9         2.090    Sep 19 10:42:36      7733     2.15
         0.83       19529.0         2.090    Sep 19 10:42:37      7734     2.15
         0.83       19531.1         2.080    Sep 19 10:42:38      7735     2.15
         0.84       19533.2         2.080    Sep 19 10:42:38      7735     2.15
         0.84       19535.2         2.090    Sep 19 10:42:39      7736     2.15
         0.84       19537.3         2.090    Sep 19 10:42:40      7737     2.15
         0.84       19539.4         2.070    Sep 19 10:42:41      7738     2.15
         0.84       19541.5         2.090    Sep 19 10:42:42      7739     2.15
         0.84       19543.6         2.090    Sep 19 10:42:43      7740     2.15
         0.84       19545.7         2.090    Sep 19 10:42:44      7741     2.15
         0.84       19547.8         2.090    Sep 19 10:42:44      7741     2.15
         0.84       19549.9         2.080    Sep 19 10:42:45      7742     2.15
         0.84       19551.9         2.090    Sep 19 10:42:46      7743     2.15
         0.85       19554.0         2.090    Sep 19 10:42:47      7744     2.15
         0.85       19556.1         2.090    Sep 19 10:42:48      7745     2.15
         0.85       19558.2         2.080    Sep 19 10:42:49      7746     2.15
         0.85       19560.3         2.080    Sep 19 10:42:49      7746     2.15
         0.85       19562.4         2.080    Sep 19 10:42:50      7747     2.15
         0.85       19564.5         2.090    Sep 19 10:42:51      7748     2.15
         0.85       19566.5         2.090    Sep 19 10:42:52      7749     2.15
         0.85       19568.6         2.090    Sep 19 10:42:53      7750     2.15
         0.85       19570.7         2.080    Sep 19 10:42:54      7751     2.15
         0.85       19572.8         2.090    Sep 19 10:42:54      7751     2.15
         0.86       19574.9         2.090    Sep 19 10:42:55      7752     2.15
         0.86       19577.0         2.070    Sep 19 10:42:56      7753     2.15
         0.86       19579.1         2.090    Sep 19 10:42:57      7754     2.15
         0.86       19581.1         2.080    Sep 19 10:42:58      7755     2.15
         0.86       19583.2         2.090    Sep 19 10:42:59      7756     2.15
         0.86       19585.3         2.090    Sep 19 10:42:59      7756     2.15
         0.86       19587.4         2.100    Sep 19 10:43:00      7757     2.15
         0.86       19589.5         2.080    Sep 19 10:43:01      7758     2.15
         0.86       19591.6         2.090    Sep 19 10:43:02      7759     2.16
         0.86       19593.7         2.080    Sep 19 10:43:03      7760     2.16
         0.87       19595.8         2.100    Sep 19 10:43:04      7761     2.16
         0.87       19597.8         2.080    Sep 19 10:43:04      7761     2.16
         0.87       19599.9         2.090    Sep 19 10:43:05      7762     2.16
         0.87       19602.0         2.080    Sep 19 10:43:06      7763     2.16
         0.87       19604.1         2.090    Sep 19 10:43:07      7764     2.16
         0.87       19606.2         2.090    Sep 19 10:43:08      7765     2.16
         0.87       19608.3         2.090    Sep 19 10:43:09      7766     2.16
         0.87       19610.4         2.090    Sep 19 10:43:10      7767     2.16
         0.87       19612.4         2.080    Sep 19 10:43:10      7767     2.16
         0.87       19614.5         2.100    Sep 19 10:43:11      7768     2.16
         0.88       19616.6         2.090    Sep 19 10:43:12      7769     2.16
         0.88       19618.7         2.080    Sep 19 10:43:13      7770     2.16
         0.88       19620.1         1.390    Sep 19 10:43:14      7771     2.16
         0.88       19621.5         1.400    Sep 19 10:43:14      7771     2.16
         0.88       19622.9         1.400    Sep 19 10:43:15      7772     2.16
         0.88       19624.3         1.390    Sep 19 10:43:15      7772     2.16
         0.88       19625.7         1.380    Sep 19 10:43:16      7773     2.16
         0.88       19627.1         1.410    Sep 19 10:43:16      7773     2.16
         0.88       19628.5         1.380    Sep 19 10:43:17      7774     2.16
         0.88       19629.9         1.400    Sep 19 10:43:18      7775     2.16
         0.89       19631.3         1.400    Sep 19 10:43:18      7775     2.16
         0.89       19632.7         1.390    Sep 19 10:43:19      7776     2.16
         0.89       19634.1         1.390    Sep 19 10:43:19      7776     2.16
         0.89       19635.5         1.400    Sep 19 10:43:20      7777     2.16
         0.89       19636.9         1.400    Sep 19 10:43:20      7777     2.16
         0.89       19638.2         1.390    Sep 19 10:43:21      7778     2.16
         0.89       19639.7         1.410    Sep 19 10:43:22      7779     2.16
         0.89       19641.0         1.390    Sep 19 10:43:22      7779     2.16
         0.89       19642.4         1.400    Sep 19 10:43:23      7780     2.16
         0.89       19643.8         1.390    Sep 19 10:43:23      7780     2.16
         0.90       19645.2         1.390    Sep 19 10:43:24      7781     2.16
         0.90       19646.6         1.400    Sep 19 10:43:24      7781     2.16
         0.90       19648.0         1.390    Sep 19 10:43:25      7782     2.16
         0.90       19649.4         1.390    Sep 19 10:43:26      7783     2.16
         0.90       19650.8         1.420    Sep 19 10:43:26      7783     2.16
         0.90       19652.3         1.450    Sep 19 10:43:27      7784     2.16
         0.90       19653.7         1.390    Sep 19 10:43:27      7784     2.16
         0.90       19655.1         1.400    Sep 19 10:43:28      7785     2.16
         0.90       19656.5         1.390    Sep 19 10:43:28      7785     2.16
         0.90       19657.8         1.390    Sep 19 10:43:29      7786     2.16
         0.91       19659.2         1.400    Sep 19 10:43:30      7787     2.16
         0.91       19660.6         1.390    Sep 19 10:43:30      7787     2.16
         0.91       19662.0         1.400    Sep 19 10:43:31      7788     2.16
         0.91       19663.4         1.390    Sep 19 10:43:31      7788     2.16
         0.91       19664.8         1.400    Sep 19 10:43:32      7789     2.16
         0.91       19666.2         1.390    Sep 19 10:43:32      7789     2.16
         0.91       19667.6         1.400    Sep 19 10:43:33      7790     2.16
         0.91       19669.0         1.380    Sep 19 10:43:33      7790     2.16
         0.91       19670.4         1.390    Sep 19 10:43:34      7791     2.16
         0.91       19671.8         1.400    Sep 19 10:43:35      7792     2.16
         0.92       19673.2         1.400    Sep 19 10:43:35      7792     2.16
         0.92       19674.6         1.390    Sep 19 10:43:36      7793     2.16
         0.92       19676.0         1.390    Sep 19 10:43:36      7793     2.16
         0.92       19677.3         1.390    Sep 19 10:43:37      7794     2.17
         0.92       19678.8         1.400    Sep 19 10:43:37      7794     2.17
         0.92       19680.1         1.390    Sep 19 10:43:38      7795     2.17
         0.92       19681.5         1.390    Sep 19 10:43:39      7796     2.17
         0.92       19682.9         1.390    Sep 19 10:43:39      7796     2.17
         0.92       19684.3         1.400    Sep 19 10:43:40      7797     2.17
         0.92       19685.7         1.390    Sep 19 10:43:40      7797     2.17
         0.93       19687.1         1.390    Sep 19 10:43:41      7798     2.17
         0.93       19688.5         1.400    Sep 19 10:43:41      7798     2.17
         0.93       19689.9         1.390    Sep 19 10:43:42      7799     2.17
         0.93       19691.3         1.400    Sep 19 10:43:43      7800     2.17
         0.93       19692.7         1.390    Sep 19 10:43:43      7800     2.17
         0.93       19694.1         1.400    Sep 19 10:43:44      7801     2.17
         0.93       19695.5         1.390    Sep 19 10:43:44      7801     2.17
         0.93       19696.9         1.400    Sep 19 10:43:45      7802     2.17
         0.93       19698.3         1.390    Sep 19 10:43:45      7802     2.17
         0.93       19699.6         1.390    Sep 19 10:43:46      7803     2.17
         0.94       19701.0         1.400    Sep 19 10:43:46      7803     2.17
         0.94       19702.4         1.390    Sep 19 10:43:47      7804     2.17
         0.94       19703.8         1.390    Sep 19 10:43:48      7805     2.17
         0.94       19705.2         1.390    Sep 19 10:43:48      7805     2.17
         0.94       19706.6         1.400    Sep 19 10:43:49      7806     2.17
         0.94       19708.0         1.390    Sep 19 10:43:49      7806     2.17
         0.94       19709.4         1.390    Sep 19 10:43:50      7807     2.17
         0.94       19710.8         1.400    Sep 19 10:43:50      7807     2.17
         0.94       19712.2         1.400    Sep 19 10:43:51      7808     2.17
         0.94       19713.6         1.390    Sep 19 10:43:51      7808     2.17
         0.95       19715.0         1.400    Sep 19 10:43:52      7809     2.17
         0.95       19716.4         1.390    Sep 19 10:43:53      7810     2.17
         0.95       19717.8         1.390    Sep 19 10:43:53      7810     2.17
         0.95       19719.2         1.400    Sep 19 10:43:54      7811     2.17
         0.95       19720.6         1.400    Sep 19 10:43:54      7811     2.17
         0.95       19722.0         1.390    Sep 19 10:43:55      7812     2.17
         0.95       19723.3         1.390    Sep 19 10:43:55      7812     2.17
         0.95       19724.8         1.400    Sep 19 10:43:56      7813     2.17
         0.95       19726.1         1.390    Sep 19 10:43:56      7813     2.17
         0.95       19727.5         1.400    Sep 19 10:43:57      7814     2.17
         0.96       19728.9         1.390    Sep 19 10:43:58      7815     2.17
         0.96       19730.3         1.390    Sep 19 10:43:58      7815     2.17
         0.96       19731.7         1.400    Sep 19 10:43:59      7816     2.17
         0.96       19733.1         1.390    Sep 19 10:43:59      7816     2.17
         0.96       19734.5         1.390    Sep 19 10:44:00      7817     2.17
         0.96       19735.9         1.400    Sep 19 10:44:00      7817     2.17
         0.96       19737.3         1.390    Sep 19 10:44:01      7818     2.17
         0.96       19738.7         1.390    Sep 19 10:44:02      7819     2.17
         0.96       19740.1         1.390    Sep 19 10:44:02      7819     2.17
         0.96       19741.5         1.400    Sep 19 10:44:03      7820     2.17
         0.97       19742.9         1.390    Sep 19 10:44:03      7820     2.17
         0.97       19744.3         1.450    Sep 19 10:44:04      7821     2.17
         0.97       19745.7         1.390    Sep 19 10:44:04      7821     2.17
         0.97       19747.1         1.400    Sep 19 10:44:05      7822     2.17
         0.97       19748.5         1.390    Sep 19 10:44:05      7822     2.17
         0.97       19749.9         1.410    Sep 19 10:44:06      7823     2.17
         0.97       19751.3         1.380    Sep 19 10:44:07      7824     2.17
         0.97       19752.7         1.400    Sep 19 10:44:07      7824     2.17
         0.97       19754.1         1.440    Sep 19 10:44:08      7825     2.17
         0.97       19755.5         1.390    Sep 19 10:44:09      7826     2.17
         0.98       19756.9         1.400    Sep 19 10:44:09      7826     2.17
         0.98       19758.3         1.400    Sep 19 10:44:10      7827     2.17
         0.98       19759.7         1.390    Sep 19 10:44:10      7827     2.17
         0.98       19761.1         1.410    Sep 19 10:44:11      7828     2.17
         0.98       19762.5         1.390    Sep 19 10:44:11      7828     2.17
         0.98       19763.9         1.400    Sep 19 10:44:12      7829     2.17
         0.98       19764.6         0.700    Sep 19 10:44:12      7829     2.17
         0.98       19765.4         0.840    Sep 19 10:44:13      7830     2.17
         0.98       19766.2         0.790    Sep 19 10:44:13      7830     2.17
         0.98       19767.0         0.780    Sep 19 10:44:14      7831     2.18
         0.99       19767.8         0.780    Sep 19 10:44:14      7831     2.18
         0.99       19768.5         0.740    Sep 19 10:44:14      7831     2.18
         0.99       19769.4         0.830    Sep 19 10:44:15      7832     2.18
         0.99       19770.1         0.780    Sep 19 10:44:15      7832     2.18
         0.99       19770.9         0.790    Sep 19 10:44:15      7832     2.18
         0.99       19771.7         0.780    Sep 19 10:44:16      7833     2.18
         0.99       19772.5         0.820    Sep 19 10:44:16      7833     2.18
         0.99       19773.3         0.750    Sep 19 10:44:16      7833     2.18
         0.99       19774.0         0.770    Sep 19 10:44:17      7834     2.18
         0.99       19774.8         0.780    Sep 19 10:44:17      7834     2.18
         1.00       19775.6         0.790    Sep 19 10:44:17      7834     2.18
         1.00       19776.5         0.830    Sep 19 10:44:18      7835     2.18
         1.00       19777.2         0.780    Sep 19 10:44:18      7835     2.18
         1.00       19778.1         0.830    Sep 19 10:44:19      7836     2.18
         1.00       19778.9         0.820    Sep 19 10:44:19      7836     2.18
