#Update-step  Updatetime     Error of A        Error of phi      Time in fs
     1                                         0.349011E-003
     1                                         0.389969E-005
     1        0.00016556     0.000000E+000     0.861085E-007        0.0000
     2        0.00036704     0.000000E+000     0.412151E-006        0.0002
     3        0.00049984     0.000000E+000     0.728243E-006        0.0005
     4        0.00054982     0.000000E+000     0.847135E-006        0.0010
     5        0.00057220     0.000000E+000     0.887937E-006        0.0016
     6        0.00058590     0.000000E+000     0.914495E-006        0.0022
     7        0.00059305     0.000000E+000     0.937907E-006        0.0027
     8        0.00059305     0.000000E+000     0.962372E-006        0.0033
     9        0.00058941     0.000000E+000     0.973641E-006        0.0039
    10        0.00058222     0.000000E+000     0.840785E-006        0.0045
    11        0.00060835     0.000000E+000     0.805397E-006        0.0051
    12        0.00064585     0.000000E+000     0.843029E-006        0.0057
    13        0.00067372     0.000000E+000     0.864612E-006        0.0064
    14        0.00069384     0.000000E+000     0.887311E-006        0.0070
    15        0.00070985     0.000000E+000     0.926793E-006        0.0077
    16        0.00071539     0.000000E+000     0.940288E-006        0.0084
    17        0.00071539     0.000000E+000     0.927341E-006        0.0091
    18        0.00072112     0.000000E+000     0.920359E-006        0.0099
    19        0.00072698     0.000000E+000     0.906503E-006        0.0106
    20        0.00073910     0.000000E+000     0.901533E-006        0.0113
    21        0.00075173     0.000000E+000     0.891713E-006        0.0120
    22        0.00076492     0.000000E+000     0.877938E-006        0.0128
    23        0.00078578     0.000000E+000     0.876527E-006        0.0136
    24        0.00080802     0.000000E+000     0.873095E-006        0.0144
    25        0.00083178     0.000000E+000     0.868505E-006        0.0152
    26        0.00085725     0.000000E+000     0.863657E-006        0.0160
    27        0.00088461     0.000000E+000     0.859453E-006        0.0168
    28        0.00091409     0.000000E+000     0.856777E-006        0.0177
    29        0.00094598     0.000000E+000     0.856475E-006        0.0186
    30        0.00098059     0.000000E+000     0.859354E-006        0.0196
    31        0.00101830     0.000000E+000     0.866183E-006        0.0206
    32        0.00104546     0.000000E+000     0.854889E-006        0.0216
    33        0.00107450     0.000000E+000     0.847553E-006        0.0226
    34        0.00112190     0.000000E+000     0.868828E-006        0.0237
    35        0.00115642     0.000000E+000     0.869749E-006        0.0248
    36        0.00119373     0.000000E+000     0.875107E-006        0.0260
    37        0.00121362     0.000000E+000     0.856305E-006        0.0272
    38        0.00125620     0.000000E+000     0.870312E-006        0.0284
    39        0.00127904     0.000000E+000     0.857746E-006        0.0297
    40        0.00132824     0.000000E+000     0.880776E-006        0.0309
    41        0.00135480     0.000000E+000     0.874229E-006        0.0323
    42        0.00138303     0.000000E+000     0.870956E-006        0.0336
    43        0.00141309     0.000000E+000     0.871012E-006        0.0350
    44        0.00144521     0.000000E+000     0.874560E-006        0.0364
    45        0.00147962     0.000000E+000     0.881874E-006        0.0379
    46        0.00151661     0.000000E+000     0.893349E-006        0.0393
    47        0.00151661     0.000000E+000     0.864083E-006        0.0409
    48        0.00155760     0.000000E+000     0.883905E-006        0.0424
    49        0.00155760     0.000000E+000     0.860136E-006        0.0439
    50        0.00160341     0.000000E+000     0.889569E-006        0.0455
    51        0.00160341     0.000000E+000     0.871390E-006        0.0471
    52        0.00165514     0.000000E+000     0.912480E-006        0.0487
    53        0.00165514     0.000000E+000     0.900298E-006        0.0503
    54        0.00165514     0.000000E+000     0.891797E-006        0.0520
    55        0.00165514     0.000000E+000     0.886839E-006        0.0537
    56        0.00165514     0.000000E+000     0.885319E-006        0.0553
    57        0.00165514     0.000000E+000     0.887164E-006        0.0570
    58        0.00165514     0.000000E+000     0.892328E-006        0.0586
    59        0.00165514     0.000000E+000     0.900800E-006        0.0603
    60        0.00165514     0.000000E+000     0.912595E-006        0.0619
    61        0.00165514     0.000000E+000     0.927763E-006        0.0636
    62        0.00165514     0.000000E+000     0.946386E-006        0.0652
    63        0.00165514     0.000000E+000     0.968578E-006        0.0669
    64        0.00157238     0.000000E+000     0.897495E-006        0.0686
    65        0.00157238     0.000000E+000     0.922982E-006        0.0701
    66        0.00157238     0.000000E+000     0.951866E-006        0.0717
    67        0.00157238     0.000000E+000     0.984389E-006        0.0733
    68        0.00147989     0.000000E+000     0.904214E-006        0.0748
    69        0.00147989     0.000000E+000     0.938115E-006        0.0763
    70        0.00147989     0.000000E+000     0.975790E-006        0.0778
    71        0.00138123     0.000000E+000     0.886536E-006        0.0793
    72        0.00138123     0.000000E+000     0.924595E-006        0.0807
    73        0.00138123     0.000000E+000     0.967257E-006        0.0820
    74        0.00127498     0.000000E+000     0.865594E-006        0.0834
    75        0.00127498     0.000000E+000     0.910003E-006        0.0847
    76        0.00127498     0.000000E+000     0.961892E-006        0.0860
    77        0.00115907     0.000000E+000     0.839882E-006        0.0873
    78        0.00115907     0.000000E+000     0.875148E-006        0.0884
    79        0.00115907     0.000000E+000     0.908912E-006        0.0896
    80        0.00115907     0.000000E+000     0.943250E-006        0.0907
    81        0.00115907     0.000000E+000     0.979056E-006        0.0919
    82        0.00099349     0.000000E+000     0.748271E-006        0.0930
    83        0.00099349     0.000000E+000     0.774690E-006        0.0940
    84        0.00099349     0.000000E+000     0.804857E-006        0.0950
    85        0.00099349     0.000000E+000     0.842843E-006        0.0960
    86        0.00099349     0.000000E+000     0.889613E-006        0.0970
    87        0.00099349     0.000000E+000     0.931993E-006        0.0980
    88        0.00099349     0.000000E+000     0.972185E-006        0.0990
    89        0.00098039     0.000000E+000     0.986490E-006        0.1000
    90        0.00096136     0.000000E+000     0.987647E-006        0.1010
    91        0.00094287     0.000000E+000     0.988484E-006        0.1019
    92        0.00092491     0.000000E+000     0.989215E-006        0.1029
    93        0.00090746     0.000000E+000     0.989980E-006        0.1038
    94        0.00089050     0.000000E+000     0.990876E-006        0.1047
    95 *      0.00043700     0.000000E+000     0.250229E-006        0.1056
    95        0.00043700     0.000000E+000     0.255018E-006        0.1060
    96        0.00077932     0.000000E+000     0.820817E-006        0.1065
    97        0.00082070     0.000000E+000     0.941554E-006        0.1073
    98        0.00082070     0.000000E+000     0.977109E-006        0.1081
    99        0.00080618     0.000000E+000     0.979413E-006        0.1089
   100        0.00079203     0.000000E+000     0.982091E-006        0.1097
   101        0.00077826     0.000000E+000     0.985165E-006        0.1105
   102        0.00076484     0.000000E+000     0.988651E-006        0.1113
   103 *      0.00037588     0.000000E+000     0.250343E-006        0.1120
   103        0.00037588     0.000000E+000     0.255176E-006        0.1124
   104        0.00067081     0.000000E+000     0.822750E-006        0.1128
   105        0.00070353     0.000000E+000     0.936392E-006        0.1135
   106        0.00070353     0.000000E+000     0.971976E-006        0.1142
   107        0.00069209     0.000000E+000     0.977384E-006        0.1149
   108        0.00068093     0.000000E+000     0.983243E-006        0.1156
   109        0.00067003     0.000000E+000     0.989563E-006        0.1162
   110 *      0.00032970     0.000000E+000     0.251252E-006        0.1169
   110        0.00032970     0.000000E+000     0.256172E-006        0.1172
   111        0.00058457     0.000000E+000     0.815707E-006        0.1176
   112        0.00061534     0.000000E+000     0.935356E-006        0.1182
   113        0.00061534     0.000000E+000     0.971223E-006        0.1188
   114        0.00060608     0.000000E+000     0.979345E-006        0.1194
   115        0.00059704     0.000000E+000     0.987945E-006        0.1200
   116 *      0.00029410     0.000000E+000     0.251366E-006        0.1206
   116        0.00029410     0.000000E+000     0.256317E-006        0.1209
   117        0.00052197     0.000000E+000     0.818039E-006        0.1212
   118        0.00055138     0.000000E+000     0.944798E-006        0.1217
   119        0.00055138     0.000000E+000     0.981336E-006        0.1223
   120        0.00054361     0.000000E+000     0.991726E-006        0.1228
   121        0.00053229     0.000000E+000     0.988855E-006        0.1234
   122        0.00052135     0.000000E+000     0.986488E-006        0.1239
   123        0.00051078     0.000000E+000     0.984611E-006        0.1244
   124 *      0.00025196     0.000000E+000     0.251087E-006        0.1249
   124        0.00025196     0.000000E+000     0.256018E-006        0.1252
   125        0.00044928     0.000000E+000     0.824915E-006        0.1254
   126        0.00047218     0.000000E+000     0.943172E-006        0.1259
   127        0.00047218     0.000000E+000     0.979417E-006        0.1263
   128        0.00046616     0.000000E+000     0.992156E-006        0.1268
   129 *      0.00022868     0.000000E+000     0.250133E-006        0.1273
   129        0.00022868     0.000000E+000     0.254998E-006        0.1275
   130        0.00040827     0.000000E+000     0.823680E-006        0.1277
   131        0.00043027     0.000000E+000     0.946696E-006        0.1281
   132        0.00043027     0.000000E+000     0.982773E-006        0.1286
   133        0.00042259     0.000000E+000     0.984965E-006        0.1290
   134        0.00041513     0.000000E+000     0.987506E-006        0.1294
   135        0.00040789     0.000000E+000     0.990384E-006        0.1298
   136 *      0.00020043     0.000000E+000     0.250185E-006        0.1303
   136        0.00020043     0.000000E+000     0.254948E-006        0.1305
   137        0.00035747     0.000000E+000     0.821846E-006        0.1307
   138        0.00037700     0.000000E+000     0.945175E-006        0.1310
   139        0.00037700     0.000000E+000     0.980252E-006        0.1314
   140        0.00037085     0.000000E+000     0.984459E-006        0.1318
   141        0.00036487     0.000000E+000     0.988921E-006        0.1321
   142 *      0.00017953     0.000000E+000     0.250081E-006        0.1325
   142        0.00017953     0.000000E+000     0.254703E-006        0.1327
   143        0.00031973     0.000000E+000     0.818548E-006        0.1329
   144        0.00033749     0.000000E+000     0.941978E-006        0.1332
   145        0.00033749     0.000000E+000     0.975707E-006        0.1335
   146        0.00033408     0.000000E+000     0.990838E-006        0.1339
   147        0.00032743     0.000000E+000     0.986519E-006        0.1342
   148        0.00032259     0.000000E+000     0.992097E-006        0.1345
   149        0.00031633     0.000000E+000     0.988205E-006        0.1348
   150        0.00031027     0.000000E+000     0.984521E-006        0.1352
   151        0.00030586     0.000000E+000     0.990286E-006        0.1355
   152        0.00030015     0.000000E+000     0.986900E-006        0.1358
   153        0.00029461     0.000000E+000     0.983655E-006        0.1361
   154        0.00029058     0.000000E+000     0.989450E-006        0.1364
   155        0.00028534     0.000000E+000     0.986378E-006        0.1367
   156        0.00028027     0.000000E+000     0.983383E-006        0.1369
   157        0.00027656     0.000000E+000     0.989052E-006        0.1372
   158        0.00027176     0.000000E+000     0.986110E-006        0.1375
   159        0.00026709     0.000000E+000     0.983185E-006        0.1378
   160        0.00026256     0.000000E+000     0.980257E-006        0.1380
   161        0.00025925     0.000000E+000     0.985496E-006        0.1383
   162        0.00025495     0.000000E+000     0.982473E-006        0.1386
   163        0.00025077     0.000000E+000     0.979395E-006        0.1388
   164        0.00024771     0.000000E+000     0.984159E-006        0.1391
   165        0.00024373     0.000000E+000     0.980885E-006        0.1393
   166        0.00023986     0.000000E+000     0.977510E-006        0.1396
   167        0.00023703     0.000000E+000     0.981667E-006        0.1398
   168        0.00023334     0.000000E+000     0.978008E-006        0.1400
   169        0.00023064     0.000000E+000     0.981709E-006        0.1403
   170        0.00022712     0.000000E+000     0.977713E-006        0.1405
   171        0.00022454     0.000000E+000     0.980910E-006        0.1407
   172        0.00022117     0.000000E+000     0.976533E-006        0.1409
   173        0.00021871     0.000000E+000     0.979183E-006        0.1412
   174        0.00021549     0.000000E+000     0.974387E-006        0.1414
   175        0.00021313     0.000000E+000     0.976456E-006        0.1416
   176        0.00021081     0.000000E+000     0.978233E-006        0.1418
   177        0.00020779     0.000000E+000     0.972729E-006        0.1420
   178        0.00020557     0.000000E+000     0.973884E-006        0.1422
   179        0.00020339     0.000000E+000     0.974727E-006        0.1424
   180        0.00020125     0.000000E+000     0.975253E-006        0.1426
   181        0.00019915     0.000000E+000     0.975455E-006        0.1428
   182        0.00019708     0.000000E+000     0.975332E-006        0.1430
   183        0.00019505     0.000000E+000     0.974879E-006        0.1432
   184        0.00019305     0.000000E+000     0.974095E-006        0.1434
   185        0.00019109     0.000000E+000     0.972980E-006        0.1436
   186        0.00018916     0.000000E+000     0.971535E-006        0.1438
   187        0.00018726     0.000000E+000     0.969762E-006        0.1440
   188        0.00018540     0.000000E+000     0.967662E-006        0.1442
   189        0.00018356     0.000000E+000     0.965241E-006        0.1444
   190        0.00018235     0.000000E+000     0.968821E-006        0.1446
   191        0.00018056     0.000000E+000     0.965741E-006        0.1447
   192        0.00017939     0.000000E+000     0.968608E-006        0.1449
   193        0.00017765     0.000000E+000     0.964880E-006        0.1451
   194        0.00017650     0.000000E+000     0.967042E-006        0.1453
   195        0.00017480     0.000000E+000     0.962687E-006        0.1455
   196        0.00017369     0.000000E+000     0.964159E-006        0.1456
   197        0.00017258     0.000000E+000     0.965299E-006        0.1458
   198        0.00017148     0.000000E+000     0.966110E-006        0.1460
   199        0.00017040     0.000000E+000     0.966596E-006        0.1462
   200        0.00016879     0.000000E+000     0.960709E-006        0.1463
   201        0.00016773     0.000000E+000     0.960557E-006        0.1465
   202        0.00016669     0.000000E+000     0.960096E-006        0.1467
   203        0.00016565     0.000000E+000     0.959334E-006        0.1468
   204        0.00016462     0.000000E+000     0.958275E-006        0.1470
   205        0.00016360     0.000000E+000     0.956928E-006        0.1472
   206        0.00016309     0.000000E+000     0.961203E-006        0.1473
   207        0.00016209     0.000000E+000     0.959282E-006        0.1475
   208        0.00016109     0.000000E+000     0.957090E-006        0.1476
   209        0.00016059     0.000000E+000     0.960503E-006        0.1478
   210        0.00015961     0.000000E+000     0.957772E-006        0.1480
   211        0.00015912     0.000000E+000     0.960644E-006        0.1481
   212        0.00015814     0.000000E+000     0.957399E-006        0.1483
   213        0.00015766     0.000000E+000     0.959749E-006        0.1484
   214        0.00015670     0.000000E+000     0.956017E-006        0.1486
   215        0.00015622     0.000000E+000     0.957867E-006        0.1488
   216        0.00015527     0.000000E+000     0.953678E-006        0.1489
   217        0.00015480     0.000000E+000     0.955052E-006        0.1491
   218        0.00015433     0.000000E+000     0.956204E-006        0.1492
   219        0.00015386     0.000000E+000     0.957136E-006        0.1494
   220        0.00015339     0.000000E+000     0.957854E-006        0.1495
   221        0.00015246     0.000000E+000     0.952579E-006        0.1497
   222        0.00015200     0.000000E+000     0.952878E-006        0.1498
   223        0.00015154     0.000000E+000     0.952978E-006        0.1500
   224        0.00015108     0.000000E+000     0.952885E-006        0.1501
   225        0.00015062     0.000000E+000     0.952603E-006        0.1503
   226        0.00015017     0.000000E+000     0.952137E-006        0.1504
   227        0.00014971     0.000000E+000     0.951492E-006        0.1506
   228        0.00014926     0.000000E+000     0.950673E-006        0.1507
   229        0.00014881     0.000000E+000     0.949685E-006        0.1509
   230        0.00014881     0.000000E+000     0.954292E-006        0.1510
   231        0.00014835     0.000000E+000     0.952969E-006        0.1512
   232        0.00014790     0.000000E+000     0.951490E-006        0.1513
   233        0.00014745     0.000000E+000     0.949861E-006        0.1515
   234        0.00014745     0.000000E+000     0.953860E-006        0.1516
   235        0.00014700     0.000000E+000     0.951926E-006        0.1518
   236        0.00014656     0.000000E+000     0.949856E-006        0.1519
   237        0.00014656     0.000000E+000     0.953442E-006        0.1521
   238        0.00014611     0.000000E+000     0.951090E-006        0.1522
   239        0.00014566     0.000000E+000     0.948613E-006        0.1524
   240        0.00014566     0.000000E+000     0.951815E-006        0.1525
   241        0.00014521     0.000000E+000     0.949079E-006        0.1527
   242        0.00014521     0.000000E+000     0.952048E-006        0.1528
   243        0.00014477     0.000000E+000     0.949067E-006        0.1530
   244        0.00014477     0.000000E+000     0.951815E-006        0.1531
   245        0.00014432     0.000000E+000     0.948600E-006        0.1532
   246        0.00014432     0.000000E+000     0.951137E-006        0.1534
   247        0.00014387     0.000000E+000     0.947704E-006        0.1535
   248        0.00014387     0.000000E+000     0.950040E-006        0.1537
   249        0.00014387     0.000000E+000     0.952290E-006        0.1538
   250        0.00014342     0.000000E+000     0.948533E-006        0.1540
   251        0.00014342     0.000000E+000     0.950596E-006        0.1541
   252        0.00014298     0.000000E+000     0.946649E-006        0.1542
   253        0.00014298     0.000000E+000     0.948535E-006        0.1544
   254        0.00014298     0.000000E+000     0.950344E-006        0.1545
   255        0.00014253     0.000000E+000     0.946114E-006        0.1547
   256        0.00014253     0.000000E+000     0.947759E-006        0.1548
   257        0.00014253     0.000000E+000     0.949333E-006        0.1550
   258        0.00014253     0.000000E+000     0.950837E-006        0.1551
   259        0.00014207     0.000000E+000     0.946250E-006        0.1552
   260        0.00014207     0.000000E+000     0.947605E-006        0.1554
   261        0.00014207     0.000000E+000     0.948894E-006        0.1555
   262        0.00014207     0.000000E+000     0.950120E-006        0.1557
   263        0.00014207     0.000000E+000     0.951284E-006        0.1558
   264        0.00014162     0.000000E+000     0.946286E-006        0.1560
   265        0.00014162     0.000000E+000     0.947319E-006        0.1561
   266        0.00014162     0.000000E+000     0.948294E-006        0.1562
   267        0.00014162     0.000000E+000     0.949212E-006        0.1564
   268        0.00014162     0.000000E+000     0.950075E-006        0.1565
   269        0.00014162     0.000000E+000     0.950883E-006        0.1567
   270        0.00014115     0.000000E+000     0.945443E-006        0.1568
   271        0.00014115     0.000000E+000     0.946139E-006        0.1569
   272        0.00014115     0.000000E+000     0.946784E-006        0.1571
   273        0.00014115     0.000000E+000     0.947381E-006        0.1572
   274        0.00014115     0.000000E+000     0.947929E-006        0.1574
   275        0.00014115     0.000000E+000     0.948430E-006        0.1575
   276        0.00014115     0.000000E+000     0.948885E-006        0.1577
   277        0.00014115     0.000000E+000     0.949295E-006        0.1578
   278        0.00014115     0.000000E+000     0.949660E-006        0.1579
   279        0.00014115     0.000000E+000     0.949983E-006        0.1581
   280        0.00014115     0.000000E+000     0.950263E-006        0.1582
   281        0.00014068     0.000000E+000     0.944104E-006        0.1584
   282        0.00014068     0.000000E+000     0.944300E-006        0.1585
   283        0.00014068     0.000000E+000     0.944457E-006        0.1586
   284        0.00014068     0.000000E+000     0.944575E-006        0.1588
   285        0.00014068     0.000000E+000     0.944657E-006        0.1589
   286        0.00014068     0.000000E+000     0.944701E-006        0.1591
   287        0.00014068     0.000000E+000     0.944710E-006        0.1592
   288        0.00014068     0.000000E+000     0.944683E-006        0.1593
   289        0.00014068     0.000000E+000     0.944622E-006        0.1595
   290        0.00014068     0.000000E+000     0.944528E-006        0.1596
   291        0.00014068     0.000000E+000     0.944401E-006        0.1598
   292        0.00014068     0.000000E+000     0.944241E-006        0.1599
   293        0.00014068     0.000000E+000     0.944050E-006        0.1600
   294        0.00014068     0.000000E+000     0.943829E-006        0.1602
   295        0.00014068     0.000000E+000     0.943577E-006        0.1603
   296        0.00014068     0.000000E+000     0.943296E-006        0.1605
   297        0.00014068     0.000000E+000     0.942986E-006        0.1606
   298        0.00014068     0.000000E+000     0.942647E-006        0.1608
   299        0.00014068     0.000000E+000     0.942282E-006        0.1609
   300        0.00014068     0.000000E+000     0.941889E-006        0.1610
   301        0.00014068     0.000000E+000     0.941470E-006        0.1612
   302        0.00014068     0.000000E+000     0.941024E-006        0.1613
   303        0.00014119     0.000000E+000     0.947442E-006        0.1615
   304        0.00014119     0.000000E+000     0.946942E-006        0.1616
   305        0.00014119     0.000000E+000     0.946416E-006        0.1617
   306        0.00014119     0.000000E+000     0.945867E-006        0.1619
   307        0.00014119     0.000000E+000     0.945295E-006        0.1620
   308        0.00014119     0.000000E+000     0.944699E-006        0.1622
   309        0.00014119     0.000000E+000     0.944081E-006        0.1623
   310        0.00014119     0.000000E+000     0.943440E-006        0.1624
   311        0.00014119     0.000000E+000     0.942778E-006        0.1626
   312        0.00014119     0.000000E+000     0.942095E-006        0.1627
   313        0.00014119     0.000000E+000     0.941392E-006        0.1629
   314        0.00014119     0.000000E+000     0.940668E-006        0.1630
   315        0.00014119     0.000000E+000     0.939924E-006        0.1631
   316        0.00014174     0.000000E+000     0.946412E-006        0.1633
   317        0.00014174     0.000000E+000     0.945621E-006        0.1634
   318        0.00014174     0.000000E+000     0.944812E-006        0.1636
   319        0.00014174     0.000000E+000     0.943984E-006        0.1637
   320        0.00014174     0.000000E+000     0.943137E-006        0.1639
   321        0.00014174     0.000000E+000     0.942274E-006        0.1640
   322        0.00014174     0.000000E+000     0.941393E-006        0.1641
   323        0.00014174     0.000000E+000     0.940495E-006        0.1643
   324        0.00014174     0.000000E+000     0.939580E-006        0.1644
   325        0.00014231     0.000000E+000     0.946189E-006        0.1646
   326        0.00014231     0.000000E+000     0.945231E-006        0.1647
   327        0.00014231     0.000000E+000     0.944257E-006        0.1648
   328        0.00014231     0.000000E+000     0.943269E-006        0.1650
   329        0.00014231     0.000000E+000     0.942265E-006        0.1651
   330        0.00014231     0.000000E+000     0.941246E-006        0.1653
   331        0.00014231     0.000000E+000     0.940213E-006        0.1654
   332        0.00014231     0.000000E+000     0.939166E-006        0.1656
   333        0.00014290     0.000000E+000     0.945923E-006        0.1657
   334        0.00014290     0.000000E+000     0.944835E-006        0.1658
   335        0.00014290     0.000000E+000     0.943734E-006        0.1660
   336        0.00014290     0.000000E+000     0.942620E-006        0.1661
   337        0.00014290     0.000000E+000     0.941493E-006        0.1663
   338        0.00014290     0.000000E+000     0.940354E-006        0.1664
   339        0.00014290     0.000000E+000     0.939202E-006        0.1666
   340        0.00014352     0.000000E+000     0.946125E-006        0.1667
   341        0.00014352     0.000000E+000     0.944934E-006        0.1668
   342        0.00014352     0.000000E+000     0.943732E-006        0.1670
   343        0.00014352     0.000000E+000     0.942518E-006        0.1671
   344        0.00014352     0.000000E+000     0.941293E-006        0.1673
   345        0.00014352     0.000000E+000     0.940058E-006        0.1674
   346        0.00014352     0.000000E+000     0.938811E-006        0.1676
   347        0.00014416     0.000000E+000     0.945927E-006        0.1677
   348        0.00014416     0.000000E+000     0.944643E-006        0.1679
   349        0.00014416     0.000000E+000     0.943349E-006        0.1680
   350        0.00014416     0.000000E+000     0.942045E-006        0.1681
   351        0.00014416     0.000000E+000     0.940731E-006        0.1683
   352        0.00014416     0.000000E+000     0.939408E-006        0.1684
   353        0.00014416     0.000000E+000     0.938076E-006        0.1686
   354        0.00014482     0.000000E+000     0.945410E-006        0.1687
   355        0.00014482     0.000000E+000     0.944042E-006        0.1689
   356        0.00014482     0.000000E+000     0.942664E-006        0.1690
   357        0.00014482     0.000000E+000     0.941278E-006        0.1692
   358        0.00014482     0.000000E+000     0.939884E-006        0.1693
   359        0.00014482     0.000000E+000     0.938481E-006        0.1694
   360        0.00014482     0.000000E+000     0.937071E-006        0.1696
   361        0.00014552     0.000000E+000     0.944653E-006        0.1697
   362        0.00014552     0.000000E+000     0.943207E-006        0.1699
   363        0.00014552     0.000000E+000     0.941753E-006        0.1700
   364        0.00014552     0.000000E+000     0.940292E-006        0.1702
   365        0.00014552     0.000000E+000     0.938824E-006        0.1703
   366        0.00014552     0.000000E+000     0.937349E-006        0.1705
   367        0.00014624     0.000000E+000     0.945184E-006        0.1706
   368        0.00014624     0.000000E+000     0.943673E-006        0.1708
   369        0.00014624     0.000000E+000     0.942156E-006        0.1709
   370        0.00014624     0.000000E+000     0.940633E-006        0.1710
   371        0.00014624     0.000000E+000     0.939103E-006        0.1712
   372        0.00014624     0.000000E+000     0.937568E-006        0.1713
   373        0.00014624     0.000000E+000     0.936026E-006        0.1715
   374        0.00014700     0.000000E+000     0.944168E-006        0.1716
   375        0.00014700     0.000000E+000     0.942592E-006        0.1718
   376        0.00014700     0.000000E+000     0.941010E-006        0.1719
   377        0.00014700     0.000000E+000     0.939422E-006        0.1721
   378        0.00014700     0.000000E+000     0.937829E-006        0.1722
   379        0.00014700     0.000000E+000     0.936232E-006        0.1724
   380        0.00014779     0.000000E+000     0.944686E-006        0.1725
   381        0.00014779     0.000000E+000     0.943053E-006        0.1727
   382        0.00014779     0.000000E+000     0.941415E-006        0.1728
   383        0.00014779     0.000000E+000     0.939773E-006        0.1730
   384        0.00014779     0.000000E+000     0.938126E-006        0.1731
   385        0.00014779     0.000000E+000     0.936476E-006        0.1732
   386        0.00014779     0.000000E+000     0.934821E-006        0.1734
   387        0.00014862     0.000000E+000     0.943656E-006        0.1735
   388        0.00014862     0.000000E+000     0.941965E-006        0.1737
   389        0.00014862     0.000000E+000     0.940271E-006        0.1738
   390        0.00014862     0.000000E+000     0.938574E-006        0.1740
   391        0.00014862     0.000000E+000     0.936873E-006        0.1741
   392        0.00014862     0.000000E+000     0.935168E-006        0.1743
   393        0.00014949     0.000000E+000     0.944388E-006        0.1744
   394        0.00014949     0.000000E+000     0.942648E-006        0.1746
   395        0.00014949     0.000000E+000     0.940904E-006        0.1747
   396        0.00014949     0.000000E+000     0.939158E-006        0.1749
   397        0.00014949     0.000000E+000     0.937409E-006        0.1750
   398        0.00014949     0.000000E+000     0.935657E-006        0.1752
   399        0.00014949     0.000000E+000     0.933904E-006        0.1753
   400        0.00015041     0.000000E+000     0.943597E-006        0.1755
   401        0.00015041     0.000000E+000     0.941806E-006        0.1756
   402        0.00015041     0.000000E+000     0.940013E-006        0.1758
   403        0.00015041     0.000000E+000     0.938218E-006        0.1759
   404        0.00015041     0.000000E+000     0.936422E-006        0.1761
   405        0.00015041     0.000000E+000     0.934623E-006        0.1762
   406        0.00015041     0.000000E+000     0.932823E-006        0.1764
   407        0.00015138     0.000000E+000     0.943049E-006        0.1765
   408        0.00015138     0.000000E+000     0.941212E-006        0.1767
   409        0.00015138     0.000000E+000     0.939373E-006        0.1768
   410        0.00015138     0.000000E+000     0.937533E-006        0.1770
   411        0.00015138     0.000000E+000     0.935692E-006        0.1771
   412        0.00015138     0.000000E+000     0.933850E-006        0.1773
   413        0.00015138     0.000000E+000     0.932007E-006        0.1774
   414        0.00015241     0.000000E+000     0.942836E-006        0.1776
   415        0.00015241     0.000000E+000     0.940954E-006        0.1777
   416        0.00015241     0.000000E+000     0.939072E-006        0.1779
   417        0.00015241     0.000000E+000     0.937190E-006        0.1781
   418        0.00015241     0.000000E+000     0.935307E-006        0.1782
   419        0.00015241     0.000000E+000     0.933424E-006        0.1784
   420        0.00015241     0.000000E+000     0.931542E-006        0.1785
   421        0.00015351     0.000000E+000     0.943056E-006        0.1787
   422        0.00015351     0.000000E+000     0.941133E-006        0.1788
   423        0.00015351     0.000000E+000     0.939210E-006        0.1790
   424        0.00015351     0.000000E+000     0.937288E-006        0.1791
   425        0.00015351     0.000000E+000     0.935367E-006        0.1793
   426        0.00015351     0.000000E+000     0.933446E-006        0.1794
   427        0.00015351     0.000000E+000     0.931526E-006        0.1796
   428        0.00015468     0.000000E+000     0.943824E-006        0.1797
   429        0.00015468     0.000000E+000     0.941862E-006        0.1799
   430        0.00015468     0.000000E+000     0.939901E-006        0.1800
   431        0.00015468     0.000000E+000     0.937942E-006        0.1802
   432        0.00015468     0.000000E+000     0.935984E-006        0.1804
   433        0.00015468     0.000000E+000     0.934027E-006        0.1805
   434        0.00015468     0.000000E+000     0.932072E-006        0.1807
   435        0.00015468     0.000000E+000     0.930119E-006        0.1808
   436        0.00015595     0.000000E+000     0.943414E-006        0.1810
   437        0.00015595     0.000000E+000     0.941417E-006        0.1811
   438        0.00015595     0.000000E+000     0.939421E-006        0.1813
   439        0.00015595     0.000000E+000     0.937428E-006        0.1814
   440        0.00015595     0.000000E+000     0.935438E-006        0.1816
   441        0.00015595     0.000000E+000     0.933450E-006        0.1818
   442        0.00015595     0.000000E+000     0.931464E-006        0.1819
   443        0.00015595     0.000000E+000     0.929482E-006        0.1821
   444        0.00015595     0.000000E+000     0.927502E-006        0.1822
   445        0.00015734     0.000000E+000     0.942090E-006        0.1824
   446        0.00015734     0.000000E+000     0.940063E-006        0.1825
   447        0.00015734     0.000000E+000     0.938039E-006        0.1827
   448        0.00015734     0.000000E+000     0.936019E-006        0.1829
   449        0.00015734     0.000000E+000     0.934002E-006        0.1830
   450        0.00015734     0.000000E+000     0.931988E-006        0.1832
   451        0.00015734     0.000000E+000     0.929978E-006        0.1833
   452        0.00015734     0.000000E+000     0.927972E-006        0.1835
   453        0.00015734     0.000000E+000     0.925970E-006        0.1836
   454        0.00015888     0.000000E+000     0.942139E-006        0.1838
   455        0.00015888     0.000000E+000     0.940086E-006        0.1840
   456        0.00015888     0.000000E+000     0.938037E-006        0.1841
   457        0.00015888     0.000000E+000     0.935993E-006        0.1843
   458        0.00015888     0.000000E+000     0.933954E-006        0.1844
   459        0.00015888     0.000000E+000     0.931920E-006        0.1846
   460        0.00015888     0.000000E+000     0.929890E-006        0.1847
   461        0.00015888     0.000000E+000     0.927865E-006        0.1849
   462        0.00015888     0.000000E+000     0.925846E-006        0.1851
   463        0.00015888     0.000000E+000     0.923831E-006        0.1852
   464        0.00015888     0.000000E+000     0.921822E-006        0.1854
   465        0.00016065     0.000000E+000     0.940326E-006        0.1855
   466        0.00016065     0.000000E+000     0.938261E-006        0.1857
   467        0.00016065     0.000000E+000     0.936202E-006        0.1859
   468        0.00016065     0.000000E+000     0.934148E-006        0.1860
   469        0.00016065     0.000000E+000     0.932101E-006        0.1862
   470        0.00016065     0.000000E+000     0.930060E-006        0.1863
   471        0.00016065     0.000000E+000     0.928025E-006        0.1865
   472        0.00016065     0.000000E+000     0.925997E-006        0.1867
   473        0.00016065     0.000000E+000     0.923975E-006        0.1868
   474        0.00016065     0.000000E+000     0.921960E-006        0.1870
   475        0.00016065     0.000000E+000     0.919952E-006        0.1871
   476        0.00016065     0.000000E+000     0.917951E-006        0.1873
   477        0.00016273     0.000000E+000     0.939847E-006        0.1875
   478        0.00016273     0.000000E+000     0.937782E-006        0.1876
   479        0.00016273     0.000000E+000     0.935724E-006        0.1878
   480        0.00016273     0.000000E+000     0.933675E-006        0.1880
   481        0.00016273     0.000000E+000     0.931633E-006        0.1881
   482        0.00016273     0.000000E+000     0.929599E-006        0.1883
   483        0.00016273     0.000000E+000     0.927573E-006        0.1884
   484        0.00016273     0.000000E+000     0.925556E-006        0.1886
   485        0.00016273     0.000000E+000     0.923547E-006        0.1888
   486        0.00016273     0.000000E+000     0.921547E-006        0.1889
   487        0.00016273     0.000000E+000     0.919555E-006        0.1891
   488        0.00016273     0.000000E+000     0.917572E-006        0.1893
   489        0.00016273     0.000000E+000     0.915598E-006        0.1894
   490        0.00016273     0.000000E+000     0.913633E-006        0.1896
   491        0.00016273     0.000000E+000     0.911677E-006        0.1897
   492        0.00016273     0.000000E+000     0.909731E-006        0.1899
   493        0.00016544     0.000000E+000     0.938231E-006        0.1901
   494        0.00016544     0.000000E+000     0.936206E-006        0.1902
   495        0.00016544     0.000000E+000     0.934191E-006        0.1904
   496        0.00016544     0.000000E+000     0.932187E-006        0.1906
   497        0.00016544     0.000000E+000     0.930193E-006        0.1907
   498        0.00016544     0.000000E+000     0.928210E-006        0.1909
   499        0.00016544     0.000000E+000     0.926238E-006        0.1911
   500        0.00016544     0.000000E+000     0.924276E-006        0.1912
   501        0.00016544     0.000000E+000     0.922326E-006        0.1914
   502        0.00016544     0.000000E+000     0.920388E-006        0.1916
   503        0.00016544     0.000000E+000     0.918461E-006        0.1917
   504        0.00016544     0.000000E+000     0.916545E-006        0.1919
   505        0.00016544     0.000000E+000     0.914642E-006        0.1921
   506        0.00016544     0.000000E+000     0.912750E-006        0.1922
   507        0.00016544     0.000000E+000     0.910870E-006        0.1924
   508        0.00016544     0.000000E+000     0.909003E-006        0.1926
   509        0.00016544     0.000000E+000     0.907148E-006        0.1927
   510        0.00016544     0.000000E+000     0.905305E-006        0.1929
   511        0.00016544     0.000000E+000     0.903476E-006        0.1931
   512        0.00016544     0.000000E+000     0.901659E-006        0.1932
   513        0.00016544     0.000000E+000     0.899855E-006        0.1934
   514        0.00016544     0.000000E+000     0.898064E-006        0.1935
   515        0.00016544     0.000000E+000     0.896287E-006        0.1937
   516        0.00016544     0.000000E+000     0.894523E-006        0.1939
   517        0.00016544     0.000000E+000     0.892773E-006        0.1940
   518        0.00016544     0.000000E+000     0.891037E-006        0.1942
   519        0.00016544     0.000000E+000     0.889314E-006        0.1944
   520        0.00016544     0.000000E+000     0.887606E-006        0.1945
   521        0.00016544     0.000000E+000     0.885913E-006        0.1947
   522        0.00016544     0.000000E+000     0.884233E-006        0.1949
   523        0.00016544     0.000000E+000     0.882569E-006        0.1950
   524        0.00016544     0.000000E+000     0.880919E-006        0.1952
   525        0.00016544     0.000000E+000     0.879285E-006        0.1954
   526        0.00016544     0.000000E+000     0.877666E-006        0.1955
   527        0.00016544     0.000000E+000     0.876062E-006        0.1957
   528        0.00016544     0.000000E+000     0.874474E-006        0.1959
   529        0.00016544     0.000000E+000     0.872902E-006        0.1960
   530        0.00016544     0.000000E+000     0.871347E-006        0.1962
   531        0.00016544     0.000000E+000     0.869807E-006        0.1964
   532        0.00016544     0.000000E+000     0.868284E-006        0.1965
   533        0.00016544     0.000000E+000     0.866778E-006        0.1967
   534        0.00016544     0.000000E+000     0.865289E-006        0.1969
   535        0.00016544     0.000000E+000     0.863817E-006        0.1970
   536        0.00016544     0.000000E+000     0.862363E-006        0.1972
   537        0.00016544     0.000000E+000     0.860927E-006        0.1974
   538        0.00016544     0.000000E+000     0.859508E-006        0.1975
   539        0.00016544     0.000000E+000     0.858108E-006        0.1977
   540        0.00016544     0.000000E+000     0.856727E-006        0.1978
   541        0.00016544     0.000000E+000     0.855364E-006        0.1980
   542        0.00016544     0.000000E+000     0.854020E-006        0.1982
   543        0.00016544     0.000000E+000     0.852696E-006        0.1983
   544        0.00016544     0.000000E+000     0.851392E-006        0.1985
   545        0.00016544     0.000000E+000     0.850107E-006        0.1987
   546        0.00016544     0.000000E+000     0.848843E-006        0.1988
   547        0.00016544     0.000000E+000     0.847599E-006        0.1990
   548        0.00016544     0.000000E+000     0.846376E-006        0.1992
   549        0.00016544     0.000000E+000     0.845175E-006        0.1993
   550        0.00016544     0.000000E+000     0.843995E-006        0.1995
   551        0.00016544     0.000000E+000     0.842836E-006        0.1997
   552        0.00016544     0.000000E+000     0.841700E-006        0.1998
   553        0.00017301     0.000000E+000     0.918959E-006        0.2000
   554        0.00017514     0.000000E+000     0.940312E-006        0.2002
   555        0.00017575     0.000000E+000     0.945658E-006        0.2003
   556        0.00017606     0.000000E+000     0.947741E-006        0.2005
   557        0.00017606     0.000000E+000     0.946511E-006        0.2007
   558        0.00017606     0.000000E+000     0.945311E-006        0.2009
   559        0.00017638     0.000000E+000     0.947498E-006        0.2011
   560        0.00017638     0.000000E+000     0.946352E-006        0.2012
   561        0.00017638     0.000000E+000     0.945236E-006        0.2014
   562        0.00017669     0.000000E+000     0.947530E-006        0.2016
   563        0.00017669     0.000000E+000     0.946468E-006        0.2018
   564        0.00017669     0.000000E+000     0.945435E-006        0.2019
   565        0.00017701     0.000000E+000     0.947838E-006        0.2021
   566        0.00017701     0.000000E+000     0.946857E-006        0.2023
   567        0.00017701     0.000000E+000     0.945904E-006        0.2025
   568        0.00017701     0.000000E+000     0.944978E-006        0.2026
   569        0.00017734     0.000000E+000     0.947513E-006        0.2028
   570        0.00017734     0.000000E+000     0.946631E-006        0.2030
   571        0.00017734     0.000000E+000     0.945771E-006        0.2032
   572        0.00017734     0.000000E+000     0.944931E-006        0.2034
   573        0.00017766     0.000000E+000     0.947575E-006        0.2035
   574        0.00017766     0.000000E+000     0.946763E-006        0.2037
   575        0.00017766     0.000000E+000     0.945962E-006        0.2039
   576        0.00017766     0.000000E+000     0.945168E-006        0.2041
   577        0.00017799     0.000000E+000     0.947878E-006        0.2042
   578        0.00017799     0.000000E+000     0.947082E-006        0.2044
   579        0.00017799     0.000000E+000     0.946280E-006        0.2046
   580        0.00017799     0.000000E+000     0.945466E-006        0.2048
   581        0.00017799     0.000000E+000     0.944634E-006        0.2050
   582        0.00017833     0.000000E+000     0.947315E-006        0.2051
   583        0.00017833     0.000000E+000     0.946422E-006        0.2053
   584        0.00017833     0.000000E+000     0.945490E-006        0.2055
   585        0.00017833     0.000000E+000     0.944511E-006        0.2057
   586        0.00017867     0.000000E+000     0.947045E-006        0.2058
   587        0.00017867     0.000000E+000     0.945941E-006        0.2060
   588        0.00017867     0.000000E+000     0.944765E-006        0.2062
   589        0.00017901     0.000000E+000     0.947106E-006        0.2064
   590        0.00017901     0.000000E+000     0.945756E-006        0.2066
   591        0.00017901     0.000000E+000     0.944311E-006        0.2067
   592        0.00017935     0.000000E+000     0.946388E-006        0.2069
   593        0.00017935     0.000000E+000     0.944734E-006        0.2071
   594        0.00017970     0.000000E+000     0.946619E-006        0.2073
   595        0.00017970     0.000000E+000     0.944753E-006        0.2075
   596        0.00018005     0.000000E+000     0.946461E-006        0.2076
   597        0.00018005     0.000000E+000     0.944422E-006        0.2078
   598        0.00018040     0.000000E+000     0.946020E-006        0.2080
   599        0.00018040     0.000000E+000     0.943903E-006        0.2082
   600        0.00018076     0.000000E+000     0.945492E-006        0.2084
   601        0.00018076     0.000000E+000     0.943373E-006        0.2085
   602        0.00018112     0.000000E+000     0.944971E-006        0.2087
   603        0.00018148     0.000000E+000     0.946549E-006        0.2089
   604        0.00018148     0.000000E+000     0.944321E-006        0.2091
   605        0.00018184     0.000000E+000     0.945789E-006        0.2093
   606        0.00018184     0.000000E+000     0.943401E-006        0.2094
   607        0.00018221     0.000000E+000     0.944707E-006        0.2096
   608        0.00018258     0.000000E+000     0.945924E-006        0.2098
   609        0.00018258     0.000000E+000     0.943224E-006        0.2100
   610        0.00018295     0.000000E+000     0.944241E-006        0.2102
   611        0.00018332     0.000000E+000     0.945154E-006        0.2104
   612        0.00018332     0.000000E+000     0.942108E-006        0.2105
   613        0.00018370     0.000000E+000     0.942806E-006        0.2107
   614        0.00018408     0.000000E+000     0.943398E-006        0.2109
   615        0.00018446     0.000000E+000     0.943884E-006        0.2111
   616        0.00018485     0.000000E+000     0.944266E-006        0.2113
   617        0.00018523     0.000000E+000     0.944545E-006        0.2115
   618        0.00018562     0.000000E+000     0.944724E-006        0.2116
   619        0.00018601     0.000000E+000     0.944808E-006        0.2118
   620        0.00018641     0.000000E+000     0.944800E-006        0.2120
   621        0.00018681     0.000000E+000     0.944705E-006        0.2122
   622        0.00018720     0.000000E+000     0.944529E-006        0.2124
   623        0.00018761     0.000000E+000     0.944278E-006        0.2126
   624        0.00018801     0.000000E+000     0.943958E-006        0.2128
   625        0.00018842     0.000000E+000     0.943575E-006        0.2130
   626        0.00018883     0.000000E+000     0.943138E-006        0.2131
   627        0.00018924     0.000000E+000     0.942651E-006        0.2133
   628        0.00018965     0.000000E+000     0.942122E-006        0.2135
   629        0.00019007     0.000000E+000     0.941557E-006        0.2137
   630        0.00019049     0.000000E+000     0.940964E-006        0.2139
   631        0.00019092     0.000000E+000     0.940348E-006        0.2141
   632        0.00019134     0.000000E+000     0.939716E-006        0.2143
   633        0.00019177     0.000000E+000     0.939073E-006        0.2145
   634        0.00019220     0.000000E+000     0.938426E-006        0.2147
   635        0.00019308     0.000000E+000     0.942017E-006        0.2149
   636        0.00019351     0.000000E+000     0.941371E-006        0.2150
   637        0.00019396     0.000000E+000     0.940734E-006        0.2152
   638        0.00019440     0.000000E+000     0.940111E-006        0.2154
   639        0.00019485     0.000000E+000     0.939507E-006        0.2156
   640        0.00019530     0.000000E+000     0.938924E-006        0.2158
   641        0.00019576     0.000000E+000     0.938366E-006        0.2160
   642        0.00019668     0.000000E+000     0.942225E-006        0.2162
   643        0.00019714     0.000000E+000     0.941723E-006        0.2164
   644        0.00019761     0.000000E+000     0.941255E-006        0.2166
   645        0.00019808     0.000000E+000     0.940822E-006        0.2168
   646        0.00019855     0.000000E+000     0.940427E-006        0.2170
   647        0.00019903     0.000000E+000     0.940071E-006        0.2172
   648        0.00019951     0.000000E+000     0.939756E-006        0.2174
   649        0.00020000     0.000000E+000     0.939483E-006        0.2176
   650        0.00020048     0.000000E+000     0.939253E-006        0.2178
   651        0.00020098     0.000000E+000     0.939066E-006        0.2180
   652        0.00020147     0.000000E+000     0.938923E-006        0.2182
   653        0.00020197     0.000000E+000     0.938825E-006        0.2184
   654        0.00020247     0.000000E+000     0.938771E-006        0.2186
   655        0.00020298     0.000000E+000     0.938761E-006        0.2188
   656        0.00020349     0.000000E+000     0.938795E-006        0.2190
   657        0.00020400     0.000000E+000     0.938873E-006        0.2192
   658        0.00020452     0.000000E+000     0.938994E-006        0.2194
   659        0.00020504     0.000000E+000     0.939158E-006        0.2196
   660        0.00020557     0.000000E+000     0.939362E-006        0.2198
   661        0.00020610     0.000000E+000     0.939607E-006        0.2200
   662        0.00020663     0.000000E+000     0.939891E-006        0.2202
   663        0.00020717     0.000000E+000     0.940212E-006        0.2204
   664        0.00020771     0.000000E+000     0.940569E-006        0.2207
   665        0.00020826     0.000000E+000     0.940960E-006        0.2209
   666        0.00020881     0.000000E+000     0.941383E-006        0.2211
   667        0.00020936     0.000000E+000     0.941835E-006        0.2213
   668        0.00020992     0.000000E+000     0.942315E-006        0.2215
   669        0.00021049     0.000000E+000     0.942821E-006        0.2217
   670        0.00021106     0.000000E+000     0.943349E-006        0.2219
   671        0.00021163     0.000000E+000     0.943897E-006        0.2221
   672        0.00021163     0.000000E+000     0.939349E-006        0.2223
   673        0.00021221     0.000000E+000     0.939924E-006        0.2225
   674        0.00021280     0.000000E+000     0.940510E-006        0.2228
   675        0.00021338     0.000000E+000     0.941103E-006        0.2230
   676        0.00021398     0.000000E+000     0.941701E-006        0.2232
   677        0.00021458     0.000000E+000     0.942300E-006        0.2234
   678        0.00021518     0.000000E+000     0.942897E-006        0.2236
   679        0.00021579     0.000000E+000     0.943488E-006        0.2238
   680        0.00021579     0.000000E+000     0.938742E-006        0.2240
   681        0.00021641     0.000000E+000     0.939307E-006        0.2243
   682        0.00021703     0.000000E+000     0.939855E-006        0.2245
   683        0.00021766     0.000000E+000     0.940383E-006        0.2247
   684        0.00021829     0.000000E+000     0.940888E-006        0.2249
   685        0.00021893     0.000000E+000     0.941367E-006        0.2251
   686        0.00021957     0.000000E+000     0.941815E-006        0.2253
   687        0.00022022     0.000000E+000     0.942229E-006        0.2256
   688        0.00022088     0.000000E+000     0.942607E-006        0.2258
   689        0.00022154     0.000000E+000     0.942945E-006        0.2260
   690        0.00022154     0.000000E+000     0.937615E-006        0.2262
   691        0.00022221     0.000000E+000     0.937862E-006        0.2264
   692        0.00022288     0.000000E+000     0.938063E-006        0.2267
   693        0.00022357     0.000000E+000     0.938205E-006        0.2269
   694        0.00022425     0.000000E+000     0.938304E-006        0.2271
   695        0.00022495     0.000000E+000     0.938344E-006        0.2273
   696        0.00022565     0.000000E+000     0.938333E-006        0.2276
   697        0.00022636     0.000000E+000     0.938262E-006        0.2278
   698        0.00022707     0.000000E+000     0.938136E-006        0.2280
   699        0.00022779     0.000000E+000     0.937949E-006        0.2282
   700        0.00022852     0.000000E+000     0.937704E-006        0.2285
   701        0.00022925     0.000000E+000     0.937400E-006        0.2287
   702        0.00023000     0.000000E+000     0.937036E-006        0.2289
   703        0.00023074     0.000000E+000     0.936613E-006        0.2292
   704        0.00023150     0.000000E+000     0.936132E-006        0.2294
   705        0.00023227     0.000000E+000     0.935595E-006        0.2296
   706        0.00023304     0.000000E+000     0.935002E-006        0.2299
   707        0.00023382     0.000000E+000     0.934357E-006        0.2301
   708        0.00023460     0.000000E+000     0.933660E-006        0.2303
   709        0.00023540     0.000000E+000     0.932915E-006        0.2306
   710        0.00023701     0.000000E+000     0.938481E-006        0.2308
   711        0.00023783     0.000000E+000     0.937638E-006        0.2310
   712        0.00023865     0.000000E+000     0.936753E-006        0.2313
   713        0.00023949     0.000000E+000     0.935832E-006        0.2315
   714        0.00024033     0.000000E+000     0.934879E-006        0.2317
   715        0.00024118     0.000000E+000     0.933895E-006        0.2320
   716        0.00024205     0.000000E+000     0.932886E-006        0.2322
   717        0.00024292     0.000000E+000     0.931855E-006        0.2325
   718        0.00024468     0.000000E+000     0.937548E-006        0.2327
   719        0.00024558     0.000000E+000     0.936475E-006        0.2330
   720        0.00024649     0.000000E+000     0.935394E-006        0.2332
   721        0.00024740     0.000000E+000     0.934307E-006        0.2334
   722        0.00024833     0.000000E+000     0.933220E-006        0.2337
   723        0.00024927     0.000000E+000     0.932136E-006        0.2339
   724        0.00025021     0.000000E+000     0.931059E-006        0.2342
   725        0.00025214     0.000000E+000     0.937117E-006        0.2344
   726        0.00025312     0.000000E+000     0.936054E-006        0.2347
   727        0.00025410     0.000000E+000     0.935009E-006        0.2349
   728        0.00025510     0.000000E+000     0.933985E-006        0.2352
   729        0.00025612     0.000000E+000     0.932986E-006        0.2355
   730        0.00025714     0.000000E+000     0.932012E-006        0.2357
   731        0.00025818     0.000000E+000     0.931067E-006        0.2360
   732        0.00025923     0.000000E+000     0.930153E-006        0.2362
   733        0.00026029     0.000000E+000     0.929269E-006        0.2365
   734        0.00026245     0.000000E+000     0.936089E-006        0.2367
   735        0.00026355     0.000000E+000     0.935260E-006        0.2370
   736        0.00026466     0.000000E+000     0.934464E-006        0.2373
   737        0.00026579     0.000000E+000     0.933700E-006        0.2375
   738        0.00026693     0.000000E+000     0.932968E-006        0.2378
   739        0.00026808     0.000000E+000     0.932267E-006        0.2381
   740        0.00026925     0.000000E+000     0.931594E-006        0.2383
   741        0.00027044     0.000000E+000     0.930948E-006        0.2386
   742        0.00027164     0.000000E+000     0.930328E-006        0.2389
   743        0.00027286     0.000000E+000     0.929729E-006        0.2392
   744        0.00027409     0.000000E+000     0.929150E-006        0.2394
   745        0.00027535     0.000000E+000     0.928588E-006        0.2397
   746        0.00027661     0.000000E+000     0.928040E-006        0.2400
   747        0.00027790     0.000000E+000     0.927503E-006        0.2403
   748        0.00027921     0.000000E+000     0.926972E-006        0.2405
   749        0.00028053     0.000000E+000     0.926444E-006        0.2408
   750        0.00028323     0.000000E+000     0.934777E-006        0.2411
   751        0.00028460     0.000000E+000     0.934235E-006        0.2414
   752        0.00028600     0.000000E+000     0.933682E-006        0.2417
   753        0.00028741     0.000000E+000     0.933114E-006        0.2419
   754        0.00028885     0.000000E+000     0.932523E-006        0.2422
   755        0.00029031     0.000000E+000     0.931905E-006        0.2425
   756        0.00029179     0.000000E+000     0.931251E-006        0.2428
   757        0.00029329     0.000000E+000     0.930556E-006        0.2431
   758        0.00029482     0.000000E+000     0.929811E-006        0.2434
   759        0.00029637     0.000000E+000     0.929007E-006        0.2437
   760        0.00029795     0.000000E+000     0.928137E-006        0.2440
   761        0.00029955     0.000000E+000     0.927189E-006        0.2443
   762        0.00030118     0.000000E+000     0.926151E-006        0.2446
   763        0.00030283     0.000000E+000     0.925022E-006        0.2449
   764        0.00030452     0.000000E+000     0.923780E-006        0.2452
   765        0.00030623     0.000000E+000     0.922429E-006        0.2455
   766        0.00030797     0.000000E+000     0.920945E-006        0.2458
   767        0.00031153     0.000000E+000     0.929895E-006        0.2461
   768        0.00031335     0.000000E+000     0.928096E-006        0.2464
   769        0.00031520     0.000000E+000     0.926137E-006        0.2467
   770        0.00031709     0.000000E+000     0.924010E-006        0.2470
   771        0.00031901     0.000000E+000     0.921707E-006        0.2474
   772        0.00032097     0.000000E+000     0.919214E-006        0.2477
   773        0.00032498     0.000000E+000     0.927838E-006        0.2480
   774        0.00032704     0.000000E+000     0.924897E-006        0.2483
   775        0.00032913     0.000000E+000     0.921742E-006        0.2487
   776        0.00033127     0.000000E+000     0.918366E-006        0.2490
   777        0.00033345     0.000000E+000     0.914780E-006        0.2493
   778        0.00033793     0.000000E+000     0.923129E-006        0.2496
   779        0.00034023     0.000000E+000     0.919012E-006        0.2500
   780        0.00034257     0.000000E+000     0.914672E-006        0.2503
   781        0.00034740     0.000000E+000     0.922848E-006        0.2507
   782        0.00034988     0.000000E+000     0.917949E-006        0.2510
   783        0.00035241     0.000000E+000     0.912829E-006        0.2514
   784        0.00035764     0.000000E+000     0.920851E-006        0.2517
   785        0.00036032     0.000000E+000     0.915172E-006        0.2521
   786        0.00036307     0.000000E+000     0.909275E-006        0.2524
   787        0.00036875     0.000000E+000     0.917206E-006        0.2528
   788        0.00037167     0.000000E+000     0.910764E-006        0.2532
   789        0.00037772     0.000000E+000     0.918745E-006        0.2535
   790        0.00038084     0.000000E+000     0.911765E-006        0.2539
   791        0.00038404     0.000000E+000     0.904608E-006        0.2543
   792        0.00039066     0.000000E+000     0.912664E-006        0.2547
   793        0.00039409     0.000000E+000     0.904992E-006        0.2551
   794        0.00040119     0.000000E+000     0.913238E-006        0.2555
   795        0.00040487     0.000000E+000     0.905058E-006        0.2559
   796        0.00040865     0.000000E+000     0.896737E-006        0.2563
   797        0.00041651     0.000000E+000     0.905287E-006        0.2567
   798        0.00042060     0.000000E+000     0.896495E-006        0.2571
   799        0.00042909     0.000000E+000     0.905436E-006        0.2575
   800        0.00043352     0.000000E+000     0.896207E-006        0.2579
   801        0.00044274     0.000000E+000     0.905698E-006        0.2584
   802        0.00044755     0.000000E+000     0.896121E-006        0.2588
   803        0.00045761     0.000000E+000     0.906389E-006        0.2593
   804        0.00046287     0.000000E+000     0.896604E-006        0.2597
   805        0.00046831     0.000000E+000     0.886942E-006        0.2602
   806        0.00047974     0.000000E+000     0.898735E-006        0.2607
   807        0.00048573     0.000000E+000     0.889105E-006        0.2611
   808        0.00049196     0.000000E+000     0.879734E-006        0.2616
   809        0.00050508     0.000000E+000     0.893781E-006        0.2621
   810        0.00051200     0.000000E+000     0.884749E-006        0.2626
   811        0.00051921     0.000000E+000     0.876173E-006        0.2631
   812        0.00053448     0.000000E+000     0.893546E-006        0.2637
   813        0.00054258     0.000000E+000     0.885766E-006        0.2642
   814        0.00055106     0.000000E+000     0.878688E-006        0.2647
   815        0.00055995     0.000000E+000     0.872385E-006        0.2653
   816        0.00056928     0.000000E+000     0.866933E-006        0.2658
   817        0.00058925     0.000000E+000     0.892585E-006        0.2664
   818        0.00059997     0.000000E+000     0.888907E-006        0.2670
   819        0.00061129     0.000000E+000     0.886403E-006        0.2676
   820        0.00062327     0.000000E+000     0.885173E-006        0.2682
   821        0.00063599     0.000000E+000     0.885325E-006        0.2688
   822        0.00064952     0.000000E+000     0.886983E-006        0.2695
   823        0.00066396     0.000000E+000     0.890286E-006        0.2701
   824        0.00067940     0.000000E+000     0.895397E-006        0.2708
   825        0.00067940     0.000000E+000     0.860515E-006        0.2715
   826        0.00069638     0.000000E+000     0.869172E-006        0.2721
   827        0.00071471     0.000000E+000     0.880111E-006        0.2728
   828        0.00073456     0.000000E+000     0.893641E-006        0.2736
   829        0.00073456     0.000000E+000     0.859439E-006        0.2743
   830        0.00075682     0.000000E+000     0.877660E-006        0.2750
   831        0.00075682     0.000000E+000     0.844734E-006        0.2758
   832        0.00078205     0.000000E+000     0.868347E-006        0.2765
   833        0.00078205     0.000000E+000     0.836337E-006        0.2773
   834        0.00081101     0.000000E+000     0.866393E-006        0.2781
   835        0.00081101     0.000000E+000     0.834896E-006        0.2789
   836        0.00084481     0.000000E+000     0.872987E-006        0.2797
   837        0.00084481     0.000000E+000     0.841528E-006        0.2806
   838        0.00088503     0.000000E+000     0.890144E-006        0.2814
   839        0.00088503     0.000000E+000     0.858126E-006        0.2823
   840        0.00088503     0.000000E+000     0.827957E-006        0.2832
   841        0.00088503     0.000000E+000     0.799477E-006        0.2841
   842        0.00094035     0.000000E+000     0.870907E-006        0.2850
   843        0.00094035     0.000000E+000     0.840391E-006        0.2859
   844        0.00094035     0.000000E+000     0.811513E-006        0.2868
   845        0.00094035     0.000000E+000     0.784131E-006        0.2878
   846        0.00094035     0.000000E+000     0.758119E-006        0.2887
   847        0.00094035     0.000000E+000     0.733365E-006        0.2897
   848        0.00094035     0.000000E+000     0.709767E-006        0.2906
   849        0.00094035     0.000000E+000     0.687234E-006        0.2915
   850        0.00094035     0.000000E+000     0.665685E-006        0.2925
   851        0.00094035     0.000000E+000     0.645046E-006        0.2934
   852        0.00094035     0.000000E+000     0.625252E-006        0.2944
   853        0.00094035     0.000000E+000     0.606243E-006        0.2953
   854        0.00094035     0.000000E+000     0.587964E-006        0.2962
   855        0.00094035     0.000000E+000     0.570368E-006        0.2972
   856        0.00094035     0.000000E+000     0.553409E-006        0.2981
   857        0.00094035     0.000000E+000     0.537049E-006        0.2991
   858        0.00116279     0.000000E+000     0.792620E-006        0.3000
   859        0.00123547     0.000000E+000     0.860932E-006        0.3012
   860        0.00126756     0.000000E+000     0.870962E-006        0.3024
   861        0.00130181     0.000000E+000     0.882090E-006        0.3037
   862        0.00133848     0.000000E+000     0.894412E-006        0.3050
   863        0.00135788     0.000000E+000     0.882357E-006        0.3063
   864        0.00137815     0.000000E+000     0.870670E-006        0.3077
   865        0.00142122     0.000000E+000     0.885895E-006        0.3090
   866        0.00144414     0.000000E+000     0.874359E-006        0.3105
   867        0.00146821     0.000000E+000     0.863151E-006        0.3119
   868        0.00151972     0.000000E+000     0.881826E-006        0.3134
   869        0.00154736     0.000000E+000     0.870685E-006        0.3149
   870        0.00157655     0.000000E+000     0.859871E-006        0.3164
   871        0.00160746     0.000000E+000     0.849388E-006        0.3180
   872        0.00167444     0.000000E+000     0.873795E-006        0.3196
   873        0.00171084     0.000000E+000     0.863398E-006        0.3213
   874        0.00174973     0.000000E+000     0.853420E-006        0.3230
   875        0.00179139     0.000000E+000     0.843887E-006        0.3248
   876        0.00183617     0.000000E+000     0.834847E-006        0.3266
   877        0.00188449     0.000000E+000     0.826380E-006        0.3284
   878        0.00193684     0.000000E+000     0.818548E-006        0.3303
   879        0.00199380     0.000000E+000     0.811456E-006        0.3322
   880        0.00205611     0.000000E+000     0.805229E-006        0.3342
   881        0.00212465     0.000000E+000     0.800027E-006        0.3363
   882        0.00220053     0.000000E+000     0.796058E-006        0.3384
   883        0.00228516     0.000000E+000     0.793593E-006        0.3406
   884        0.00238038     0.000000E+000     0.792989E-006        0.3429
   885        0.00248858     0.000000E+000     0.794731E-006        0.3453
   886        0.00261301     0.000000E+000     0.799491E-006        0.3477
   887        0.00275817     0.000000E+000     0.808235E-006        0.3504
   888        0.00293056     0.000000E+000     0.822391E-006        0.3531
   889        0.00293056     0.000000E+000     0.739638E-006        0.3560
   890        0.00315599     0.000000E+000     0.766177E-006        0.3590
   891        0.00315599     0.000000E+000     0.682523E-006        0.3621
   892        0.00347158     0.000000E+000     0.728812E-006        0.3653
   893        0.00347158     0.000000E+000     0.640954E-006        0.3688
   894        0.00396752     0.000000E+000     0.725759E-006        0.3722
   895        0.00396752     0.000000E+000     0.626029E-006        0.3762
   896        0.00396752     0.000000E+000     0.539863E-006        0.3802
   897        0.00396752     0.000000E+000     0.465547E-006        0.3841
   898        0.00396752     0.000000E+000     0.401565E-006        0.3881
   899        0.00396752     0.000000E+000     0.346574E-006        0.3921
   900        0.00396752     0.000000E+000     0.299393E-006        0.3960
   901        0.00588235     0.000000E+000     0.539473E-006        0.4000
   902        0.00723982     0.000000E+000     0.637373E-006        0.4059
   903        0.00789798     0.000000E+000     0.580583E-006        0.4131
   904        0.00877554     0.000000E+000     0.543909E-006        0.4210
   905        0.01002919     0.000000E+000     0.538978E-006        0.4298
   906        0.01203502     0.000000E+000     0.598219E-006        0.4398
   907        0.01203502     0.000000E+000     0.515503E-006        0.4519
   908        0.01203502     0.000000E+000     0.483913E-006        0.4639
   909        0.01203502     0.000000E+000     0.465967E-006        0.4759
   910        0.01203502     0.000000E+000     0.436991E-006        0.4880
   911        0.01428571     0.000000E+000     0.528823E-006        0.5000
   912        0.01714286     0.000000E+000     0.595693E-006        0.5143
   913        0.01714286     0.000000E+000     0.437482E-006        0.5314
   914        0.01714286     0.000000E+000     0.304661E-006        0.5486
   915        0.01714286     0.000000E+000     0.205065E-006        0.5657
   916        0.01714286     0.000000E+000     0.134990E-006        0.5829
   917        0.03333333     0.000000E+000     0.256051E-006        0.6000
   918        0.03333333     0.000000E+000     0.108980E-006        0.6333
   919        0.03333333     0.000000E+000     0.454094E-007        0.6667
   920        0.05000000     0.000000E+000     0.324514E-007        0.7000
   921        0.05000000     0.000000E+000     0.862731E-008        0.7500
   922        0.10000000     0.000000E+000     0.465270E-008        0.8000
   923        0.10000000     0.000000E+000     0.383255E-009        0.9000
