#Update-step  Updatetime     Error of A        Error of phi      Time in fs
     1 *      0.02500000     0.000000E+000     0.576695E-003        0.0000
     1        0.02500000     0.000000E+000     0.414273E-001        0.0250
     2 *      0.00178571     0.000000E+000     0.689374E-003        0.0500
     2        0.00178571     0.000000E+000     0.433014E-003        0.0518
     3 *      0.00080049     0.000000E+000     0.870360E-004        0.0536
     3        0.00080049     0.000000E+000     0.192493E-003        0.0544
     4        0.00099617     0.000000E+000     0.235644E-003        0.0552
     5        0.00106906     0.000000E+000     0.219832E-003        0.0562
     6        0.00115574     0.000000E+000     0.219628E-003        0.0572
     7 *      0.00063040     0.000000E+000     0.311785E-003        0.0584
     7        0.00063040     0.000000E+000     0.189338E-003        0.0590
     8 *      0.00039555     0.000000E+000     0.140350E-003        0.0597
     8        0.00039555     0.000000E+000     0.814722E-004        0.0600
     9 *      0.00034099     0.000000E+000     0.788223E-004        0.0604
     9        0.00034099     0.000000E+000     0.350453E-004        0.0608
    10        0.00080985     0.000000E+000     0.146277E-003        0.0611
    11        0.00102873     0.000000E+000     0.246842E-003        0.0619
    12        0.00105812     0.000000E+000     0.197990E-003        0.0630
    13 *      0.00059960     0.000000E+000     0.763342E-004        0.0640
    13        0.00059960     0.000000E+000     0.661806E-004        0.0646
    14        0.00112183     0.000000E+000     0.201386E-003        0.0652
    15        0.00124648     0.000000E+000     0.202633E-003        0.0663
    16 *      0.00070453     0.000000E+000     0.133914E-003        0.0676
    16        0.00070453     0.000000E+000     0.113196E-003        0.0683
    17        0.00106895     0.000000E+000     0.175204E-003        0.0690
    18        0.00124710     0.000000E+000     0.170455E-003        0.0701
    19        0.00150965     0.000000E+000     0.204313E-003        0.0713
    20        0.00169836     0.000000E+000     0.228934E-003        0.0728
    21 *      0.00090984     0.000000E+000     0.103019E-003        0.0745
    21        0.00090984     0.000000E+000     0.847954E-004        0.0754
    22        0.00147848     0.000000E+000     0.162582E-003        0.0763
    23        0.00170594     0.000000E+000     0.148959E-003        0.0778
    24        0.00204713     0.000000E+000     0.150290E-003        0.0795
    25        0.00230302     0.000000E+000     0.138119E-003        0.0816
    26        0.00268686     0.000000E+000     0.143914E-003        0.0839
    27        0.00335857     0.000000E+000     0.177243E-003        0.0866
    28        0.00335857     0.000000E+000     0.144866E-003        0.0899
    29        0.00335857     0.000000E+000     0.125094E-003        0.0933
    30        0.00335857     0.000000E+000     0.116616E-003        0.0966
    31        0.00454545     0.000000E+000     0.217690E-003        0.1000
    32 *      0.00251196     0.000000E+000     0.118177E-003        0.1045
    32        0.00251196     0.000000E+000     0.562643E-004        0.1071
    33        0.00502392     0.000000E+000     0.181027E-003        0.1096
    34        0.00569378     0.000000E+000     0.219004E-003        0.1146
    35        0.00613176     0.000000E+000     0.256804E-003        0.1203
    36        0.00613176     0.000000E+000     0.260066E-003        0.1264
    37        0.00613176     0.000000E+000     0.249496E-003        0.1326
    38        0.00613176     0.000000E+000     0.237693E-003        0.1387
    39        0.00613176     0.000000E+000     0.230631E-003        0.1448
    40        0.00613176     0.000000E+000     0.226637E-003        0.1509
    41        0.00613176     0.000000E+000     0.225286E-003        0.1571
    42        0.00613176     0.000000E+000     0.226861E-003        0.1632
    43        0.00613176     0.000000E+000     0.231569E-003        0.1693
    44        0.00613176     0.000000E+000     0.239677E-003        0.1755
    45        0.00613176     0.000000E+000     0.254564E-003        0.1816
    46        0.00613176     0.000000E+000     0.265074E-003        0.1877
    47        0.00613176     0.000000E+000     0.284457E-003        0.1939
    48        0.00588235     0.000000E+000     0.284886E-003        0.2000
    49 *      0.00294118     0.000000E+000     0.772375E-004        0.2059
    49        0.00294118     0.000000E+000     0.813071E-004        0.2088
    50        0.00490196     0.000000E+000     0.240036E-003        0.2118
    51        0.00520833     0.000000E+000     0.297349E-003        0.2167
    52        0.00488281     0.000000E+000     0.289178E-003        0.2219
    53        0.00457764     0.000000E+000     0.280603E-003        0.2268
    54 *      0.00228882     0.000000E+000     0.773182E-004        0.2313
    54        0.00228882     0.000000E+000     0.812451E-004        0.2336
    55        0.00376982     0.000000E+000     0.231040E-003        0.2359
    56        0.00402114     0.000000E+000     0.284702E-003        0.2397
    57 *      0.00201057     0.000000E+000     0.782276E-004        0.2437
    57        0.00201057     0.000000E+000     0.816660E-004        0.2457
    58        0.00348499     0.000000E+000     0.253869E-003        0.2477
    59        0.00348499     0.000000E+000     0.272639E-003        0.2512
    60        0.00348499     0.000000E+000     0.292113E-003        0.2547
    61        0.00321691     0.000000E+000     0.266544E-003        0.2582
    62        0.00321691     0.000000E+000     0.282196E-003        0.2614
    63 *      0.00160846     0.000000E+000     0.762411E-004        0.2646
    63        0.00160846     0.000000E+000     0.780233E-004        0.2662
    64        0.00268076     0.000000E+000     0.217818E-003        0.2678
    65        0.00294884     0.000000E+000     0.271812E-003        0.2705
    66        0.00294884     0.000000E+000     0.281251E-003        0.2735
    67        0.00294884     0.000000E+000     0.289505E-003        0.2764
    68        0.00258023     0.000000E+000     0.228620E-003        0.2794
    69        0.00258023     0.000000E+000     0.232257E-003        0.2819
    70        0.00258023     0.000000E+000     0.235033E-003        0.2845
    71        0.00258023     0.000000E+000     0.237059E-003        0.2871
    72        0.00258023     0.000000E+000     0.238417E-003        0.2897
    73        0.00258023     0.000000E+000     0.239158E-003        0.2923
    74        0.00258023     0.000000E+000     0.239281E-003        0.2948
    75        0.00258023     0.000000E+000     0.238752E-003        0.2974
    76        0.00270270     0.000000E+000     0.260117E-003        0.3000
    77        0.00277992     0.000000E+000     0.272651E-003        0.3027
    78        0.00277992     0.000000E+000     0.269618E-003        0.3055
    79        0.00277992     0.000000E+000     0.265914E-003        0.3083
    80        0.00277992     0.000000E+000     0.261594E-003        0.3110
    81        0.00287259     0.000000E+000     0.273740E-003        0.3138
    82        0.00287259     0.000000E+000     0.266970E-003        0.3167
    83        0.00287259     0.000000E+000     0.257953E-003        0.3196
    84        0.00298307     0.000000E+000     0.263776E-003        0.3224
    85        0.00298307     0.000000E+000     0.240003E-003        0.3254
    86        0.00311277     0.000000E+000     0.218187E-003        0.3284
    87        0.00342405     0.000000E+000     0.188594E-003        0.3315
    88        0.00382688     0.000000E+000     0.144606E-003        0.3349
    89        0.00471000     0.000000E+000     0.128943E-003        0.3388
    90        0.00628000     0.000000E+000     0.168274E-003        0.3435
    91 *      0.00358857     0.000000E+000     0.197002E-003        0.3498
    91        0.00358857     0.000000E+000     0.481787E-003        0.3533
    92 *      0.00153796     0.000000E+000     0.114940E-003        0.3569
    92        0.00153796     0.000000E+000     0.100927E-003        0.3585
    93        0.00235217     0.000000E+000     0.188401E-003        0.3600
    94        0.00268820     0.000000E+000     0.206189E-003        0.3624
    95        0.00291221     0.000000E+000     0.208553E-003        0.3651
    96        0.00320344     0.000000E+000     0.218385E-003        0.3680
    97        0.00320344     0.000000E+000     0.195931E-003        0.3712
    98        0.00366107     0.000000E+000     0.229144E-003        0.3744
    99        0.00366107     0.000000E+000     0.213486E-003        0.3780
   100        0.00366107     0.000000E+000     0.203403E-003        0.3817
   101        0.00366107     0.000000E+000     0.193886E-003        0.3854
   102        0.00366107     0.000000E+000     0.183854E-003        0.3890
   103        0.00366107     0.000000E+000     0.177002E-003        0.3927
   104        0.00366107     0.000000E+000     0.171771E-003        0.3963
   105        0.00434783     0.000000E+000     0.235711E-003        0.4000
   106        0.00455487     0.000000E+000     0.240448E-003        0.4043
   107        0.00479460     0.000000E+000     0.248714E-003        0.4089
   108        0.00479460     0.000000E+000     0.241430E-003        0.4137
   109        0.00509426     0.000000E+000     0.245332E-003        0.4185
   110        0.00509426     0.000000E+000     0.209642E-003        0.4236
   111        0.00548612     0.000000E+000     0.196535E-003        0.4287
   112        0.00598486     0.000000E+000     0.167250E-003        0.4342
   113        0.00664985     0.000000E+000     0.147952E-003        0.4402
   114        0.00759982     0.000000E+000     0.128821E-003        0.4468
   115        0.00911979     0.000000E+000     0.111266E-003        0.4544
   116        0.01215972     0.000000E+000     0.109447E-003        0.4635
   117        0.01215972     0.000000E+000     0.596695E-004        0.4757
   118        0.01215972     0.000000E+000     0.332489E-004        0.4878
   119        0.02500000     0.000000E+000     0.554361E-004        0.5000
   120        0.03750000     0.000000E+000     0.357433E-004        0.5250
   121        0.03750000     0.000000E+000     0.103352E-004        0.5625
   122        0.10000000     0.000000E+000     0.122041E-004        0.6000
   123        0.10000000     0.000000E+000     0.116817E-005        0.7000
   124        0.10000000     0.000000E+000     0.132938E-006        0.8000
   125        0.10000000     0.000000E+000     0.230345E-007        0.9000
