#    Start: ------ Host: "compute-0-21" ----------Tue May 24 08:38:38 2022

#    Time[fs]   CPU-time[s]     Delta-CPU    Real time        RealT[s]     [h]
#       -0.00           2.3                  May 24 08:38:42         0     0.00
         0.00           2.7         0.390    May 24 08:38:42         0     0.00
         0.00           5.3         2.610    May 24 08:38:45         3     0.00
         0.00           7.6         2.260    May 24 08:38:49         7     0.00
         0.00           9.7         2.150    May 24 08:38:52        10     0.00
         0.00          11.7         1.980    May 24 08:38:55        13     0.00
         0.01          13.7         1.990    May 24 08:38:57        15     0.00
         0.01          15.6         1.900    May 24 08:38:59        17     0.00
         0.01          17.4         1.780    May 24 08:39:02        20     0.01
         0.01          19.2         1.800    May 24 08:39:05        23     0.01
         0.01          21.0         1.780    May 24 08:39:07        25     0.01
         0.01          22.7         1.770    May 24 08:39:09        27     0.01
         0.01          24.3         1.560    May 24 08:39:11        29     0.01
         0.01          25.8         1.560    May 24 08:39:14        32     0.01
         0.01          27.4         1.580    May 24 08:39:16        34     0.01
         0.01          29.0         1.580    May 24 08:39:18        36     0.01
         0.02          30.6         1.600    May 24 08:39:20        38     0.01
         0.02          32.2         1.600    May 24 08:39:23        41     0.01
         0.02          33.6         1.400    May 24 08:39:24        42     0.01
         0.02          35.0         1.390    May 24 08:39:26        44     0.01
         0.02          36.4         1.410    May 24 08:39:28        46     0.01
         0.02          37.9         1.440    May 24 08:39:30        48     0.01
         0.02          39.3         1.410    May 24 08:39:32        50     0.01
         0.02          40.7         1.410    May 24 08:39:34        52     0.01
         0.02          42.2         1.490    May 24 08:39:36        54     0.01
         0.02          43.8         1.670    May 24 08:39:38        56     0.02
         0.03          46.2         2.340    May 24 08:39:41        59     0.02
         0.03          50.6         4.460    May 24 08:39:46        64     0.02
         0.03          88.6        37.940    May 24 08:40:35       113     0.03
         0.03         157.8        69.210    May 24 08:41:56       194     0.05
         0.03         217.0        59.220    May 24 08:43:09       267     0.07
         0.03         275.7        58.690    May 24 08:44:19       337     0.09
         0.03         353.8        78.130    May 24 08:45:57       435     0.12
         0.03         437.2        83.340    May 24 08:47:43       541     0.15
         0.03         515.3        78.150    May 24 08:49:21       639     0.18
         0.03         584.5        69.220    May 24 08:50:46       724     0.20
         0.04         642.7        58.130    May 24 08:51:57       795     0.22
         0.04         696.4        53.740    May 24 08:53:04       862     0.24
         0.04         747.4        50.950    May 24 08:54:05       923     0.26
         0.04         799.8        52.450    May 24 08:55:09       987     0.27
         0.04         917.0       117.190    May 24 08:57:29      1127     0.31
         0.04        1045.6       128.590    May 24 09:00:06      1284     0.36
         0.04        1153.9       108.330    May 24 09:02:20      1418     0.39
         0.04        1258.8       104.850    May 24 09:04:29      1547     0.43
         0.04        1363.8       105.020    May 24 09:06:37      1675     0.47
         0.04        1468.3       104.550    May 24 09:08:52      1810     0.50
         0.05        1567.8        99.470    May 24 09:11:01      1939     0.54
         0.05        1660.9        93.140    May 24 09:12:58      2056     0.57
         0.05        1741.2        80.270    May 24 09:14:42      2160     0.60
         0.05        1813.1        71.860    May 24 09:16:14      2252     0.63
         0.05        1879.5        66.400    May 24 09:17:39      2337     0.65
         0.05        1933.3        53.860    May 24 09:18:52      2410     0.67
         0.05        1981.3        47.970    May 24 09:19:56      2474     0.69
         0.05        2026.3        45.050    May 24 09:20:53      2531     0.70
         0.05        2066.1        39.780    May 24 09:21:45      2583     0.72
         0.05        2102.3        36.210    May 24 09:22:33      2631     0.73
         0.06        2134.8        32.440    May 24 09:23:16      2674     0.74
         0.06        2165.3        30.540    May 24 09:23:57      2715     0.75
         0.06        2194.1        28.740    May 24 09:24:34      2752     0.76
         0.06        2222.5        28.400    May 24 09:25:09      2787     0.77
         0.06        2248.2        25.750    May 24 09:25:44      2822     0.78
         0.06        2274.7        26.450    May 24 09:26:16      2854     0.79
         0.06        2298.0        23.360    May 24 09:26:47      2885     0.80
         0.06        2320.5        22.480    May 24 09:27:16      2914     0.81
         0.06        2343.1        22.600    May 24 09:27:45      2943     0.82
         0.06        2365.2        22.100    May 24 09:28:13      2971     0.83
         0.07        2386.2        21.050    May 24 09:28:42      3000     0.83
         0.07        2407.2        20.980    May 24 09:29:10      3028     0.84
         0.07        2427.4        20.190    May 24 09:29:35      3053     0.85
         0.07        2448.0        20.600    May 24 09:30:01      3079     0.86
         0.07        2470.3        22.270    May 24 09:30:27      3105     0.86
         0.07        2491.1        20.780    May 24 09:30:52      3130     0.87
         0.07        2510.6        19.560    May 24 09:31:20      3158     0.88
         0.07        2533.9        23.260    May 24 09:31:47      3185     0.88
         0.07        2559.2        25.320    May 24 09:32:15      3213     0.89
         0.07        2581.9        22.730    May 24 09:32:46      3244     0.90
         0.08        2669.1        87.120    May 24 09:34:35      3353     0.93
         0.08        2798.3       129.280    May 24 09:37:17      3515     0.98
         0.08        2922.1       123.770    May 24 09:39:57      3675     1.02
         0.08        3040.0       117.890    May 24 09:42:24      3822     1.06
         0.08        3130.1        90.070    May 24 09:44:24      3942     1.09
         0.08        3177.6        47.560    May 24 09:45:30      4008     1.11
         0.08        3207.0        29.390    May 24 09:46:09      4047     1.12
         0.08        3321.9       114.840    May 24 09:48:39      4197     1.17
         0.08        3440.0       118.130    May 24 09:51:15      4353     1.21
         0.08        3539.3        99.280    May 24 09:53:27      4485     1.25
         0.09        3627.1        87.780    May 24 09:55:26      4604     1.28
         0.09        3705.8        78.780    May 24 09:57:12      4710     1.31
         0.09        3782.0        76.180    May 24 09:58:52      4810     1.34
         0.09        3852.9        70.870    May 24 10:00:20      4898     1.36
         0.09        3919.4        66.490    May 24 10:01:37      4975     1.38
         0.09        3985.3        65.920    May 24 10:02:50      5048     1.40
         0.09        4049.6        64.360    May 24 10:04:01      5119     1.42
         0.09        4111.2        61.560    May 24 10:05:10      5188     1.44
         0.09        4169.0        57.830    May 24 10:06:17      5255     1.46
         0.09        4225.6        56.550    May 24 10:07:21      5319     1.48
         0.10        4283.6        58.030    May 24 10:08:25      5383     1.50
         0.10        4340.5        56.910    May 24 10:09:29      5447     1.51
         0.10        4398.7        58.160    May 24 10:10:33      5511     1.53
         0.10        4454.8        56.130    May 24 10:11:35      5573     1.55
         0.10        4511.6        56.760    May 24 10:12:39      5637     1.57
         0.10        4567.3        55.740    May 24 10:13:39      5697     1.58
