#Update-step  Updatetime     Error of A        Error of phi      Time in fs
     1        0.05000000     0.000000E+000     0.225389E-005        0.0000
     2        0.05000000     0.000000E+000     0.311066E-005        0.0500
     3        0.10000000     0.000000E+000     0.197742E-004        0.1000
     4        0.10000000     0.000000E+000     0.130479E-004        0.2000
     5        0.10000000     0.000000E+000     0.506052E-004        0.3000
     6        0.10000000     0.000000E+000     0.819465E-004        0.4000
     7        0.10000000     0.000000E+000     0.440666E-004        0.5000
     8        0.10000000     0.000000E+000     0.118518E-003        0.6000
     9                                         0.132719E-001
     9        0.00384615     0.000000E+000     0.277839E-003        0.7000
    10 *      0.00192308     0.000000E+000     0.178094E-003        0.7038
    10        0.00192308     0.000000E+000     0.284605E-003        0.7058
    11        0.00205128     0.000000E+000     0.258220E-003        0.7077
    12        0.00209899     0.000000E+000     0.269439E-003        0.7097
    13        0.00209899     0.000000E+000     0.221301E-003        0.7118
    14        0.00226470     0.000000E+000     0.210026E-003        0.7139
    15        0.00253920     0.000000E+000     0.245939E-003        0.7162
    16 *      0.00131056     0.000000E+000     0.102121E-003        0.7187
    16        0.00131056     0.000000E+000     0.115261E-003        0.7201
    17        0.00196584     0.000000E+000     0.270049E-003        0.7214
    18        0.00196584     0.000000E+000     0.238082E-003        0.7233
    19 *      0.00103752     0.000000E+000     0.150713E-003        0.7253
    19        0.00103752     0.000000E+000     0.627514E-004        0.7263
    20 *      0.00098144     0.000000E+000     0.941089E-004        0.7274
    20        0.00098144     0.000000E+000     0.538296E-004        0.7284
    21 *      0.00098144     0.000000E+000     0.987303E-004        0.7293
    21        0.00098144     0.000000E+000     0.826280E-004        0.7303
    22 *      0.00083782     0.000000E+000     0.260317E-003        0.7313
    22        0.00083782     0.000000E+000     0.120487E-003        0.7321
    23        0.00124121     0.000000E+000     0.233565E-003        0.7330
    24        0.00131568     0.000000E+000     0.223244E-003        0.7342
    25        0.00143263     0.000000E+000     0.195603E-003        0.7355
    26 *      0.00080815     0.000000E+000     0.150886E-003        0.7370
    26        0.00080815     0.000000E+000     0.143701E-003        0.7378
    27 *      0.00055836     0.000000E+000     0.868904E-004        0.7386
    27        0.00055836     0.000000E+000     0.103356E-003        0.7391
    28        0.00088681     0.000000E+000     0.197857E-003        0.7397
    29 *      0.00050353     0.000000E+000     0.139516E-003        0.7406
    29        0.00050353     0.000000E+000     0.175572E-003        0.7411
    30 *      0.00032449     0.000000E+000     0.776943E-004        0.7416
    30        0.00032449     0.000000E+000     0.643997E-004        0.7419
    31        0.00061447     0.000000E+000     0.215842E-003        0.7422
    32 *      0.00034015     0.000000E+000     0.992144E-004        0.7429
    32        0.00034015     0.000000E+000     0.900628E-004        0.7432
    33        0.00057036     0.000000E+000     0.228731E-003        0.7435
    34 *      0.00030711     0.000000E+000     0.769380E-004        0.7441
    34        0.00030711     0.000000E+000     0.850509E-004        0.7444
    35        0.00052648     0.000000E+000     0.214779E-003        0.7447
    36        0.00058249     0.000000E+000     0.223070E-003        0.7452
    37        0.00063731     0.000000E+000     0.123927E-003        0.7458
    38        0.00086346     0.000000E+000     0.550217E-004        0.7465
    39        0.00150488     0.000000E+000     0.140908E-003        0.7473
    40        0.00189503     0.000000E+000     0.187466E-003        0.7488
    41        0.00214221     0.000000E+000     0.178861E-003        0.7507
    42        0.00248046     0.000000E+000     0.216779E-003        0.7529
    43        0.00262637     0.000000E+000     0.199841E-003        0.7554
    44 *      0.00150078     0.000000E+000     0.772504E-004        0.7580
    44        0.00150078     0.000000E+000     0.852838E-004        0.7595
    45        0.00243877     0.000000E+000     0.219430E-003        0.7610
    46        0.00261297     0.000000E+000     0.247612E-003        0.7634
    47        0.00261297     0.000000E+000     0.249814E-003        0.7660
    48        0.00261297     0.000000E+000     0.274664E-003        0.7686
    49 *      0.00130648     0.000000E+000     0.843547E-004        0.7713
    49        0.00130648     0.000000E+000     0.878424E-004        0.7726
    50        0.00217747     0.000000E+000     0.237482E-003        0.7739
    51        0.00217747     0.000000E+000     0.244079E-003        0.7760
    52        0.00217747     0.000000E+000     0.240363E-003        0.7782
    53        0.00217747     0.000000E+000     0.225784E-003        0.7804
    54        0.00217747     0.000000E+000     0.171523E-003        0.7826
    55        0.00254038     0.000000E+000     0.116794E-003        0.7848
    56        0.00317548     0.000000E+000     0.151400E-003        0.7873
    57        0.00317548     0.000000E+000     0.123505E-003        0.7905
    58        0.00317548     0.000000E+000     0.231761E-003        0.7936
    59 *      0.00158774     0.000000E+000     0.167520E-003        0.7968
    59        0.00158774     0.000000E+000     0.942490E-004        0.7984
    60        0.00256410     0.000000E+000     0.185320E-003        0.8000
    61        0.00295260     0.000000E+000     0.196737E-003        0.8026
    62        0.00337440     0.000000E+000     0.220024E-003        0.8055
    63        0.00364436     0.000000E+000     0.227257E-003        0.8089
    64        0.00380281     0.000000E+000     0.220388E-003        0.8125
    65        0.00418309     0.000000E+000     0.237261E-003        0.8163
    66        0.00441548     0.000000E+000     0.237230E-003        0.8205
    67        0.00469145     0.000000E+000     0.243763E-003        0.8249
    68        0.00469145     0.000000E+000     0.229906E-003        0.8296
    69        0.00505233     0.000000E+000     0.254275E-003        0.8343
    70        0.00505233     0.000000E+000     0.226206E-003        0.8394
    71        0.00505233     0.000000E+000     0.186152E-003        0.8444
    72        0.00561370     0.000000E+000     0.203028E-003        0.8495
    73        0.00561370     0.000000E+000     0.183782E-003        0.8551
    74        0.00654931     0.000000E+000     0.228349E-003        0.8607
    75        0.00654931     0.000000E+000     0.210502E-003        0.8673
    76        0.00654931     0.000000E+000     0.196614E-003        0.8738
    77        0.00654931     0.000000E+000     0.185024E-003        0.8804
    78        0.00654931     0.000000E+000     0.174333E-003        0.8869
    79        0.00654931     0.000000E+000     0.163896E-003        0.8935
    80        0.00769231     0.000000E+000     0.211029E-003        0.9000
    81        0.00839161     0.000000E+000     0.233110E-003        0.9077
    82        0.00839161     0.000000E+000     0.216799E-003        0.9161
    83        0.00839161     0.000000E+000     0.202712E-003        0.9245
    84        0.00839161     0.000000E+000     0.190950E-003        0.9329
    85        0.00839161     0.000000E+000     0.179547E-003        0.9413
    86        0.00839161     0.000000E+000     0.168531E-003        0.9497
    87        0.00839161     0.000000E+000     0.159689E-003        0.9580
    88        0.00839161     0.000000E+000     0.151895E-003        0.9664
    89        0.00839161     0.000000E+000     0.144634E-003        0.9748
    90        0.00839161     0.000000E+000     0.137744E-003        0.9832
    91        0.00839161     0.000000E+000     0.131163E-003        0.9916
