#Update-step  Updatetime     Error of A        Error of phi      Time in fs
     1 *      0.02500000     0.000000E+000     0.822323E-003        0.0000
     1        0.02500000     0.000000E+000     0.430116E-002        0.0250
     2 *      0.00416667     0.000000E+000     0.602467E-003        0.0500
     2        0.00416667     0.000000E+000     0.745569E-003        0.0542
     3 *      0.00148810     0.000000E+000     0.116723E-003        0.0583
     3        0.00148810     0.000000E+000     0.108652E-003        0.0598
     4        0.00227591     0.000000E+000     0.241421E-003        0.0613
     5        0.00227591     0.000000E+000     0.232461E-003        0.0636
     6        0.00243848     0.000000E+000     0.262533E-003        0.0659
     7        0.00243848     0.000000E+000     0.242270E-003        0.0683
     8        0.00243848     0.000000E+000     0.241805E-003        0.0707
     9        0.00243848     0.000000E+000     0.233711E-003        0.0732
    10        0.00243848     0.000000E+000     0.224351E-003        0.0756
    11        0.00243848     0.000000E+000     0.215021E-003        0.0781
    12        0.00243848     0.000000E+000     0.206567E-003        0.0805
    13        0.00243848     0.000000E+000     0.199469E-003        0.0829
    14        0.00243848     0.000000E+000     0.194012E-003        0.0854
    15        0.00243848     0.000000E+000     0.191732E-003        0.0878
    16        0.00243848     0.000000E+000     0.191829E-003        0.0902
    17        0.00243848     0.000000E+000     0.192817E-003        0.0927
    18        0.00243848     0.000000E+000     0.193206E-003        0.0951
    19        0.00243848     0.000000E+000     0.192422E-003        0.0976
    20        0.00277778     0.000000E+000     0.244291E-003        0.1000
    21        0.00294613     0.000000E+000     0.269602E-003        0.1028
    22        0.00294613     0.000000E+000     0.265649E-003        0.1057
    23        0.00294613     0.000000E+000     0.261901E-003        0.1087
    24        0.00294613     0.000000E+000     0.258564E-003        0.1116
    25        0.00305135     0.000000E+000     0.273212E-003        0.1146
    26        0.00305135     0.000000E+000     0.270273E-003        0.1176
    27        0.00305135     0.000000E+000     0.267240E-003        0.1207
    28        0.00305135     0.000000E+000     0.263070E-003        0.1237
    29        0.00305135     0.000000E+000     0.247052E-003        0.1268
    30 *      0.00159502     0.000000E+000     0.864961E-004        0.1298
    30        0.00159502     0.000000E+000     0.771671E-004        0.1314
    31        0.00279129     0.000000E+000     0.230081E-003        0.1330
    32        0.00291817     0.000000E+000     0.259987E-003        0.1358
    33        0.00291817     0.000000E+000     0.263635E-003        0.1387
    34        0.00291817     0.000000E+000     0.266649E-003        0.1416
    35        0.00291817     0.000000E+000     0.268867E-003        0.1446
    36        0.00291817     0.000000E+000     0.271919E-003        0.1475
    37        0.00291817     0.000000E+000     0.274615E-003        0.1504
    38        0.00291817     0.000000E+000     0.276959E-003        0.1533
    39        0.00291817     0.000000E+000     0.278997E-003        0.1562
    40        0.00291817     0.000000E+000     0.280748E-003        0.1591
    41        0.00291817     0.000000E+000     0.282214E-003        0.1621
    42        0.00291817     0.000000E+000     0.283391E-003        0.1650
    43        0.00291817     0.000000E+000     0.284281E-003        0.1679
    44        0.00291817     0.000000E+000     0.284879E-003        0.1708
    45        0.00291817     0.000000E+000     0.285152E-003        0.1737
    46        0.00291817     0.000000E+000     0.284965E-003        0.1767
    47        0.00291817     0.000000E+000     0.283938E-003        0.1796
    48        0.00291817     0.000000E+000     0.281265E-003        0.1825
    49 *      0.00145908     0.000000E+000     0.752394E-004        0.1854
    49        0.00145908     0.000000E+000     0.767209E-004        0.1869
    50        0.00233453     0.000000E+000     0.187039E-003        0.1883
    51        0.00233453     0.000000E+000     0.211520E-003        0.1907
    52 *      0.00116727     0.000000E+000     0.836058E-004        0.1930
    52        0.00116727     0.000000E+000     0.844614E-004        0.1942
    53        0.00155635     0.000000E+000     0.132520E-003        0.1953
    54        0.00155635     0.000000E+000     0.118966E-003        0.1969
    55        0.00155635     0.000000E+000     0.108688E-003        0.1984
    56        0.00217391     0.000000E+000     0.193129E-003        0.2000
    57        0.00250836     0.000000E+000     0.236232E-003        0.2022
    58        0.00264771     0.000000E+000     0.244621E-003        0.2047
    59        0.00272559     0.000000E+000     0.243135E-003        0.2073
    60        0.00281076     0.000000E+000     0.244027E-003        0.2101
    61        0.00290446     0.000000E+000     0.246973E-003        0.2129
    62        0.00300819     0.000000E+000     0.251808E-003        0.2158
    63        0.00312389     0.000000E+000     0.259018E-003        0.2188
    64        0.00312389     0.000000E+000     0.250756E-003        0.2219
    65 *      0.00162985     0.000000E+000     0.136493E-003        0.2250
    65        0.00162985     0.000000E+000     0.712752E-004        0.2267
    66 *      0.00149403     0.000000E+000     0.223092E-003        0.2283
    66        0.00149403     0.000000E+000     0.684494E-004        0.2298
    67        0.00274902     0.000000E+000     0.180535E-003        0.2313
    68        0.00314174     0.000000E+000     0.222047E-003        0.2340
    69        0.00330709     0.000000E+000     0.228781E-003        0.2372
    70        0.00350163     0.000000E+000     0.241282E-003        0.2405
    71        0.00350163     0.000000E+000     0.227649E-003        0.2440
    72        0.00375174     0.000000E+000     0.243898E-003        0.2475
    73        0.00375174     0.000000E+000     0.227030E-003        0.2512
    74        0.00409281     0.000000E+000     0.243467E-003        0.2550
    75        0.00409281     0.000000E+000     0.217492E-003        0.2591
    76        0.00409281     0.000000E+000     0.190349E-003        0.2632
    77        0.00467750     0.000000E+000     0.206776E-003        0.2673
    78        0.00467750     0.000000E+000     0.171138E-003        0.2719
    79        0.00467750     0.000000E+000     0.142215E-003        0.2766
    80        0.00467750     0.000000E+000     0.167512E-003        0.2813
    81        0.00467750     0.000000E+000     0.825292E-004        0.2860
    82        0.00467750     0.000000E+000     0.696351E-004        0.2906
    83        0.00467750     0.000000E+000     0.634474E-004        0.2953
    84        0.00769231     0.000000E+000     0.147724E-003        0.3000
    85        0.00923077     0.000000E+000     0.207457E-003        0.3077
    86 *      0.00519231     0.000000E+000     0.972349E-004        0.3169
    86        0.00519231     0.000000E+000     0.126241E-003        0.3221
    87 *      0.00363462     0.000000E+000     0.894864E-004        0.3273
    87        0.00363462     0.000000E+000     0.103209E-003        0.3309
    88        0.00545192     0.000000E+000     0.223710E-003        0.3346
    89        0.00545192     0.000000E+000     0.217492E-003        0.3400
    90        0.00545192     0.000000E+000     0.193516E-003        0.3455
    91        0.00613341     0.000000E+000     0.193395E-003        0.3509
    92        0.00613341     0.000000E+000     0.163177E-003        0.3571
    93 *      0.00368005     0.000000E+000     0.914378E-004        0.3632
    93        0.00368005     0.000000E+000     0.906097E-004        0.3669
    94        0.00588808     0.000000E+000     0.150053E-003        0.3706
    95        0.00588808     0.000000E+000     0.141103E-003        0.3764
    96        0.00588808     0.000000E+000     0.138818E-003        0.3823
    97        0.00588808     0.000000E+000     0.166159E-003        0.3882
    98 *      0.00294404     0.000000E+000     0.122802E-003        0.3941
    98        0.00294404     0.000000E+000     0.138882E-003        0.3971
    99 *      0.00208333     0.000000E+000     0.801881E-004        0.4000
    99        0.00208333     0.000000E+000     0.923132E-004        0.4021
   100 *      0.00171131     0.000000E+000     0.761500E-004        0.4042
   100        0.00171131     0.000000E+000     0.902371E-004        0.4059
   101        0.00280032     0.000000E+000     0.269525E-003        0.4076
   102 *      0.00140016     0.000000E+000     0.986282E-004        0.4104
   102        0.00140016     0.000000E+000     0.112565E-003        0.4118
   103        0.00211732     0.000000E+000     0.272373E-003        0.4132
   104        0.00211732     0.000000E+000     0.266822E-003        0.4153
   105        0.00211732     0.000000E+000     0.129834E-003        0.4174
   106        0.00277442     0.000000E+000     0.665266E-004        0.4195
   107        0.00456963     0.000000E+000     0.642896E-004        0.4223
   108        0.00731141     0.000000E+000     0.964678E-004        0.4269
   109        0.00940038     0.000000E+000     0.167975E-003        0.4342
   110 *      0.00564023     0.000000E+000     0.902988E-004        0.4436
   110        0.00564023     0.000000E+000     0.129119E-003        0.4492
   111 *      0.00376015     0.000000E+000     0.945298E-004        0.4549
   111        0.00376015     0.000000E+000     0.137942E-003        0.4586
   112 *      0.00235009     0.000000E+000     0.835630E-004        0.4624
   112        0.00235009     0.000000E+000     0.106457E-003        0.4647
   113 *      0.00182785     0.000000E+000     0.807448E-004        0.4671
   113        0.00182785     0.000000E+000     0.922006E-004        0.4689
   114        0.00292456     0.000000E+000     0.254433E-003        0.4708
   115        0.00292456     0.000000E+000     0.285342E-003        0.4737
   116 *      0.00146228     0.000000E+000     0.788096E-004        0.4766
   116        0.00146228     0.000000E+000     0.801866E-004        0.4781
   117        0.00255899     0.000000E+000     0.242666E-003        0.4795
   118        0.00255899     0.000000E+000     0.245659E-003        0.4821
   119        0.00255899     0.000000E+000     0.246181E-003        0.4846
   120        0.00255899     0.000000E+000     0.245077E-003        0.4872
   121        0.00255899     0.000000E+000     0.242875E-003        0.4898
   122        0.00255899     0.000000E+000     0.239917E-003        0.4923
   123        0.00255899     0.000000E+000     0.236417E-003        0.4949
   124        0.00255899     0.000000E+000     0.232505E-003        0.4974
   125        0.00270270     0.000000E+000     0.253943E-003        0.5000
   126        0.00277992     0.000000E+000     0.262598E-003        0.5027
   127        0.00286416     0.000000E+000     0.271725E-003        0.5055
   128        0.00286416     0.000000E+000     0.264565E-003        0.5083
   129        0.00286416     0.000000E+000     0.257075E-003        0.5112
   130        0.00296293     0.000000E+000     0.266208E-003        0.5141
   131        0.00296293     0.000000E+000     0.257411E-003        0.5170
   132        0.00307689     0.000000E+000     0.267246E-003        0.5200
   133        0.00307689     0.000000E+000     0.257416E-003        0.5231
   134        0.00307689     0.000000E+000     0.247958E-003        0.5262
   135        0.00321674     0.000000E+000     0.260177E-003        0.5292
   136        0.00321674     0.000000E+000     0.251237E-003        0.5324
   137        0.00321674     0.000000E+000     0.243834E-003        0.5357
   138        0.00339545     0.000000E+000     0.262321E-003        0.5389
   139        0.00339545     0.000000E+000     0.252418E-003        0.5423
   140        0.00339545     0.000000E+000     0.237135E-003        0.5457
   141        0.00363798     0.000000E+000     0.247064E-003        0.5491
   142        0.00363798     0.000000E+000     0.222078E-003        0.5527
   143        0.00396871     0.000000E+000     0.232941E-003        0.5563
   144        0.00396871     0.000000E+000     0.205043E-003        0.5603
   145        0.00446480     0.000000E+000     0.222637E-003        0.5643
   146        0.00446480     0.000000E+000     0.190028E-003        0.5687
   147        0.00446480     0.000000E+000     0.161541E-003        0.5732
   148        0.00446480     0.000000E+000     0.137736E-003        0.5777
   149        0.00446480     0.000000E+000     0.118996E-003        0.5821
   150        0.00446480     0.000000E+000     0.105263E-003        0.5866
   151        0.00446480     0.000000E+000     0.918064E-004        0.5911
   152        0.00446480     0.000000E+000     0.738440E-004        0.5955
   153        0.00714286     0.000000E+000     0.128005E-003        0.6000
   154        0.00928571     0.000000E+000     0.119828E-003        0.6071
   155        0.01193878     0.000000E+000     0.945213E-004        0.6164
   156        0.01790816     0.000000E+000     0.915353E-004        0.6284
   157        0.02686224     0.000000E+000     0.755148E-004        0.6463
   158        0.02686224     0.000000E+000     0.301305E-004        0.6731
   159        0.05000000     0.000000E+000     0.353619E-004        0.7000
   160        0.05000000     0.000000E+000     0.112579E-004        0.7500
   161        0.10000000     0.000000E+000     0.929661E-005        0.8000
   162        0.10000000     0.000000E+000     0.330303E-005        0.9000
