#Update-step  Updatetime     Error of A        Error of phi      Time in fs
     1                                         0.118095E-002
     1 *      0.00084746     0.000000E+000     0.285277E-005        0.0000
     1        0.00084746     0.000000E+000     0.297613E-005        0.0008
     2 *      0.00028577     0.000000E+000     0.349510E-006        0.0017
     2        0.00028577     0.000000E+000     0.338485E-006        0.0020
     3        0.00045670     0.000000E+000     0.831566E-006        0.0023
     4        0.00047920     0.000000E+000     0.868545E-006        0.0027
     5        0.00049387     0.000000E+000     0.877697E-006        0.0032
     6        0.00050686     0.000000E+000     0.889339E-006        0.0037
     7        0.00051782     0.000000E+000     0.969610E-006        0.0042
     8        0.00051225     0.000000E+000     0.865824E-006        0.0047
     9        0.00052942     0.000000E+000     0.914662E-006        0.0052
    10        0.00053544     0.000000E+000     0.947859E-006        0.0058
    11 *      0.00026772     0.000000E+000     0.266212E-006        0.0063
    11        0.00026772     0.000000E+000     0.236735E-006        0.0066
    12        0.00049035     0.000000E+000     0.778879E-006        0.0068
    13        0.00052657     0.000000E+000     0.865506E-006        0.0073
    14 *      0.00027263     0.000000E+000     0.288636E-006        0.0079
    14        0.00027263     0.000000E+000     0.294411E-006        0.0081
    15        0.00046032     0.000000E+000     0.856625E-006        0.0084
    16        0.00047719     0.000000E+000     0.912702E-006        0.0089
    17        0.00048227     0.000000E+000     0.807729E-006        0.0093
    18        0.00051241     0.000000E+000     0.878393E-006        0.0098
    19        0.00052748     0.000000E+000     0.916301E-006        0.0103
    20        0.00053380     0.000000E+000     0.937306E-006        0.0109
    21        0.00053380     0.000000E+000     0.944760E-006        0.0114
    22        0.00053380     0.000000E+000     0.955422E-006        0.0119
    23        0.00053057     0.000000E+000     0.954288E-006        0.0125
    24        0.00052735     0.000000E+000     0.953093E-006        0.0130
    25        0.00052415     0.000000E+000     0.957479E-006        0.0135
    26        0.00052098     0.000000E+000     0.979677E-006        0.0140
    27 *      0.00025735     0.000000E+000     0.262479E-006        0.0146
    27        0.00025735     0.000000E+000     0.303260E-006        0.0148
    28        0.00042892     0.000000E+000     0.780324E-006        0.0151
    29        0.00046173     0.000000E+000     0.710692E-006        0.0155
    30        0.00051241     0.000000E+000     0.841854E-006        0.0160
    31 *      0.00026770     0.000000E+000     0.605759E-006        0.0165
    31        0.00026770     0.000000E+000     0.199607E-006        0.0167
    32        0.00052523     0.000000E+000     0.620586E-006        0.0170
    33        0.00061539     0.000000E+000     0.739288E-006        0.0175
    34 *      0.00033821     0.000000E+000     0.293195E-006        0.0182
    34        0.00033821     0.000000E+000     0.515570E-006        0.0185
    35        0.00045859     0.000000E+000     0.537023E-006        0.0188
    36        0.00056442     0.000000E+000     0.620875E-006        0.0193
    37        0.00065694     0.000000E+000     0.820556E-006        0.0199
    38 *      0.00034561     0.000000E+000     0.493951E-006        0.0205
    38        0.00034561     0.000000E+000     0.462279E-006        0.0209
    39        0.00048943     0.000000E+000     0.885394E-006        0.0212
    40 *      0.00025099     0.000000E+000     0.255759E-006        0.0217
    40        0.00025099     0.000000E+000     0.317124E-006        0.0219
    41 *      0.00020584     0.000000E+000     0.841195E-006        0.0222
    41        0.00020584     0.000000E+000     0.967870E-006        0.0224
    42        0.00021802     0.000000E+000     0.242944E-006        0.0226
    43        0.00035566     0.000000E+000     0.434773E-006        0.0228
    44        0.00047421     0.000000E+000     0.624040E-006        0.0232
    45        0.00055325     0.000000E+000     0.756461E-006        0.0237
    46        0.00060154     0.000000E+000     0.843828E-006        0.0242
    47 *      0.00031330     0.000000E+000     0.364080E-006        0.0248
    47        0.00031330     0.000000E+000     0.273180E-006        0.0251
    48        0.00054428     0.000000E+000     0.745764E-006        0.0254
    49 *      0.00029609     0.000000E+000     0.510285E-006        0.0260
    49        0.00029609     0.000000E+000     0.711699E-005        0.0263
    50        0.00014176     0.000000E+000     0.704318E-006        0.0266
    51        0.00015863     0.000000E+000     0.672313E-006        0.0267
    52        0.00018057     0.000000E+000     0.616519E-006        0.0269
    53        0.00021206     0.000000E+000     0.724047E-006        0.0271
    54 *      0.00011732     0.000000E+000     0.639590E-006        0.0273
    54        0.00011732     0.000000E+000     0.428269E-005        0.0274
    55 *      0.00003439     0.000000E+000     0.720678E-006        0.0275
    55        0.00003439     0.000000E+000     0.701289E-006        0.0275
    56        0.00004139     0.000000E+000     0.751131E-006        0.0276
    57        0.00004522     0.000000E+000     0.252561E-006        0.0276
    58        0.00007293     0.000000E+000     0.288394E-006        0.0277
    59        0.00011240     0.000000E+000     0.454491E-006        0.0277
    60        0.00014757     0.000000E+000     0.739258E-006        0.0278
    61        0.00016219     0.000000E+000     0.888871E-006        0.0280
    62        0.00016632     0.000000E+000     0.914973E-006        0.0281
    63        0.00016867     0.000000E+000     0.877635E-006        0.0283
    64        0.00017358     0.000000E+000     0.819212E-006        0.0285
    65        0.00018340     0.000000E+000     0.754171E-006        0.0287
    66        0.00019989     0.000000E+000     0.665705E-006        0.0288
    67 *      0.00011408     0.000000E+000     0.292833E-006        0.0290
    67        0.00011408     0.000000E+000     0.257090E-006        0.0292
    68        0.00020267     0.000000E+000     0.674086E-006        0.0293
    69        0.00023049     0.000000E+000     0.891926E-006        0.0295
    70        0.00023590     0.000000E+000     0.577054E-006        0.0297
    71        0.00028366     0.000000E+000     0.611485E-006        0.0299
    72        0.00033387     0.000000E+000     0.927411E-006        0.0302
    73 *      0.00016774     0.000000E+000     0.282023E-006        0.0306
    73        0.00016774     0.000000E+000     0.356486E-006        0.0307
    74 *      0.00013139     0.000000E+000     0.945128E-006        0.0309
    74        0.00013139     0.000000E+000     0.202732E-006        0.0310
    75        0.00025594     0.000000E+000     0.672151E-006        0.0312
    76        0.00029064     0.000000E+000     0.770913E-006        0.0314
    77        0.00031330     0.000000E+000     0.696748E-006        0.0317
    78        0.00035045     0.000000E+000     0.907702E-006        0.0320
    79 *      0.00017799     0.000000E+000     0.290133E-006        0.0324
    79        0.00017799     0.000000E+000     0.360376E-006        0.0325
    80 *      0.00013901     0.000000E+000     0.370700E-006        0.0327
    80        0.00013901     0.000000E+000     0.263126E-006        0.0329
    81 *      0.00012272     0.000000E+000     0.270222E-006        0.0330
    81        0.00012272     0.000000E+000     0.199232E-006        0.0331
    82        0.00024100     0.000000E+000     0.952712E-006        0.0332
    83        0.00024013     0.000000E+000     0.564954E-006        0.0335
    84 *      0.00014534     0.000000E+000     0.279837E-006        0.0337
    84        0.00014534     0.000000E+000     0.336611E-006        0.0339
    85        0.00023316     0.000000E+000     0.651044E-006        0.0340
    86 *      0.00013419     0.000000E+000     0.349562E-006        0.0342
    86        0.00013419     0.000000E+000     0.263375E-006        0.0344
    87        0.00023640     0.000000E+000     0.683987E-006        0.0345
    88 *      0.00013370     0.000000E+000     0.258372E-006        0.0348
    88        0.00013370     0.000000E+000     0.211861E-006        0.0349
    89        0.00025583     0.000000E+000     0.820378E-006        0.0350
    90        0.00026968     0.000000E+000     0.778501E-006        0.0353
    91 *      0.00014517     0.000000E+000     0.302738E-006        0.0355
    91        0.00014517     0.000000E+000     0.236130E-006        0.0357
    92        0.00026624     0.000000E+000     0.785351E-006        0.0358
    93        0.00028526     0.000000E+000     0.850722E-006        0.0361
    94        0.00029726     0.000000E+000     0.940809E-006        0.0364
    95        0.00029726     0.000000E+000     0.822887E-006        0.0367
    96 *      0.00015676     0.000000E+000     0.294332E-006        0.0370
    96        0.00015676     0.000000E+000     0.236888E-006        0.0371
    97        0.00028764     0.000000E+000     0.790028E-006        0.0373
    98        0.00030747     0.000000E+000     0.859413E-006        0.0376
    99        0.00031851     0.000000E+000     0.966715E-006        0.0379
   100        0.00031526     0.000000E+000     0.809641E-006        0.0382
   101        0.00033411     0.000000E+000     0.979144E-006        0.0385
   102 *      0.00016436     0.000000E+000     0.272159E-006        0.0389
   102        0.00016436     0.000000E+000     0.297338E-006        0.0390
   103        0.00027642     0.000000E+000     0.930712E-006        0.0392
   104 *      0.00013885     0.000000E+000     0.310049E-006        0.0395
   104        0.00013885     0.000000E+000     0.316646E-006        0.0396
   105        0.00022739     0.000000E+000     0.830259E-006        0.0397
   106 *      0.00011958     0.000000E+000     0.319761E-006        0.0400
   106        0.00011958     0.000000E+000     0.271575E-006        0.0401
   107        0.00020834     0.000000E+000     0.753176E-006        0.0402
   108        0.00022742     0.000000E+000     0.735157E-006        0.0404
   109        0.00025045     0.000000E+000     0.938288E-006        0.0406
   110 *      0.00012576     0.000000E+000     0.279348E-006        0.0409
   110        0.00012576     0.000000E+000     0.253894E-006        0.0410
   111        0.00022464     0.000000E+000     0.726066E-006        0.0411
   112        0.00024843     0.000000E+000     0.749543E-006        0.0414
   113        0.00027154     0.000000E+000     0.763390E-006        0.0416
   114        0.00029348     0.000000E+000     0.749091E-006        0.0419
   115        0.00031943     0.000000E+000     0.769949E-006        0.0422
   116        0.00034429     0.000000E+000     0.782193E-006        0.0425
   117        0.00036873     0.000000E+000     0.798119E-006        0.0428
   118        0.00039161     0.000000E+000     0.808258E-006        0.0432
   119        0.00041465     0.000000E+000     0.815953E-006        0.0436
   120        0.00043733     0.000000E+000     0.826232E-006        0.0440
   121        0.00045901     0.000000E+000     0.852366E-006        0.0445
   122        0.00047484     0.000000E+000     0.870467E-006        0.0449
   123        0.00048756     0.000000E+000     0.893476E-006        0.0454
   124        0.00049650     0.000000E+000     0.906681E-006        0.0459
   125        0.00050115     0.000000E+000     0.905534E-006        0.0464
   126        0.00050592     0.000000E+000     0.906072E-006        0.0469
   127 *      0.00025541     0.000000E+000     0.429468E-006        0.0474
   127        0.00025541     0.000000E+000     0.224551E-006        0.0476
   128        0.00047802     0.000000E+000     0.768724E-006        0.0479
   129        0.00051627     0.000000E+000     0.884599E-006        0.0484
   130        0.00052691     0.000000E+000     0.911809E-006        0.0489
   131        0.00053246     0.000000E+000     0.922835E-006        0.0494
   132        0.00053818     0.000000E+000     0.966857E-006        0.0499
   133 *      0.00026620     0.000000E+000     0.310998E-006        0.0505
   133        0.00026620     0.000000E+000     0.232463E-006        0.0508
   134        0.00048980     0.000000E+000     0.759896E-006        0.0510
   135        0.00053286     0.000000E+000     0.877815E-006        0.0515
   136        0.00054497     0.000000E+000     0.901783E-006        0.0520
   137        0.00055131     0.000000E+000     0.908861E-006        0.0526
   138        0.00055787     0.000000E+000     0.917429E-006        0.0531
   139        0.00056468     0.000000E+000     0.924672E-006        0.0537
   140        0.00056468     0.000000E+000     0.931083E-006        0.0543
   141        0.00056468     0.000000E+000     0.913820E-006        0.0548
   142        0.00057192     0.000000E+000     0.944873E-006        0.0554
   143        0.00057192     0.000000E+000     0.941718E-006        0.0560
   144        0.00057192     0.000000E+000     0.941938E-006        0.0565
   145        0.00057192     0.000000E+000     0.959987E-006        0.0571
   146        0.00056429     0.000000E+000     0.928816E-006        0.0577
   147        0.00056429     0.000000E+000     0.923878E-006        0.0582
   148        0.00056429     0.000000E+000     0.902309E-006        0.0588
   149        0.00057224     0.000000E+000     0.899943E-006        0.0594
   150        0.00058053     0.000000E+000     0.943366E-006        0.0599
   151        0.00058053     0.000000E+000     0.942940E-006        0.0605
   152        0.00058053     0.000000E+000     0.934511E-006        0.0611
   153        0.00058053     0.000000E+000     0.931852E-006        0.0617
   154        0.00058053     0.000000E+000     0.927359E-006        0.0623
   155        0.00058053     0.000000E+000     0.920470E-006        0.0628
   156        0.00058053     0.000000E+000     0.922748E-006        0.0634
   157        0.00058053     0.000000E+000     0.907879E-006        0.0640
   158        0.00059021     0.000000E+000     0.927382E-006        0.0646
   159        0.00059021     0.000000E+000     0.919246E-006        0.0652
   160        0.00059021     0.000000E+000     0.912030E-006        0.0658
   161        0.00059021     0.000000E+000     0.906091E-006        0.0664
   162        0.00060094     0.000000E+000     0.931962E-006        0.0669
   163        0.00060094     0.000000E+000     0.926268E-006        0.0675
   164        0.00060094     0.000000E+000     0.925199E-006        0.0682
   165        0.00060094     0.000000E+000     0.929837E-006        0.0688
   166        0.00060094     0.000000E+000     0.920994E-006        0.0694
   167        0.00060094     0.000000E+000     0.895607E-006        0.0700
   168        0.00061346     0.000000E+000     0.928257E-006        0.0706
   169        0.00061346     0.000000E+000     0.934057E-006        0.0712
   170        0.00061346     0.000000E+000     0.903404E-006        0.0718
   171        0.00061346     0.000000E+000     0.904709E-006        0.0724
   172        0.00061346     0.000000E+000     0.892152E-006        0.0730
   173        0.00062807     0.000000E+000     0.938236E-006        0.0736
   174        0.00062807     0.000000E+000     0.916265E-006        0.0742
   175        0.00062807     0.000000E+000     0.915210E-006        0.0749
   176        0.00062807     0.000000E+000     0.893703E-006        0.0755
   177        0.00062807     0.000000E+000     0.895521E-006        0.0761
   178        0.00062807     0.000000E+000     0.878298E-006        0.0768
   179        0.00064601     0.000000E+000     0.930051E-006        0.0774
   180        0.00064601     0.000000E+000     0.937679E-006        0.0780
   181        0.00064601     0.000000E+000     0.918628E-006        0.0787
   182        0.00064601     0.000000E+000     0.917846E-006        0.0793
   183        0.00064601     0.000000E+000     0.916441E-006        0.0800
   184        0.00064601     0.000000E+000     0.923623E-006        0.0806
   185        0.00064601     0.000000E+000     0.921289E-006        0.0813
   186        0.00064601     0.000000E+000     0.912449E-006        0.0819
   187        0.00064601     0.000000E+000     0.974859E-006        0.0826
   188 *      0.00031104     0.000000E+000     0.332599E-006        0.0832
   188        0.00031104     0.000000E+000     0.665578E-006        0.0835
   189        0.00037614     0.000000E+000     0.340649E-006        0.0838
   190        0.00054476     0.000000E+000     0.659825E-006        0.0842
   191        0.00061013     0.000000E+000     0.806524E-006        0.0847
   192        0.00063666     0.000000E+000     0.858532E-006        0.0854
   193        0.00063666     0.000000E+000     0.858333E-006        0.0860
   194        0.00063666     0.000000E+000     0.851919E-006        0.0866
   195        0.00063666     0.000000E+000     0.859277E-006        0.0873
   196        0.00063666     0.000000E+000     0.838232E-006        0.0879
   197        0.00063666     0.000000E+000     0.850193E-006        0.0885
   198        0.00063666     0.000000E+000     0.830495E-006        0.0892
   199        0.00063666     0.000000E+000     0.843529E-006        0.0898
   200        0.00063666     0.000000E+000     0.830353E-006        0.0905
   201        0.00063666     0.000000E+000     0.834643E-006        0.0911
   202        0.00063666     0.000000E+000     0.852801E-006        0.0917
   203        0.00063666     0.000000E+000     0.834464E-006        0.0924
   204        0.00063666     0.000000E+000     0.839933E-006        0.0930
   205        0.00063666     0.000000E+000     0.835198E-006        0.0936
   206 *      0.00031833     0.000000E+000     0.112190E-005        0.0943
   206        0.00031833     0.000000E+000     0.212044E-006        0.0946
   207        0.00056592     0.000000E+000     0.663243E-006        0.0949
   208        0.00064676     0.000000E+000     0.864703E-006        0.0955
   209        0.00064676     0.000000E+000     0.872774E-006        0.0961
   210 *      0.00032338     0.000000E+000     0.316581E-006        0.0968
   210        0.00032338     0.000000E+000     0.223320E-006        0.0971
   211        0.00051741     0.000000E+000     0.572552E-006        0.0974
   212        0.00051741     0.000000E+000     0.565220E-006        0.0979
   213        0.00051741     0.000000E+000     0.569509E-006        0.0984
   214        0.00051741     0.000000E+000     0.559024E-006        0.0990
   215        0.00051741     0.000000E+000     0.562234E-006        0.0995
   216        0.00062893     0.000000E+000     0.824903E-006        0.1000
   217        0.00066247     0.000000E+000     0.920721E-006        0.1006
   218 *      0.00033347     0.000000E+000     0.318818E-006        0.1013
   218        0.00033347     0.000000E+000     0.239164E-006        0.1016
   219        0.00060895     0.000000E+000     0.799717E-006        0.1020
   220        0.00064955     0.000000E+000     0.889456E-006        0.1026
   221        0.00066290     0.000000E+000     0.953781E-006        0.1032
   222        0.00065836     0.000000E+000     0.922996E-006        0.1039
   223        0.00066293     0.000000E+000     0.916635E-006        0.1045
   224        0.00066760     0.000000E+000     0.948966E-006        0.1052
   225        0.00066760     0.000000E+000     0.931087E-006        0.1059
   226        0.00067240     0.000000E+000     0.980769E-006        0.1065
   227        0.00066280     0.000000E+000     0.924214E-006        0.1072
   228        0.00066760     0.000000E+000     0.925205E-006        0.1079
   229        0.00067251     0.000000E+000     0.933971E-006        0.1085
   230        0.00067251     0.000000E+000     0.960345E-006        0.1092
   231        0.00066753     0.000000E+000     0.927093E-006        0.1099
   232        0.00067254     0.000000E+000     0.942927E-006        0.1106
   233        0.00067254     0.000000E+000     0.943544E-006        0.1112
   234        0.00067254     0.000000E+000     0.936107E-006        0.1119
   235        0.00067254     0.000000E+000     0.925562E-006        0.1126
   236        0.00067780     0.000000E+000     0.926109E-006        0.1132
   237        0.00068318     0.000000E+000     0.945032E-006        0.1139
   238        0.00068318     0.000000E+000     0.938794E-006        0.1146
   239        0.00068318     0.000000E+000     0.940085E-006        0.1153
   240        0.00068318     0.000000E+000     0.944433E-006        0.1160
   241        0.00068318     0.000000E+000     0.927362E-006        0.1167
   242        0.00068887     0.000000E+000     0.953296E-006        0.1173
   243        0.00068313     0.000000E+000     0.939230E-006        0.1180
   244        0.00068313     0.000000E+000     0.929589E-006        0.1187
   245        0.00068313     0.000000E+000     0.923475E-006        0.1194
   246        0.00068902     0.000000E+000     0.933421E-006        0.1201
   247 *      0.00034451     0.000000E+000     0.549104E-006        0.1208
   247        0.00034451     0.000000E+000     0.236233E-006        0.1211
   248        0.00063345     0.000000E+000     0.790073E-006        0.1215
   249        0.00067752     0.000000E+000     0.898306E-006        0.1221
   250        0.00068962     0.000000E+000     0.936971E-006        0.1228
   251        0.00068962     0.000000E+000     0.934431E-006        0.1235
   252        0.00068962     0.000000E+000     0.932335E-006        0.1241
   253        0.00068962     0.000000E+000     0.924664E-006        0.1248
   254        0.00069606     0.000000E+000     0.945618E-006        0.1255
   255        0.00069606     0.000000E+000     0.936528E-006        0.1262
   256 *      0.00034803     0.000000E+000     0.301271E-006        0.1269
   256        0.00034803     0.000000E+000     0.235495E-006        0.1273
   257        0.00064062     0.000000E+000     0.797394E-006        0.1276
   258 *      0.00034167     0.000000E+000     0.343138E-006        0.1283
   258        0.00034167     0.000000E+000     0.228181E-006        0.1286
   259        0.00063452     0.000000E+000     0.777447E-006        0.1289
   260        0.00068381     0.000000E+000     0.895879E-006        0.1296
   261        0.00069748     0.000000E+000     0.927496E-006        0.1303
   262        0.00069748     0.000000E+000     0.923984E-006        0.1309
   263        0.00070467     0.000000E+000     0.939916E-006        0.1316
   264        0.00070467     0.000000E+000     0.937515E-006        0.1324
   265        0.00070467     0.000000E+000     0.936986E-006        0.1331
   266        0.00070467     0.000000E+000     0.946316E-006        0.1338
   267        0.00070467     0.000000E+000     0.938875E-006        0.1345
   268        0.00070467     0.000000E+000     0.948448E-006        0.1352
   269        0.00070467     0.000000E+000     0.946309E-006        0.1359
   270 *      0.00035234     0.000000E+000     0.346848E-006        0.1366
   270        0.00035234     0.000000E+000     0.236881E-006        0.1369
   271        0.00064656     0.000000E+000     0.791401E-006        0.1373
   272        0.00068966     0.000000E+000     0.918913E-006        0.1379
   273        0.00069750     0.000000E+000     0.937050E-006        0.1386
   274        0.00069750     0.000000E+000     0.934882E-006        0.1393
   275        0.00069750     0.000000E+000     0.946842E-006        0.1400
   276        0.00069750     0.000000E+000     0.941677E-006        0.1407
   277        0.00069750     0.000000E+000     0.933770E-006        0.1414
   278        0.00069750     0.000000E+000     0.920298E-006        0.1421
   279        0.00070611     0.000000E+000     0.959047E-006        0.1428
   280        0.00069739     0.000000E+000     0.909538E-006        0.1435
   281        0.00070622     0.000000E+000     0.950404E-006        0.1442
   282        0.00070622     0.000000E+000     0.963680E-006        0.1449
   283        0.00069716     0.000000E+000     0.952648E-006        0.1456
   284        0.00068823     0.000000E+000     0.924283E-006        0.1463
   285        0.00068823     0.000000E+000     0.923100E-006        0.1470
   286        0.00068823     0.000000E+000     0.913328E-006        0.1477
   287        0.00069753     0.000000E+000     0.944690E-006        0.1484
   288        0.00069753     0.000000E+000     0.947567E-006        0.1491
   289        0.00069753     0.000000E+000     0.946211E-006        0.1498
   290        0.00069753     0.000000E+000     0.939610E-006        0.1505
   291        0.00069753     0.000000E+000     0.944657E-006        0.1512
   292        0.00069753     0.000000E+000     0.962370E-006        0.1519
   293        0.00068742     0.000000E+000     0.972297E-006        0.1526
   294        0.00067746     0.000000E+000     0.975865E-006        0.1533
   295        0.00066764     0.000000E+000     0.971020E-006        0.1539
   296        0.00065796     0.000000E+000     0.963552E-006        0.1546
   297        0.00064843     0.000000E+000     0.941894E-006        0.1553
   298        0.00064843     0.000000E+000     0.965133E-006        0.1559
   299 *      0.00031944     0.000000E+000     0.261380E-006        0.1566
   299        0.00031944     0.000000E+000     0.237302E-006        0.1569
   300        0.00058638     0.000000E+000     0.929908E-006        0.1572
   301 *      0.00029319     0.000000E+000     0.311845E-006        0.1578
   301        0.00029319     0.000000E+000     0.201981E-006        0.1581
   302        0.00057031     0.000000E+000     0.725349E-006        0.1584
   303        0.00062216     0.000000E+000     0.839795E-006        0.1589
   304        0.00064191     0.000000E+000     0.882693E-006        0.1596
   305        0.00065243     0.000000E+000     0.891327E-006        0.1602
   306        0.00066349     0.000000E+000     0.904437E-006        0.1609
   307        0.00067513     0.000000E+000     0.923645E-006        0.1615
   308        0.00067513     0.000000E+000     0.924085E-006        0.1622
   309 *      0.00033757     0.000000E+000     0.274773E-006        0.1629
   309        0.00033757     0.000000E+000     0.103401E-004        0.1632
   310        0.00013915     0.000000E+000     0.457661E-007        0.1635
   311        0.00035260     0.000000E+000     0.263905E-006        0.1637
   312        0.00055331     0.000000E+000     0.609819E-006        0.1640
   313 *      0.00032193     0.000000E+000     0.899738E-006        0.1646
   313        0.00032193     0.000000E+000     0.226226E-006        0.1649
   314        0.00059945     0.000000E+000     0.639211E-006        0.1652
   315        0.00068338     0.000000E+000     0.809999E-006        0.1658
   316        0.00071246     0.000000E+000     0.867178E-006        0.1665
   317        0.00072829     0.000000E+000     0.895716E-006        0.1672
   318        0.00072829     0.000000E+000     0.883258E-006        0.1680
   319        0.00074563     0.000000E+000     0.913638E-006        0.1687
   320        0.00074563     0.000000E+000     0.902276E-006        0.1694
   321        0.00074563     0.000000E+000     0.891316E-006        0.1702
   322        0.00074563     0.000000E+000     0.880587E-006        0.1709
   323        0.00076578     0.000000E+000     0.917297E-006        0.1717
   324        0.00076578     0.000000E+000     0.905996E-006        0.1724
   325        0.00076578     0.000000E+000     0.894814E-006        0.1732
   326        0.00076578     0.000000E+000     0.883722E-006        0.1740
   327        0.00076578     0.000000E+000     0.872677E-006        0.1747
   328        0.00079048     0.000000E+000     0.917640E-006        0.1755
   329        0.00079048     0.000000E+000     0.905232E-006        0.1763
   330        0.00079048     0.000000E+000     0.892362E-006        0.1771
   331        0.00079048     0.000000E+000     0.878872E-006        0.1779
   332        0.00079048     0.000000E+000     0.864791E-006        0.1787
   333        0.00079048     0.000000E+000     0.850209E-006        0.1794
   334        0.00082342     0.000000E+000     0.905733E-006        0.1802
   335        0.00082342     0.000000E+000     0.888571E-006        0.1811
   336        0.00082342     0.000000E+000     0.872394E-006        0.1819
   337        0.00082342     0.000000E+000     0.861024E-006        0.1827
   338        0.00082342     0.000000E+000     0.853004E-006        0.1835
   339        0.00082342     0.000000E+000     0.842336E-006        0.1844
   340        0.00082342     0.000000E+000     0.845896E-006        0.1852
   341        0.00082342     0.000000E+000     0.827093E-006        0.1860
   342        0.00082342     0.000000E+000     0.828548E-006        0.1868
   343        0.00082342     0.000000E+000     0.815390E-006        0.1876
   344        0.00082342     0.000000E+000     0.820427E-006        0.1885
   345        0.00082342     0.000000E+000     0.802545E-006        0.1893
   346        0.00082342     0.000000E+000     0.803409E-006        0.1901
   347        0.00082342     0.000000E+000     0.788007E-006        0.1909
   348        0.00082342     0.000000E+000     0.776408E-006        0.1918
   349        0.00082342     0.000000E+000     0.774875E-006        0.1926
   350        0.00082342     0.000000E+000     0.763378E-006        0.1934
   351        0.00082342     0.000000E+000     0.751405E-006        0.1942
   352        0.00082342     0.000000E+000     0.742515E-006        0.1951
   353        0.00082342     0.000000E+000     0.738754E-006        0.1959
   354        0.00082342     0.000000E+000     0.730996E-006        0.1967
   355        0.00082342     0.000000E+000     0.726431E-006        0.1975
   356        0.00082342     0.000000E+000     0.718286E-006        0.1984
   357        0.00082342     0.000000E+000     0.711365E-006        0.1992
   358        0.00091743     0.000000E+000     0.873658E-006        0.2000
   359        0.00094364     0.000000E+000     0.914771E-006        0.2009
   360        0.00095281     0.000000E+000     0.923448E-006        0.2019
   361        0.00096224     0.000000E+000     0.932922E-006        0.2028
   362        0.00096224     0.000000E+000     0.924481E-006        0.2038
   363        0.00097206     0.000000E+000     0.934985E-006        0.2047
   364        0.00097206     0.000000E+000     0.926645E-006        0.2057
   365        0.00097206     0.000000E+000     0.918124E-006        0.2067
   366        0.00098240     0.000000E+000     0.928484E-006        0.2077
   367        0.00098240     0.000000E+000     0.918510E-006        0.2086
   368        0.00099319     0.000000E+000     0.927480E-006        0.2096
   369        0.00099319     0.000000E+000     0.915014E-006        0.2106
   370        0.00100448     0.000000E+000     0.921905E-006        0.2116
   371        0.00101616     0.000000E+000     0.928032E-006        0.2126
   372        0.00101616     0.000000E+000     0.912146E-006        0.2136
   373        0.00102840     0.000000E+000     0.918170E-006        0.2146
   374        0.00104110     0.000000E+000     0.925615E-006        0.2157
   375        0.00104110     0.000000E+000     0.912704E-006        0.2167
   376        0.00105445     0.000000E+000     0.927417E-006        0.2178
   377        0.00105445     0.000000E+000     0.938820E-006        0.2188
   378 *      0.00052722     0.000000E+000     0.305077E-006        0.2199
   378        0.00052722     0.000000E+000     0.235252E-006        0.2204
   379        0.00096443     0.000000E+000     0.768756E-006        0.2209
   380        0.00104159     0.000000E+000     0.906009E-006        0.2219
   381 *      0.00052793     0.000000E+000     0.362900E-006        0.2229
   381        0.00052793     0.000000E+000     0.559602E-006        0.2235
   382        0.00069111     0.000000E+000     0.435421E-006        0.2240
   383        0.00091867     0.000000E+000     0.710615E-006        0.2247
   384        0.00101934     0.000000E+000     0.851441E-006        0.2256
   385        0.00104846     0.000000E+000     0.888227E-006        0.2266
   386        0.00106388     0.000000E+000     0.906003E-006        0.2277
   387        0.00108000     0.000000E+000     0.926753E-006        0.2287
   388        0.00108000     0.000000E+000     0.920748E-006        0.2298
   389        0.00108000     0.000000E+000     0.914453E-006        0.2309
   390        0.00108000     0.000000E+000     0.906876E-006        0.2320
   391        0.00109771     0.000000E+000     0.927587E-006        0.2330
   392        0.00109771     0.000000E+000     0.917530E-006        0.2341
   393        0.00109771     0.000000E+000     0.905898E-006        0.2352
   394        0.00111697     0.000000E+000     0.924645E-006        0.2363
   395        0.00111697     0.000000E+000     0.911979E-006        0.2374
   396        0.00111697     0.000000E+000     0.900205E-006        0.2386
   397        0.00113804     0.000000E+000     0.923172E-006        0.2397
   398        0.00113804     0.000000E+000     0.913651E-006        0.2408
   399        0.00113804     0.000000E+000     0.906467E-006        0.2420
   400        0.00113804     0.000000E+000     0.897004E-006        0.2431
   401        0.00116175     0.000000E+000     0.923447E-006        0.2442
   402        0.00116175     0.000000E+000     0.915829E-006        0.2454
   403        0.00116175     0.000000E+000     0.905504E-006        0.2466
   404        0.00116175     0.000000E+000     0.963818E-006        0.2477
   405        0.00113593     0.000000E+000     0.841640E-006        0.2489
   406        0.00116235     0.000000E+000     0.870910E-006        0.2500
   407        0.00119070     0.000000E+000     0.904287E-006        0.2512
   408        0.00119070     0.000000E+000     0.891580E-006        0.2524
   409        0.00119070     0.000000E+000     0.881584E-006        0.2536
   410        0.00122288     0.000000E+000     0.915789E-006        0.2548
   411        0.00122288     0.000000E+000     0.904189E-006        0.2560
   412        0.00122288     0.000000E+000     0.891210E-006        0.2572
   413        0.00122288     0.000000E+000     0.880004E-006        0.2584
   414        0.00122288     0.000000E+000     0.863631E-006        0.2596
   415        0.00126233     0.000000E+000     0.908952E-006        0.2609
   416        0.00126233     0.000000E+000     0.897928E-006        0.2621
   417        0.00126233     0.000000E+000     0.887810E-006        0.2634
   418        0.00126233     0.000000E+000     0.872487E-006        0.2647
   419        0.00126233     0.000000E+000     0.862529E-006        0.2659
   420        0.00126233     0.000000E+000     0.853122E-006        0.2672
   421        0.00131493     0.000000E+000     0.915561E-006        0.2684
   422        0.00131493     0.000000E+000     0.906018E-006        0.2698
   423        0.00131493     0.000000E+000     0.896871E-006        0.2711
   424        0.00131493     0.000000E+000     0.887989E-006        0.2724
   425        0.00131493     0.000000E+000     0.879206E-006        0.2737
   426        0.00131493     0.000000E+000     0.870347E-006        0.2750
   427        0.00131493     0.000000E+000     0.861265E-006        0.2763
   428        0.00131493     0.000000E+000     0.851858E-006        0.2776
   429        0.00131493     0.000000E+000     0.842432E-006        0.2790
   430        0.00131493     0.000000E+000     0.833427E-006        0.2803
   431        0.00131493     0.000000E+000     0.826225E-006        0.2816
   432        0.00131493     0.000000E+000     0.820219E-006        0.2829
   433        0.00131493     0.000000E+000     0.816346E-006        0.2842
   434        0.00131493     0.000000E+000     0.819935E-006        0.2855
   435                                         0.241833E-004
   435        0.00005923     0.000000E+000     0.201595E-006        0.2869
   436        0.00010227     0.000000E+000     0.370711E-007        0.2869
   437        0.00027058     0.000000E+000     0.600989E-007        0.2870
   438        0.00063586     0.000000E+000     0.207521E-006        0.2873
   439        0.00100678     0.000000E+000     0.477453E-006        0.2879
   440        0.00123051     0.000000E+000     0.701240E-006        0.2889
   441        0.00123051     0.000000E+000     0.697943E-006        0.2902
   442        0.00123051     0.000000E+000     0.696357E-006        0.2914
   443        0.00123051     0.000000E+000     0.695213E-006        0.2926
   444        0.00123051     0.000000E+000     0.690229E-006        0.2938
   445        0.00123051     0.000000E+000     0.683595E-006        0.2951
   446        0.00123051     0.000000E+000     0.677311E-006        0.2963
   447        0.00123051     0.000000E+000     0.671154E-006        0.2975
   448        0.00123051     0.000000E+000     0.665016E-006        0.2988
   449        0.00138889     0.000000E+000     0.837625E-006        0.3000
   450        0.00145016     0.000000E+000     0.902387E-006        0.3014
   451        0.00147214     0.000000E+000     0.918099E-006        0.3028
   452        0.00147214     0.000000E+000     0.905038E-006        0.3043
   453        0.00149550     0.000000E+000     0.918222E-006        0.3058
   454        0.00149550     0.000000E+000     0.899872E-006        0.3073
   455        0.00152043     0.000000E+000     0.908741E-006        0.3088
   456        0.00154664     0.000000E+000     0.918198E-006        0.3103
   457        0.00154664     0.000000E+000     0.907337E-006        0.3118
   458        0.00154664     0.000000E+000     0.883485E-006        0.3134
   459        0.00157528     0.000000E+000     0.910673E-006        0.3149
   460        0.00157528     0.000000E+000     0.894861E-006        0.3165
   461        0.00160617     0.000000E+000     0.917151E-006        0.3181
   462        0.00160617     0.000000E+000     0.909071E-006        0.3197
   463        0.00160617     0.000000E+000     0.894185E-006        0.3213
   464        0.00164035     0.000000E+000     0.921841E-006        0.3229
   465                                         0.243281E-004
   465        0.00007383     0.000000E+000     0.203359E-006        0.3245
   466        0.00012777     0.000000E+000     0.840565E-008        0.3246
   467        0.00038200     0.000000E+000     0.534838E-007        0.3247
   468        0.00093590     0.000000E+000     0.298683E-006        0.3251
   469        0.00142185     0.000000E+000     0.676247E-006        0.3261
   470        0.00161143     0.000000E+000     0.864263E-006        0.3275
   471        0.00164891     0.000000E+000     0.910126E-006        0.3291
   472 *      0.00082445     0.000000E+000     0.262503E-006        0.3307
   472        0.00082445     0.000000E+000     0.160785E-005        0.3316
   473                                         0.484906E-005
   473        0.00004795     0.000000E+000     0.890707E-007        0.3324
   474        0.00010539     0.000000E+000     0.112879E-006        0.3324
   475        0.00021759     0.000000E+000     0.988947E-007        0.3325
   476        0.00046369     0.000000E+000     0.158603E-006        0.3328
   477 *      0.00043358     0.000000E+000     0.938941E-006        0.3332
   477        0.00043358     0.000000E+000     0.164385E-006        0.3337
   478 *      0.00045766     0.000000E+000     0.307489E-006        0.3341
   478        0.00045766     0.000000E+000     0.856296E-007        0.3346
   479 *      0.00061310     0.000000E+000     0.290022E-006        0.3350
   479        0.00061310     0.000000E+000     0.258505E-006        0.3356
   480 *      0.00054036     0.000000E+000     0.363874E-006        0.3362
   480        0.00054036     0.000000E+000     0.192547E-006        0.3368
   481 *      0.00053120     0.000000E+000     0.106009E-005        0.3373
   481        0.00053120     0.000000E+000     0.103054E-006        0.3378
   482 *      0.00065552     0.000000E+000     0.255246E-006        0.3384
   482        0.00065552     0.000000E+000     0.206427E-004        0.3390
   483        0.00020513     0.000000E+000     0.177391E-007        0.3397
   484        0.00060103     0.000000E+000     0.131942E-006        0.3399
   485        0.00116670     0.000000E+000     0.435732E-006        0.3405
   486        0.00153513     0.000000E+000     0.704571E-006        0.3417
   487        0.00167058     0.000000E+000     0.809131E-006        0.3432
   488        0.00172279     0.000000E+000     0.844908E-006        0.3449
   489        0.00178022     0.000000E+000     0.893032E-006        0.3466
   490        0.00178022     0.000000E+000     0.895182E-006        0.3484
   491        0.00178022     0.000000E+000     0.911157E-006        0.3502
   492        0.00178022     0.000000E+000     0.900229E-006        0.3519
   493        0.00178022     0.000000E+000     0.936572E-006        0.3537
   494        0.00178022     0.000000E+000     0.898517E-006        0.3555
   495        0.00178022     0.000000E+000     0.870286E-006        0.3573
   496        0.00178022     0.000000E+000     0.964605E-006        0.3591
   497        0.00170282     0.000000E+000     0.794714E-006        0.3608
   498        0.00178390     0.000000E+000     0.870519E-006        0.3625
   499        0.00178390     0.000000E+000     0.861447E-006        0.3643
   500        0.00178390     0.000000E+000     0.851832E-006        0.3661
   501 *      0.00089195     0.000000E+000     0.252957E-006        0.3679
   501        0.00089195     0.000000E+000     0.206928E-006        0.3688
   502        0.00168480     0.000000E+000     0.721722E-006        0.3697
   503        0.00179010     0.000000E+000     0.789147E-006        0.3714
   504        0.00191796     0.000000E+000     0.846512E-006        0.3731
   505        0.00191796     0.000000E+000     0.835676E-006        0.3751
   506        0.00191796     0.000000E+000     0.799471E-006        0.3770
   507        0.00191796     0.000000E+000     0.777107E-006        0.3789
   508        0.00191796     0.000000E+000     0.745500E-006        0.3808
   509        0.00191796     0.000000E+000     0.745913E-006        0.3827
   510        0.00191796     0.000000E+000     0.729616E-006        0.3847
   511        0.00191796     0.000000E+000     0.699856E-006        0.3866
   512        0.00191796     0.000000E+000     0.691378E-006        0.3885
   513        0.00191796     0.000000E+000     0.661965E-006        0.3904
   514        0.00191796     0.000000E+000     0.669252E-006        0.3923
   515        0.00191796     0.000000E+000     0.622874E-006        0.3942
   516        0.00191796     0.000000E+000     0.582158E-006        0.3962
   517        0.00191796     0.000000E+000     0.564355E-006        0.3981
   518        0.00232558     0.000000E+000     0.857136E-006        0.4000
   519        0.00238230     0.000000E+000     0.878079E-006        0.4023
   520        0.00244339     0.000000E+000     0.870482E-006        0.4047
   521        0.00250943     0.000000E+000     0.858945E-006        0.4072
   522        0.00258112     0.000000E+000     0.978147E-006        0.4097
   523        0.00250738     0.000000E+000     0.858078E-006        0.4122
   524        0.00258336     0.000000E+000     0.846452E-006        0.4147
   525        0.00266669     0.000000E+000     0.867041E-006        0.4173
   526 *      0.00137932     0.000000E+000     0.254654E-006        0.4200
   526        0.00137932     0.000000E+000     0.221774E-006        0.4214
   527        0.00257474     0.000000E+000     0.866920E-006        0.4228
   528        0.00266669     0.000000E+000     0.787256E-006        0.4253
   529        0.00276926     0.000000E+000     0.813789E-006        0.4280
   530        0.00288464     0.000000E+000     0.886575E-006        0.4308
   531        0.00288464     0.000000E+000     0.884126E-006        0.4337
   532        0.00288464     0.000000E+000     0.886158E-006        0.4365
   533        0.00288464     0.000000E+000     0.814167E-006        0.4394
   534        0.00303647     0.000000E+000     0.867174E-006        0.4423
   535        0.00303647     0.000000E+000     0.914835E-006        0.4453
   536        0.00303647     0.000000E+000     0.852164E-006        0.4484
   537                                         0.102490E-004
   537        0.00016987     0.000000E+000     0.146535E-006        0.4514
   538        0.00032492     0.000000E+000     0.348243E-007        0.4516
   539        0.00085873     0.000000E+000     0.988483E-007        0.4519
   540        0.00181654     0.000000E+000     0.316774E-006        0.4528
   541        0.00267138     0.000000E+000     0.599711E-006        0.4546
   542        0.00305300     0.000000E+000     0.771346E-006        0.4573
   543                                         0.911181E-005
   543        0.00019081     0.000000E+000     0.129237E-006        0.4603
   544        0.00037617     0.000000E+000     0.446582E-007        0.4605
   545        0.00095420     0.000000E+000     0.110232E-006        0.4609
   546        0.00190839     0.000000E+000     0.312072E-006        0.4618
   547        0.00278919     0.000000E+000     0.646357E-006        0.4637
   548        0.00304275     0.000000E+000     0.750207E-006        0.4665
   549        0.00304275     0.000000E+000     0.769060E-006        0.4696
   550        0.00304275     0.000000E+000     0.703095E-006        0.4726
   551        0.00304275     0.000000E+000     0.651539E-006        0.4757
   552        0.00304275     0.000000E+000     0.707616E-006        0.4787
   553        0.00304275     0.000000E+000     0.606815E-006        0.4817
   554        0.00304275     0.000000E+000     0.585569E-006        0.4848
   555        0.00304275     0.000000E+000     0.768019E-006        0.4878
   556 *      0.00152138     0.000000E+000     0.200337E-005        0.4909
   556        0.00152138     0.000000E+000     0.138359E-006        0.4924
   557        0.00304275     0.000000E+000     0.549630E-006        0.4939
   558        0.00304275     0.000000E+000     0.520247E-006        0.4970
   559        0.00370370     0.000000E+000     0.824710E-006        0.5000
   560        0.00385185     0.000000E+000     0.905121E-006        0.5037
   561        0.00385185     0.000000E+000     0.775899E-006        0.5076
   562        0.00402694     0.000000E+000     0.812715E-006        0.5114
   563        0.00422828     0.000000E+000     0.859160E-006        0.5154
   564        0.00422828     0.000000E+000     0.825210E-006        0.5197
   565 *      0.00211414     0.000000E+000     0.268632E-006        0.5239
   565        0.00211414     0.000000E+000     0.234571E-006        0.5260
   566        0.00378320     0.000000E+000     0.683491E-006        0.5281
   567        0.00425610     0.000000E+000     0.778346E-006        0.5319
   568        0.00456011     0.000000E+000     0.814215E-006        0.5362
   569        0.00456011     0.000000E+000     0.770899E-006        0.5407
   570        0.00456011     0.000000E+000     0.740341E-006        0.5453
   571 *      0.00250806     0.000000E+000     0.883609E-006        0.5498
   571        0.00250806     0.000000E+000     0.281039E-006        0.5523
   572        0.00410410     0.000000E+000     0.625957E-006        0.5549
   573        0.00456011     0.000000E+000     0.738748E-006        0.5590
   574        0.00456011     0.000000E+000     0.745339E-006        0.5635
   575 *      0.00228005     0.000000E+000     0.270877E-006        0.5681
   575        0.00228005     0.000000E+000     0.713318E-006        0.5704
   576        0.00248733     0.000000E+000     0.646090E-006        0.5726
   577        0.00276370     0.000000E+000     0.323827E-006        0.5751
   578        0.00368494     0.000000E+000     0.455854E-006        0.5779
   579        0.00460617     0.000000E+000     0.680591E-006        0.5816
   580        0.00460617     0.000000E+000     0.761072E-006        0.5862
   581        0.00460617     0.000000E+000     0.800954E-006        0.5908
   582        0.00460617     0.000000E+000     0.629933E-006        0.5954
   583        0.00526316     0.000000E+000     0.725246E-006        0.6000
   584 *      0.00278638     0.000000E+000     0.392032E-006        0.6053
   584        0.00278638     0.000000E+000     0.208317E-006        0.6080
   585        0.00524495     0.000000E+000     0.636661E-006        0.6108
   586        0.00599422     0.000000E+000     0.813044E-006        0.6161
   587        0.00599422     0.000000E+000     0.790633E-006        0.6221
   588 *      0.00299711     0.000000E+000     0.271918E-006        0.6281
   588        0.00299711     0.000000E+000     0.202793E-006        0.6311
   589        0.00549471     0.000000E+000     0.611520E-006        0.6341
   590 *      0.00302209     0.000000E+000     0.191276E-005        0.6396
   590        0.00302209     0.000000E+000     0.202604E-006        0.6426
   591        0.00543976     0.000000E+000     0.600105E-006        0.6456
   592        0.00611973     0.000000E+000     0.770035E-006        0.6510
   593        0.00611973     0.000000E+000     0.680098E-006        0.6572
   594        0.00611973     0.000000E+000     0.648376E-006        0.6633
   595 *      0.00305986     0.000000E+000     0.285364E-006        0.6694
   595        0.00305986     0.000000E+000     0.162628E-006        0.6725
   596        0.00611973     0.000000E+000     0.590750E-006        0.6755
   597        0.00611973     0.000000E+000     0.525390E-006        0.6816
   598        0.00611973     0.000000E+000     0.541862E-006        0.6878
   599        0.00611973     0.000000E+000     0.559761E-006        0.6939
   600        0.00714286     0.000000E+000     0.892534E-006        0.7000
   601 *      0.00357143     0.000000E+000     0.267160E-006        0.7071
   601        0.00357143     0.000000E+000     0.218288E-006        0.7107
   602        0.00659341     0.000000E+000     0.680723E-006        0.7143
   603        0.00719281     0.000000E+000     0.785935E-006        0.7209
   604        0.00719281     0.000000E+000     0.713330E-006        0.7281
   605        0.00719281     0.000000E+000     0.588758E-006        0.7353
   606 *      0.00411018     0.000000E+000     0.252618E-005        0.7425
   606        0.00411018     0.000000E+000     0.188586E-006        0.7466
   607        0.00822035     0.000000E+000     0.656100E-006        0.7507
   608        0.00822035     0.000000E+000     0.810352E-006        0.7589
   609        0.00822035     0.000000E+000     0.712434E-006        0.7671
   610        0.00822035     0.000000E+000     0.675113E-006        0.7753
   611        0.00822035     0.000000E+000     0.548027E-006        0.7836
   612        0.00822035     0.000000E+000     0.495592E-006        0.7918
   613        0.01000000     0.000000E+000     0.692356E-006        0.8000
   614        0.01125000     0.000000E+000     0.902529E-006        0.8100
   615        0.01125000     0.000000E+000     0.835124E-006        0.8213
   616        0.01125000     0.000000E+000     0.716922E-006        0.8325
   617        0.01125000     0.000000E+000     0.840267E-006        0.8438
   618 *      0.00562500     0.000000E+000     0.286146E-006        0.8550
   618        0.00562500     0.000000E+000     0.174100E-006        0.8606
   619        0.01125000     0.000000E+000     0.599503E-006        0.8663
   620        0.01125000     0.000000E+000     0.552826E-006        0.8775
   621        0.01125000     0.000000E+000     0.491858E-006        0.8888
   622 *      0.00714286     0.000000E+000     0.261124E-006        0.9000
   622        0.00714286     0.000000E+000     0.243531E-006        0.9071
   623        0.01224490     0.000000E+000     0.604912E-006        0.9143
   624 *      0.00612245     0.000000E+000     0.263580E-006        0.9265
   624        0.00612245     0.000000E+000     0.134576E-006        0.9327
   625        0.01224490     0.000000E+000     0.472949E-006        0.9388
   626        0.01224490     0.000000E+000     0.429141E-006        0.9510
   627        0.01224490     0.000000E+000     0.457536E-006        0.9633
   628        0.01224490     0.000000E+000     0.405612E-006        0.9755
   629 *      0.00612245     0.000000E+000     0.674641E-006        0.9878
   629        0.00612245     0.000000E+000     0.104498E-006        0.9939
