#Update-step  Updatetime     Error of A        Error of phi      Time in fs
     1                                         0.357048E-003
     1                                         0.434481E-005
     1        0.00016103     0.000000E+000     0.929115E-007        0.0000
     2        0.00035031     0.000000E+000     0.425177E-006        0.0002
     3        0.00047151     0.000000E+000     0.723048E-006        0.0005
     4        0.00052114     0.000000E+000     0.831537E-006        0.0010
     5        0.00054720     0.000000E+000     0.870165E-006        0.0015
     6        0.00056292     0.000000E+000     0.890372E-006        0.0021
     7        0.00057625     0.000000E+000     0.911299E-006        0.0026
     8        0.00058319     0.000000E+000     0.918412E-006        0.0032
     9        0.00059035     0.000000E+000     0.929975E-006        0.0038
    10        0.00059401     0.000000E+000     0.933155E-006        0.0044
    11        0.00059775     0.000000E+000     0.915326E-006        0.0050
    12        0.00060541     0.000000E+000     0.906214E-006        0.0056
    13        0.00061333     0.000000E+000     0.881503E-006        0.0062
    14        0.00062990     0.000000E+000     0.864757E-006        0.0068
    15        0.00065208     0.000000E+000     0.857860E-006        0.0074
    16        0.00067606     0.000000E+000     0.863418E-006        0.0081
    17        0.00069670     0.000000E+000     0.868659E-006        0.0087
    18        0.00071882     0.000000E+000     0.878368E-006        0.0094
    19        0.00073649     0.000000E+000     0.875356E-006        0.0101
    20        0.00075522     0.000000E+000     0.872205E-006        0.0109
    21        0.00077509     0.000000E+000     0.868519E-006        0.0116
    22        0.00079623     0.000000E+000     0.864219E-006        0.0124
    23        0.00081876     0.000000E+000     0.859421E-006        0.0132
    24        0.00084285     0.000000E+000     0.854446E-006        0.0140
    25        0.00086865     0.000000E+000     0.850089E-006        0.0149
    26        0.00090601     0.000000E+000     0.869495E-006        0.0157
    27        0.00093655     0.000000E+000     0.847709E-006        0.0166
    28        0.00096960     0.000000E+000     0.849908E-006        0.0176
    29        0.00100551     0.000000E+000     0.852759E-006        0.0186
    30        0.00104469     0.000000E+000     0.857854E-006        0.0196
    31        0.00107292     0.000000E+000     0.839789E-006        0.0206
    32        0.00111891     0.000000E+000     0.845856E-006        0.0217
    33        0.00115231     0.000000E+000     0.830951E-006        0.0228
    34        0.00120718     0.000000E+000     0.844497E-006        0.0239
    35        0.00124742     0.000000E+000     0.835041E-006        0.0252
    36        0.00129119     0.000000E+000     0.828563E-006        0.0264
    37        0.00133901     0.000000E+000     0.825114E-006        0.0277
    38        0.00139152     0.000000E+000     0.824875E-006        0.0290
    39        0.00144950     0.000000E+000     0.828184E-006        0.0304
    40        0.00151392     0.000000E+000     0.835534E-006        0.0319
    41        0.00158601     0.000000E+000     0.847577E-006        0.0334
    42        0.00162566     0.000000E+000     0.823578E-006        0.0350
    43        0.00171354     0.000000E+000     0.845792E-006        0.0366
    44        0.00176249     0.000000E+000     0.827253E-006        0.0383
    45        0.00181590     0.000000E+000     0.812142E-006        0.0401
    46        0.00187448     0.000000E+000     0.800363E-006        0.0419
    47        0.00193912     0.000000E+000     0.791950E-006        0.0438
    48        0.00201094     0.000000E+000     0.787104E-006        0.0457
    49        0.00209138     0.000000E+000     0.786227E-006        0.0477
    50        0.00218230     0.000000E+000     0.789962E-006        0.0498
    51        0.00228622     0.000000E+000     0.799279E-006        0.0520
    52        0.00240655     0.000000E+000     0.815604E-006        0.0543
    53        0.00254811     0.000000E+000     0.841075E-006        0.0567
    54        0.00254811     0.000000E+000     0.775471E-006        0.0592
    55        0.00273012     0.000000E+000     0.820587E-006        0.0618
    56        0.00273012     0.000000E+000     0.758276E-006        0.0645
    57        0.00273012     0.000000E+000     0.703498E-006        0.0672
    58        0.00300313     0.000000E+000     0.789236E-006        0.0700
    59        0.00300313     0.000000E+000     0.733377E-006        0.0730
    60        0.00300313     0.000000E+000     0.684507E-006        0.0760
    61        0.00300313     0.000000E+000     0.641631E-006        0.0790
    62        0.00300313     0.000000E+000     0.603919E-006        0.0820
    63        0.00300313     0.000000E+000     0.570673E-006        0.0850
    64        0.00300313     0.000000E+000     0.541309E-006        0.0880
    65        0.00300313     0.000000E+000     0.515333E-006        0.0910
    66        0.00300313     0.000000E+000     0.492331E-006        0.0940
    67        0.00300313     0.000000E+000     0.471950E-006        0.0970
    68        0.00384615     0.000000E+000     0.739752E-006        0.1000
    69        0.00418060     0.000000E+000     0.833764E-006        0.1038
    70        0.00437968     0.000000E+000     0.875532E-006        0.1080
    71        0.00437968     0.000000E+000     0.842182E-006        0.1124
    72        0.00437968     0.000000E+000     0.814964E-006        0.1168
    73        0.00463731     0.000000E+000     0.888234E-006        0.1212
    74        0.00463731     0.000000E+000     0.868628E-006        0.1258
    75        0.00463731     0.000000E+000     0.854824E-006        0.1304
    76        0.00463731     0.000000E+000     0.846478E-006        0.1351
    77        0.00463731     0.000000E+000     0.843368E-006        0.1397
    78        0.00463731     0.000000E+000     0.845376E-006        0.1444
    79        0.00463731     0.000000E+000     0.852471E-006        0.1490
    80        0.00463731     0.000000E+000     0.864707E-006        0.1536
    81        0.00463731     0.000000E+000     0.882213E-006        0.1583
    82        0.00463731     0.000000E+000     0.905197E-006        0.1629
    83        0.00463731     0.000000E+000     0.933944E-006        0.1675
    84        0.00463731     0.000000E+000     0.968821E-006        0.1722
    85        0.00386442     0.000000E+000     0.703048E-006        0.1768
    86        0.00386442     0.000000E+000     0.731198E-006        0.1807
    87        0.00386442     0.000000E+000     0.763037E-006        0.1845
    88        0.00386442     0.000000E+000     0.798913E-006        0.1884
    89        0.00386442     0.000000E+000     0.839195E-006        0.1923
    90        0.00386442     0.000000E+000     0.884297E-006        0.1961
    91        0.00384615     0.000000E+000     0.925927E-006        0.2000
    92        0.00384615     0.000000E+000     0.981362E-006        0.2038
    93        0.00369231     0.000000E+000     0.961873E-006        0.2077
    94        0.00354462     0.000000E+000     0.943151E-006        0.2114
    95 *      0.00177231     0.000000E+000     0.253034E-006        0.2149
    95        0.00177231     0.000000E+000     0.261312E-006        0.2167
    96        0.00313562     0.000000E+000     0.839486E-006        0.2185
    97        0.00326627     0.000000E+000     0.965116E-006        0.2216
    98        0.00313018     0.000000E+000     0.944438E-006        0.2249
    99 *      0.00156509     0.000000E+000     0.253749E-006        0.2280
    99        0.00156509     0.000000E+000     0.262112E-006        0.2296
   100        0.00275456     0.000000E+000     0.832891E-006        0.2311
   101        0.00287432     0.000000E+000     0.960455E-006        0.2339
   102        0.00274935     0.000000E+000     0.935822E-006        0.2368
   103 *      0.00137467     0.000000E+000     0.251329E-006        0.2395
   103        0.00137467     0.000000E+000     0.259429E-006        0.2409
   104        0.00240568     0.000000E+000     0.813998E-006        0.2423
   105        0.00251503     0.000000E+000     0.940508E-006        0.2447
   106 *      0.00125751     0.000000E+000     0.252420E-006        0.2472
   106        0.00125751     0.000000E+000     0.260421E-006        0.2484
   107        0.00218698     0.000000E+000     0.806364E-006        0.2497
   108        0.00229112     0.000000E+000     0.934229E-006        0.2519
   109 *      0.00114556     0.000000E+000     0.250466E-006        0.2542
   109        0.00114556     0.000000E+000     0.258207E-006        0.2553
   110        0.00197870     0.000000E+000     0.787910E-006        0.2565
   111        0.00207763     0.000000E+000     0.915358E-006        0.2584
   112        0.00207763     0.000000E+000     0.969077E-006        0.2605
   113        0.00196828     0.000000E+000     0.923000E-006        0.2626
   114        0.00196828     0.000000E+000     0.976697E-006        0.2646
   115        0.00185893     0.000000E+000     0.924120E-006        0.2665
   116        0.00185893     0.000000E+000     0.977174E-006        0.2684
   117        0.00174959     0.000000E+000     0.917586E-006        0.2703
   118        0.00174959     0.000000E+000     0.969363E-006        0.2720
   119        0.00164024     0.000000E+000     0.902378E-006        0.2738
   120        0.00164024     0.000000E+000     0.952205E-006        0.2754
   121 *      0.00082012     0.000000E+000     0.254579E-006        0.2770
   121        0.00082012     0.000000E+000     0.261866E-006        0.2779
   122        0.00142154     0.000000E+000     0.802165E-006        0.2787
   123        0.00142154     0.000000E+000     0.843075E-006        0.2801
   124        0.00142154     0.000000E+000     0.886935E-006        0.2815
   125        0.00142154     0.000000E+000     0.934024E-006        0.2829
   126        0.00142154     0.000000E+000     0.984655E-006        0.2844
   127        0.00129231     0.000000E+000     0.860668E-006        0.2858
   128        0.00129231     0.000000E+000     0.904929E-006        0.2871
   129        0.00129231     0.000000E+000     0.952422E-006        0.2884
   130 *      0.00064615     0.000000E+000     0.253922E-006        0.2897
   130        0.00064615     0.000000E+000     0.260825E-006        0.2903
   131        0.00113077     0.000000E+000     0.813184E-006        0.2910
   132        0.00113077     0.000000E+000     0.852961E-006        0.2921
   133        0.00113077     0.000000E+000     0.895513E-006        0.2932
   134        0.00113077     0.000000E+000     0.941096E-006        0.2943
   135 *      0.00056538     0.000000E+000     0.250421E-006        0.2955
   135        0.00056538     0.000000E+000     0.257018E-006        0.2960
   136        0.00084808     0.000000E+000     0.590119E-006        0.2966
   137        0.00084808     0.000000E+000     0.614056E-006        0.2975
   138        0.00084808     0.000000E+000     0.639378E-006        0.2983
   139        0.00084808     0.000000E+000     0.666189E-006        0.2992
   140        0.00096154     0.000000E+000     0.890688E-006        0.3000
   141        0.00098058     0.000000E+000     0.971545E-006        0.3010
   142 *      0.00048544     0.000000E+000     0.253204E-006        0.3019
   142        0.00048544     0.000000E+000     0.259717E-006        0.3024
   143        0.00085918     0.000000E+000     0.827402E-006        0.3029
   144        0.00089933     0.000000E+000     0.948073E-006        0.3038
   145 *      0.00044966     0.000000E+000     0.251600E-006        0.3047
   145        0.00044966     0.000000E+000     0.257963E-006        0.3051
   146        0.00079352     0.000000E+000     0.816888E-006        0.3056
   147        0.00083603     0.000000E+000     0.947354E-006        0.3064
   148 *      0.00041802     0.000000E+000     0.251166E-006        0.3072
   148        0.00041802     0.000000E+000     0.257425E-006        0.3076
   149        0.00074164     0.000000E+000     0.823787E-006        0.3080
   150        0.00077967     0.000000E+000     0.950873E-006        0.3088
   151        0.00077301     0.000000E+000     0.980340E-006        0.3096
   152 *      0.00037995     0.000000E+000     0.251148E-006        0.3103
   152        0.00037995     0.000000E+000     0.257287E-006        0.3107
   153        0.00067356     0.000000E+000     0.821869E-006        0.3111
   154        0.00071158     0.000000E+000     0.957114E-006        0.3118
   155        0.00070584     0.000000E+000     0.986987E-006        0.3125
   156 *      0.00034727     0.000000E+000     0.253039E-006        0.3132
   156        0.00034727     0.000000E+000     0.259125E-006        0.3135
   157        0.00061517     0.000000E+000     0.826471E-006        0.3139
   158        0.00064779     0.000000E+000     0.955636E-006        0.3145
   159        0.00064289     0.000000E+000     0.985458E-006        0.3151
   160 *      0.00031661     0.000000E+000     0.252766E-006        0.3158
   160        0.00031661     0.000000E+000     0.258713E-006        0.3161
   161        0.00056097     0.000000E+000     0.825376E-006        0.3164
   162        0.00058882     0.000000E+000     0.947449E-006        0.3170
   163        0.00058882     0.000000E+000     0.990676E-006        0.3176
   164 *      0.00028819     0.000000E+000     0.250647E-006        0.3182
   164        0.00028819     0.000000E+000     0.256385E-006        0.3184
   165        0.00051113     0.000000E+000     0.819370E-006        0.3187
   166        0.00053839     0.000000E+000     0.946104E-006        0.3192
   167        0.00053839     0.000000E+000     0.988203E-006        0.3198
   168 *      0.00026385     0.000000E+000     0.250253E-006        0.3203
   168        0.00026385     0.000000E+000     0.255835E-006        0.3206
   169        0.00046837     0.000000E+000     0.818854E-006        0.3208
   170        0.00049488     0.000000E+000     0.950392E-006        0.3213
   171        0.00049177     0.000000E+000     0.979325E-006        0.3218
   172 *      0.00024281     0.000000E+000     0.251262E-006        0.3223
   172        0.00024281     0.000000E+000     0.256724E-006        0.3225
   173        0.00043136     0.000000E+000     0.822786E-006        0.3228
   174        0.00045433     0.000000E+000     0.948036E-006        0.3232
   175        0.00045433     0.000000E+000     0.987953E-006        0.3237
   176 *      0.00022316     0.000000E+000     0.250478E-006        0.3241
   176        0.00022316     0.000000E+000     0.255750E-006        0.3243
   177        0.00039699     0.000000E+000     0.821591E-006        0.3246
   178        0.00041916     0.000000E+000     0.950204E-006        0.3250
   179        0.00041916     0.000000E+000     0.988968E-006        0.3254
   180 *      0.00020609     0.000000E+000     0.250791E-006        0.3258
   180        0.00020609     0.000000E+000     0.255896E-006        0.3260
   181        0.00036706     0.000000E+000     0.823728E-006        0.3262
   182        0.00038638     0.000000E+000     0.945758E-006        0.3266
   183        0.00038638     0.000000E+000     0.982874E-006        0.3270
   184        0.00038031     0.000000E+000     0.990195E-006        0.3274
   185 *      0.00018720     0.000000E+000     0.251089E-006        0.3277
   185        0.00018720     0.000000E+000     0.255963E-006        0.3279
   186        0.00033280     0.000000E+000     0.820435E-006        0.3281
   187        0.00035075     0.000000E+000     0.942616E-006        0.3284
   188        0.00035075     0.000000E+000     0.977703E-006        0.3288
   189        0.00034561     0.000000E+000     0.985085E-006        0.3291
   190        0.00034061     0.000000E+000     0.992529E-006        0.3295
   191        0.00033412     0.000000E+000     0.990577E-006        0.3298
   192        0.00032784     0.000000E+000     0.988701E-006        0.3302
   193        0.00032177     0.000000E+000     0.986884E-006        0.3305
   194        0.00031589     0.000000E+000     0.985109E-006        0.3308
   195        0.00031020     0.000000E+000     0.983358E-006        0.3311
   196        0.00030605     0.000000E+000     0.990349E-006        0.3314
   197        0.00030066     0.000000E+000     0.988577E-006        0.3318
   198        0.00029543     0.000000E+000     0.986782E-006        0.3321
   199        0.00029035     0.000000E+000     0.984949E-006        0.3323
   200        0.00028543     0.000000E+000     0.983065E-006        0.3326
   201        0.00028066     0.000000E+000     0.981116E-006        0.3329
   202        0.00027716     0.000000E+000     0.987190E-006        0.3332
   203        0.00027262     0.000000E+000     0.985047E-006        0.3335
   204        0.00026820     0.000000E+000     0.982802E-006        0.3338
   205        0.00026391     0.000000E+000     0.980444E-006        0.3340
   206        0.00026077     0.000000E+000     0.985700E-006        0.3343
   207        0.00025668     0.000000E+000     0.983054E-006        0.3345
   208        0.00025270     0.000000E+000     0.980263E-006        0.3348
   209        0.00024883     0.000000E+000     0.977321E-006        0.3351
   210        0.00024599     0.000000E+000     0.981608E-006        0.3353
   211        0.00024229     0.000000E+000     0.978305E-006        0.3356
   212        0.00023958     0.000000E+000     0.982085E-006        0.3358
   213        0.00023604     0.000000E+000     0.978390E-006        0.3360
   214        0.00023260     0.000000E+000     0.974512E-006        0.3363
   215        0.00023007     0.000000E+000     0.977461E-006        0.3365
   216        0.00022759     0.000000E+000     0.980143E-006        0.3367
   217        0.00022435     0.000000E+000     0.975601E-006        0.3370
   218        0.00022197     0.000000E+000     0.977706E-006        0.3372
   219        0.00021886     0.000000E+000     0.972719E-006        0.3374
   220        0.00021658     0.000000E+000     0.974237E-006        0.3376
   221        0.00021434     0.000000E+000     0.975466E-006        0.3378
   222        0.00021214     0.000000E+000     0.976402E-006        0.3381
   223        0.00020926     0.000000E+000     0.970455E-006        0.3383
   224        0.00020715     0.000000E+000     0.970794E-006        0.3385
   225        0.00020507     0.000000E+000     0.970837E-006        0.3387
   226        0.00020303     0.000000E+000     0.970585E-006        0.3389
   227        0.00020102     0.000000E+000     0.970037E-006        0.3391
   228        0.00019904     0.000000E+000     0.969195E-006        0.3393
   229        0.00019710     0.000000E+000     0.968061E-006        0.3395
   230        0.00019518     0.000000E+000     0.966636E-006        0.3397
   231        0.00019330     0.000000E+000     0.964924E-006        0.3399
   232        0.00019206     0.000000E+000     0.969090E-006        0.3401
   233        0.00019023     0.000000E+000     0.966795E-006        0.3403
   234        0.00018842     0.000000E+000     0.964222E-006        0.3405
   235        0.00018723     0.000000E+000     0.967433E-006        0.3406
   236        0.00018547     0.000000E+000     0.964295E-006        0.3408
   237        0.00018431     0.000000E+000     0.966889E-006        0.3410
   238        0.00018259     0.000000E+000     0.963201E-006        0.3412
   239        0.00018146     0.000000E+000     0.965192E-006        0.3414
   240        0.00018034     0.000000E+000     0.966895E-006        0.3416
   241        0.00017868     0.000000E+000     0.962399E-006        0.3417
   242        0.00017759     0.000000E+000     0.963520E-006        0.3419
   243        0.00017651     0.000000E+000     0.964362E-006        0.3421
   244        0.00017543     0.000000E+000     0.964928E-006        0.3423
   245        0.00017437     0.000000E+000     0.965221E-006        0.3425
   246        0.00017332     0.000000E+000     0.965246E-006        0.3426
   247        0.00017227     0.000000E+000     0.965007E-006        0.3428
   248        0.00017124     0.000000E+000     0.964508E-006        0.3430
   249        0.00017021     0.000000E+000     0.963754E-006        0.3431
   250        0.00016920     0.000000E+000     0.962751E-006        0.3433
   251        0.00016819     0.000000E+000     0.961504E-006        0.3435
   252        0.00016719     0.000000E+000     0.960019E-006        0.3437
   253        0.00016620     0.000000E+000     0.958303E-006        0.3438
   254        0.00016522     0.000000E+000     0.956361E-006        0.3440
   255        0.00016473     0.000000E+000     0.959821E-006        0.3442
   256        0.00016377     0.000000E+000     0.957426E-006        0.3443
   257        0.00016328     0.000000E+000     0.960432E-006        0.3445
   258        0.00016233     0.000000E+000     0.957603E-006        0.3446
   259        0.00016138     0.000000E+000     0.954578E-006        0.3448
   260        0.00016091     0.000000E+000     0.956920E-006        0.3450
   261        0.00016043     0.000000E+000     0.959062E-006        0.3451
   262        0.00015950     0.000000E+000     0.955427E-006        0.3453
   263        0.00015903     0.000000E+000     0.957161E-006        0.3455
   264        0.00015857     0.000000E+000     0.958706E-006        0.3456
   265        0.00015765     0.000000E+000     0.954504E-006        0.3458
   266        0.00015719     0.000000E+000     0.955667E-006        0.3459
   267        0.00015673     0.000000E+000     0.956650E-006        0.3461
   268        0.00015628     0.000000E+000     0.957456E-006        0.3462
   269        0.00015537     0.000000E+000     0.952557E-006        0.3464
   270        0.00015492     0.000000E+000     0.953016E-006        0.3466
   271        0.00015447     0.000000E+000     0.953310E-006        0.3467
   272        0.00015402     0.000000E+000     0.953442E-006        0.3469
   273        0.00015358     0.000000E+000     0.953416E-006        0.3470
   274        0.00015313     0.000000E+000     0.953235E-006        0.3472
   275        0.00015269     0.000000E+000     0.952904E-006        0.3473
   276        0.00015225     0.000000E+000     0.952424E-006        0.3475
   277        0.00015181     0.000000E+000     0.951801E-006        0.3476
   278        0.00015137     0.000000E+000     0.951037E-006        0.3478
   279        0.00015093     0.000000E+000     0.950136E-006        0.3479
   280        0.00015093     0.000000E+000     0.954614E-006        0.3481
   281        0.00015049     0.000000E+000     0.953439E-006        0.3482
   282        0.00015005     0.000000E+000     0.952138E-006        0.3484
   283        0.00014961     0.000000E+000     0.950712E-006        0.3485
   284        0.00014918     0.000000E+000     0.949166E-006        0.3487
   285        0.00014918     0.000000E+000     0.953022E-006        0.3488
   286        0.00014874     0.000000E+000     0.951230E-006        0.3490
   287        0.00014831     0.000000E+000     0.949327E-006        0.3491
   288        0.00014831     0.000000E+000     0.952851E-006        0.3493
   289        0.00014788     0.000000E+000     0.950717E-006        0.3494
   290        0.00014744     0.000000E+000     0.948482E-006        0.3496
   291        0.00014744     0.000000E+000     0.951692E-006        0.3497
   292        0.00014701     0.000000E+000     0.949241E-006        0.3499
   293        0.00014701     0.000000E+000     0.952262E-006        0.3500
   294        0.00014658     0.000000E+000     0.949606E-006        0.3502
   295        0.00014658     0.000000E+000     0.952443E-006        0.3503
   296        0.00014615     0.000000E+000     0.949591E-006        0.3505
   297        0.00014615     0.000000E+000     0.952252E-006        0.3506
   298        0.00014572     0.000000E+000     0.949212E-006        0.3507
   299        0.00014572     0.000000E+000     0.951705E-006        0.3509
   300        0.00014528     0.000000E+000     0.948486E-006        0.3510
   301        0.00014528     0.000000E+000     0.950816E-006        0.3512
   302        0.00014485     0.000000E+000     0.947427E-006        0.3513
   303        0.00014485     0.000000E+000     0.949603E-006        0.3515
   304        0.00014485     0.000000E+000     0.951712E-006        0.3516
   305        0.00014442     0.000000E+000     0.948067E-006        0.3518
   306        0.00014442     0.000000E+000     0.950031E-006        0.3519
   307        0.00014442     0.000000E+000     0.951932E-006        0.3521
   308        0.00014398     0.000000E+000     0.948047E-006        0.3522
   309        0.00014398     0.000000E+000     0.949810E-006        0.3523
   310        0.00014398     0.000000E+000     0.951514E-006        0.3525
   311        0.00014355     0.000000E+000     0.947405E-006        0.3526
   312        0.00014355     0.000000E+000     0.948980E-006        0.3528
   313        0.00014355     0.000000E+000     0.950499E-006        0.3529
   314        0.00014311     0.000000E+000     0.946180E-006        0.3531
   315        0.00014311     0.000000E+000     0.947578E-006        0.3532
   316        0.00014311     0.000000E+000     0.948923E-006        0.3533
   317        0.00014311     0.000000E+000     0.950217E-006        0.3535
   318        0.00014267     0.000000E+000     0.945626E-006        0.3536
   319        0.00014267     0.000000E+000     0.946808E-006        0.3538
   320        0.00014267     0.000000E+000     0.947941E-006        0.3539
   321        0.00014267     0.000000E+000     0.949027E-006        0.3541
   322        0.00014267     0.000000E+000     0.950065E-006        0.3542
   323        0.00014267     0.000000E+000     0.951060E-006        0.3543
   324        0.00014222     0.000000E+000     0.946076E-006        0.3545
   325        0.00014222     0.000000E+000     0.946969E-006        0.3546
   326        0.00014222     0.000000E+000     0.947818E-006        0.3548
   327        0.00014222     0.000000E+000     0.948625E-006        0.3549
   328        0.00014222     0.000000E+000     0.949389E-006        0.3551
   329        0.00014222     0.000000E+000     0.950111E-006        0.3552
   330        0.00014222     0.000000E+000     0.950793E-006        0.3553
   331        0.00014177     0.000000E+000     0.945397E-006        0.3555
   332        0.00014177     0.000000E+000     0.945993E-006        0.3556
   333        0.00014177     0.000000E+000     0.946551E-006        0.3558
   334        0.00014177     0.000000E+000     0.947071E-006        0.3559
   335        0.00014177     0.000000E+000     0.947554E-006        0.3561
   336        0.00014177     0.000000E+000     0.948000E-006        0.3562
   337        0.00014177     0.000000E+000     0.948410E-006        0.3563
   338        0.00014177     0.000000E+000     0.948785E-006        0.3565
   339        0.00014177     0.000000E+000     0.949126E-006        0.3566
   340        0.00014177     0.000000E+000     0.949432E-006        0.3568
   341        0.00014177     0.000000E+000     0.949704E-006        0.3569
   342        0.00014177     0.000000E+000     0.949943E-006        0.3570
   343        0.00014177     0.000000E+000     0.950150E-006        0.3572
   344        0.00014177     0.000000E+000     0.950324E-006        0.3573
   345        0.00014130     0.000000E+000     0.944175E-006        0.3575
   346        0.00014130     0.000000E+000     0.944285E-006        0.3576
   347        0.00014130     0.000000E+000     0.944366E-006        0.3578
   348        0.00014130     0.000000E+000     0.944417E-006        0.3579
   349        0.00014130     0.000000E+000     0.944439E-006        0.3580
   350        0.00014130     0.000000E+000     0.944432E-006        0.3582
   351        0.00014130     0.000000E+000     0.944397E-006        0.3583
   352        0.00014130     0.000000E+000     0.944335E-006        0.3585
   353        0.00014130     0.000000E+000     0.944244E-006        0.3586
   354        0.00014130     0.000000E+000     0.944128E-006        0.3587
   355        0.00014130     0.000000E+000     0.943984E-006        0.3589
   356        0.00014130     0.000000E+000     0.943815E-006        0.3590
   357        0.00014130     0.000000E+000     0.943620E-006        0.3592
   358        0.00014130     0.000000E+000     0.943399E-006        0.3593
   359        0.00014130     0.000000E+000     0.943154E-006        0.3594
   360        0.00014130     0.000000E+000     0.942885E-006        0.3596
   361        0.00014130     0.000000E+000     0.942592E-006        0.3597
   362        0.00014130     0.000000E+000     0.942275E-006        0.3599
   363        0.00014130     0.000000E+000     0.941934E-006        0.3600
   364        0.00014130     0.000000E+000     0.941571E-006        0.3602
   365        0.00014130     0.000000E+000     0.941185E-006        0.3603
   366        0.00014180     0.000000E+000     0.947521E-006        0.3604
   367        0.00014180     0.000000E+000     0.947086E-006        0.3606
   368        0.00014180     0.000000E+000     0.946630E-006        0.3607
   369        0.00014180     0.000000E+000     0.946153E-006        0.3609
   370        0.00014180     0.000000E+000     0.945654E-006        0.3610
   371        0.00014180     0.000000E+000     0.945134E-006        0.3611
   372        0.00014180     0.000000E+000     0.944595E-006        0.3613
   373        0.00014180     0.000000E+000     0.944034E-006        0.3614
   374        0.00014180     0.000000E+000     0.943455E-006        0.3616
   375        0.00014180     0.000000E+000     0.942855E-006        0.3617
   376        0.00014180     0.000000E+000     0.942237E-006        0.3619
   377        0.00014180     0.000000E+000     0.941599E-006        0.3620
   378        0.00014180     0.000000E+000     0.940943E-006        0.3621
   379        0.00014180     0.000000E+000     0.940268E-006        0.3623
   380        0.00014234     0.000000E+000     0.946694E-006        0.3624
   381        0.00014234     0.000000E+000     0.945976E-006        0.3626
   382        0.00014234     0.000000E+000     0.945240E-006        0.3627
   383        0.00014234     0.000000E+000     0.944486E-006        0.3628
   384        0.00014234     0.000000E+000     0.943715E-006        0.3630
   385        0.00014234     0.000000E+000     0.942928E-006        0.3631
   386        0.00014234     0.000000E+000     0.942123E-006        0.3633
   387        0.00014234     0.000000E+000     0.941302E-006        0.3634
   388        0.00014234     0.000000E+000     0.940465E-006        0.3636
   389        0.00014234     0.000000E+000     0.939612E-006        0.3637
   390        0.00014290     0.000000E+000     0.946165E-006        0.3638
   391        0.00014290     0.000000E+000     0.945270E-006        0.3640
   392        0.00014290     0.000000E+000     0.944360E-006        0.3641
   393        0.00014290     0.000000E+000     0.943435E-006        0.3643
   394        0.00014290     0.000000E+000     0.942494E-006        0.3644
   395        0.00014290     0.000000E+000     0.941539E-006        0.3646
   396        0.00014290     0.000000E+000     0.940570E-006        0.3647
   397        0.00014290     0.000000E+000     0.939585E-006        0.3648
   398        0.00014349     0.000000E+000     0.946283E-006        0.3650
   399        0.00014349     0.000000E+000     0.945258E-006        0.3651
   400        0.00014349     0.000000E+000     0.944220E-006        0.3653
   401        0.00014349     0.000000E+000     0.943168E-006        0.3654
   402        0.00014349     0.000000E+000     0.942102E-006        0.3656
   403        0.00014349     0.000000E+000     0.941023E-006        0.3657
   404        0.00014349     0.000000E+000     0.939931E-006        0.3658
   405        0.00014349     0.000000E+000     0.938826E-006        0.3660
   406        0.00014410     0.000000E+000     0.945692E-006        0.3661
   407        0.00014410     0.000000E+000     0.944548E-006        0.3663
   408        0.00014410     0.000000E+000     0.943391E-006        0.3664
   409        0.00014410     0.000000E+000     0.942222E-006        0.3666
   410        0.00014410     0.000000E+000     0.941040E-006        0.3667
   411        0.00014410     0.000000E+000     0.939847E-006        0.3669
   412        0.00014410     0.000000E+000     0.938642E-006        0.3670
   413        0.00014473     0.000000E+000     0.945688E-006        0.3671
   414        0.00014473     0.000000E+000     0.944444E-006        0.3673
   415        0.00014473     0.000000E+000     0.943188E-006        0.3674
   416        0.00014473     0.000000E+000     0.941921E-006        0.3676
   417        0.00014473     0.000000E+000     0.940643E-006        0.3677
   418        0.00014473     0.000000E+000     0.939354E-006        0.3679
   419        0.00014473     0.000000E+000     0.938054E-006        0.3680
   420        0.00014540     0.000000E+000     0.945304E-006        0.3682
   421        0.00014540     0.000000E+000     0.943965E-006        0.3683
   422        0.00014540     0.000000E+000     0.942616E-006        0.3684
   423        0.00014540     0.000000E+000     0.941256E-006        0.3686
   424        0.00014540     0.000000E+000     0.939887E-006        0.3687
   425        0.00014540     0.000000E+000     0.938507E-006        0.3689
   426        0.00014608     0.000000E+000     0.945964E-006        0.3690
   427        0.00014608     0.000000E+000     0.944545E-006        0.3692
   428        0.00014608     0.000000E+000     0.943117E-006        0.3693
   429        0.00014608     0.000000E+000     0.941679E-006        0.3695
   430        0.00014608     0.000000E+000     0.940232E-006        0.3696
   431        0.00014608     0.000000E+000     0.938776E-006        0.3698
   432        0.00014608     0.000000E+000     0.937310E-006        0.3699
   433        0.00014680     0.000000E+000     0.945017E-006        0.3701
   434        0.00014680     0.000000E+000     0.943512E-006        0.3702
   435        0.00014680     0.000000E+000     0.941999E-006        0.3703
   436        0.00014680     0.000000E+000     0.940476E-006        0.3705
   437        0.00014680     0.000000E+000     0.938946E-006        0.3706
   438        0.00014680     0.000000E+000     0.937406E-006        0.3708
   439        0.00014754     0.000000E+000     0.945368E-006        0.3709
   440        0.00014754     0.000000E+000     0.943789E-006        0.3711
   441        0.00014754     0.000000E+000     0.942201E-006        0.3712
   442        0.00014754     0.000000E+000     0.940606E-006        0.3714
   443        0.00014754     0.000000E+000     0.939003E-006        0.3715
   444        0.00014754     0.000000E+000     0.937392E-006        0.3717
   445        0.00014754     0.000000E+000     0.935774E-006        0.3718
   446        0.00014832     0.000000E+000     0.944043E-006        0.3720
   447        0.00014832     0.000000E+000     0.942383E-006        0.3721
   448        0.00014832     0.000000E+000     0.940717E-006        0.3723
   449        0.00014832     0.000000E+000     0.939044E-006        0.3724
   450        0.00014832     0.000000E+000     0.937363E-006        0.3726
   451        0.00014832     0.000000E+000     0.935675E-006        0.3727
   452        0.00014914     0.000000E+000     0.944255E-006        0.3729
   453        0.00014914     0.000000E+000     0.942526E-006        0.3730
   454        0.00014914     0.000000E+000     0.940790E-006        0.3732
   455        0.00014914     0.000000E+000     0.939048E-006        0.3733
   456        0.00014914     0.000000E+000     0.937299E-006        0.3735
   457        0.00014914     0.000000E+000     0.935544E-006        0.3736
   458        0.00014999     0.000000E+000     0.944467E-006        0.3738
   459        0.00014999     0.000000E+000     0.942669E-006        0.3739
   460        0.00014999     0.000000E+000     0.940865E-006        0.3741
   461        0.00014999     0.000000E+000     0.939055E-006        0.3742
   462        0.00014999     0.000000E+000     0.937239E-006        0.3744
   463        0.00014999     0.000000E+000     0.935417E-006        0.3745
   464        0.00015088     0.000000E+000     0.944719E-006        0.3747
   465        0.00015088     0.000000E+000     0.942853E-006        0.3748
   466        0.00015088     0.000000E+000     0.940982E-006        0.3750
   467        0.00015088     0.000000E+000     0.939106E-006        0.3751
   468        0.00015088     0.000000E+000     0.937224E-006        0.3753
   469        0.00015088     0.000000E+000     0.935337E-006        0.3754
   470        0.00015088     0.000000E+000     0.933444E-006        0.3756
   471        0.00015183     0.000000E+000     0.943209E-006        0.3757
   472        0.00015183     0.000000E+000     0.941271E-006        0.3759
   473        0.00015183     0.000000E+000     0.939328E-006        0.3760
   474        0.00015183     0.000000E+000     0.937381E-006        0.3762
   475        0.00015183     0.000000E+000     0.935429E-006        0.3763
   476        0.00015183     0.000000E+000     0.933472E-006        0.3765
   477        0.00015282     0.000000E+000     0.943708E-006        0.3766
   478        0.00015282     0.000000E+000     0.941704E-006        0.3768
   479        0.00015282     0.000000E+000     0.939695E-006        0.3769
   480        0.00015282     0.000000E+000     0.937683E-006        0.3771
   481        0.00015282     0.000000E+000     0.935666E-006        0.3772
   482        0.00015282     0.000000E+000     0.933646E-006        0.3774
   483        0.00015282     0.000000E+000     0.931621E-006        0.3775
   484        0.00015387     0.000000E+000     0.942438E-006        0.3777
   485        0.00015387     0.000000E+000     0.940364E-006        0.3778
   486        0.00015387     0.000000E+000     0.938286E-006        0.3780
   487        0.00015387     0.000000E+000     0.936204E-006        0.3782
   488        0.00015387     0.000000E+000     0.934119E-006        0.3783
   489        0.00015387     0.000000E+000     0.932031E-006        0.3785
   490        0.00015499     0.000000E+000     0.943443E-006        0.3786
   491        0.00015499     0.000000E+000     0.941303E-006        0.3788
   492        0.00015499     0.000000E+000     0.939159E-006        0.3789
   493        0.00015499     0.000000E+000     0.937012E-006        0.3791
   494        0.00015499     0.000000E+000     0.934862E-006        0.3792
   495        0.00015499     0.000000E+000     0.932710E-006        0.3794
   496        0.00015499     0.000000E+000     0.930554E-006        0.3795
   497        0.00015618     0.000000E+000     0.942710E-006        0.3797
   498        0.00015618     0.000000E+000     0.940500E-006        0.3799
   499        0.00015618     0.000000E+000     0.938286E-006        0.3800
   500        0.00015618     0.000000E+000     0.936070E-006        0.3802
   501        0.00015618     0.000000E+000     0.933852E-006        0.3803
   502        0.00015618     0.000000E+000     0.931632E-006        0.3805
   503        0.00015618     0.000000E+000     0.929409E-006        0.3806
   504        0.00015746     0.000000E+000     0.942422E-006        0.3808
   505        0.00015746     0.000000E+000     0.940140E-006        0.3809
   506        0.00015746     0.000000E+000     0.937856E-006        0.3811
   507        0.00015746     0.000000E+000     0.935571E-006        0.3813
   508        0.00015746     0.000000E+000     0.933283E-006        0.3814
   509        0.00015746     0.000000E+000     0.930994E-006        0.3816
   510        0.00015746     0.000000E+000     0.928704E-006        0.3817
   511        0.00015884     0.000000E+000     0.942709E-006        0.3819
   512        0.00015884     0.000000E+000     0.940355E-006        0.3821
   513        0.00015884     0.000000E+000     0.937999E-006        0.3822
   514        0.00015884     0.000000E+000     0.935643E-006        0.3824
   515        0.00015884     0.000000E+000     0.933285E-006        0.3825
   516        0.00015884     0.000000E+000     0.930925E-006        0.3827
   517        0.00015884     0.000000E+000     0.928565E-006        0.3828
   518        0.00015884     0.000000E+000     0.926204E-006        0.3830
   519        0.00016035     0.000000E+000     0.941495E-006        0.3832
   520        0.00016035     0.000000E+000     0.939064E-006        0.3833
   521        0.00016035     0.000000E+000     0.936633E-006        0.3835
   522        0.00016035     0.000000E+000     0.934201E-006        0.3836
   523        0.00016035     0.000000E+000     0.931769E-006        0.3838
   524        0.00016035     0.000000E+000     0.929337E-006        0.3840
   525        0.00016035     0.000000E+000     0.926904E-006        0.3841
   526        0.00016035     0.000000E+000     0.924470E-006        0.3843
   527        0.00016202     0.000000E+000     0.941315E-006        0.3844
   528        0.00016202     0.000000E+000     0.938805E-006        0.3846
   529        0.00016202     0.000000E+000     0.936295E-006        0.3848
   530        0.00016202     0.000000E+000     0.933785E-006        0.3849
   531        0.00016202     0.000000E+000     0.931276E-006        0.3851
   532        0.00016202     0.000000E+000     0.928766E-006        0.3853
   533        0.00016202     0.000000E+000     0.926257E-006        0.3854
   534        0.00016202     0.000000E+000     0.923748E-006        0.3856
   535        0.00016202     0.000000E+000     0.921240E-006        0.3857
   536        0.00016391     0.000000E+000     0.940188E-006        0.3859
   537        0.00016391     0.000000E+000     0.937593E-006        0.3861
   538        0.00016391     0.000000E+000     0.934999E-006        0.3862
   539        0.00016391     0.000000E+000     0.932406E-006        0.3864
   540        0.00016391     0.000000E+000     0.929813E-006        0.3866
   541        0.00016391     0.000000E+000     0.927222E-006        0.3867
   542        0.00016391     0.000000E+000     0.924632E-006        0.3869
   543        0.00016391     0.000000E+000     0.922043E-006        0.3871
   544        0.00016391     0.000000E+000     0.919455E-006        0.3872
   545        0.00016391     0.000000E+000     0.916869E-006        0.3874
   546        0.00016609     0.000000E+000     0.938788E-006        0.3875
   547        0.00016609     0.000000E+000     0.936100E-006        0.3877
   548        0.00016609     0.000000E+000     0.933414E-006        0.3879
   549        0.00016609     0.000000E+000     0.930729E-006        0.3880
   550        0.00016609     0.000000E+000     0.928047E-006        0.3882
   551        0.00016609     0.000000E+000     0.925366E-006        0.3884
   552        0.00016609     0.000000E+000     0.922687E-006        0.3885
   553        0.00016609     0.000000E+000     0.920010E-006        0.3887
   554        0.00016609     0.000000E+000     0.917336E-006        0.3889
   555        0.00016609     0.000000E+000     0.914663E-006        0.3890
   556        0.00016609     0.000000E+000     0.911993E-006        0.3892
   557        0.00016873     0.000000E+000     0.938376E-006        0.3894
   558        0.00016873     0.000000E+000     0.935582E-006        0.3895
   559        0.00016873     0.000000E+000     0.932791E-006        0.3897
   560        0.00016873     0.000000E+000     0.930002E-006        0.3899
   561        0.00016873     0.000000E+000     0.927216E-006        0.3900
   562        0.00016873     0.000000E+000     0.924434E-006        0.3902
   563        0.00016873     0.000000E+000     0.921654E-006        0.3904
   564        0.00016873     0.000000E+000     0.918877E-006        0.3906
   565        0.00016873     0.000000E+000     0.916103E-006        0.3907
   566        0.00016873     0.000000E+000     0.913332E-006        0.3909
   567        0.00016873     0.000000E+000     0.910565E-006        0.3911
   568        0.00016873     0.000000E+000     0.907800E-006        0.3912
   569        0.00016873     0.000000E+000     0.905040E-006        0.3914
   570        0.00016873     0.000000E+000     0.902282E-006        0.3916
   571        0.00016873     0.000000E+000     0.899528E-006        0.3917
   572        0.00017232     0.000000E+000     0.935284E-006        0.3919
   573        0.00017232     0.000000E+000     0.932359E-006        0.3921
   574        0.00017232     0.000000E+000     0.929437E-006        0.3922
   575        0.00017232     0.000000E+000     0.926520E-006        0.3924
   576        0.00017232     0.000000E+000     0.923607E-006        0.3926
   577        0.00017232     0.000000E+000     0.920698E-006        0.3928
   578        0.00017232     0.000000E+000     0.917794E-006        0.3929
   579        0.00017232     0.000000E+000     0.914894E-006        0.3931
   580        0.00017232     0.000000E+000     0.911998E-006        0.3933
   581        0.00017232     0.000000E+000     0.909107E-006        0.3935
   582        0.00017232     0.000000E+000     0.906220E-006        0.3936
   583        0.00017232     0.000000E+000     0.903338E-006        0.3938
   584        0.00017232     0.000000E+000     0.900460E-006        0.3940
   585        0.00017232     0.000000E+000     0.897587E-006        0.3941
   586        0.00017232     0.000000E+000     0.894719E-006        0.3943
   587        0.00017232     0.000000E+000     0.891856E-006        0.3945
   588        0.00017232     0.000000E+000     0.888998E-006        0.3947
   589        0.00017232     0.000000E+000     0.886145E-006        0.3948
   590        0.00017232     0.000000E+000     0.883297E-006        0.3950
   591        0.00017232     0.000000E+000     0.880453E-006        0.3952
   592        0.00017232     0.000000E+000     0.877615E-006        0.3953
   593        0.00017232     0.000000E+000     0.874783E-006        0.3955
   594        0.00017232     0.000000E+000     0.871955E-006        0.3957
   595        0.00017232     0.000000E+000     0.869133E-006        0.3959
   596        0.00017232     0.000000E+000     0.866316E-006        0.3960
   597        0.00017232     0.000000E+000     0.863504E-006        0.3962
   598        0.00017232     0.000000E+000     0.860698E-006        0.3964
   599        0.00017232     0.000000E+000     0.857898E-006        0.3966
   600        0.00017232     0.000000E+000     0.855103E-006        0.3967
   601        0.00017232     0.000000E+000     0.852313E-006        0.3969
   602        0.00017232     0.000000E+000     0.849530E-006        0.3971
   603        0.00017232     0.000000E+000     0.846752E-006        0.3972
   604        0.00017232     0.000000E+000     0.843980E-006        0.3974
   605        0.00017232     0.000000E+000     0.841213E-006        0.3976
   606        0.00017232     0.000000E+000     0.838453E-006        0.3978
   607        0.00017232     0.000000E+000     0.835698E-006        0.3979
   608        0.00017232     0.000000E+000     0.832949E-006        0.3981
   609        0.00017232     0.000000E+000     0.830207E-006        0.3983
   610        0.00017232     0.000000E+000     0.827470E-006        0.3984
   611        0.00017232     0.000000E+000     0.824740E-006        0.3986
   612        0.00017232     0.000000E+000     0.822015E-006        0.3988
   613        0.00017232     0.000000E+000     0.819297E-006        0.3990
   614        0.00017232     0.000000E+000     0.816585E-006        0.3991
   615        0.00017232     0.000000E+000     0.813880E-006        0.3993
   616        0.00017232     0.000000E+000     0.811180E-006        0.3995
   617        0.00017232     0.000000E+000     0.808487E-006        0.3997
   618        0.00017232     0.000000E+000     0.805800E-006        0.3998
   619        0.00018315     0.000000E+000     0.907078E-006        0.4000
   620        0.00018623     0.000000E+000     0.934432E-006        0.4002
   621        0.00018728     0.000000E+000     0.941582E-006        0.4004
   622        0.00018763     0.000000E+000     0.941709E-006        0.4006
   623        0.00018798     0.000000E+000     0.941839E-006        0.4007
   624        0.00018834     0.000000E+000     0.941974E-006        0.4009
   625        0.00018870     0.000000E+000     0.942112E-006        0.4011
   626        0.00018906     0.000000E+000     0.942255E-006        0.4013
   627        0.00018943     0.000000E+000     0.942401E-006        0.4015
   628        0.00018979     0.000000E+000     0.942553E-006        0.4017
   629        0.00019016     0.000000E+000     0.942708E-006        0.4019
   630        0.00019053     0.000000E+000     0.942869E-006        0.4021
   631        0.00019090     0.000000E+000     0.943034E-006        0.4023
   632        0.00019128     0.000000E+000     0.943204E-006        0.4024
   633        0.00019165     0.000000E+000     0.943379E-006        0.4026
   634        0.00019203     0.000000E+000     0.943560E-006        0.4028
   635        0.00019241     0.000000E+000     0.943745E-006        0.4030
   636        0.00019280     0.000000E+000     0.943936E-006        0.4032
   637        0.00019318     0.000000E+000     0.944133E-006        0.4034
   638        0.00019357     0.000000E+000     0.944335E-006        0.4036
   639        0.00019396     0.000000E+000     0.944544E-006        0.4038
   640        0.00019435     0.000000E+000     0.944758E-006        0.4040
   641        0.00019475     0.000000E+000     0.944979E-006        0.4042
   642        0.00019514     0.000000E+000     0.945206E-006        0.4044
   643        0.00019514     0.000000E+000     0.941582E-006        0.4046
   644        0.00019555     0.000000E+000     0.941821E-006        0.4048
   645        0.00019595     0.000000E+000     0.942066E-006        0.4050
   646        0.00019635     0.000000E+000     0.942318E-006        0.4052
   647        0.00019676     0.000000E+000     0.942577E-006        0.4054
   648        0.00019717     0.000000E+000     0.942844E-006        0.4056
   649        0.00019759     0.000000E+000     0.943118E-006        0.4058
   650        0.00019800     0.000000E+000     0.943399E-006        0.4059
   651        0.00019842     0.000000E+000     0.943688E-006        0.4061
   652        0.00019884     0.000000E+000     0.943986E-006        0.4063
   653        0.00019927     0.000000E+000     0.944291E-006        0.4065
   654        0.00019969     0.000000E+000     0.944605E-006        0.4067
   655        0.00020012     0.000000E+000     0.944927E-006        0.4069
   656        0.00020012     0.000000E+000     0.941193E-006        0.4071
   657        0.00020056     0.000000E+000     0.941531E-006        0.4073
   658        0.00020099     0.000000E+000     0.941877E-006        0.4075
   659        0.00020143     0.000000E+000     0.942232E-006        0.4077
   660        0.00020187     0.000000E+000     0.942597E-006        0.4079
   661        0.00020232     0.000000E+000     0.942971E-006        0.4081
   662        0.00020276     0.000000E+000     0.943355E-006        0.4084
   663        0.00020322     0.000000E+000     0.943749E-006        0.4086
   664        0.00020367     0.000000E+000     0.944154E-006        0.4088
   665        0.00020413     0.000000E+000     0.944568E-006        0.4090
   666        0.00020413     0.000000E+000     0.940757E-006        0.4092
   667        0.00020459     0.000000E+000     0.941190E-006        0.4094
   668        0.00020505     0.000000E+000     0.941634E-006        0.4096
   669        0.00020552     0.000000E+000     0.942089E-006        0.4098
   670        0.00020599     0.000000E+000     0.942555E-006        0.4100
   671        0.00020646     0.000000E+000     0.943033E-006        0.4102
   672        0.00020694     0.000000E+000     0.943523E-006        0.4104
   673        0.00020742     0.000000E+000     0.944024E-006        0.4106
   674        0.00020790     0.000000E+000     0.944538E-006        0.4108
   675        0.00020790     0.000000E+000     0.940660E-006        0.4110
   676        0.00020839     0.000000E+000     0.941196E-006        0.4112
   677        0.00020888     0.000000E+000     0.941744E-006        0.4114
   678        0.00020938     0.000000E+000     0.942305E-006        0.4116
   679        0.00020987     0.000000E+000     0.942880E-006        0.4119
   680        0.00021038     0.000000E+000     0.943468E-006        0.4121
   681        0.00021088     0.000000E+000     0.944071E-006        0.4123
   682        0.00021139     0.000000E+000     0.944687E-006        0.4125
   683        0.00021139     0.000000E+000     0.940752E-006        0.4127
   684        0.00021191     0.000000E+000     0.941393E-006        0.4129
   685        0.00021242     0.000000E+000     0.942049E-006        0.4131
   686        0.00021295     0.000000E+000     0.942719E-006        0.4133
   687        0.00021347     0.000000E+000     0.943405E-006        0.4135
   688        0.00021400     0.000000E+000     0.944106E-006        0.4138
   689        0.00021400     0.000000E+000     0.940136E-006        0.4140
   690        0.00021454     0.000000E+000     0.940864E-006        0.4142
   691        0.00021508     0.000000E+000     0.941608E-006        0.4144
   692        0.00021562     0.000000E+000     0.942369E-006        0.4146
   693        0.00021617     0.000000E+000     0.943147E-006        0.4148
   694        0.00021672     0.000000E+000     0.943941E-006        0.4150
   695        0.00021672     0.000000E+000     0.939935E-006        0.4153
   696        0.00021727     0.000000E+000     0.940759E-006        0.4155
   697        0.00021784     0.000000E+000     0.941600E-006        0.4157
   698        0.00021840     0.000000E+000     0.942460E-006        0.4159
   699        0.00021897     0.000000E+000     0.943338E-006        0.4161
   700        0.00021955     0.000000E+000     0.944235E-006        0.4164
   701        0.00021955     0.000000E+000     0.940191E-006        0.4166
   702        0.00022013     0.000000E+000     0.941119E-006        0.4168
   703        0.00022071     0.000000E+000     0.942067E-006        0.4170
   704        0.00022130     0.000000E+000     0.943034E-006        0.4172
   705        0.00022190     0.000000E+000     0.944022E-006        0.4175
   706        0.00022190     0.000000E+000     0.939951E-006        0.4177
   707        0.00022250     0.000000E+000     0.940972E-006        0.4179
   708        0.00022311     0.000000E+000     0.942014E-006        0.4181
   709        0.00022372     0.000000E+000     0.943077E-006        0.4183
   710        0.00022433     0.000000E+000     0.944162E-006        0.4186
   711        0.00022433     0.000000E+000     0.940062E-006        0.4188
   712        0.00022496     0.000000E+000     0.941182E-006        0.4190
   713        0.00022558     0.000000E+000     0.942324E-006        0.4192
   714        0.00022622     0.000000E+000     0.943489E-006        0.4195
   715        0.00022622     0.000000E+000     0.939373E-006        0.4197
   716        0.00022686     0.000000E+000     0.940574E-006        0.4199
   717        0.00022751     0.000000E+000     0.941800E-006        0.4201
   718        0.00022816     0.000000E+000     0.943049E-006        0.4204
   719        0.00022816     0.000000E+000     0.938914E-006        0.4206
   720        0.00022882     0.000000E+000     0.940201E-006        0.4208
   721        0.00022948     0.000000E+000     0.941514E-006        0.4211
   722        0.00023015     0.000000E+000     0.942852E-006        0.4213
   723        0.00023015     0.000000E+000     0.938696E-006        0.4215
   724        0.00023083     0.000000E+000     0.940074E-006        0.4217
   725        0.00023152     0.000000E+000     0.941477E-006        0.4220
   726        0.00023221     0.000000E+000     0.942908E-006        0.4222
   727        0.00023221     0.000000E+000     0.938730E-006        0.4224
   728        0.00023291     0.000000E+000     0.940201E-006        0.4227
   729        0.00023361     0.000000E+000     0.941701E-006        0.4229
   730        0.00023433     0.000000E+000     0.943228E-006        0.4231
   731        0.00023433     0.000000E+000     0.939025E-006        0.4234
   732        0.00023505     0.000000E+000     0.940595E-006        0.4236
   733        0.00023577     0.000000E+000     0.942194E-006        0.4238
   734        0.00023651     0.000000E+000     0.943823E-006        0.4241
   735        0.00023651     0.000000E+000     0.939593E-006        0.4243
   736        0.00023725     0.000000E+000     0.941266E-006        0.4246
   737        0.00023800     0.000000E+000     0.942969E-006        0.4248
   738        0.00023800     0.000000E+000     0.938727E-006        0.4250
   739        0.00023876     0.000000E+000     0.940476E-006        0.4253
   740        0.00023953     0.000000E+000     0.942257E-006        0.4255
   741        0.00023953     0.000000E+000     0.938001E-006        0.4257
   742        0.00024031     0.000000E+000     0.939828E-006        0.4260
   743        0.00024109     0.000000E+000     0.941688E-006        0.4262
   744        0.00024189     0.000000E+000     0.943581E-006        0.4265
   745        0.00024189     0.000000E+000     0.939291E-006        0.4267
   746        0.00024269     0.000000E+000     0.941232E-006        0.4270
   747        0.00024350     0.000000E+000     0.943208E-006        0.4272
   748        0.00024350     0.000000E+000     0.938900E-006        0.4274
   749        0.00024433     0.000000E+000     0.940926E-006        0.4277
   750        0.00024516     0.000000E+000     0.942987E-006        0.4279
   751        0.00024516     0.000000E+000     0.938659E-006        0.4282
   752        0.00024600     0.000000E+000     0.940771E-006        0.4284
   753        0.00024685     0.000000E+000     0.942920E-006        0.4287
   754        0.00024685     0.000000E+000     0.938570E-006        0.4289
   755        0.00024771     0.000000E+000     0.940772E-006        0.4292
   756        0.00024859     0.000000E+000     0.943012E-006        0.4294
   757        0.00024859     0.000000E+000     0.938638E-006        0.4297
   758        0.00024947     0.000000E+000     0.940931E-006        0.4299
   759        0.00025036     0.000000E+000     0.943265E-006        0.4301
   760        0.00025036     0.000000E+000     0.938864E-006        0.4304
   761        0.00025127     0.000000E+000     0.941253E-006        0.4306
   762        0.00025127     0.000000E+000     0.936850E-006        0.4309
   763        0.00025219     0.000000E+000     0.939295E-006        0.4312
   764        0.00025312     0.000000E+000     0.941782E-006        0.4314
   765        0.00025312     0.000000E+000     0.937348E-006        0.4317
   766        0.00025407     0.000000E+000     0.939893E-006        0.4319
   767        0.00025502     0.000000E+000     0.942482E-006        0.4322
   768        0.00025502     0.000000E+000     0.938015E-006        0.4324
   769        0.00025599     0.000000E+000     0.940664E-006        0.4327
   770        0.00025697     0.000000E+000     0.943358E-006        0.4329
   771        0.00025697     0.000000E+000     0.938855E-006        0.4332
   772        0.00025797     0.000000E+000     0.941611E-006        0.4334
   773        0.00025797     0.000000E+000     0.937100E-006        0.4337
   774        0.00025898     0.000000E+000     0.939919E-006        0.4340
   775        0.00026000     0.000000E+000     0.942786E-006        0.4342
   776        0.00026000     0.000000E+000     0.938234E-006        0.4345
   777        0.00026104     0.000000E+000     0.941167E-006        0.4347
   778        0.00026104     0.000000E+000     0.936604E-006        0.4350
   779        0.00026210     0.000000E+000     0.939603E-006        0.4353
   780        0.00026317     0.000000E+000     0.942655E-006        0.4355
   781        0.00026317     0.000000E+000     0.938046E-006        0.4358
   782        0.00026426     0.000000E+000     0.941166E-006        0.4360
   783        0.00026426     0.000000E+000     0.936544E-006        0.4363
   784        0.00026536     0.000000E+000     0.939735E-006        0.4366
   785        0.00026648     0.000000E+000     0.942982E-006        0.4368
   786        0.00026648     0.000000E+000     0.938309E-006        0.4371
   787        0.00026762     0.000000E+000     0.941629E-006        0.4374
   788        0.00026762     0.000000E+000     0.936939E-006        0.4376
   789        0.00026878     0.000000E+000     0.940335E-006        0.4379
   790        0.00026878     0.000000E+000     0.935628E-006        0.4382
   791        0.00026996     0.000000E+000     0.939100E-006        0.4384
   792        0.00027115     0.000000E+000     0.942635E-006        0.4387
   793        0.00027115     0.000000E+000     0.937869E-006        0.4390
   794        0.00027237     0.000000E+000     0.941484E-006        0.4393
   795        0.00027237     0.000000E+000     0.936698E-006        0.4395
   796        0.00027361     0.000000E+000     0.940395E-006        0.4398
   797        0.00027361     0.000000E+000     0.935588E-006        0.4401
   798        0.00027487     0.000000E+000     0.939370E-006        0.4404
   799        0.00027487     0.000000E+000     0.934540E-006        0.4406
   800        0.00027615     0.000000E+000     0.938410E-006        0.4409
   801        0.00027746     0.000000E+000     0.942352E-006        0.4412
   802        0.00027746     0.000000E+000     0.937451E-006        0.4415
   803        0.00027878     0.000000E+000     0.941485E-006        0.4417
   804        0.00027878     0.000000E+000     0.936558E-006        0.4420
   805        0.00028014     0.000000E+000     0.940687E-006        0.4423
   806        0.00028014     0.000000E+000     0.935733E-006        0.4426
   807        0.00028152     0.000000E+000     0.939959E-006        0.4429
   808        0.00028152     0.000000E+000     0.934977E-006        0.4431
   809        0.00028292     0.000000E+000     0.939304E-006        0.4434
   810        0.00028292     0.000000E+000     0.934292E-006        0.4437
   811        0.00028436     0.000000E+000     0.938724E-006        0.4440
   812        0.00028436     0.000000E+000     0.933680E-006        0.4443
   813        0.00028583     0.000000E+000     0.938220E-006        0.4445
   814        0.00028583     0.000000E+000     0.933144E-006        0.4448
   815        0.00028732     0.000000E+000     0.937795E-006        0.4451
   816        0.00028732     0.000000E+000     0.932685E-006        0.4454
   817        0.00028885     0.000000E+000     0.937451E-006        0.4457
   818        0.00028885     0.000000E+000     0.932306E-006        0.4460
   819        0.00029041     0.000000E+000     0.937192E-006        0.4463
   820        0.00029041     0.000000E+000     0.932010E-006        0.4466
   821        0.00029201     0.000000E+000     0.937021E-006        0.4469
   822        0.00029201     0.000000E+000     0.931801E-006        0.4471
   823        0.00029364     0.000000E+000     0.936941E-006        0.4474
   824        0.00029364     0.000000E+000     0.931681E-006        0.4477
   825        0.00029531     0.000000E+000     0.936955E-006        0.4480
   826        0.00029531     0.000000E+000     0.931653E-006        0.4483
   827        0.00029701     0.000000E+000     0.937067E-006        0.4486
   828        0.00029701     0.000000E+000     0.931722E-006        0.4489
   829        0.00029876     0.000000E+000     0.937282E-006        0.4492
   830        0.00029876     0.000000E+000     0.931892E-006        0.4495
   831        0.00030055     0.000000E+000     0.937604E-006        0.4498
   832        0.00030055     0.000000E+000     0.932168E-006        0.4501
   833        0.00030238     0.000000E+000     0.938038E-006        0.4504
   834        0.00030238     0.000000E+000     0.932553E-006        0.4507
   835        0.00030426     0.000000E+000     0.938589E-006        0.4510
   836        0.00030426     0.000000E+000     0.933054E-006        0.4513
   837        0.00030619     0.000000E+000     0.939264E-006        0.4516
   838        0.00030619     0.000000E+000     0.933676E-006        0.4519
   839        0.00030816     0.000000E+000     0.940067E-006        0.4522
   840        0.00030816     0.000000E+000     0.934425E-006        0.4525
   841        0.00030816     0.000000E+000     0.928809E-006        0.4529
   842        0.00031020     0.000000E+000     0.935424E-006        0.4532
   843        0.00031020     0.000000E+000     0.929752E-006        0.4535
   844        0.00031230     0.000000E+000     0.936569E-006        0.4538
   845        0.00031230     0.000000E+000     0.930837E-006        0.4541
   846        0.00031445     0.000000E+000     0.937867E-006        0.4544
   847        0.00031445     0.000000E+000     0.932073E-006        0.4547
   848        0.00031667     0.000000E+000     0.939327E-006        0.4550
   849        0.00031667     0.000000E+000     0.933468E-006        0.4553
   850        0.00031667     0.000000E+000     0.927638E-006        0.4557
   851        0.00031896     0.000000E+000     0.935170E-006        0.4560
   852        0.00031896     0.000000E+000     0.929272E-006        0.4563
   853        0.00032132     0.000000E+000     0.937055E-006        0.4566
   854        0.00032132     0.000000E+000     0.931088E-006        0.4569
   855        0.00032376     0.000000E+000     0.939137E-006        0.4573
   856        0.00032376     0.000000E+000     0.933096E-006        0.4576
   857        0.00032376     0.000000E+000     0.927086E-006        0.4579
   858        0.00032629     0.000000E+000     0.935467E-006        0.4582
   859        0.00032629     0.000000E+000     0.929380E-006        0.4586
   860        0.00032890     0.000000E+000     0.938064E-006        0.4589
   861        0.00032890     0.000000E+000     0.931896E-006        0.4592
   862        0.00032890     0.000000E+000     0.925761E-006        0.4595
   863        0.00033162     0.000000E+000     0.934824E-006        0.4599
   864        0.00033162     0.000000E+000     0.928603E-006        0.4602
   865        0.00033443     0.000000E+000     0.938014E-006        0.4605
   866        0.00033443     0.000000E+000     0.931705E-006        0.4609
   867        0.00033443     0.000000E+000     0.925430E-006        0.4612
   868        0.00033736     0.000000E+000     0.935278E-006        0.4615
   869        0.00033736     0.000000E+000     0.928909E-006        0.4619
   870        0.00033736     0.000000E+000     0.922576E-006        0.4622
   871        0.00034043     0.000000E+000     0.932898E-006        0.4626
   872        0.00034043     0.000000E+000     0.926466E-006        0.4629
   873        0.00034361     0.000000E+000     0.937226E-006        0.4632
   874        0.00034361     0.000000E+000     0.930689E-006        0.4636
   875        0.00034361     0.000000E+000     0.924190E-006        0.4639
   876        0.00034695     0.000000E+000     0.935505E-006        0.4643
   877        0.00034695     0.000000E+000     0.928896E-006        0.4646
   878        0.00034695     0.000000E+000     0.922326E-006        0.4650
   879        0.00035045     0.000000E+000     0.934249E-006        0.4653
   880        0.00035045     0.000000E+000     0.927561E-006        0.4657
   881        0.00035045     0.000000E+000     0.920914E-006        0.4660
   882        0.00035414     0.000000E+000     0.933507E-006        0.4664
   883        0.00035414     0.000000E+000     0.926734E-006        0.4667
   884        0.00035414     0.000000E+000     0.920004E-006        0.4671
   885        0.00035803     0.000000E+000     0.933337E-006        0.4674
   886        0.00035803     0.000000E+000     0.926472E-006        0.4678
   887        0.00035803     0.000000E+000     0.919651E-006        0.4681
   888        0.00036215     0.000000E+000     0.933806E-006        0.4685
   889        0.00036215     0.000000E+000     0.926841E-006        0.4689
   890        0.00036215     0.000000E+000     0.919923E-006        0.4692
   891        0.00036651     0.000000E+000     0.934994E-006        0.4696
   892        0.00036651     0.000000E+000     0.927920E-006        0.4699
   893        0.00036651     0.000000E+000     0.920894E-006        0.4703
   894        0.00036651     0.000000E+000     0.913916E-006        0.4707
   895        0.00037121     0.000000E+000     0.930183E-006        0.4710
   896        0.00037121     0.000000E+000     0.923036E-006        0.4714
   897        0.00037121     0.000000E+000     0.915939E-006        0.4718
   898        0.00037622     0.000000E+000     0.933395E-006        0.4722
   899        0.00037622     0.000000E+000     0.926115E-006        0.4725
   900        0.00037622     0.000000E+000     0.918887E-006        0.4729
   901        0.00037622     0.000000E+000     0.911712E-006        0.4733
   902        0.00038168     0.000000E+000     0.930746E-006        0.4737
   903        0.00038168     0.000000E+000     0.923368E-006        0.4740
   904        0.00038168     0.000000E+000     0.916046E-006        0.4744
   905        0.00038168     0.000000E+000     0.908779E-006        0.4748
   906        0.00038764     0.000000E+000     0.929677E-006        0.4752
   907        0.00038764     0.000000E+000     0.922184E-006        0.4756
   908        0.00038764     0.000000E+000     0.914751E-006        0.4760
   909        0.00038764     0.000000E+000     0.907376E-006        0.4764
   910        0.00039421     0.000000E+000     0.930505E-006        0.4767
   911        0.00039421     0.000000E+000     0.922877E-006        0.4771
   912        0.00039421     0.000000E+000     0.915311E-006        0.4775
   913        0.00039421     0.000000E+000     0.907808E-006        0.4779
   914        0.00039421     0.000000E+000     0.900367E-006        0.4783
   915        0.00040165     0.000000E+000     0.926625E-006        0.4787
   916        0.00040165     0.000000E+000     0.918892E-006        0.4791
   917        0.00040165     0.000000E+000     0.911226E-006        0.4795
   918        0.00040165     0.000000E+000     0.903626E-006        0.4799
   919        0.00040165     0.000000E+000     0.896092E-006        0.4803
   920        0.00041019     0.000000E+000     0.926389E-006        0.4807
   921        0.00041019     0.000000E+000     0.918513E-006        0.4811
   922        0.00041019     0.000000E+000     0.910708E-006        0.4815
   923        0.00041019     0.000000E+000     0.902975E-006        0.4820
   924        0.00041019     0.000000E+000     0.895314E-006        0.4824
   925        0.00041019     0.000000E+000     0.887724E-006        0.4828
   926        0.00042045     0.000000E+000     0.924199E-006        0.4832
   927        0.00042045     0.000000E+000     0.916188E-006        0.4836
   928        0.00042045     0.000000E+000     0.908254E-006        0.4840
   929        0.00042045     0.000000E+000     0.900399E-006        0.4844
   930        0.00042045     0.000000E+000     0.892622E-006        0.4849
   931        0.00042045     0.000000E+000     0.884924E-006        0.4853
   932        0.00042045     0.000000E+000     0.877303E-006        0.4857
   933        0.00043359     0.000000E+000     0.924203E-006        0.4861
   934        0.00043359     0.000000E+000     0.916028E-006        0.4866
   935        0.00043359     0.000000E+000     0.907939E-006        0.4870
   936        0.00043359     0.000000E+000     0.899938E-006        0.4874
   937        0.00043359     0.000000E+000     0.892025E-006        0.4879
   938        0.00043359     0.000000E+000     0.884199E-006        0.4883
   939        0.00043359     0.000000E+000     0.876460E-006        0.4887
   940        0.00043359     0.000000E+000     0.868810E-006        0.4892
   941        0.00043359     0.000000E+000     0.861247E-006        0.4896
   942        0.00043359     0.000000E+000     0.853772E-006        0.4900
   943        0.00043359     0.000000E+000     0.846385E-006        0.4905
   944        0.00043359     0.000000E+000     0.839086E-006        0.4909
   945        0.00043359     0.000000E+000     0.831875E-006        0.4913
   946        0.00043359     0.000000E+000     0.824752E-006        0.4918
   947        0.00043359     0.000000E+000     0.817717E-006        0.4922
   948        0.00043359     0.000000E+000     0.810770E-006        0.4926
   949        0.00043359     0.000000E+000     0.803912E-006        0.4931
   950        0.00043359     0.000000E+000     0.797141E-006        0.4935
   951        0.00043359     0.000000E+000     0.790459E-006        0.4939
   952        0.00043359     0.000000E+000     0.783864E-006        0.4944
   953        0.00043359     0.000000E+000     0.777357E-006        0.4948
   954        0.00043359     0.000000E+000     0.770938E-006        0.4952
   955        0.00043359     0.000000E+000     0.764605E-006        0.4957
   956        0.00043359     0.000000E+000     0.758358E-006        0.4961
   957        0.00043359     0.000000E+000     0.752197E-006        0.4965
   958        0.00043359     0.000000E+000     0.746120E-006        0.4970
   959        0.00043359     0.000000E+000     0.740127E-006        0.4974
   960        0.00043359     0.000000E+000     0.734217E-006        0.4978
   961        0.00043359     0.000000E+000     0.728387E-006        0.4983
   962        0.00043359     0.000000E+000     0.722636E-006        0.4987
   963        0.00043359     0.000000E+000     0.716963E-006        0.4991
   964        0.00043359     0.000000E+000     0.711365E-006        0.4996
   965        0.00048309     0.000000E+000     0.872813E-006        0.5000
   966        0.00049758     0.000000E+000     0.916945E-006        0.5005
   967        0.00050264     0.000000E+000     0.927024E-006        0.5010
   968        0.00050521     0.000000E+000     0.928046E-006        0.5015
   969        0.00050783     0.000000E+000     0.929155E-006        0.5020
   970        0.00051049     0.000000E+000     0.930348E-006        0.5025
   971        0.00051319     0.000000E+000     0.931626E-006        0.5030
   972        0.00051594     0.000000E+000     0.932990E-006        0.5035
   973        0.00051872     0.000000E+000     0.934443E-006        0.5040
   974        0.00052156     0.000000E+000     0.935991E-006        0.5046
   975        0.00052444     0.000000E+000     0.937645E-006        0.5051
   976        0.00052444     0.000000E+000     0.929240E-006        0.5056
   977        0.00052739     0.000000E+000     0.931135E-006        0.5061
   978        0.00053038     0.000000E+000     0.933208E-006        0.5067
   979        0.00053343     0.000000E+000     0.935501E-006        0.5072
   980        0.00053653     0.000000E+000     0.938068E-006        0.5077
   981        0.00053653     0.000000E+000     0.930254E-006        0.5083
   982        0.00053971     0.000000E+000     0.933519E-006        0.5088
   983        0.00054294     0.000000E+000     0.937258E-006        0.5093
   984        0.00054294     0.000000E+000     0.930493E-006        0.5099
   985        0.00054625     0.000000E+000     0.935252E-006        0.5104
   986        0.00054625     0.000000E+000     0.929315E-006        0.5110
   987        0.00054964     0.000000E+000     0.934915E-006        0.5115
   988        0.00054964     0.000000E+000     0.929259E-006        0.5121
   989        0.00055312     0.000000E+000     0.934744E-006        0.5126
   990        0.00055312     0.000000E+000     0.927944E-006        0.5132
   991        0.00055669     0.000000E+000     0.931513E-006        0.5137
   992        0.00056033     0.000000E+000     0.933398E-006        0.5143
   993        0.00056404     0.000000E+000     0.933189E-006        0.5148
   994        0.00056782     0.000000E+000     0.930642E-006        0.5154
   995        0.00057169     0.000000E+000     0.925706E-006        0.5160
   996        0.00057563     0.000000E+000     0.918485E-006        0.5165
   997        0.00057966     0.000000E+000     0.909160E-006        0.5171
   998        0.00058794     0.000000E+000     0.910451E-006        0.5177
   999        0.00059652     0.000000E+000     0.909962E-006        0.5183
  1000        0.00060542     0.000000E+000     0.907676E-006        0.5189
  1001        0.00061467     0.000000E+000     0.903526E-006        0.5195
  1002        0.00062427     0.000000E+000     0.897418E-006        0.5201
  1003        0.00063426     0.000000E+000     0.889269E-006        0.5207
  1004        0.00064998     0.000000E+000     0.893224E-006        0.5214
  1005        0.00066100     0.000000E+000     0.880639E-006        0.5220
  1006        0.00067840     0.000000E+000     0.880818E-006        0.5227
  1007        0.00069690     0.000000E+000     0.879052E-006        0.5233
  1008        0.00071662     0.000000E+000     0.875237E-006        0.5240
  1009        0.00073770     0.000000E+000     0.869237E-006        0.5248
  1010        0.00076028     0.000000E+000     0.861136E-006        0.5255
  1011        0.00078454     0.000000E+000     0.857836E-006        0.5263
  1012        0.00081070     0.000000E+000     0.869180E-006        0.5270
  1013        0.00082933     0.000000E+000     0.859110E-006        0.5278
  1014        0.00085931     0.000000E+000     0.867536E-006        0.5287
  1015        0.00088079     0.000000E+000     0.854849E-006        0.5295
  1016        0.00091556     0.000000E+000     0.862483E-006        0.5304
  1017        0.00094064     0.000000E+000     0.845955E-006        0.5313
  1018        0.00098154     0.000000E+000     0.850082E-006        0.5323
  1019        0.00101128     0.000000E+000     0.827611E-006        0.5333
  1020        0.00106022     0.000000E+000     0.828290E-006        0.5343
  1021        0.00111506     0.000000E+000     0.827993E-006        0.5353
  1022        0.00115560     0.000000E+000     0.798596E-006        0.5364
  1023        0.00122358     0.000000E+000     0.798129E-006        0.5376
  1024        0.00130168     0.000000E+000     0.798866E-006        0.5388
  1025        0.00136085     0.000000E+000     0.767562E-006        0.5401
  1026        0.00146291     0.000000E+000     0.774722E-006        0.5415
  1027        0.00154199     0.000000E+000     0.748132E-006        0.5429
  1028        0.00168217     0.000000E+000     0.769829E-006        0.5445
  1029        0.00179431     0.000000E+000     0.754570E-006        0.5462
  1030        0.00192723     0.000000E+000     0.748863E-006        0.5480
  1031        0.00208783     0.000000E+000     0.755259E-006        0.5499
  1032        0.00218273     0.000000E+000     0.711385E-006        0.5520
  1033        0.00241249     0.000000E+000     0.749927E-006        0.5542
  1034        0.00255440     0.000000E+000     0.727443E-006        0.5566
  1035        0.00272470     0.000000E+000     0.719663E-006        0.5591
  1036        0.00293429     0.000000E+000     0.728290E-006        0.5619
  1037        0.00320104     0.000000E+000     0.757368E-006        0.5648
  1038        0.00320104     0.000000E+000     0.666319E-006        0.5680
  1039        0.00360117     0.000000E+000     0.741806E-006        0.5712
  1040        0.00360117     0.000000E+000     0.654260E-006        0.5748
  1041        0.00360117     0.000000E+000     0.580611E-006        0.5784
  1042        0.00360117     0.000000E+000     0.517599E-006        0.5820
  1043        0.00360117     0.000000E+000     0.462991E-006        0.5856
  1044        0.00360117     0.000000E+000     0.415204E-006        0.5892
  1045        0.00360117     0.000000E+000     0.373081E-006        0.5928
  1046        0.00360117     0.000000E+000     0.335743E-006        0.5964
  1047        0.00526316     0.000000E+000     0.625374E-006        0.6000
  1048        0.00592105     0.000000E+000     0.672556E-006        0.6053
  1049        0.00634398     0.000000E+000     0.648240E-006        0.6112
  1050        0.00687265     0.000000E+000     0.631209E-006        0.6175
  1051        0.00755992     0.000000E+000     0.623874E-006        0.6244
  1052        0.00850490     0.000000E+000     0.631489E-006        0.6320
  1053        0.00992239     0.000000E+000     0.666778E-006        0.6405
  1054        0.00992239     0.000000E+000     0.514983E-006        0.6504
  1055        0.00992239     0.000000E+000     0.402666E-006        0.6603
  1056        0.00992239     0.000000E+000     0.321436E-006        0.6702
  1057        0.00992239     0.000000E+000     0.265480E-006        0.6802
  1058        0.00992239     0.000000E+000     0.231023E-006        0.6901
  1059        0.01428571     0.000000E+000     0.405247E-006        0.7000
  1060        0.01714286     0.000000E+000     0.562025E-006        0.7143
  1061        0.01714286     0.000000E+000     0.686616E-006        0.7314
  1062 *      0.00857143     0.000000E+000     0.259890E-006        0.7486
  1062        0.00857143     0.000000E+000     0.270676E-006        0.7571
  1063        0.01142857     0.000000E+000     0.450099E-006        0.7657
  1064        0.01142857     0.000000E+000     0.415966E-006        0.7771
  1065        0.01142857     0.000000E+000     0.360370E-006        0.7886
  1066        0.01428571     0.000000E+000     0.445366E-006        0.8000
  1067        0.01714286     0.000000E+000     0.466111E-006        0.8143
  1068        0.01714286     0.000000E+000     0.323757E-006        0.8314
  1069        0.01714286     0.000000E+000     0.219995E-006        0.8486
  1070        0.01714286     0.000000E+000     0.147745E-006        0.8657
  1071        0.01714286     0.000000E+000     0.986246E-007        0.8829
  1072        0.03333333     0.000000E+000     0.197213E-006        0.9000
  1073        0.03333333     0.000000E+000     0.906531E-007        0.9333
  1074        0.03333333     0.000000E+000     0.414186E-007        0.9667
