#Update-step  Updatetime     Error of A        Error of phi      Time in fs
     1                                         0.384654E-003
     1 *      0.00113636     0.000000E+000     0.269205E-005        0.0000
     1        0.00113636     0.000000E+000     0.248720E-005        0.0011
     2 *      0.00041062     0.000000E+000     0.389414E-006        0.0023
     2        0.00041062     0.000000E+000     0.430402E-006        0.0027
     3 *      0.00029909     0.000000E+000     0.291693E-006        0.0031
     3        0.00029909     0.000000E+000     0.502691E-006        0.0034
     4        0.00040982     0.000000E+000     0.664706E-006        0.0037
     5        0.00046780     0.000000E+000     0.352779E-006        0.0041
     6        0.00067204     0.000000E+000     0.668743E-006        0.0046
     7        0.00076418     0.000000E+000     0.812577E-006        0.0052
     8        0.00081029     0.000000E+000     0.860101E-006        0.0060
     9        0.00083949     0.000000E+000     0.867945E-006        0.0068
    10        0.00086303     0.000000E+000     0.861254E-006        0.0077
    11        0.00088817     0.000000E+000     0.855767E-006        0.0085
    12        0.00091508     0.000000E+000     0.854254E-006        0.0094
    13        0.00094398     0.000000E+000     0.857350E-006        0.0103
    14        0.00097510     0.000000E+000     0.859032E-006        0.0113
    15        0.00100872     0.000000E+000     0.860050E-006        0.0122
    16        0.00104518     0.000000E+000     0.865222E-006        0.0132
    17        0.00107131     0.000000E+000     0.851038E-006        0.0143
    18        0.00111360     0.000000E+000     0.855882E-006        0.0154
    19        0.00114411     0.000000E+000     0.837209E-006        0.0165
    20        0.00119385     0.000000E+000     0.841104E-006        0.0176
    21        0.00124896     0.000000E+000     0.845946E-006        0.0188
    22        0.00128924     0.000000E+000     0.826333E-006        0.0201
    23        0.00135593     0.000000E+000     0.835616E-006        0.0214
    24        0.00140524     0.000000E+000     0.819222E-006        0.0227
    25        0.00145928     0.000000E+000     0.805657E-006        0.0241
    26        0.00155049     0.000000E+000     0.827617E-006        0.0256
    27        0.00161940     0.000000E+000     0.820736E-006        0.0271
    28        0.00169651     0.000000E+000     0.818861E-006        0.0287
    29        0.00178351     0.000000E+000     0.823617E-006        0.0304
    30        0.00188260     0.000000E+000     0.838044E-006        0.0322
    31        0.00193797     0.000000E+000     0.819555E-006        0.0341
    32        0.00199853     0.000000E+000     0.820744E-006        0.0360
    33        0.00206515     0.000000E+000     0.856669E-006        0.0380
    34        0.00213890     0.000000E+000     0.960413E-006        0.0401
    35 *      0.00103126     0.000000E+000     0.268140E-006        0.0422
    35        0.00103126     0.000000E+000     0.303377E-006        0.0433
    36        0.00168751     0.000000E+000     0.929387E-006        0.0443
    37 *      0.00084376     0.000000E+000     0.323800E-006        0.0460
    37        0.00084376     0.000000E+000     0.388373E-006        0.0468
    38 *      0.00063796     0.000000E+000     0.274367E-006        0.0477
    38        0.00063796     0.000000E+000     0.327644E-006        0.0483
    39 *      0.00051037     0.000000E+000     0.261457E-006        0.0490
    39        0.00051037     0.000000E+000     0.329855E-006        0.0495
    40 *      0.00040997     0.000000E+000     0.307445E-006        0.0500
    40        0.00040997     0.000000E+000     0.550174E-006        0.0504
    41 *      0.00027031     0.000000E+000     0.867834E-006        0.0508
    41        0.00027031     0.000000E+000     0.204865E-005        0.0511
    42 *      0.00010623     0.000000E+000     0.491033E-006        0.0513
    42        0.00010623     0.000000E+000     0.527716E-006        0.0515
    43 *      0.00007145     0.000000E+000     0.250107E-006        0.0516
    43        0.00007145     0.000000E+000     0.255051E-006        0.0516
    44        0.00012744     0.000000E+000     0.819892E-006        0.0517
    45        0.00013456     0.000000E+000     0.927867E-006        0.0518
    46        0.00013570     0.000000E+000     0.951366E-006        0.0520
    47        0.00013532     0.000000E+000     0.948658E-006        0.0521
    48        0.00013532     0.000000E+000     0.946079E-006        0.0522
    49        0.00013532     0.000000E+000     0.938424E-006        0.0524
    50        0.00013570     0.000000E+000     0.935939E-006        0.0525
    51        0.00013609     0.000000E+000     0.934757E-006        0.0526
    52        0.00013688     0.000000E+000     0.939951E-006        0.0528
    53        0.00013728     0.000000E+000     0.940636E-006        0.0529
    54        0.00013769     0.000000E+000     0.942129E-006        0.0530
    55        0.00013809     0.000000E+000     0.944347E-006        0.0532
    56        0.00013809     0.000000E+000     0.941634E-006        0.0533
    57        0.00013850     0.000000E+000     0.945050E-006        0.0535
    58        0.00013850     0.000000E+000     0.943338E-006        0.0536
    59        0.00013850     0.000000E+000     0.942033E-006        0.0537
    60        0.00013892     0.000000E+000     0.946741E-006        0.0539
    61        0.00013892     0.000000E+000     0.946077E-006        0.0540
    62        0.00013892     0.000000E+000     0.945667E-006        0.0542
    63        0.00013892     0.000000E+000     0.945470E-006        0.0543
    64        0.00013892     0.000000E+000     0.945450E-006        0.0544
    65        0.00013892     0.000000E+000     0.945575E-006        0.0546
    66        0.00013892     0.000000E+000     0.945820E-006        0.0547
    67        0.00013892     0.000000E+000     0.946161E-006        0.0549
    68        0.00013892     0.000000E+000     0.946578E-006        0.0550
    69        0.00013892     0.000000E+000     0.947053E-006        0.0551
    70        0.00013892     0.000000E+000     0.947572E-006        0.0553
    71        0.00013892     0.000000E+000     0.948124E-006        0.0554
    72        0.00013892     0.000000E+000     0.948696E-006        0.0555
    73        0.00013892     0.000000E+000     0.949281E-006        0.0557
    74        0.00013892     0.000000E+000     0.949872E-006        0.0558
    75        0.00013892     0.000000E+000     0.950461E-006        0.0560
    76        0.00013848     0.000000E+000     0.945070E-006        0.0561
    77        0.00013848     0.000000E+000     0.945638E-006        0.0562
    78        0.00013848     0.000000E+000     0.946191E-006        0.0564
    79        0.00013848     0.000000E+000     0.946727E-006        0.0565
    80        0.00013848     0.000000E+000     0.947242E-006        0.0567
    81        0.00013848     0.000000E+000     0.947734E-006        0.0568
    82        0.00013848     0.000000E+000     0.948200E-006        0.0569
    83        0.00013848     0.000000E+000     0.948638E-006        0.0571
    84        0.00013848     0.000000E+000     0.949046E-006        0.0572
    85        0.00013848     0.000000E+000     0.949421E-006        0.0573
    86        0.00013848     0.000000E+000     0.949763E-006        0.0575
    87        0.00013848     0.000000E+000     0.950068E-006        0.0576
    88        0.00013848     0.000000E+000     0.950334E-006        0.0578
    89        0.00013803     0.000000E+000     0.944358E-006        0.0579
    90        0.00013803     0.000000E+000     0.944541E-006        0.0580
    91        0.00013803     0.000000E+000     0.944682E-006        0.0582
    92        0.00013803     0.000000E+000     0.944778E-006        0.0583
    93        0.00013803     0.000000E+000     0.944829E-006        0.0585
    94        0.00013803     0.000000E+000     0.944833E-006        0.0586
    95        0.00013803     0.000000E+000     0.944788E-006        0.0587
    96        0.00013803     0.000000E+000     0.944695E-006        0.0589
    97        0.00013803     0.000000E+000     0.944551E-006        0.0590
    98        0.00013803     0.000000E+000     0.944357E-006        0.0591
    99        0.00013803     0.000000E+000     0.944112E-006        0.0593
   100        0.00013803     0.000000E+000     0.943815E-006        0.0594
   101        0.00013803     0.000000E+000     0.943466E-006        0.0596
   102        0.00013803     0.000000E+000     0.943064E-006        0.0597
   103        0.00013803     0.000000E+000     0.942611E-006        0.0598
   104        0.00013803     0.000000E+000     0.942105E-006        0.0600
   105        0.00013803     0.000000E+000     0.941547E-006        0.0601
   106        0.00013803     0.000000E+000     0.940937E-006        0.0602
   107        0.00013851     0.000000E+000     0.946840E-006        0.0604
   108        0.00013851     0.000000E+000     0.946120E-006        0.0605
   109        0.00013851     0.000000E+000     0.945349E-006        0.0607
   110        0.00013851     0.000000E+000     0.944528E-006        0.0608
   111        0.00013851     0.000000E+000     0.943658E-006        0.0609
   112        0.00013851     0.000000E+000     0.942738E-006        0.0611
   113        0.00013851     0.000000E+000     0.941770E-006        0.0612
   114        0.00013851     0.000000E+000     0.940755E-006        0.0614
   115        0.00013901     0.000000E+000     0.946466E-006        0.0615
   116        0.00013901     0.000000E+000     0.945348E-006        0.0616
   117        0.00013901     0.000000E+000     0.944186E-006        0.0618
   118        0.00013901     0.000000E+000     0.942980E-006        0.0619
   119        0.00013901     0.000000E+000     0.941731E-006        0.0621
   120        0.00013901     0.000000E+000     0.940441E-006        0.0622
   121        0.00013952     0.000000E+000     0.946054E-006        0.0623
   122        0.00013952     0.000000E+000     0.944670E-006        0.0625
   123        0.00013952     0.000000E+000     0.943247E-006        0.0626
   124        0.00013952     0.000000E+000     0.941788E-006        0.0627
   125        0.00013952     0.000000E+000     0.940293E-006        0.0629
   126        0.00014005     0.000000E+000     0.945861E-006        0.0630
   127        0.00014005     0.000000E+000     0.944280E-006        0.0632
   128        0.00014005     0.000000E+000     0.942666E-006        0.0633
   129        0.00014005     0.000000E+000     0.941020E-006        0.0634
   130        0.00014005     0.000000E+000     0.939344E-006        0.0636
   131        0.00014060     0.000000E+000     0.944894E-006        0.0637
   132        0.00014060     0.000000E+000     0.943141E-006        0.0639
   133        0.00014060     0.000000E+000     0.941360E-006        0.0640
   134        0.00014060     0.000000E+000     0.939554E-006        0.0641
   135        0.00014115     0.000000E+000     0.945121E-006        0.0643
   136        0.00014115     0.000000E+000     0.943243E-006        0.0644
   137        0.00014115     0.000000E+000     0.941342E-006        0.0646
   138        0.00014115     0.000000E+000     0.939419E-006        0.0647
   139        0.00014172     0.000000E+000     0.945021E-006        0.0649
   140        0.00014172     0.000000E+000     0.943032E-006        0.0650
   141        0.00014172     0.000000E+000     0.941024E-006        0.0651
   142        0.00014172     0.000000E+000     0.938997E-006        0.0653
   143        0.00014230     0.000000E+000     0.944650E-006        0.0654
   144        0.00014230     0.000000E+000     0.942563E-006        0.0656
   145        0.00014230     0.000000E+000     0.940460E-006        0.0657
   146        0.00014230     0.000000E+000     0.938341E-006        0.0658
   147        0.00014290     0.000000E+000     0.944061E-006        0.0660
   148        0.00014290     0.000000E+000     0.941887E-006        0.0661
   149        0.00014290     0.000000E+000     0.939699E-006        0.0663
   150        0.00014290     0.000000E+000     0.937499E-006        0.0664
   151        0.00014352     0.000000E+000     0.943302E-006        0.0666
   152        0.00014352     0.000000E+000     0.941050E-006        0.0667
   153        0.00014352     0.000000E+000     0.938788E-006        0.0668
   154        0.00014414     0.000000E+000     0.944682E-006        0.0670
   155        0.00014414     0.000000E+000     0.942370E-006        0.0671
   156        0.00014414     0.000000E+000     0.940050E-006        0.0673
   157        0.00014414     0.000000E+000     0.937721E-006        0.0674
   158        0.00014479     0.000000E+000     0.943724E-006        0.0676
   159        0.00014479     0.000000E+000     0.941349E-006        0.0677
   160        0.00014479     0.000000E+000     0.938967E-006        0.0679
   161        0.00014479     0.000000E+000     0.936579E-006        0.0680
   162        0.00014545     0.000000E+000     0.942705E-006        0.0681
   163        0.00014545     0.000000E+000     0.940274E-006        0.0683
   164        0.00014545     0.000000E+000     0.937837E-006        0.0684
   165        0.00014612     0.000000E+000     0.944087E-006        0.0686
   166        0.00014612     0.000000E+000     0.941608E-006        0.0687
   167        0.00014612     0.000000E+000     0.939126E-006        0.0689
   168        0.00014612     0.000000E+000     0.936640E-006        0.0690
   169        0.00014682     0.000000E+000     0.943038E-006        0.0692
   170        0.00014682     0.000000E+000     0.940512E-006        0.0693
   171        0.00014682     0.000000E+000     0.937984E-006        0.0695
   172        0.00014753     0.000000E+000     0.944526E-006        0.0696
   173        0.00014753     0.000000E+000     0.941959E-006        0.0698
   174        0.00014753     0.000000E+000     0.939390E-006        0.0699
   175        0.00014753     0.000000E+000     0.936821E-006        0.0701
   176        0.00014827     0.000000E+000     0.943538E-006        0.0702
   177        0.00014827     0.000000E+000     0.940930E-006        0.0703
   178        0.00014827     0.000000E+000     0.938322E-006        0.0705
   179        0.00014827     0.000000E+000     0.935715E-006        0.0706
   180        0.00014902     0.000000E+000     0.942622E-006        0.0708
   181        0.00014902     0.000000E+000     0.939977E-006        0.0709
   182        0.00014902     0.000000E+000     0.937334E-006        0.0711
   183        0.00014980     0.000000E+000     0.944421E-006        0.0712
   184        0.00014980     0.000000E+000     0.941740E-006        0.0714
   185        0.00014980     0.000000E+000     0.939062E-006        0.0715
   186        0.00014980     0.000000E+000     0.936386E-006        0.0717
   187        0.00015060     0.000000E+000     0.943692E-006        0.0718
   188        0.00015060     0.000000E+000     0.940980E-006        0.0720
   189        0.00015060     0.000000E+000     0.938270E-006        0.0721
   190        0.00015060     0.000000E+000     0.935564E-006        0.0723
   191        0.00015143     0.000000E+000     0.943107E-006        0.0724
   192        0.00015143     0.000000E+000     0.940364E-006        0.0726
   193        0.00015143     0.000000E+000     0.937625E-006        0.0727
   194        0.00015143     0.000000E+000     0.934891E-006        0.0729
   195        0.00015228     0.000000E+000     0.942690E-006        0.0730
   196        0.00015228     0.000000E+000     0.939919E-006        0.0732
   197        0.00015228     0.000000E+000     0.937153E-006        0.0734
   198        0.00015228     0.000000E+000     0.934392E-006        0.0735
   199        0.00015317     0.000000E+000     0.942466E-006        0.0737
   200        0.00015317     0.000000E+000     0.939669E-006        0.0738
   201        0.00015317     0.000000E+000     0.936877E-006        0.0740
   202        0.00015317     0.000000E+000     0.934091E-006        0.0741
   203        0.00015408     0.000000E+000     0.942463E-006        0.0743
   204        0.00015408     0.000000E+000     0.939640E-006        0.0744
   205        0.00015408     0.000000E+000     0.936823E-006        0.0746
   206        0.00015408     0.000000E+000     0.934014E-006        0.0747
   207        0.00015504     0.000000E+000     0.942707E-006        0.0749
   208        0.00015504     0.000000E+000     0.939859E-006        0.0750
   209        0.00015504     0.000000E+000     0.937019E-006        0.0752
   210        0.00015504     0.000000E+000     0.934186E-006        0.0753
   211        0.00015602     0.000000E+000     0.943227E-006        0.0755
   212        0.00015602     0.000000E+000     0.940355E-006        0.0757
   213        0.00015602     0.000000E+000     0.937492E-006        0.0758
   214        0.00015602     0.000000E+000     0.934636E-006        0.0760
   215        0.00015602     0.000000E+000     0.931789E-006        0.0761
   216        0.00015706     0.000000E+000     0.941258E-006        0.0763
   217        0.00015706     0.000000E+000     0.938371E-006        0.0764
   218        0.00015706     0.000000E+000     0.935493E-006        0.0766
   219        0.00015706     0.000000E+000     0.932623E-006        0.0768
   220        0.00015813     0.000000E+000     0.942506E-006        0.0769
   221        0.00015813     0.000000E+000     0.939596E-006        0.0771
   222        0.00015813     0.000000E+000     0.936695E-006        0.0772
   223        0.00015813     0.000000E+000     0.933803E-006        0.0774
   224        0.00015813     0.000000E+000     0.930920E-006        0.0775
   225        0.00015926     0.000000E+000     0.941315E-006        0.0777
   226        0.00015926     0.000000E+000     0.938390E-006        0.0779
   227        0.00015926     0.000000E+000     0.935475E-006        0.0780
   228        0.00015926     0.000000E+000     0.932570E-006        0.0782
   229        0.00015926     0.000000E+000     0.929675E-006        0.0783
   230        0.00016045     0.000000E+000     0.940636E-006        0.0785
   231        0.00016045     0.000000E+000     0.937697E-006        0.0787
   232        0.00016045     0.000000E+000     0.934767E-006        0.0788
   233        0.00016045     0.000000E+000     0.931849E-006        0.0790
   234        0.00016045     0.000000E+000     0.928940E-006        0.0791
   235        0.00016170     0.000000E+000     0.940530E-006        0.0793
   236        0.00016170     0.000000E+000     0.937575E-006        0.0795
   237        0.00016170     0.000000E+000     0.934631E-006        0.0796
   238        0.00016170     0.000000E+000     0.931697E-006        0.0798
   239        0.00016170     0.000000E+000     0.928775E-006        0.0799
   240        0.00016303     0.000000E+000     0.941064E-006        0.0801
   241        0.00016303     0.000000E+000     0.938093E-006        0.0803
   242        0.00016303     0.000000E+000     0.935132E-006        0.0804
   243        0.00016303     0.000000E+000     0.932183E-006        0.0806
   244        0.00016303     0.000000E+000     0.929245E-006        0.0808
   245        0.00016303     0.000000E+000     0.926319E-006        0.0809
   246        0.00016445     0.000000E+000     0.939492E-006        0.0811
   247        0.00016445     0.000000E+000     0.936512E-006        0.0813
   248        0.00016445     0.000000E+000     0.933544E-006        0.0814
   249        0.00016445     0.000000E+000     0.930588E-006        0.0816
   250        0.00016445     0.000000E+000     0.927643E-006        0.0817
   251        0.00016596     0.000000E+000     0.941713E-006        0.0819
   252        0.00016596     0.000000E+000     0.938711E-006        0.0821
   253        0.00016596     0.000000E+000     0.935722E-006        0.0822
   254        0.00016596     0.000000E+000     0.932744E-006        0.0824
   255        0.00016596     0.000000E+000     0.929779E-006        0.0826
   256        0.00016596     0.000000E+000     0.926825E-006        0.0827
   257        0.00016596     0.000000E+000     0.923884E-006        0.0829
   258        0.00016760     0.000000E+000     0.939238E-006        0.0831
   259        0.00016760     0.000000E+000     0.936233E-006        0.0832
   260        0.00016760     0.000000E+000     0.933241E-006        0.0834
   261        0.00016760     0.000000E+000     0.930261E-006        0.0836
   262        0.00016760     0.000000E+000     0.927294E-006        0.0837
   263        0.00016760     0.000000E+000     0.924339E-006        0.0839
   264        0.00016938     0.000000E+000     0.941059E-006        0.0841
   265        0.00016938     0.000000E+000     0.938035E-006        0.0842
   266        0.00016938     0.000000E+000     0.935023E-006        0.0844
   267        0.00016938     0.000000E+000     0.932024E-006        0.0846
   268        0.00016938     0.000000E+000     0.929037E-006        0.0848
   269        0.00016938     0.000000E+000     0.926063E-006        0.0849
   270        0.00016938     0.000000E+000     0.923102E-006        0.0851
   271        0.00016938     0.000000E+000     0.920153E-006        0.0853
   272        0.00017137     0.000000E+000     0.938877E-006        0.0854
   273        0.00017137     0.000000E+000     0.935849E-006        0.0856
   274        0.00017137     0.000000E+000     0.932834E-006        0.0858
   275        0.00017137     0.000000E+000     0.929832E-006        0.0859
   276        0.00017137     0.000000E+000     0.926843E-006        0.0861
   277        0.00017137     0.000000E+000     0.923866E-006        0.0863
   278        0.00017137     0.000000E+000     0.920902E-006        0.0865
   279        0.00017137     0.000000E+000     0.917950E-006        0.0866
   280        0.00017363     0.000000E+000     0.939198E-006        0.0868
   281        0.00017363     0.000000E+000     0.936155E-006        0.0870
   282        0.00017363     0.000000E+000     0.933126E-006        0.0872
   283        0.00017363     0.000000E+000     0.930109E-006        0.0873
   284        0.00017363     0.000000E+000     0.927106E-006        0.0875
   285        0.00017363     0.000000E+000     0.924115E-006        0.0877
   286        0.00017363     0.000000E+000     0.921137E-006        0.0878
   287        0.00017363     0.000000E+000     0.918172E-006        0.0880
   288        0.00017363     0.000000E+000     0.915220E-006        0.0882
   289        0.00017363     0.000000E+000     0.912280E-006        0.0884
   290        0.00017630     0.000000E+000     0.937491E-006        0.0885
   291        0.00017630     0.000000E+000     0.934441E-006        0.0887
   292        0.00017630     0.000000E+000     0.931404E-006        0.0889
   293        0.00017630     0.000000E+000     0.928380E-006        0.0891
   294        0.00017630     0.000000E+000     0.925368E-006        0.0892
   295        0.00017630     0.000000E+000     0.922370E-006        0.0894
   296        0.00017630     0.000000E+000     0.919385E-006        0.0896
   297        0.00017630     0.000000E+000     0.916413E-006        0.0898
   298        0.00017630     0.000000E+000     0.913453E-006        0.0900
   299        0.00017630     0.000000E+000     0.910506E-006        0.0901
   300        0.00017630     0.000000E+000     0.907571E-006        0.0903
   301        0.00017630     0.000000E+000     0.904649E-006        0.0905
   302        0.00017630     0.000000E+000     0.901739E-006        0.0907
   303        0.00017976     0.000000E+000     0.934368E-006        0.0908
   304        0.00017976     0.000000E+000     0.931311E-006        0.0910
   305        0.00017976     0.000000E+000     0.928267E-006        0.0912
   306        0.00017976     0.000000E+000     0.925237E-006        0.0914
   307        0.00017976     0.000000E+000     0.922219E-006        0.0916
   308        0.00017976     0.000000E+000     0.919214E-006        0.0917
   309        0.00017976     0.000000E+000     0.916222E-006        0.0919
   310        0.00017976     0.000000E+000     0.913242E-006        0.0921
   311        0.00017976     0.000000E+000     0.910276E-006        0.0923
   312        0.00017976     0.000000E+000     0.907321E-006        0.0925
   313        0.00017976     0.000000E+000     0.904379E-006        0.0926
   314        0.00017976     0.000000E+000     0.901450E-006        0.0928
   315        0.00017976     0.000000E+000     0.898533E-006        0.0930
   316        0.00017976     0.000000E+000     0.895628E-006        0.0932
   317        0.00017976     0.000000E+000     0.892735E-006        0.0933
   318        0.00017976     0.000000E+000     0.889855E-006        0.0935
   319        0.00017976     0.000000E+000     0.886986E-006        0.0937
   320        0.00017976     0.000000E+000     0.884129E-006        0.0939
   321        0.00017976     0.000000E+000     0.881284E-006        0.0941
   322        0.00017976     0.000000E+000     0.878450E-006        0.0942
   323        0.00017976     0.000000E+000     0.875629E-006        0.0944
   324        0.00017976     0.000000E+000     0.872818E-006        0.0946
   325        0.00017976     0.000000E+000     0.870019E-006        0.0948
   326        0.00017976     0.000000E+000     0.867232E-006        0.0950
   327        0.00017976     0.000000E+000     0.864456E-006        0.0951
   328        0.00017976     0.000000E+000     0.861691E-006        0.0953
   329        0.00017976     0.000000E+000     0.858937E-006        0.0955
   330        0.00017976     0.000000E+000     0.856194E-006        0.0957
   331        0.00017976     0.000000E+000     0.853462E-006        0.0959
   332        0.00017976     0.000000E+000     0.850742E-006        0.0960
   333        0.00017976     0.000000E+000     0.848031E-006        0.0962
   334        0.00017976     0.000000E+000     0.845332E-006        0.0964
   335        0.00017976     0.000000E+000     0.842643E-006        0.0966
   336        0.00017976     0.000000E+000     0.839965E-006        0.0968
   337        0.00017976     0.000000E+000     0.837297E-006        0.0969
   338        0.00017976     0.000000E+000     0.834640E-006        0.0971
   339        0.00017976     0.000000E+000     0.831993E-006        0.0973
   340        0.00017976     0.000000E+000     0.829356E-006        0.0975
   341        0.00017976     0.000000E+000     0.826729E-006        0.0977
   342        0.00017976     0.000000E+000     0.824113E-006        0.0978
   343        0.00017976     0.000000E+000     0.821506E-006        0.0980
   344        0.00017976     0.000000E+000     0.818909E-006        0.0982
   345        0.00017976     0.000000E+000     0.816322E-006        0.0984
   346        0.00017976     0.000000E+000     0.813745E-006        0.0986
   347        0.00017976     0.000000E+000     0.811178E-006        0.0987
   348        0.00017976     0.000000E+000     0.808620E-006        0.0989
   349        0.00017976     0.000000E+000     0.806072E-006        0.0991
   350        0.00017976     0.000000E+000     0.803533E-006        0.0993
   351        0.00017976     0.000000E+000     0.801004E-006        0.0995
   352        0.00017976     0.000000E+000     0.798484E-006        0.0996
   353        0.00017976     0.000000E+000     0.795973E-006        0.0998
   354        0.00019194     0.000000E+000     0.904470E-006        0.1000
   355        0.00019532     0.000000E+000     0.933419E-006        0.1002
   356        0.00019647     0.000000E+000     0.941261E-006        0.1004
   357        0.00019686     0.000000E+000     0.941748E-006        0.1006
   358        0.00019726     0.000000E+000     0.942245E-006        0.1008
   359        0.00019765     0.000000E+000     0.942752E-006        0.1010
   360        0.00019805     0.000000E+000     0.943270E-006        0.1012
   361        0.00019844     0.000000E+000     0.943798E-006        0.1014
   362        0.00019884     0.000000E+000     0.944337E-006        0.1016
   363        0.00019925     0.000000E+000     0.944886E-006        0.1018
   364        0.00019965     0.000000E+000     0.945446E-006        0.1020
   365        0.00019965     0.000000E+000     0.942165E-006        0.1022
   366        0.00020006     0.000000E+000     0.942742E-006        0.1024
   367        0.00020047     0.000000E+000     0.943331E-006        0.1026
   368        0.00020089     0.000000E+000     0.943929E-006        0.1028
   369        0.00020131     0.000000E+000     0.944539E-006        0.1030
   370        0.00020172     0.000000E+000     0.945159E-006        0.1032
   371        0.00020172     0.000000E+000     0.941852E-006        0.1034
   372        0.00020215     0.000000E+000     0.942490E-006        0.1036
   373        0.00020257     0.000000E+000     0.943140E-006        0.1038
   374        0.00020300     0.000000E+000     0.943800E-006        0.1040
   375        0.00020343     0.000000E+000     0.944471E-006        0.1042
   376        0.00020387     0.000000E+000     0.945153E-006        0.1044
   377        0.00020387     0.000000E+000     0.941815E-006        0.1046
   378        0.00020430     0.000000E+000     0.942516E-006        0.1048
   379        0.00020474     0.000000E+000     0.943227E-006        0.1050
   380        0.00020519     0.000000E+000     0.943950E-006        0.1052
   381        0.00020563     0.000000E+000     0.944684E-006        0.1054
   382        0.00020563     0.000000E+000     0.941322E-006        0.1056
   383        0.00020608     0.000000E+000     0.942074E-006        0.1058
   384        0.00020654     0.000000E+000     0.942838E-006        0.1060
   385        0.00020699     0.000000E+000     0.943613E-006        0.1062
   386        0.00020745     0.000000E+000     0.944401E-006        0.1064
   387        0.00020791     0.000000E+000     0.945200E-006        0.1066
   388        0.00020791     0.000000E+000     0.941798E-006        0.1069
   389        0.00020838     0.000000E+000     0.942616E-006        0.1071
   390        0.00020885     0.000000E+000     0.943445E-006        0.1073
   391        0.00020932     0.000000E+000     0.944287E-006        0.1075
   392        0.00020980     0.000000E+000     0.945140E-006        0.1077
   393        0.00020980     0.000000E+000     0.941708E-006        0.1079
   394        0.00021028     0.000000E+000     0.942580E-006        0.1081
   395        0.00021076     0.000000E+000     0.943464E-006        0.1083
   396        0.00021125     0.000000E+000     0.944361E-006        0.1085
   397        0.00021125     0.000000E+000     0.940906E-006        0.1087
   398        0.00021174     0.000000E+000     0.941822E-006        0.1090
   399        0.00021223     0.000000E+000     0.942750E-006        0.1092
   400        0.00021273     0.000000E+000     0.943691E-006        0.1094
   401        0.00021323     0.000000E+000     0.944645E-006        0.1096
   402        0.00021323     0.000000E+000     0.941154E-006        0.1098
   403        0.00021374     0.000000E+000     0.942127E-006        0.1100
   404        0.00021425     0.000000E+000     0.943113E-006        0.1102
   405        0.00021476     0.000000E+000     0.944113E-006        0.1104
   406        0.00021528     0.000000E+000     0.945126E-006        0.1107
   407        0.00021528     0.000000E+000     0.941594E-006        0.1109
   408        0.00021580     0.000000E+000     0.942627E-006        0.1111
   409        0.00021633     0.000000E+000     0.943673E-006        0.1113
   410        0.00021686     0.000000E+000     0.944733E-006        0.1115
   411        0.00021686     0.000000E+000     0.941173E-006        0.1117
   412        0.00021740     0.000000E+000     0.942253E-006        0.1120
   413        0.00021793     0.000000E+000     0.943347E-006        0.1122
   414        0.00021848     0.000000E+000     0.944456E-006        0.1124
   415        0.00021848     0.000000E+000     0.940864E-006        0.1126
   416        0.00021903     0.000000E+000     0.941994E-006        0.1128
   417        0.00021958     0.000000E+000     0.943137E-006        0.1130
   418        0.00022014     0.000000E+000     0.944296E-006        0.1133
   419        0.00022014     0.000000E+000     0.940671E-006        0.1135
   420        0.00022070     0.000000E+000     0.941851E-006        0.1137
   421        0.00022127     0.000000E+000     0.943046E-006        0.1139
   422        0.00022184     0.000000E+000     0.944256E-006        0.1141
   423        0.00022184     0.000000E+000     0.940597E-006        0.1144
   424        0.00022242     0.000000E+000     0.941828E-006        0.1146
   425        0.00022300     0.000000E+000     0.943076E-006        0.1148
   426        0.00022359     0.000000E+000     0.944339E-006        0.1150
   427        0.00022359     0.000000E+000     0.940643E-006        0.1153
   428        0.00022418     0.000000E+000     0.941929E-006        0.1155
   429        0.00022478     0.000000E+000     0.943231E-006        0.1157
   430        0.00022538     0.000000E+000     0.944550E-006        0.1159
   431        0.00022538     0.000000E+000     0.940815E-006        0.1162
   432        0.00022599     0.000000E+000     0.942156E-006        0.1164
   433        0.00022660     0.000000E+000     0.943515E-006        0.1166
   434        0.00022660     0.000000E+000     0.939763E-006        0.1168
   435        0.00022722     0.000000E+000     0.941139E-006        0.1171
   436        0.00022785     0.000000E+000     0.942539E-006        0.1173
   437        0.00022848     0.000000E+000     0.943949E-006        0.1175
   438        0.00022848     0.000000E+000     0.940158E-006        0.1177
   439        0.00022912     0.000000E+000     0.941601E-006        0.1180
   440        0.00022976     0.000000E+000     0.943062E-006        0.1182
   441        0.00023041     0.000000E+000     0.944541E-006        0.1184
   442        0.00023041     0.000000E+000     0.940696E-006        0.1187
   443        0.00023107     0.000000E+000     0.942201E-006        0.1189
   444        0.00023173     0.000000E+000     0.943725E-006        0.1191
   445        0.00023173     0.000000E+000     0.939853E-006        0.1194
   446        0.00023240     0.000000E+000     0.941404E-006        0.1196
   447        0.00023308     0.000000E+000     0.942974E-006        0.1198
   448        0.00023308     0.000000E+000     0.939075E-006        0.1201
   449        0.00023376     0.000000E+000     0.940672E-006        0.1203
   450        0.00023445     0.000000E+000     0.942290E-006        0.1205
   451        0.00023514     0.000000E+000     0.943930E-006        0.1208
   452        0.00023514     0.000000E+000     0.939980E-006        0.1210
   453        0.00023585     0.000000E+000     0.941647E-006        0.1212
   454        0.00023656     0.000000E+000     0.943337E-006        0.1215
   455        0.00023656     0.000000E+000     0.939356E-006        0.1217
   456        0.00023728     0.000000E+000     0.941075E-006        0.1219
   457        0.00023800     0.000000E+000     0.942816E-006        0.1222
   458        0.00023800     0.000000E+000     0.938804E-006        0.1224
   459        0.00023874     0.000000E+000     0.940575E-006        0.1226
   460        0.00023948     0.000000E+000     0.942370E-006        0.1229
   461        0.00024023     0.000000E+000     0.944189E-006        0.1231
   462        0.00024023     0.000000E+000     0.940120E-006        0.1234
   463        0.00024099     0.000000E+000     0.941971E-006        0.1236
   464        0.00024175     0.000000E+000     0.943846E-006        0.1238
   465        0.00024175     0.000000E+000     0.939743E-006        0.1241
   466        0.00024253     0.000000E+000     0.941652E-006        0.1243
   467        0.00024331     0.000000E+000     0.943586E-006        0.1246
   468        0.00024331     0.000000E+000     0.939447E-006        0.1248
   469        0.00024410     0.000000E+000     0.941415E-006        0.1251
   470        0.00024490     0.000000E+000     0.943411E-006        0.1253
   471        0.00024490     0.000000E+000     0.939235E-006        0.1256
   472        0.00024571     0.000000E+000     0.941266E-006        0.1258
   473        0.00024653     0.000000E+000     0.943325E-006        0.1260
   474        0.00024653     0.000000E+000     0.939111E-006        0.1263
   475        0.00024736     0.000000E+000     0.941207E-006        0.1265
   476        0.00024820     0.000000E+000     0.943332E-006        0.1268
   477        0.00024820     0.000000E+000     0.939078E-006        0.1270
   478        0.00024905     0.000000E+000     0.941242E-006        0.1273
   479        0.00024991     0.000000E+000     0.943437E-006        0.1275
   480        0.00024991     0.000000E+000     0.939142E-006        0.1278
   481        0.00025078     0.000000E+000     0.941376E-006        0.1280
   482        0.00025166     0.000000E+000     0.943643E-006        0.1283
   483        0.00025166     0.000000E+000     0.939305E-006        0.1285
   484        0.00025255     0.000000E+000     0.941614E-006        0.1288
   485        0.00025255     0.000000E+000     0.937262E-006        0.1290
   486        0.00025346     0.000000E+000     0.939614E-006        0.1293
   487        0.00025437     0.000000E+000     0.942000E-006        0.1295
   488        0.00025437     0.000000E+000     0.937602E-006        0.1298
   489        0.00025530     0.000000E+000     0.940033E-006        0.1300
   490        0.00025624     0.000000E+000     0.942501E-006        0.1303
   491        0.00025624     0.000000E+000     0.938057E-006        0.1306
   492        0.00025719     0.000000E+000     0.940571E-006        0.1308
   493        0.00025815     0.000000E+000     0.943123E-006        0.1311
   494        0.00025815     0.000000E+000     0.938630E-006        0.1313
   495        0.00025913     0.000000E+000     0.941232E-006        0.1316
   496        0.00025913     0.000000E+000     0.936722E-006        0.1318
   497        0.00026013     0.000000E+000     0.939374E-006        0.1321
   498        0.00026113     0.000000E+000     0.942067E-006        0.1324
   499        0.00026113     0.000000E+000     0.937506E-006        0.1326
   500        0.00026215     0.000000E+000     0.940252E-006        0.1329
   501        0.00026318     0.000000E+000     0.943042E-006        0.1332
   502        0.00026318     0.000000E+000     0.938427E-006        0.1334
   503        0.00026423     0.000000E+000     0.941272E-006        0.1337
   504        0.00026423     0.000000E+000     0.936639E-006        0.1339
   505        0.00026530     0.000000E+000     0.939542E-006        0.1342
   506        0.00026637     0.000000E+000     0.942491E-006        0.1345
   507        0.00026637     0.000000E+000     0.937801E-006        0.1347
   508        0.00026747     0.000000E+000     0.940811E-006        0.1350
   509        0.00026747     0.000000E+000     0.936101E-006        0.1353
   510        0.00026858     0.000000E+000     0.939173E-006        0.1355
   511        0.00026971     0.000000E+000     0.942296E-006        0.1358
   512        0.00026971     0.000000E+000     0.937525E-006        0.1361
   513        0.00027086     0.000000E+000     0.940714E-006        0.1363
   514        0.00027086     0.000000E+000     0.935922E-006        0.1366
   515        0.00027203     0.000000E+000     0.939178E-006        0.1369
   516        0.00027321     0.000000E+000     0.942491E-006        0.1372
   517        0.00027321     0.000000E+000     0.937634E-006        0.1374
   518        0.00027441     0.000000E+000     0.941018E-006        0.1377
   519        0.00027441     0.000000E+000     0.936138E-006        0.1380
   520        0.00027564     0.000000E+000     0.939595E-006        0.1383
   521        0.00027564     0.000000E+000     0.934692E-006        0.1385
   522        0.00027689     0.000000E+000     0.938225E-006        0.1388
   523        0.00027815     0.000000E+000     0.941823E-006        0.1391
   524        0.00027815     0.000000E+000     0.936848E-006        0.1394
   525        0.00027944     0.000000E+000     0.940527E-006        0.1396
   526        0.00027944     0.000000E+000     0.935526E-006        0.1399
   527        0.00028075     0.000000E+000     0.939288E-006        0.1402
   528        0.00028075     0.000000E+000     0.934262E-006        0.1405
   529        0.00028209     0.000000E+000     0.938110E-006        0.1408
   530        0.00028344     0.000000E+000     0.942031E-006        0.1410
   531        0.00028344     0.000000E+000     0.936926E-006        0.1413
   532        0.00028483     0.000000E+000     0.940939E-006        0.1416
   533        0.00028483     0.000000E+000     0.935806E-006        0.1419
   534        0.00028624     0.000000E+000     0.939914E-006        0.1422
   535        0.00028624     0.000000E+000     0.934752E-006        0.1425
   536        0.00028768     0.000000E+000     0.938959E-006        0.1428
   537        0.00028768     0.000000E+000     0.933766E-006        0.1430
   538        0.00028914     0.000000E+000     0.938076E-006        0.1433
   539        0.00028914     0.000000E+000     0.932851E-006        0.1436
   540        0.00029064     0.000000E+000     0.937267E-006        0.1439
   541        0.00029216     0.000000E+000     0.941774E-006        0.1442
   542        0.00029216     0.000000E+000     0.936458E-006        0.1445
   543        0.00029372     0.000000E+000     0.941079E-006        0.1448
   544        0.00029372     0.000000E+000     0.935729E-006        0.1451
   545        0.00029530     0.000000E+000     0.940468E-006        0.1454
   546        0.00029530     0.000000E+000     0.935083E-006        0.1457
   547        0.00029693     0.000000E+000     0.939946E-006        0.1460
   548        0.00029693     0.000000E+000     0.934523E-006        0.1463
   549        0.00029859     0.000000E+000     0.939515E-006        0.1466
   550        0.00029859     0.000000E+000     0.934054E-006        0.1469
   551        0.00030028     0.000000E+000     0.939180E-006        0.1472
   552        0.00030028     0.000000E+000     0.933680E-006        0.1475
   553        0.00030202     0.000000E+000     0.938945E-006        0.1478
   554        0.00030202     0.000000E+000     0.933405E-006        0.1481
   555        0.00030379     0.000000E+000     0.938816E-006        0.1484
   556        0.00030379     0.000000E+000     0.933233E-006        0.1487
   557        0.00030561     0.000000E+000     0.938796E-006        0.1490
   558        0.00030561     0.000000E+000     0.933170E-006        0.1493
   559        0.00030748     0.000000E+000     0.938893E-006        0.1496
   560        0.00030748     0.000000E+000     0.933221E-006        0.1499
   561        0.00030939     0.000000E+000     0.939110E-006        0.1502
   562        0.00030939     0.000000E+000     0.933392E-006        0.1505
   563        0.00031135     0.000000E+000     0.939455E-006        0.1508
   564        0.00031135     0.000000E+000     0.933688E-006        0.1511
   565        0.00031335     0.000000E+000     0.939935E-006        0.1514
   566        0.00031335     0.000000E+000     0.934116E-006        0.1517
   567        0.00031335     0.000000E+000     0.928329E-006        0.1521
   568        0.00031543     0.000000E+000     0.934803E-006        0.1524
   569        0.00031543     0.000000E+000     0.928962E-006        0.1527
   570        0.00031756     0.000000E+000     0.935640E-006        0.1530
   571        0.00031756     0.000000E+000     0.929744E-006        0.1533
   572        0.00031975     0.000000E+000     0.936636E-006        0.1536
   573        0.00031975     0.000000E+000     0.930683E-006        0.1540
   574        0.00032200     0.000000E+000     0.937800E-006        0.1543
   575        0.00032200     0.000000E+000     0.931787E-006        0.1546
   576        0.00032432     0.000000E+000     0.939142E-006        0.1549
   577        0.00032432     0.000000E+000     0.933066E-006        0.1552
   578        0.00032432     0.000000E+000     0.927024E-006        0.1556
   579        0.00032672     0.000000E+000     0.934677E-006        0.1559
   580        0.00032672     0.000000E+000     0.928569E-006        0.1562
   581        0.00032920     0.000000E+000     0.936490E-006        0.1565
   582        0.00032920     0.000000E+000     0.930313E-006        0.1569
   583        0.00033175     0.000000E+000     0.938518E-006        0.1572
   584        0.00033175     0.000000E+000     0.932269E-006        0.1575
   585        0.00033175     0.000000E+000     0.926057E-006        0.1579
   586        0.00033440     0.000000E+000     0.934618E-006        0.1582
   587        0.00033440     0.000000E+000     0.928329E-006        0.1585
   588        0.00033714     0.000000E+000     0.937215E-006        0.1589
   589        0.00033714     0.000000E+000     0.930846E-006        0.1592
   590        0.00033714     0.000000E+000     0.924515E-006        0.1595
   591        0.00034000     0.000000E+000     0.933809E-006        0.1599
   592        0.00034000     0.000000E+000     0.927394E-006        0.1602
   593        0.00034296     0.000000E+000     0.937060E-006        0.1606
   594        0.00034296     0.000000E+000     0.930556E-006        0.1609
   595        0.00034296     0.000000E+000     0.924091E-006        0.1612
   596        0.00034605     0.000000E+000     0.934229E-006        0.1616
   597        0.00034605     0.000000E+000     0.927669E-006        0.1619
   598        0.00034925     0.000000E+000     0.938239E-006        0.1623
   599        0.00034925     0.000000E+000     0.931580E-006        0.1626
   600        0.00034925     0.000000E+000     0.924962E-006        0.1630
   601        0.00035261     0.000000E+000     0.936081E-006        0.1633
   602        0.00035261     0.000000E+000     0.929357E-006        0.1637
   603        0.00035261     0.000000E+000     0.922675E-006        0.1640
   604        0.00035614     0.000000E+000     0.934396E-006        0.1644
   605        0.00035614     0.000000E+000     0.927600E-006        0.1647
   606        0.00035614     0.000000E+000     0.920848E-006        0.1651
   607        0.00035984     0.000000E+000     0.933228E-006        0.1655
   608        0.00035984     0.000000E+000     0.926353E-006        0.1658
   609        0.00035984     0.000000E+000     0.919524E-006        0.1662
   610        0.00036376     0.000000E+000     0.932631E-006        0.1665
   611        0.00036376     0.000000E+000     0.925670E-006        0.1669
   612        0.00036376     0.000000E+000     0.918756E-006        0.1673
   613        0.00036789     0.000000E+000     0.932668E-006        0.1676
   614        0.00036789     0.000000E+000     0.925611E-006        0.1680
   615        0.00036789     0.000000E+000     0.918602E-006        0.1684
   616        0.00037227     0.000000E+000     0.933410E-006        0.1687
   617        0.00037227     0.000000E+000     0.926248E-006        0.1691
   618        0.00037227     0.000000E+000     0.919134E-006        0.1695
   619        0.00037692     0.000000E+000     0.934944E-006        0.1698
   620        0.00037692     0.000000E+000     0.927664E-006        0.1702
   621        0.00037692     0.000000E+000     0.920435E-006        0.1706
   622        0.00037692     0.000000E+000     0.913256E-006        0.1710
   623        0.00038195     0.000000E+000     0.930377E-006        0.1714
   624        0.00038195     0.000000E+000     0.923014E-006        0.1717
   625        0.00038195     0.000000E+000     0.915703E-006        0.1721
   626        0.00038733     0.000000E+000     0.934133E-006        0.1725
   627        0.00038733     0.000000E+000     0.926620E-006        0.1729
   628        0.00038733     0.000000E+000     0.919162E-006        0.1733
   629        0.00038733     0.000000E+000     0.911758E-006        0.1737
   630        0.00039320     0.000000E+000     0.931932E-006        0.1740
   631        0.00039320     0.000000E+000     0.924301E-006        0.1744
   632        0.00039320     0.000000E+000     0.916727E-006        0.1748
   633        0.00039320     0.000000E+000     0.909210E-006        0.1752
   634        0.00039964     0.000000E+000     0.931457E-006        0.1756
   635        0.00039964     0.000000E+000     0.923683E-006        0.1760
   636        0.00039964     0.000000E+000     0.915969E-006        0.1764
   637        0.00039964     0.000000E+000     0.908313E-006        0.1768
   638        0.00039964     0.000000E+000     0.900716E-006        0.1772
   639        0.00040691     0.000000E+000     0.925839E-006        0.1776
   640        0.00040691     0.000000E+000     0.917945E-006        0.1780
   641        0.00040691     0.000000E+000     0.910112E-006        0.1784
   642        0.00040691     0.000000E+000     0.902340E-006        0.1788
   643        0.00041505     0.000000E+000     0.930645E-006        0.1792
   644        0.00041505     0.000000E+000     0.922529E-006        0.1797
   645        0.00041505     0.000000E+000     0.914478E-006        0.1801
   646        0.00041505     0.000000E+000     0.906492E-006        0.1805
   647        0.00041505     0.000000E+000     0.898569E-006        0.1809
   648        0.00041505     0.000000E+000     0.890711E-006        0.1813
   649        0.00042470     0.000000E+000     0.924309E-006        0.1817
   650        0.00042470     0.000000E+000     0.916027E-006        0.1822
   651        0.00042470     0.000000E+000     0.907814E-006        0.1826
   652        0.00042470     0.000000E+000     0.899669E-006        0.1830
   653        0.00042470     0.000000E+000     0.891592E-006        0.1834
   654        0.00042470     0.000000E+000     0.883581E-006        0.1839
   655        0.00043650     0.000000E+000     0.924774E-006        0.1843
   656        0.00043650     0.000000E+000     0.916225E-006        0.1847
   657        0.00043650     0.000000E+000     0.907749E-006        0.1852
   658        0.00043650     0.000000E+000     0.899345E-006        0.1856
   659        0.00043650     0.000000E+000     0.891014E-006        0.1860
   660        0.00043650     0.000000E+000     0.882755E-006        0.1865
   661        0.00043650     0.000000E+000     0.874567E-006        0.1869
   662        0.00043650     0.000000E+000     0.866449E-006        0.1873
   663        0.00043650     0.000000E+000     0.858401E-006        0.1878
   664        0.00045328     0.000000E+000     0.916832E-006        0.1882
   665        0.00045328     0.000000E+000     0.907980E-006        0.1887
   666        0.00045328     0.000000E+000     0.899206E-006        0.1891
   667        0.00045328     0.000000E+000     0.890512E-006        0.1896
   668        0.00045328     0.000000E+000     0.881896E-006        0.1900
   669        0.00045328     0.000000E+000     0.873358E-006        0.1905
   670        0.00045328     0.000000E+000     0.864897E-006        0.1909
   671        0.00045328     0.000000E+000     0.856512E-006        0.1914
   672        0.00045328     0.000000E+000     0.848203E-006        0.1918
   673        0.00045328     0.000000E+000     0.839970E-006        0.1923
   674        0.00045328     0.000000E+000     0.831811E-006        0.1927
   675        0.00045328     0.000000E+000     0.823726E-006        0.1932
   676        0.00045328     0.000000E+000     0.815714E-006        0.1937
   677        0.00045328     0.000000E+000     0.807775E-006        0.1941
   678        0.00045328     0.000000E+000     0.799909E-006        0.1946
   679        0.00045328     0.000000E+000     0.792114E-006        0.1950
   680        0.00045328     0.000000E+000     0.784390E-006        0.1955
   681        0.00045328     0.000000E+000     0.776736E-006        0.1959
   682        0.00045328     0.000000E+000     0.769152E-006        0.1964
   683        0.00045328     0.000000E+000     0.761638E-006        0.1968
   684        0.00045328     0.000000E+000     0.754192E-006        0.1973
   685        0.00045328     0.000000E+000     0.746814E-006        0.1977
   686        0.00045328     0.000000E+000     0.739504E-006        0.1982
   687        0.00045328     0.000000E+000     0.732261E-006        0.1986
   688        0.00045328     0.000000E+000     0.725084E-006        0.1991
   689        0.00045328     0.000000E+000     0.717973E-006        0.1995
   690        0.00050251     0.000000E+000     0.872962E-006        0.2000
   691        0.00051822     0.000000E+000     0.918017E-006        0.2005
   692        0.00052370     0.000000E+000     0.926935E-006        0.2010
   693        0.00052650     0.000000E+000     0.926195E-006        0.2015
   694        0.00052935     0.000000E+000     0.925496E-006        0.2021
   695        0.00053224     0.000000E+000     0.924841E-006        0.2026
   696        0.00053518     0.000000E+000     0.924230E-006        0.2031
   697        0.00053817     0.000000E+000     0.923664E-006        0.2037
   698        0.00054121     0.000000E+000     0.923146E-006        0.2042
   699        0.00054430     0.000000E+000     0.922675E-006        0.2047
   700        0.00054745     0.000000E+000     0.922254E-006        0.2053
   701        0.00055065     0.000000E+000     0.921884E-006        0.2058
   702        0.00055391     0.000000E+000     0.921567E-006        0.2064
   703        0.00055723     0.000000E+000     0.921304E-006        0.2069
   704        0.00056060     0.000000E+000     0.921097E-006        0.2075
   705        0.00056404     0.000000E+000     0.920948E-006        0.2081
   706        0.00056755     0.000000E+000     0.920859E-006        0.2086
   707        0.00057111     0.000000E+000     0.920831E-006        0.2092
   708        0.00057475     0.000000E+000     0.920866E-006        0.2098
   709        0.00057846     0.000000E+000     0.920968E-006        0.2103
   710        0.00058224     0.000000E+000     0.921138E-006        0.2109
   711        0.00058610     0.000000E+000     0.921378E-006        0.2115
   712        0.00059003     0.000000E+000     0.921690E-006        0.2121
   713        0.00059404     0.000000E+000     0.922079E-006        0.2127
   714        0.00059814     0.000000E+000     0.922546E-006        0.2133
   715        0.00060232     0.000000E+000     0.923094E-006        0.2139
   716        0.00060660     0.000000E+000     0.923727E-006        0.2145
   717        0.00061096     0.000000E+000     0.924447E-006        0.2151
   718        0.00061542     0.000000E+000     0.925258E-006        0.2157
   719        0.00061998     0.000000E+000     0.926164E-006        0.2163
   720        0.00062464     0.000000E+000     0.927169E-006        0.2169
   721        0.00062941     0.000000E+000     0.928276E-006        0.2175
   722        0.00063429     0.000000E+000     0.929491E-006        0.2182
   723        0.00063928     0.000000E+000     0.930817E-006        0.2188
   724        0.00063928     0.000000E+000     0.917608E-006        0.2195
   725        0.00064444     0.000000E+000     0.919134E-006        0.2201
   726        0.00064972     0.000000E+000     0.920784E-006        0.2207
   727        0.00065513     0.000000E+000     0.922564E-006        0.2214
   728        0.00066069     0.000000E+000     0.924478E-006        0.2220
   729        0.00066638     0.000000E+000     0.926534E-006        0.2227
   730        0.00067223     0.000000E+000     0.928738E-006        0.2234
   731        0.00067223     0.000000E+000     0.914795E-006        0.2240
   732        0.00067828     0.000000E+000     0.917251E-006        0.2247
   733        0.00068451     0.000000E+000     0.919874E-006        0.2254
   734        0.00069090     0.000000E+000     0.922672E-006        0.2261
   735        0.00069748     0.000000E+000     0.925654E-006        0.2268
   736        0.00070425     0.000000E+000     0.928830E-006        0.2275
   737        0.00070425     0.000000E+000     0.914143E-006        0.2282
   738        0.00071130     0.000000E+000     0.917636E-006        0.2289
   739        0.00071855     0.000000E+000     0.921349E-006        0.2296
   740        0.00072604     0.000000E+000     0.925296E-006        0.2303
   741        0.00072604     0.000000E+000     0.910159E-006        0.2310
   742        0.00073385     0.000000E+000     0.914476E-006        0.2318
   743        0.00074191     0.000000E+000     0.919061E-006        0.2325
   744        0.00075025     0.000000E+000     0.923931E-006        0.2332
   745        0.00075025     0.000000E+000     0.908258E-006        0.2340
   746        0.00075897     0.000000E+000     0.913569E-006        0.2347
   747        0.00076801     0.000000E+000     0.919209E-006        0.2355
   748        0.00077737     0.000000E+000     0.925204E-006        0.2363
   749        0.00077737     0.000000E+000     0.908888E-006        0.2370
   750        0.00078721     0.000000E+000     0.915417E-006        0.2378
   751        0.00079744     0.000000E+000     0.922362E-006        0.2386
   752        0.00079744     0.000000E+000     0.905634E-006        0.2394
   753        0.00080821     0.000000E+000     0.913198E-006        0.2402
   754        0.00081944     0.000000E+000     0.921257E-006        0.2410
   755        0.00081944     0.000000E+000     0.904047E-006        0.2418
   756        0.00083131     0.000000E+000     0.912832E-006        0.2426
   757        0.00084372     0.000000E+000     0.922212E-006        0.2435
   758        0.00084372     0.000000E+000     0.904433E-006        0.2443
   759        0.00085690     0.000000E+000     0.914679E-006        0.2452
   760        0.00085690     0.000000E+000     0.896741E-006        0.2460
   761        0.00087095     0.000000E+000     0.907949E-006        0.2469
   762        0.00088571     0.000000E+000     0.919974E-006        0.2477
   763        0.00088571     0.000000E+000     0.901286E-006        0.2486
   764        0.00090153     0.000000E+000     0.914490E-006        0.2495
   765        0.00090153     0.000000E+000     0.895554E-006        0.2504
   766        0.00091854     0.000000E+000     0.910090E-006        0.2513
   767        0.00091854     0.000000E+000     0.890861E-006        0.2522
   768        0.00093691     0.000000E+000     0.906917E-006        0.2532
   769        0.00093691     0.000000E+000     0.887345E-006        0.2541
   770        0.00095684     0.000000E+000     0.905150E-006        0.2550
   771        0.00095684     0.000000E+000     0.885173E-006        0.2560
   772        0.00097859     0.000000E+000     0.905012E-006        0.2569
   773        0.00097859     0.000000E+000     0.884556E-006        0.2579
   774        0.00100246     0.000000E+000     0.906788E-006        0.2589
   775        0.00100246     0.000000E+000     0.885763E-006        0.2599
   776        0.00102884     0.000000E+000     0.910848E-006        0.2609
   777        0.00102884     0.000000E+000     0.889144E-006        0.2619
   778        0.00102884     0.000000E+000     0.867938E-006        0.2630
   779        0.00105910     0.000000E+000     0.897224E-006        0.2640
   780        0.00105910     0.000000E+000     0.875166E-006        0.2650
   781        0.00109326     0.000000E+000     0.908942E-006        0.2661
   782        0.00109326     0.000000E+000     0.885845E-006        0.2672
   783        0.00109326     0.000000E+000     0.863314E-006        0.2683
   784        0.00113376     0.000000E+000     0.904034E-006        0.2694
   785        0.00113376     0.000000E+000     0.880157E-006        0.2705
   786        0.00113376     0.000000E+000     0.856886E-006        0.2717
   787        0.00113376     0.000000E+000     0.834207E-006        0.2728
   788        0.00118529     0.000000E+000     0.886632E-006        0.2739
   789        0.00118529     0.000000E+000     0.862068E-006        0.2751
   790        0.00118529     0.000000E+000     0.838158E-006        0.2763
   791        0.00118529     0.000000E+000     0.814884E-006        0.2775
   792        0.00125501     0.000000E+000     0.886833E-006        0.2787
   793        0.00125501     0.000000E+000     0.860729E-006        0.2799
   794        0.00125501     0.000000E+000     0.835361E-006        0.2812
   795        0.00125501     0.000000E+000     0.810710E-006        0.2824
   796        0.00125501     0.000000E+000     0.786756E-006        0.2837
   797        0.00125501     0.000000E+000     0.763479E-006        0.2849
   798        0.00125501     0.000000E+000     0.740862E-006        0.2862
   799        0.00125501     0.000000E+000     0.718885E-006        0.2874
   800        0.00125501     0.000000E+000     0.697531E-006        0.2887
   801        0.00125501     0.000000E+000     0.676783E-006        0.2900
   802        0.00125501     0.000000E+000     0.656624E-006        0.2912
   803        0.00125501     0.000000E+000     0.637038E-006        0.2925
   804        0.00125501     0.000000E+000     0.618009E-006        0.2937
   805        0.00125501     0.000000E+000     0.599522E-006        0.2950
   806        0.00125501     0.000000E+000     0.581562E-006        0.2962
   807        0.00125501     0.000000E+000     0.564114E-006        0.2975
   808        0.00125501     0.000000E+000     0.547164E-006        0.2987
   809        0.00153846     0.000000E+000     0.792367E-006        0.3000
   810        0.00164103     0.000000E+000     0.866373E-006        0.3015
   811        0.00169861     0.000000E+000     0.890661E-006        0.3032
   812        0.00172949     0.000000E+000     0.885188E-006        0.3049
   813        0.00176212     0.000000E+000     0.880154E-006        0.3066
   814        0.00179667     0.000000E+000     0.875597E-006        0.3084
   815        0.00183334     0.000000E+000     0.871562E-006        0.3102
   816        0.00187235     0.000000E+000     0.868103E-006        0.3120
   817        0.00191395     0.000000E+000     0.865281E-006        0.3139
   818        0.00195846     0.000000E+000     0.863169E-006        0.3158
   819        0.00200623     0.000000E+000     0.861856E-006        0.3177
   820        0.00205767     0.000000E+000     0.861445E-006        0.3198
   821        0.00211329     0.000000E+000     0.862066E-006        0.3218
   822        0.00217367     0.000000E+000     0.863874E-006        0.3239
   823        0.00223954     0.000000E+000     0.867065E-006        0.3261
   824        0.00231178     0.000000E+000     0.871881E-006        0.3283
   825        0.00231178     0.000000E+000     0.822533E-006        0.3306
   826        0.00239434     0.000000E+000     0.830681E-006        0.3330
   827        0.00248643     0.000000E+000     0.841312E-006        0.3354
   828        0.00259003     0.000000E+000     0.855010E-006        0.3378
   829        0.00259003     0.000000E+000     0.800474E-006        0.3404
   830        0.00271337     0.000000E+000     0.820059E-006        0.3430
   831        0.00285618     0.000000E+000     0.845065E-006        0.3457
   832        0.00285618     0.000000E+000     0.785500E-006        0.3486
   833        0.00303469     0.000000E+000     0.820865E-006        0.3514
   834        0.00303469     0.000000E+000     0.759374E-006        0.3545
   835        0.00326813     0.000000E+000     0.810467E-006        0.3575
   836        0.00326813     0.000000E+000     0.745221E-006        0.3608
   837        0.00326813     0.000000E+000     0.685197E-006        0.3641
   838        0.00363125     0.000000E+000     0.771725E-006        0.3673
   839        0.00363125     0.000000E+000     0.703140E-006        0.3709
   840        0.00363125     0.000000E+000     0.640713E-006        0.3746
   841        0.00363125     0.000000E+000     0.583915E-006        0.3782
   842        0.00363125     0.000000E+000     0.532259E-006        0.3818
   843        0.00363125     0.000000E+000     0.485293E-006        0.3855
   844        0.00363125     0.000000E+000     0.442603E-006        0.3891
   845        0.00363125     0.000000E+000     0.403808E-006        0.3927
   846        0.00363125     0.000000E+000     0.368558E-006        0.3964
   847        0.00500000     0.000000E+000     0.620533E-006        0.4000
   848        0.00558824     0.000000E+000     0.676920E-006        0.4050
   849        0.00596078     0.000000E+000     0.666881E-006        0.4106
   850        0.00641931     0.000000E+000     0.663927E-006        0.4165
   851        0.00700288     0.000000E+000     0.671229E-006        0.4230
   852        0.00778098     0.000000E+000     0.694913E-006        0.4300
   853        0.00778098     0.000000E+000     0.584998E-006        0.4378
   854        0.00907781     0.000000E+000     0.660606E-006        0.4455
   855        0.00907781     0.000000E+000     0.555272E-006        0.4546
   856        0.00907781     0.000000E+000     0.477357E-006        0.4637
   857        0.00907781     0.000000E+000     0.421986E-006        0.4728
   858        0.00907781     0.000000E+000     0.384418E-006        0.4818
   859        0.00907781     0.000000E+000     0.359115E-006        0.4909
   860        0.01250000     0.000000E+000     0.610444E-006        0.5000
   861        0.01458333     0.000000E+000     0.738717E-006        0.5125
   862        0.01458333     0.000000E+000     0.633702E-006        0.5271
   863        0.01458333     0.000000E+000     0.506252E-006        0.5417
   864        0.01458333     0.000000E+000     0.381267E-006        0.5562
   865        0.01458333     0.000000E+000     0.275545E-006        0.5708
   866        0.01458333     0.000000E+000     0.193815E-006        0.5854
   867        0.02500000     0.000000E+000     0.338743E-006        0.6000
   868        0.02500000     0.000000E+000     0.176124E-006        0.6250
   869        0.02500000     0.000000E+000     0.900193E-007        0.6500
   870        0.02500000     0.000000E+000     0.456260E-007        0.6750
   871        0.05000000     0.000000E+000     0.655051E-007        0.7000
   872        0.05000000     0.000000E+000     0.168559E-007        0.7500
   873        0.10000000     0.000000E+000     0.939834E-008        0.8000
   874        0.10000000     0.000000E+000     0.667686E-009        0.9000
