#    Start: ------ Host: "jupiterace" ----------Tue Nov  8 14:14:32 2022

#    Time[fs]   CPU-time[s]     Delta-CPU    Real time        RealT[s]     [h]
#       -0.00           5.1                  Nov  8 14:14:36         0     0.00
         0.00          95.8        90.720    Nov  8 14:15:09        33     0.01
         0.00         202.9       107.070    Nov  8 14:15:48        72     0.02
         0.00         301.0        98.070    Nov  8 14:16:25       109     0.03
         0.00         395.0        94.050    Nov  8 14:17:00       144     0.04
         0.00         485.2        90.150    Nov  8 14:17:33       177     0.05
         0.01         571.1        85.950    Nov  8 14:18:05       209     0.06
         0.01         653.9        82.800    Nov  8 14:18:36       240     0.07
         0.01         733.8        79.830    Nov  8 14:19:05       269     0.07
         0.01         808.9        75.140    Nov  8 14:19:33       297     0.08
         0.01         882.0        73.120    Nov  8 14:20:00       324     0.09
         0.01         952.3        70.240    Nov  8 14:20:26       350     0.10
         0.01        1019.0        66.740    Nov  8 14:20:51       375     0.10
         0.01        1082.7        63.650    Nov  8 14:21:15       399     0.11
         0.01        1143.6        60.980    Nov  8 14:21:37       421     0.12
         0.01        1203.3        59.620    Nov  8 14:21:59       443     0.12
         0.02        1260.5        57.220    Nov  8 14:22:21       465     0.13
         0.02        1315.5        55.070    Nov  8 14:22:41       485     0.13
         0.02        1369.1        53.570    Nov  8 14:23:01       505     0.14
         0.02        1421.0        51.830    Nov  8 14:23:20       524     0.15
         0.02        1470.5        49.590    Nov  8 14:23:38       542     0.15
         0.02        1518.6        48.030    Nov  8 14:23:56       560     0.16
         0.02        1564.2        45.640    Nov  8 14:24:13       577     0.16
         0.02        1608.3        44.100    Nov  8 14:24:30       594     0.17
         0.02        1651.1        42.800    Nov  8 14:24:46       610     0.17
         0.02        1692.9        41.790    Nov  8 14:25:01       625     0.17
         0.02        1733.3        40.370    Nov  8 14:25:16       640     0.18
         0.03        1772.6        39.340    Nov  8 14:25:31       655     0.18
         0.03        1810.6        38.030    Nov  8 14:25:45       669     0.19
         0.03        1847.3        36.710    Nov  8 14:25:58       682     0.19
         0.03        1882.5        35.150    Nov  8 14:26:11       695     0.19
         0.03        1916.3        33.820    Nov  8 14:26:24       708     0.20
         0.03        1948.8        32.450    Nov  8 14:26:36       720     0.20
         0.03        1981.1        32.330    Nov  8 14:26:48       732     0.20
         0.03        2012.6        31.460    Nov  8 14:27:00       744     0.21
         0.03        2042.6        30.070    Nov  8 14:27:11       755     0.21
         0.04        2072.6        29.990    Nov  8 14:27:22       766     0.21
         0.04        2101.5        28.850    Nov  8 14:27:32       776     0.22
         0.04        2130.3        28.810    Nov  8 14:27:43       787     0.22
         0.04        2157.9        27.630    Nov  8 14:27:53       797     0.22
         0.04        2184.0        26.120    Nov  8 14:28:03       807     0.22
         0.04        2210.1        26.060    Nov  8 14:28:13       817     0.23
         0.04        2234.9        24.850    Nov  8 14:28:22       826     0.23
         0.04        2259.8        24.910    Nov  8 14:28:31       835     0.23
         0.04        2283.3        23.430    Nov  8 14:28:40       844     0.23
         0.04        2306.8        23.530    Nov  8 14:28:48       852     0.24
         0.05        2329.1        22.300    Nov  8 14:28:57       861     0.24
         0.05        2351.5        22.380    Nov  8 14:29:05       869     0.24
         0.05        2372.4        20.950    Nov  8 14:29:13       877     0.24
         0.05        2393.2        20.750    Nov  8 14:29:21       885     0.25
         0.05        2414.1        20.930    Nov  8 14:29:28       892     0.25
         0.05        2433.8        19.640    Nov  8 14:29:36       900     0.25
         0.05        2453.2        19.450    Nov  8 14:29:43       907     0.25
         0.05        2472.8        19.610    Nov  8 14:29:50       914     0.25
         0.05        2490.8        18.000    Nov  8 14:29:57       921     0.26
         0.05        2509.2        18.360    Nov  8 14:30:03       927     0.26
         0.06        2527.3        18.160    Nov  8 14:30:10       934     0.26
         0.06        2544.4        17.090    Nov  8 14:30:16       940     0.26
         0.06        2561.5        17.030    Nov  8 14:30:23       947     0.26
         0.06        2578.2        16.700    Nov  8 14:30:29       953     0.26
         0.06        2593.9        15.710    Nov  8 14:30:35       959     0.27
         0.06        2609.6        15.760    Nov  8 14:30:41       965     0.27
         0.06        2624.9        15.310    Nov  8 14:30:46       970     0.27
         0.06        2640.1        15.210    Nov  8 14:30:52       976     0.27
         0.06        2654.4        14.230    Nov  8 14:30:57       981     0.27
         0.06        2668.4        14.020    Nov  8 14:31:03       987     0.27
         0.07        2682.6        14.170    Nov  8 14:31:08       992     0.28
         0.07        2696.5        13.890    Nov  8 14:31:13       997     0.28
         0.07        2710.8        14.340    Nov  8 14:31:18      1002     0.28
         0.07        2723.5        12.750    Nov  8 14:31:23      1007     0.28
         0.07        2736.3        12.770    Nov  8 14:31:28      1012     0.28
         0.07        2749.1        12.760    Nov  8 14:31:33      1017     0.28
         0.07        2761.8        12.760    Nov  8 14:31:37      1021     0.28
         0.07        2774.4        12.550    Nov  8 14:31:42      1026     0.28
         0.07        2786.0        11.660    Nov  8 14:31:46      1030     0.29
         0.07        2797.7        11.640    Nov  8 14:31:51      1035     0.29
         0.08        2809.3        11.580    Nov  8 14:31:55      1039     0.29
         0.08        2820.8        11.550    Nov  8 14:31:59      1043     0.29
         0.08        2832.3        11.490    Nov  8 14:32:04      1048     0.29
         0.08        2843.6        11.300    Nov  8 14:32:08      1052     0.29
         0.08        2853.9        10.260    Nov  8 14:32:12      1056     0.29
         0.08        2863.9        10.080    Nov  8 14:32:16      1060     0.29
         0.08        2874.3        10.310    Nov  8 14:32:19      1063     0.30
         0.08        2884.5        10.210    Nov  8 14:32:23      1067     0.30
         0.08        2894.6        10.090    Nov  8 14:32:27      1071     0.30
         0.08        2904.5         9.980    Nov  8 14:32:31      1075     0.30
         0.09        2914.8        10.240    Nov  8 14:32:35      1079     0.30
         0.09        2923.7         8.960    Nov  8 14:32:38      1082     0.30
         0.09        2932.7         8.960    Nov  8 14:32:41      1085     0.30
         0.09        2941.8         9.080    Nov  8 14:32:45      1089     0.30
         0.09        2950.8         8.970    Nov  8 14:32:48      1092     0.30
         0.09        2959.8         9.010    Nov  8 14:32:51      1095     0.30
         0.09        2968.8         9.060    Nov  8 14:32:55      1099     0.31
         0.09        2977.8         9.020    Nov  8 14:32:58      1102     0.31
         0.09        2986.8         8.940    Nov  8 14:33:01      1105     0.31
         0.09        2994.5         7.750    Nov  8 14:33:04      1108     0.31
         0.10        3002.2         7.690    Nov  8 14:33:07      1111     0.31
         0.10        3009.9         7.680    Nov  8 14:33:10      1114     0.31
         0.10        3017.6         7.740    Nov  8 14:33:13      1117     0.31
         0.10        3025.3         7.700    Nov  8 14:33:16      1120     0.31
         0.10        3032.8         7.450    Nov  8 14:33:19      1123     0.31
         0.10        3040.4         7.650    Nov  8 14:33:21      1125     0.31
         0.10        3048.2         7.780    Nov  8 14:33:24      1128     0.31
         0.10        3055.9         7.670    Nov  8 14:33:27      1131     0.31
         0.10        3063.7         7.770    Nov  8 14:33:30      1134     0.32
         0.10        3070.1         6.420    Nov  8 14:33:32      1136     0.32
         0.11        3076.5         6.440    Nov  8 14:33:35      1139     0.32
         0.11        3082.9         6.410    Nov  8 14:33:37      1141     0.32
         0.11        3089.3         6.420    Nov  8 14:33:40      1144     0.32
         0.11        3095.8         6.470    Nov  8 14:33:42      1146     0.32
         0.11        3102.2         6.400    Nov  8 14:33:44      1148     0.32
         0.11        3108.5         6.290    Nov  8 14:33:47      1151     0.32
         0.11        3114.9         6.400    Nov  8 14:33:49      1153     0.32
         0.11        3121.3         6.420    Nov  8 14:33:52      1156     0.32
         0.11        3127.7         6.350    Nov  8 14:33:54      1158     0.32
         0.11        3134.1         6.390    Nov  8 14:33:56      1160     0.32
         0.12        3140.3         6.240    Nov  8 14:33:59      1163     0.32
         0.12        3146.8         6.470    Nov  8 14:34:01      1165     0.32
         0.12        3153.2         6.420    Nov  8 14:34:04      1168     0.32
         0.12        3158.3         5.060    Nov  8 14:34:05      1169     0.32
         0.12        3163.1         4.850    Nov  8 14:34:07      1171     0.33
         0.12        3168.2         5.140    Nov  8 14:34:09      1173     0.33
         0.12        3173.4         5.140    Nov  8 14:34:11      1175     0.33
         0.12        3178.5         5.110    Nov  8 14:34:13      1177     0.33
         0.12        3183.6         5.130    Nov  8 14:34:15      1179     0.33
         0.12        3188.6         4.970    Nov  8 14:34:17      1181     0.33
         0.13        3193.7         5.100    Nov  8 14:34:19      1183     0.33
         0.13        3198.8         5.110    Nov  8 14:34:21      1185     0.33
         0.13        3204.0         5.160    Nov  8 14:34:23      1187     0.33
         0.13        3209.1         5.160    Nov  8 14:34:24      1188     0.33
         0.13        3214.3         5.190    Nov  8 14:34:26      1190     0.33
         0.13        3219.0         4.650    Nov  8 14:34:28      1192     0.33
         0.13        3224.0         5.030    Nov  8 14:34:30      1194     0.33
         0.13        3229.1         5.110    Nov  8 14:34:32      1196     0.33
         0.13        3234.1         5.000    Nov  8 14:34:34      1198     0.33
         0.13        3239.3         5.170    Nov  8 14:34:36      1200     0.33
         0.14        3244.3         5.060    Nov  8 14:34:38      1202     0.33
         0.14        3248.1         3.770    Nov  8 14:34:39      1203     0.33
         0.14        3252.0         3.890    Nov  8 14:34:41      1205     0.33
         0.14        3255.8         3.850    Nov  8 14:34:42      1206     0.34
         0.14        3259.7         3.840    Nov  8 14:34:43      1207     0.34
         0.14        3263.5         3.810    Nov  8 14:34:45      1209     0.34
         0.14        3267.3         3.830    Nov  8 14:34:46      1210     0.34
         0.14        3271.1         3.810    Nov  8 14:34:48      1212     0.34
         0.14        3274.9         3.790    Nov  8 14:34:49      1213     0.34
         0.14        3278.7         3.790    Nov  8 14:34:51      1215     0.34
         0.15        3282.6         3.830    Nov  8 14:34:52      1216     0.34
         0.15        3286.4         3.850    Nov  8 14:34:53      1217     0.34
         0.15        3290.3         3.890    Nov  8 14:34:55      1219     0.34
         0.15        3294.2         3.900    Nov  8 14:34:56      1220     0.34
         0.15        3297.9         3.730    Nov  8 14:34:58      1222     0.34
         0.15        3301.7         3.780    Nov  8 14:34:59      1223     0.34
         0.15        3305.5         3.770    Nov  8 14:35:01      1225     0.34
         0.15        3309.3         3.880    Nov  8 14:35:02      1226     0.34
         0.15        3313.2         3.880    Nov  8 14:35:04      1228     0.34
         0.15        3317.1         3.880    Nov  8 14:35:05      1229     0.34
         0.16        3321.0         3.870    Nov  8 14:35:06      1230     0.34
         0.16        3324.8         3.810    Nov  8 14:35:08      1232     0.34
         0.16        3328.5         3.690    Nov  8 14:35:09      1233     0.34
         0.16        3332.3         3.830    Nov  8 14:35:11      1235     0.34
         0.16        3336.2         3.880    Nov  8 14:35:12      1236     0.34
         0.16        3340.0         3.860    Nov  8 14:35:14      1238     0.34
         0.16        3343.9         3.840    Nov  8 14:35:15      1239     0.34
         0.16        3347.7         3.830    Nov  8 14:35:16      1240     0.34
         0.16        3351.6         3.900    Nov  8 14:35:18      1242     0.34
         0.16        3355.4         3.800    Nov  8 14:35:19      1243     0.35
         0.17        3359.2         3.810    Nov  8 14:35:21      1245     0.35
         0.17        3363.0         3.810    Nov  8 14:35:22      1246     0.35
         0.17        3365.6         2.540    Nov  8 14:35:23      1247     0.35
         0.17        3368.1         2.540    Nov  8 14:35:24      1248     0.35
         0.17        3370.7         2.580    Nov  8 14:35:25      1249     0.35
         0.17        3373.3         2.580    Nov  8 14:35:26      1250     0.35
         0.17        3375.8         2.550    Nov  8 14:35:27      1251     0.35
         0.17        3378.3         2.460    Nov  8 14:35:28      1252     0.35
         0.17        3380.9         2.570    Nov  8 14:35:29      1253     0.35
         0.17        3383.4         2.580    Nov  8 14:35:30      1254     0.35
         0.18        3386.0         2.590    Nov  8 14:35:31      1255     0.35
         0.18        3388.6         2.550    Nov  8 14:35:32      1256     0.35
         0.18        3391.1         2.540    Nov  8 14:35:33      1257     0.35
         0.18        3393.6         2.490    Nov  8 14:35:34      1258     0.35
         0.18        3396.2         2.540    Nov  8 14:35:35      1259     0.35
         0.18        3398.7         2.510    Nov  8 14:35:36      1260     0.35
         0.18        3401.2         2.560    Nov  8 14:35:37      1261     0.35
         0.18        3403.7         2.500    Nov  8 14:35:37      1261     0.35
         0.18        3406.3         2.620    Nov  8 14:35:38      1262     0.35
         0.18        3408.9         2.540    Nov  8 14:35:39      1263     0.35
         0.19        3411.4         2.530    Nov  8 14:35:40      1264     0.35
         0.19        3414.0         2.600    Nov  8 14:35:41      1265     0.35
         0.19        3416.6         2.580    Nov  8 14:35:42      1266     0.35
         0.19        3419.2         2.610    Nov  8 14:35:43      1267     0.35
         0.19        3421.8         2.600    Nov  8 14:35:44      1268     0.35
         0.19        3424.3         2.530    Nov  8 14:35:45      1269     0.35
         0.19        3426.9         2.580    Nov  8 14:35:46      1270     0.35
         0.19        3429.4         2.530    Nov  8 14:35:47      1271     0.35
         0.19        3432.0         2.580    Nov  8 14:35:48      1272     0.35
         0.19        3434.6         2.560    Nov  8 14:35:49      1273     0.35
         0.20        3437.0         2.430    Nov  8 14:35:50      1274     0.35
         0.20        3439.6         2.560    Nov  8 14:35:51      1275     0.35
         0.20        3442.1         2.530    Nov  8 14:35:52      1276     0.35
         0.20        3444.7         2.610    Nov  8 14:35:53      1277     0.35
         0.20        3447.3         2.570    Nov  8 14:35:54      1278     0.35
         0.20        3449.9         2.580    Nov  8 14:35:55      1279     0.36
         0.20        3452.4         2.590    Nov  8 14:35:56      1280     0.36
         0.20        3455.1         2.620    Nov  8 14:35:57      1281     0.36
         0.20        3457.7         2.580    Nov  8 14:35:58      1282     0.36
         0.20        3460.2         2.580    Nov  8 14:35:59      1283     0.36
         0.21        3462.8         2.580    Nov  8 14:36:00      1284     0.36
         0.21        3465.4         2.550    Nov  8 14:36:00      1284     0.36
         0.21        3468.0         2.590    Nov  8 14:36:01      1285     0.36
         0.21        3470.4         2.490    Nov  8 14:36:02      1286     0.36
         0.21        3473.0         2.590    Nov  8 14:36:03      1287     0.36
         0.21        3475.6         2.580    Nov  8 14:36:04      1288     0.36
         0.21        3478.3         2.650    Nov  8 14:36:05      1289     0.36
         0.21        3480.8         2.560    Nov  8 14:36:06      1290     0.36
         0.21        3483.4         2.550    Nov  8 14:36:07      1291     0.36
         0.21        3485.9         2.580    Nov  8 14:36:08      1292     0.36
         0.22        3488.6         2.610    Nov  8 14:36:09      1293     0.36
         0.22        3491.1         2.570    Nov  8 14:36:10      1294     0.36
         0.22        3493.7         2.610    Nov  8 14:36:11      1295     0.36
         0.22        3496.3         2.580    Nov  8 14:36:12      1296     0.36
         0.22        3498.9         2.620    Nov  8 14:36:13      1297     0.36
         0.22        3501.5         2.570    Nov  8 14:36:14      1298     0.36
         0.22        3504.1         2.540    Nov  8 14:36:15      1299     0.36
         0.22        3506.6         2.570    Nov  8 14:36:16      1300     0.36
         0.22        3509.2         2.600    Nov  8 14:36:17      1301     0.36
         0.22        3511.8         2.600    Nov  8 14:36:18      1302     0.36
         0.23        3514.4         2.540    Nov  8 14:36:19      1303     0.36
         0.23        3516.9         2.520    Nov  8 14:36:20      1304     0.36
         0.23        3519.4         2.550    Nov  8 14:36:21      1305     0.36
         0.23        3522.0         2.540    Nov  8 14:36:22      1306     0.36
         0.23        3524.4         2.480    Nov  8 14:36:23      1307     0.36
         0.23        3527.0         2.590    Nov  8 14:36:24      1308     0.36
         0.23        3529.6         2.590    Nov  8 14:36:25      1309     0.36
         0.23        3532.0         2.350    Nov  8 14:36:26      1310     0.36
         0.23        3534.5         2.520    Nov  8 14:36:26      1310     0.36
         0.23        3537.0         2.480    Nov  8 14:36:27      1311     0.36
         0.24        3539.6         2.590    Nov  8 14:36:28      1312     0.36
         0.24        3542.1         2.570    Nov  8 14:36:29      1313     0.36
         0.24        3544.7         2.590    Nov  8 14:36:30      1314     0.36
         0.24        3547.3         2.590    Nov  8 14:36:31      1315     0.37
         0.24        3549.8         2.500    Nov  8 14:36:32      1316     0.37
         0.24        3552.4         2.600    Nov  8 14:36:33      1317     0.37
         0.24        3555.0         2.610    Nov  8 14:36:34      1318     0.37
         0.24        3557.6         2.570    Nov  8 14:36:35      1319     0.37
         0.24        3560.0         2.450    Nov  8 14:36:36      1320     0.37
         0.24        3562.6         2.600    Nov  8 14:36:37      1321     0.37
         0.25        3565.2         2.590    Nov  8 14:36:38      1322     0.37
         0.25        3567.8         2.590    Nov  8 14:36:39      1323     0.37
         0.25        3570.4         2.610    Nov  8 14:36:40      1324     0.37
         0.25        3573.0         2.600    Nov  8 14:36:41      1325     0.37
         0.25        3574.4         1.320    Nov  8 14:36:41      1325     0.37
         0.25        3575.9         1.540    Nov  8 14:36:42      1326     0.37
         0.25        3577.3         1.440    Nov  8 14:36:43      1327     0.37
         0.25        3578.7         1.370    Nov  8 14:36:43      1327     0.37
         0.25        3580.2         1.500    Nov  8 14:36:44      1328     0.37
         0.25        3581.6         1.380    Nov  8 14:36:44      1328     0.37
         0.26        3583.1         1.520    Nov  8 14:36:45      1329     0.37
         0.26        3584.6         1.480    Nov  8 14:36:46      1330     0.37
         0.26        3586.0         1.440    Nov  8 14:36:46      1330     0.37
         0.26        3587.5         1.420    Nov  8 14:36:47      1331     0.37
         0.26        3588.9         1.440    Nov  8 14:36:47      1331     0.37
         0.26        3590.4         1.460    Nov  8 14:36:48      1332     0.37
         0.26        3591.8         1.450    Nov  8 14:36:49      1333     0.37
         0.26        3593.3         1.470    Nov  8 14:36:49      1333     0.37
         0.26        3594.7         1.390    Nov  8 14:36:50      1334     0.37
         0.26        3596.1         1.430    Nov  8 14:36:50      1334     0.37
         0.27        3597.4         1.360    Nov  8 14:36:51      1335     0.37
         0.27        3598.9         1.450    Nov  8 14:36:52      1336     0.37
         0.27        3600.3         1.370    Nov  8 14:36:52      1336     0.37
         0.27        3601.7         1.400    Nov  8 14:36:53      1337     0.37
         0.27        3603.1         1.470    Nov  8 14:36:53      1337     0.37
         0.27        3604.6         1.410    Nov  8 14:36:54      1338     0.37
         0.27        3605.9         1.390    Nov  8 14:36:55      1339     0.37
         0.27        3607.4         1.500    Nov  8 14:36:55      1339     0.37
         0.27        3608.9         1.470    Nov  8 14:36:56      1340     0.37
         0.27        3610.2         1.340    Nov  8 14:36:56      1340     0.37
         0.28        3611.7         1.430    Nov  8 14:36:57      1341     0.37
         0.28        3613.1         1.390    Nov  8 14:36:58      1342     0.37
         0.28        3614.6         1.490    Nov  8 14:36:58      1342     0.37
         0.28        3616.0         1.400    Nov  8 14:36:59      1343     0.37
         0.28        3617.4         1.410    Nov  8 14:36:59      1343     0.37
         0.28        3618.9         1.500    Nov  8 14:37:00      1344     0.37
         0.28        3620.2         1.370    Nov  8 14:37:01      1345     0.37
         0.28        3621.7         1.470    Nov  8 14:37:01      1345     0.37
         0.28        3623.1         1.430    Nov  8 14:37:02      1346     0.37
         0.28        3624.5         1.400    Nov  8 14:37:02      1346     0.37
         0.29        3626.0         1.470    Nov  8 14:37:03      1347     0.37
         0.29        3627.4         1.390    Nov  8 14:37:04      1348     0.37
         0.29        3628.9         1.490    Nov  8 14:37:04      1348     0.37
         0.29        3630.3         1.370    Nov  8 14:37:05      1349     0.37
         0.29        3631.6         1.360    Nov  8 14:37:05      1349     0.37
         0.29        3633.1         1.490    Nov  8 14:37:06      1350     0.38
         0.29        3634.5         1.370    Nov  8 14:37:07      1351     0.38
         0.29        3635.9         1.400    Nov  8 14:37:07      1351     0.38
         0.29        3637.3         1.450    Nov  8 14:37:08      1352     0.38
         0.29        3638.7         1.390    Nov  8 14:37:08      1352     0.38
         0.30        3640.1         1.380    Nov  8 14:37:09      1353     0.38
         0.30        3641.6         1.490    Nov  8 14:37:10      1354     0.38
         0.30        3644.3         2.690    Nov  8 14:37:11      1355     0.38
         0.30        3649.2         4.910    Nov  8 14:37:12      1356     0.38
         0.30        3653.1         3.890    Nov  8 14:37:14      1358     0.38
         0.30        3657.0         3.880    Nov  8 14:37:15      1359     0.38
         0.30        3660.8         3.840    Nov  8 14:37:17      1361     0.38
         0.30        3664.7         3.880    Nov  8 14:37:18      1362     0.38
         0.30        3668.5         3.830    Nov  8 14:37:20      1364     0.38
         0.30        3671.0         2.530    Nov  8 14:37:20      1364     0.38
         0.31        3673.5         2.450    Nov  8 14:37:21      1365     0.38
         0.31        3676.0         2.510    Nov  8 14:37:22      1366     0.38
         0.31        3678.5         2.540    Nov  8 14:37:23      1367     0.38
         0.31        3681.1         2.540    Nov  8 14:37:24      1368     0.38
         0.31        3682.4         1.330    Nov  8 14:37:25      1369     0.38
         0.31        3683.8         1.430    Nov  8 14:37:25      1369     0.38
         0.31        3685.3         1.430    Nov  8 14:37:26      1370     0.38
         0.31        3686.7         1.400    Nov  8 14:37:26      1370     0.38
         0.31        3688.1         1.410    Nov  8 14:37:27      1371     0.38
         0.31        3689.5         1.430    Nov  8 14:37:28      1372     0.38
         0.32        3690.9         1.410    Nov  8 14:37:28      1372     0.38
         0.32        3692.3         1.430    Nov  8 14:37:29      1373     0.38
         0.32        3693.8         1.400    Nov  8 14:37:29      1373     0.38
         0.32        3695.2         1.490    Nov  8 14:37:30      1374     0.38
         0.32        3696.7         1.410    Nov  8 14:37:31      1375     0.38
         0.32        3698.0         1.350    Nov  8 14:37:31      1375     0.38
         0.32        3699.5         1.540    Nov  8 14:37:32      1376     0.38
         0.32        3701.0         1.430    Nov  8 14:37:32      1376     0.38
         0.32        3702.3         1.350    Nov  8 14:37:33      1377     0.38
         0.32        3703.7         1.420    Nov  8 14:37:34      1378     0.38
         0.33        3705.1         1.330    Nov  8 14:37:34      1378     0.38
         0.33        3706.6         1.560    Nov  8 14:37:35      1379     0.38
         0.33        3708.0         1.360    Nov  8 14:37:35      1379     0.38
         0.33        3709.3         1.340    Nov  8 14:37:36      1380     0.38
         0.33        3710.8         1.430    Nov  8 14:37:37      1381     0.38
         0.33        3712.1         1.300    Nov  8 14:37:37      1381     0.38
         0.33        3713.6         1.490    Nov  8 14:37:38      1382     0.38
         0.33        3714.9         1.360    Nov  8 14:37:38      1382     0.38
         0.33        3716.4         1.450    Nov  8 14:37:39      1383     0.38
         0.33        3717.7         1.380    Nov  8 14:37:39      1383     0.38
         0.34        3719.1         1.400    Nov  8 14:37:40      1384     0.38
         0.34        3720.6         1.480    Nov  8 14:37:41      1385     0.38
         0.34        3722.0         1.370    Nov  8 14:37:41      1385     0.38
         0.34        3723.5         1.470    Nov  8 14:37:42      1386     0.39
         0.34        3724.9         1.400    Nov  8 14:37:42      1386     0.39
         0.34        3726.2         1.390    Nov  8 14:37:43      1387     0.39
         0.34        3727.6         1.360    Nov  8 14:37:44      1388     0.39
         0.34        3729.1         1.440    Nov  8 14:37:44      1388     0.39
         0.34        3730.4         1.370    Nov  8 14:37:45      1389     0.39
         0.34        3731.9         1.470    Nov  8 14:37:45      1389     0.39
         0.35        3733.2         1.360    Nov  8 14:37:46      1390     0.39
         0.35        3734.7         1.430    Nov  8 14:37:47      1391     0.39
         0.35        3736.0         1.330    Nov  8 14:37:47      1391     0.39
         0.35        3737.3         1.340    Nov  8 14:37:48      1392     0.39
         0.35        3738.8         1.430    Nov  8 14:37:48      1392     0.39
         0.35        3740.2         1.370    Nov  8 14:37:49      1393     0.39
         0.35        3741.5         1.360    Nov  8 14:37:50      1394     0.39
         0.35        3742.9         1.340    Nov  8 14:37:50      1394     0.39
         0.35        3744.2         1.330    Nov  8 14:37:51      1395     0.39
         0.35        3745.6         1.460    Nov  8 14:37:51      1395     0.39
         0.36        3747.0         1.370    Nov  8 14:37:52      1396     0.39
         0.36        3748.4         1.430    Nov  8 14:37:52      1396     0.39
         0.36        3749.9         1.410    Nov  8 14:37:53      1397     0.39
         0.36        3751.2         1.380    Nov  8 14:37:54      1398     0.39
         0.36        3752.7         1.500    Nov  8 14:37:54      1398     0.39
         0.36        3754.2         1.430    Nov  8 14:37:55      1399     0.39
         0.36        3755.6         1.450    Nov  8 14:37:56      1400     0.39
         0.36        3757.0         1.400    Nov  8 14:37:56      1400     0.39
         0.36        3758.4         1.420    Nov  8 14:37:57      1401     0.39
         0.36        3759.9         1.440    Nov  8 14:37:57      1401     0.39
         0.37        3761.2         1.380    Nov  8 14:37:58      1402     0.39
         0.37        3762.7         1.440    Nov  8 14:37:59      1403     0.39
         0.37        3764.1         1.380    Nov  8 14:37:59      1403     0.39
         0.37        3765.4         1.370    Nov  8 14:38:00      1404     0.39
         0.37        3766.9         1.460    Nov  8 14:38:00      1404     0.39
         0.37        3768.3         1.410    Nov  8 14:38:01      1405     0.39
         0.37        3769.8         1.480    Nov  8 14:38:02      1406     0.39
         0.37        3771.2         1.430    Nov  8 14:38:02      1406     0.39
         0.37        3772.6         1.380    Nov  8 14:38:03      1407     0.39
         0.37        3774.1         1.480    Nov  8 14:38:03      1407     0.39
         0.38        3775.5         1.370    Nov  8 14:38:04      1408     0.39
         0.38        3776.9         1.420    Nov  8 14:38:05      1409     0.39
         0.38        3778.2         1.380    Nov  8 14:38:05      1409     0.39
         0.38        3779.6         1.390    Nov  8 14:38:06      1410     0.39
         0.38        3781.1         1.450    Nov  8 14:38:06      1410     0.39
         0.38        3782.4         1.290    Nov  8 14:38:07      1411     0.39
         0.38        3783.9         1.480    Nov  8 14:38:08      1412     0.39
         0.38        3785.3         1.420    Nov  8 14:38:08      1412     0.39
         0.38        3786.6         1.310    Nov  8 14:38:09      1413     0.39
         0.38        3788.1         1.540    Nov  8 14:38:09      1413     0.39
         0.39        3789.4         1.320    Nov  8 14:38:10      1414     0.39
         0.39        3791.0         1.510    Nov  8 14:38:11      1415     0.39
         0.39        3792.4         1.430    Nov  8 14:38:11      1415     0.39
         0.39        3793.7         1.340    Nov  8 14:38:12      1416     0.39
         0.39        3795.2         1.450    Nov  8 14:38:12      1416     0.39
         0.39        3796.6         1.400    Nov  8 14:38:13      1417     0.39
         0.39        3797.9         1.360    Nov  8 14:38:13      1417     0.39
         0.39        3799.5         1.550    Nov  8 14:38:14      1418     0.39
         0.39        3800.9         1.430    Nov  8 14:38:15      1419     0.39
         0.39        3802.3         1.420    Nov  8 14:38:15      1419     0.39
         0.40        3803.7         1.360    Nov  8 14:38:16      1420     0.39
         0.40        3805.2         1.450    Nov  8 14:38:17      1421     0.39
         0.40        3806.5         1.390    Nov  8 14:38:17      1421     0.39
         0.40        3807.9         1.350    Nov  8 14:38:18      1422     0.40
         0.40        3809.4         1.470    Nov  8 14:38:18      1422     0.40
         0.40        3810.8         1.460    Nov  8 14:38:19      1423     0.40
         0.40        3812.2         1.370    Nov  8 14:38:20      1424     0.40
         0.40        3813.6         1.440    Nov  8 14:38:20      1424     0.40
         0.40        3815.0         1.350    Nov  8 14:38:21      1425     0.40
         0.40        3816.5         1.520    Nov  8 14:38:21      1425     0.40
         0.41        3818.0         1.500    Nov  8 14:38:22      1426     0.40
         0.41        3819.3         1.350    Nov  8 14:38:23      1427     0.40
         0.41        3820.8         1.470    Nov  8 14:38:23      1427     0.40
         0.41        3822.2         1.370    Nov  8 14:38:24      1428     0.40
         0.41        3823.5         1.350    Nov  8 14:38:24      1428     0.40
         0.41        3825.1         1.570    Nov  8 14:38:25      1429     0.40
         0.41        3826.4         1.270    Nov  8 14:38:26      1430     0.40
         0.41        3827.9         1.540    Nov  8 14:38:26      1430     0.40
         0.41        3829.4         1.440    Nov  8 14:38:27      1431     0.40
         0.41        3830.7         1.320    Nov  8 14:38:27      1431     0.40
         0.42        3832.2         1.570    Nov  8 14:38:28      1432     0.40
         0.42        3833.7         1.470    Nov  8 14:38:29      1433     0.40
         0.42        3835.1         1.380    Nov  8 14:38:29      1433     0.40
         0.42        3836.7         1.590    Nov  8 14:38:30      1434     0.40
         0.42        3838.1         1.430    Nov  8 14:38:31      1435     0.40
         0.42        3839.5         1.360    Nov  8 14:38:31      1435     0.40
         0.42        3840.9         1.460    Nov  8 14:38:32      1436     0.40
         0.42        3842.4         1.430    Nov  8 14:38:32      1436     0.40
         0.42        3843.8         1.380    Nov  8 14:38:33      1437     0.40
         0.42        3845.2         1.410    Nov  8 14:38:34      1438     0.40
         0.43        3846.6         1.390    Nov  8 14:38:34      1438     0.40
         0.43        3847.9         1.360    Nov  8 14:38:35      1439     0.40
         0.43        3849.5         1.560    Nov  8 14:38:35      1439     0.40
         0.43        3850.9         1.390    Nov  8 14:38:36      1440     0.40
         0.43        3852.2         1.360    Nov  8 14:38:36      1440     0.40
         0.43        3853.7         1.450    Nov  8 14:38:37      1441     0.40
         0.43        3855.0         1.300    Nov  8 14:38:38      1442     0.40
         0.43        3856.5         1.510    Nov  8 14:38:38      1442     0.40
         0.43        3857.9         1.440    Nov  8 14:38:39      1443     0.40
         0.43        3859.3         1.360    Nov  8 14:38:39      1443     0.40
         0.44        3860.7         1.450    Nov  8 14:38:40      1444     0.40
         0.44        3862.1         1.350    Nov  8 14:38:41      1445     0.40
         0.44        3863.5         1.460    Nov  8 14:38:41      1445     0.40
         0.44        3864.9         1.400    Nov  8 14:38:42      1446     0.40
         0.44        3866.4         1.440    Nov  8 14:38:42      1446     0.40
         0.44        3867.8         1.410    Nov  8 14:38:43      1447     0.40
         0.44        3869.2         1.400    Nov  8 14:38:44      1448     0.40
         0.44        3870.5         1.330    Nov  8 14:38:44      1448     0.40
         0.44        3872.0         1.440    Nov  8 14:38:45      1449     0.40
         0.44        3873.4         1.430    Nov  8 14:38:45      1449     0.40
         0.45        3874.8         1.380    Nov  8 14:38:46      1450     0.40
         0.45        3876.2         1.440    Nov  8 14:38:47      1451     0.40
         0.45        3877.7         1.450    Nov  8 14:38:47      1451     0.40
         0.45        3879.1         1.430    Nov  8 14:38:48      1452     0.40
         0.45        3880.5         1.440    Nov  8 14:38:48      1452     0.40
         0.45        3881.7         1.140    Nov  8 14:38:49      1453     0.40
         0.45        3883.0         1.350    Nov  8 14:38:49      1453     0.40
         0.45        3884.4         1.410    Nov  8 14:38:50      1454     0.40
         0.45        3885.8         1.410    Nov  8 14:38:51      1455     0.40
         0.45        3887.3         1.460    Nov  8 14:38:51      1455     0.40
         0.46        3888.7         1.440    Nov  8 14:38:52      1456     0.40
         0.46        3890.1         1.400    Nov  8 14:38:52      1456     0.40
         0.46        3891.5         1.360    Nov  8 14:38:53      1457     0.40
         0.46        3892.9         1.390    Nov  8 14:38:54      1458     0.41
         0.46        3894.2         1.340    Nov  8 14:38:54      1458     0.41
         0.46        3895.7         1.450    Nov  8 14:38:55      1459     0.41
         0.46        3897.1         1.410    Nov  8 14:38:55      1459     0.41
         0.46        3898.4         1.350    Nov  8 14:38:56      1460     0.41
         0.46        3900.0         1.520    Nov  8 14:38:57      1461     0.41
         0.46        3901.4         1.450    Nov  8 14:38:57      1461     0.41
         0.47        3902.8         1.350    Nov  8 14:38:58      1462     0.41
         0.47        3904.3         1.500    Nov  8 14:38:58      1462     0.41
         0.47        3905.7         1.430    Nov  8 14:38:59      1463     0.41
         0.47        3907.1         1.450    Nov  8 14:39:00      1464     0.41
         0.47        3908.5         1.380    Nov  8 14:39:00      1464     0.41
         0.47        3909.9         1.380    Nov  8 14:39:01      1465     0.41
         0.47        3911.4         1.480    Nov  8 14:39:01      1465     0.41
         0.47        3912.7         1.300    Nov  8 14:39:02      1466     0.41
         0.47        3914.2         1.470    Nov  8 14:39:03      1467     0.41
         0.47        3915.6         1.400    Nov  8 14:39:03      1467     0.41
         0.48        3916.9         1.340    Nov  8 14:39:04      1468     0.41
         0.48        3918.4         1.500    Nov  8 14:39:04      1468     0.41
         0.48        3919.6         1.230    Nov  8 14:39:05      1469     0.41
         0.48        3921.2         1.530    Nov  8 14:39:06      1470     0.41
         0.48        3922.5         1.360    Nov  8 14:39:06      1470     0.41
         0.48        3923.9         1.360    Nov  8 14:39:07      1471     0.41
         0.48        3925.2         1.350    Nov  8 14:39:07      1471     0.41
         0.48        3926.6         1.350    Nov  8 14:39:08      1472     0.41
         0.48        3927.9         1.360    Nov  8 14:39:08      1472     0.41
         0.48        3929.3         1.360    Nov  8 14:39:09      1473     0.41
         0.49        3930.6         1.340    Nov  8 14:39:10      1474     0.41
         0.49        3932.0         1.350    Nov  8 14:39:10      1474     0.41
         0.49        3933.4         1.380    Nov  8 14:39:11      1475     0.41
         0.49        3934.8         1.420    Nov  8 14:39:11      1475     0.41
         0.49        3936.1         1.320    Nov  8 14:39:12      1476     0.41
         0.49        3937.5         1.430    Nov  8 14:39:12      1476     0.41
         0.49        3938.9         1.350    Nov  8 14:39:13      1477     0.41
         0.49        3940.2         1.280    Nov  8 14:39:14      1478     0.41
         0.49        3941.5         1.370    Nov  8 14:39:14      1478     0.41
         0.49        3942.8         1.240    Nov  8 14:39:15      1479     0.41
         0.50        3944.2         1.380    Nov  8 14:39:15      1479     0.41
         0.50        3945.5         1.330    Nov  8 14:39:16      1480     0.41
         0.50        3946.8         1.350    Nov  8 14:39:16      1480     0.41
         0.50        3948.2         1.330    Nov  8 14:39:17      1481     0.41
         0.50        3949.6         1.470    Nov  8 14:39:17      1481     0.41
         0.50        3951.1         1.450    Nov  8 14:39:18      1482     0.41
         0.50        3952.4         1.320    Nov  8 14:39:19      1483     0.41
         0.50        3953.9         1.480    Nov  8 14:39:19      1483     0.41
         0.50        3955.3         1.420    Nov  8 14:39:20      1484     0.41
         0.50        3956.7         1.390    Nov  8 14:39:21      1485     0.41
         0.51        3958.0         1.300    Nov  8 14:39:21      1485     0.41
         0.51        3959.5         1.480    Nov  8 14:39:22      1486     0.41
         0.51        3960.9         1.450    Nov  8 14:39:22      1486     0.41
         0.51        3962.3         1.350    Nov  8 14:39:23      1487     0.41
         0.51        3963.6         1.340    Nov  8 14:39:23      1487     0.41
         0.51        3964.9         1.340    Nov  8 14:39:24      1488     0.41
         0.51        3966.3         1.310    Nov  8 14:39:25      1489     0.41
         0.51        3967.6         1.340    Nov  8 14:39:25      1489     0.41
         0.51        3969.0         1.370    Nov  8 14:39:26      1490     0.41
         0.51        3970.3         1.350    Nov  8 14:39:26      1490     0.41
         0.52        3971.8         1.430    Nov  8 14:39:27      1491     0.41
         0.52        3973.2         1.400    Nov  8 14:39:27      1491     0.41
         0.52        3974.6         1.420    Nov  8 14:39:28      1492     0.41
         0.52        3976.0         1.410    Nov  8 14:39:29      1493     0.41
         0.52        3977.4         1.450    Nov  8 14:39:29      1493     0.41
         0.52        3978.9         1.470    Nov  8 14:39:30      1494     0.41
         0.52        3980.2         1.300    Nov  8 14:39:30      1494     0.41
         0.52        3981.6         1.410    Nov  8 14:39:31      1495     0.42
         0.52        3983.0         1.410    Nov  8 14:39:32      1496     0.42
         0.52        3984.4         1.350    Nov  8 14:39:32      1496     0.42
         0.53        3985.7         1.350    Nov  8 14:39:33      1497     0.42
         0.53        3987.1         1.390    Nov  8 14:39:33      1497     0.42
         0.53        3988.6         1.460    Nov  8 14:39:34      1498     0.42
         0.53        3990.0         1.420    Nov  8 14:39:35      1499     0.42
         0.53        3991.4         1.410    Nov  8 14:39:35      1499     0.42
         0.53        3992.7         1.340    Nov  8 14:39:36      1500     0.42
         0.53        3994.2         1.430    Nov  8 14:39:36      1500     0.42
         0.53        3995.5         1.300    Nov  8 14:39:37      1501     0.42
         0.53        3996.8         1.340    Nov  8 14:39:38      1502     0.42
         0.53        3998.1         1.330    Nov  8 14:39:38      1502     0.42
         0.54        3999.6         1.510    Nov  8 14:39:39      1503     0.42
         0.54        4001.0         1.340    Nov  8 14:39:39      1503     0.42
         0.54        4002.3         1.270    Nov  8 14:39:40      1504     0.42
         0.54        4003.8         1.510    Nov  8 14:39:41      1505     0.42
         0.54        4005.2         1.390    Nov  8 14:39:41      1505     0.42
         0.54        4006.4         1.280    Nov  8 14:39:42      1506     0.42
         0.54        4007.8         1.410    Nov  8 14:39:42      1506     0.42
         0.54        4009.1         1.280    Nov  8 14:39:43      1507     0.42
         0.54        4010.6         1.430    Nov  8 14:39:43      1507     0.42
         0.54        4011.9         1.320    Nov  8 14:39:44      1508     0.42
         0.55        4013.3         1.380    Nov  8 14:39:45      1509     0.42
         0.55        4014.5         1.260    Nov  8 14:39:45      1509     0.42
         0.55        4015.9         1.430    Nov  8 14:39:46      1510     0.42
         0.55        4017.3         1.340    Nov  8 14:39:46      1510     0.42
         0.55        4018.6         1.320    Nov  8 14:39:47      1511     0.42
         0.55        4020.0         1.440    Nov  8 14:39:47      1511     0.42
         0.55        4021.4         1.380    Nov  8 14:39:48      1512     0.42
         0.55        4022.7         1.290    Nov  8 14:39:48      1512     0.42
         0.55        4024.1         1.390    Nov  8 14:39:49      1513     0.42
         0.55        4025.4         1.340    Nov  8 14:39:50      1514     0.42
         0.56        4026.9         1.480    Nov  8 14:39:50      1514     0.42
         0.56        4028.3         1.390    Nov  8 14:39:51      1515     0.42
         0.56        4029.6         1.320    Nov  8 14:39:51      1515     0.42
         0.56        4031.2         1.520    Nov  8 14:39:52      1516     0.42
         0.56        4032.6         1.420    Nov  8 14:39:53      1517     0.42
         0.56        4033.9         1.310    Nov  8 14:39:53      1517     0.42
         0.56        4035.4         1.470    Nov  8 14:39:54      1518     0.42
         0.56        4036.7         1.360    Nov  8 14:39:54      1518     0.42
         0.56        4038.2         1.440    Nov  8 14:39:55      1519     0.42
         0.56        4039.5         1.380    Nov  8 14:39:56      1520     0.42
         0.57        4041.0         1.410    Nov  8 14:39:56      1520     0.42
         0.57        4042.4         1.410    Nov  8 14:39:57      1521     0.42
         0.57        4043.7         1.350    Nov  8 14:39:57      1521     0.42
         0.57        4045.1         1.400    Nov  8 14:39:58      1522     0.42
         0.57        4046.4         1.300    Nov  8 14:39:58      1522     0.42
         0.57        4047.9         1.490    Nov  8 14:39:59      1523     0.42
         0.57        4049.2         1.350    Nov  8 14:40:00      1524     0.42
         0.57        4050.6         1.310    Nov  8 14:40:00      1524     0.42
         0.57        4051.8         1.270    Nov  8 14:40:01      1525     0.42
         0.57        4053.1         1.300    Nov  8 14:40:01      1525     0.42
         0.58        4054.6         1.470    Nov  8 14:40:02      1526     0.42
         0.58        4055.9         1.340    Nov  8 14:40:03      1527     0.42
         0.58        4057.2         1.300    Nov  8 14:40:03      1527     0.42
         0.58        4058.6         1.390    Nov  8 14:40:04      1528     0.42
         0.58        4060.0         1.400    Nov  8 14:40:04      1528     0.42
         0.58        4061.3         1.260    Nov  8 14:40:05      1529     0.42
         0.58        4062.8         1.530    Nov  8 14:40:05      1529     0.42
         0.58        4064.2         1.360    Nov  8 14:40:06      1530     0.42
         0.58        4065.6         1.400    Nov  8 14:40:07      1531     0.43
         0.58        4066.9         1.300    Nov  8 14:40:07      1531     0.43
         0.59        4068.4         1.500    Nov  8 14:40:08      1532     0.43
         0.59        4069.7         1.340    Nov  8 14:40:08      1532     0.43
         0.59        4071.1         1.330    Nov  8 14:40:09      1533     0.43
         0.59        4072.5         1.450    Nov  8 14:40:10      1534     0.43
         0.59        4073.9         1.360    Nov  8 14:40:10      1534     0.43
         0.59        4075.3         1.470    Nov  8 14:40:11      1535     0.43
         0.59        4076.7         1.370    Nov  8 14:40:11      1535     0.43
         0.59        4078.1         1.350    Nov  8 14:40:12      1536     0.43
         0.59        4079.4         1.400    Nov  8 14:40:13      1537     0.43
         0.59        4080.8         1.330    Nov  8 14:40:13      1537     0.43
         0.60        4082.2         1.400    Nov  8 14:40:14      1538     0.43
         0.60        4083.5         1.360    Nov  8 14:40:14      1538     0.43
         0.60        4084.9         1.370    Nov  8 14:40:15      1539     0.43
         0.60        4086.3         1.360    Nov  8 14:40:15      1539     0.43
         0.60        4087.5         1.250    Nov  8 14:40:16      1540     0.43
         0.60        4088.9         1.400    Nov  8 14:40:16      1540     0.43
         0.60        4090.3         1.350    Nov  8 14:40:17      1541     0.43
         0.60        4091.6         1.370    Nov  8 14:40:18      1542     0.43
         0.60        4093.0         1.350    Nov  8 14:40:18      1542     0.43
         0.60        4094.3         1.350    Nov  8 14:40:19      1543     0.43
         0.61        4095.8         1.450    Nov  8 14:40:19      1543     0.43
         0.61        4097.1         1.340    Nov  8 14:40:20      1544     0.43
         0.61        4098.5         1.400    Nov  8 14:40:21      1545     0.43
         0.61        4099.9         1.370    Nov  8 14:40:21      1545     0.43
         0.61        4101.3         1.380    Nov  8 14:40:22      1546     0.43
         0.61        4102.6         1.330    Nov  8 14:40:22      1546     0.43
         0.61        4104.0         1.400    Nov  8 14:40:23      1547     0.43
         0.61        4105.3         1.330    Nov  8 14:40:23      1547     0.43
         0.61        4106.7         1.360    Nov  8 14:40:24      1548     0.43
         0.61        4108.2         1.470    Nov  8 14:40:25      1549     0.43
         0.62        4109.6         1.410    Nov  8 14:40:25      1549     0.43
         0.62        4110.9         1.350    Nov  8 14:40:26      1550     0.43
         0.62        4112.3         1.360    Nov  8 14:40:26      1550     0.43
         0.62        4113.7         1.370    Nov  8 14:40:27      1551     0.43
         0.62        4115.0         1.380    Nov  8 14:40:28      1552     0.43
         0.62        4116.4         1.360    Nov  8 14:40:28      1552     0.43
         0.62        4117.8         1.380    Nov  8 14:40:29      1553     0.43
         0.62        4119.2         1.400    Nov  8 14:40:29      1553     0.43
         0.62        4120.6         1.430    Nov  8 14:40:30      1554     0.43
         0.62        4121.9         1.330    Nov  8 14:40:31      1555     0.43
         0.63        4123.3         1.380    Nov  8 14:40:31      1555     0.43
         0.63        4124.7         1.360    Nov  8 14:40:32      1556     0.43
         0.63        4126.0         1.350    Nov  8 14:40:32      1556     0.43
         0.63        4127.5         1.470    Nov  8 14:40:33      1557     0.43
         0.63        4128.8         1.290    Nov  8 14:40:33      1557     0.43
         0.63        4130.2         1.460    Nov  8 14:40:34      1558     0.43
         0.63        4131.6         1.340    Nov  8 14:40:35      1559     0.43
         0.63        4133.0         1.420    Nov  8 14:40:35      1559     0.43
         0.63        4134.4         1.350    Nov  8 14:40:36      1560     0.43
         0.63        4135.8         1.400    Nov  8 14:40:36      1560     0.43
         0.64        4137.2         1.410    Nov  8 14:40:37      1561     0.43
         0.64        4138.6         1.400    Nov  8 14:40:38      1562     0.43
         0.64        4140.0         1.410    Nov  8 14:40:38      1562     0.43
         0.64        4141.4         1.370    Nov  8 14:40:39      1563     0.43
         0.64        4142.8         1.450    Nov  8 14:40:39      1563     0.43
         0.64        4144.2         1.390    Nov  8 14:40:40      1564     0.43
         0.64        4145.6         1.380    Nov  8 14:40:41      1565     0.43
         0.64        4147.0         1.400    Nov  8 14:40:41      1565     0.43
         0.64        4148.3         1.360    Nov  8 14:40:42      1566     0.43
         0.64        4149.8         1.430    Nov  8 14:40:42      1566     0.43
         0.65        4151.2         1.400    Nov  8 14:40:43      1567     0.44
         0.65        4152.5         1.360    Nov  8 14:40:44      1568     0.44
         0.65        4153.9         1.420    Nov  8 14:40:44      1568     0.44
         0.65        4155.3         1.340    Nov  8 14:40:45      1569     0.44
         0.65        4156.6         1.350    Nov  8 14:40:45      1569     0.44
         0.65        4157.9         1.320    Nov  8 14:40:46      1570     0.44
         0.65        4159.5         1.510    Nov  8 14:40:47      1571     0.44
         0.65        4160.8         1.390    Nov  8 14:40:47      1571     0.44
         0.65        4162.1         1.280    Nov  8 14:40:48      1572     0.44
         0.65        4163.6         1.460    Nov  8 14:40:48      1572     0.44
         0.66        4164.9         1.330    Nov  8 14:40:49      1573     0.44
         0.66        4166.3         1.370    Nov  8 14:40:49      1573     0.44
         0.66        4167.6         1.290    Nov  8 14:40:50      1574     0.44
         0.66        4168.9         1.340    Nov  8 14:40:50      1574     0.44
         0.66        4170.2         1.290    Nov  8 14:40:51      1575     0.44
         0.66        4171.6         1.390    Nov  8 14:40:52      1576     0.44
         0.66        4172.9         1.350    Nov  8 14:40:52      1576     0.44
         0.66        4174.3         1.380    Nov  8 14:40:53      1577     0.44
         0.66        4175.8         1.420    Nov  8 14:40:53      1577     0.44
         0.66        4177.1         1.360    Nov  8 14:40:54      1578     0.44
         0.67        4178.6         1.460    Nov  8 14:40:55      1579     0.44
         0.67        4179.9         1.380    Nov  8 14:40:55      1579     0.44
         0.67        4181.4         1.420    Nov  8 14:40:56      1580     0.44
         0.67        4182.8         1.450    Nov  8 14:40:56      1580     0.44
         0.67        4184.2         1.350    Nov  8 14:40:57      1581     0.44
         0.67        4185.6         1.460    Nov  8 14:40:58      1582     0.44
         0.67        4187.0         1.350    Nov  8 14:40:58      1582     0.44
         0.67        4188.3         1.330    Nov  8 14:40:59      1583     0.44
         0.67        4189.7         1.420    Nov  8 14:40:59      1583     0.44
         0.67        4191.1         1.380    Nov  8 14:41:00      1584     0.44
         0.68        4192.6         1.460    Nov  8 14:41:01      1585     0.44
         0.68        4193.9         1.380    Nov  8 14:41:01      1585     0.44
         0.68        4195.3         1.390    Nov  8 14:41:02      1586     0.44
         0.68        4196.7         1.400    Nov  8 14:41:02      1586     0.44
         0.68        4198.1         1.360    Nov  8 14:41:03      1587     0.44
         0.68        4199.5         1.360    Nov  8 14:41:03      1587     0.44
         0.68        4200.9         1.400    Nov  8 14:41:04      1588     0.44
         0.68        4202.2         1.380    Nov  8 14:41:05      1589     0.44
         0.68        4203.7         1.440    Nov  8 14:41:05      1589     0.44
         0.68        4205.1         1.390    Nov  8 14:41:06      1590     0.44
         0.69        4206.5         1.420    Nov  8 14:41:06      1590     0.44
         0.69        4207.9         1.360    Nov  8 14:41:07      1591     0.44
         0.69        4209.2         1.390    Nov  8 14:41:08      1592     0.44
         0.69        4210.7         1.430    Nov  8 14:41:08      1592     0.44
         0.69        4212.1         1.420    Nov  8 14:41:09      1593     0.44
         0.69        4213.5         1.440    Nov  8 14:41:09      1593     0.44
         0.69        4214.9         1.390    Nov  8 14:41:10      1594     0.44
         0.69        4216.3         1.380    Nov  8 14:41:11      1595     0.44
         0.69        4217.8         1.460    Nov  8 14:41:11      1595     0.44
         0.69        4219.1         1.360    Nov  8 14:41:12      1596     0.44
         0.70        4220.5         1.340    Nov  8 14:41:12      1596     0.44
         0.70        4221.9         1.410    Nov  8 14:41:13      1597     0.44
         0.70        4223.3         1.410    Nov  8 14:41:14      1598     0.44
         0.70        4224.6         1.350    Nov  8 14:41:14      1598     0.44
         0.70        4226.0         1.360    Nov  8 14:41:15      1599     0.44
         0.70        4227.4         1.400    Nov  8 14:41:15      1599     0.44
         0.70        4228.8         1.410    Nov  8 14:41:16      1600     0.44
         0.70        4230.1         1.330    Nov  8 14:41:17      1601     0.44
         0.70        4231.5         1.340    Nov  8 14:41:17      1601     0.44
         0.70        4232.8         1.350    Nov  8 14:41:18      1602     0.45
         0.71        4234.2         1.370    Nov  8 14:41:18      1602     0.45
         0.71        4235.6         1.450    Nov  8 14:41:19      1603     0.45
         0.71        4237.1         1.430    Nov  8 14:41:19      1603     0.45
         0.71        4238.6         1.490    Nov  8 14:41:20      1604     0.45
         0.71        4240.0         1.420    Nov  8 14:41:21      1605     0.45
         0.71        4241.4         1.430    Nov  8 14:41:21      1605     0.45
         0.71        4242.8         1.420    Nov  8 14:41:22      1606     0.45
         0.71        4244.2         1.410    Nov  8 14:41:22      1606     0.45
         0.71        4245.8         1.590    Nov  8 14:41:23      1607     0.45
         0.71        4247.3         1.470    Nov  8 14:41:24      1608     0.45
         0.72        4248.8         1.500    Nov  8 14:41:24      1608     0.45
         0.72        4251.1         2.310    Nov  8 14:41:25      1609     0.45
         0.72        4253.8         2.650    Nov  8 14:41:26      1610     0.45
         0.72        4256.3         2.560    Nov  8 14:41:27      1611     0.45
         0.72        4258.9         2.560    Nov  8 14:41:28      1612     0.45
         0.72        4261.5         2.610    Nov  8 14:41:29      1613     0.45
         0.72        4264.1         2.590    Nov  8 14:41:30      1614     0.45
         0.72        4266.6         2.560    Nov  8 14:41:31      1615     0.45
         0.72        4269.2         2.570    Nov  8 14:41:32      1616     0.45
         0.72        4271.8         2.580    Nov  8 14:41:33      1617     0.45
         0.73        4274.4         2.580    Nov  8 14:41:34      1618     0.45
         0.73        4275.7         1.310    Nov  8 14:41:34      1618     0.45
         0.73        4277.2         1.550    Nov  8 14:41:35      1619     0.45
         0.73        4278.7         1.450    Nov  8 14:41:36      1620     0.45
         0.73        4280.0         1.360    Nov  8 14:41:36      1620     0.45
         0.73        4281.6         1.550    Nov  8 14:41:37      1621     0.45
         0.73        4283.1         1.520    Nov  8 14:41:38      1622     0.45
         0.73        4284.6         1.490    Nov  8 14:41:38      1622     0.45
         0.73        4286.0         1.380    Nov  8 14:41:39      1623     0.45
         0.73        4287.4         1.430    Nov  8 14:41:39      1623     0.45
         0.74        4288.9         1.500    Nov  8 14:41:40      1624     0.45
         0.74        4290.3         1.430    Nov  8 14:41:41      1625     0.45
         0.74        4291.8         1.440    Nov  8 14:41:41      1625     0.45
         0.74        4293.3         1.550    Nov  8 14:41:42      1626     0.45
         0.74        4294.8         1.460    Nov  8 14:41:43      1627     0.45
         0.74        4296.2         1.450    Nov  8 14:41:43      1627     0.45
         0.74        4297.7         1.440    Nov  8 14:41:44      1628     0.45
         0.74        4299.0         1.350    Nov  8 14:41:44      1628     0.45
         0.74        4300.4         1.400    Nov  8 14:41:45      1629     0.45
         0.74        4301.8         1.380    Nov  8 14:41:45      1629     0.45
         0.75        4303.3         1.480    Nov  8 14:41:46      1630     0.45
         0.75        4304.7         1.390    Nov  8 14:41:47      1631     0.45
         0.75        4306.1         1.370    Nov  8 14:41:47      1631     0.45
         0.75        4307.4         1.300    Nov  8 14:41:48      1632     0.45
         0.75        4308.8         1.460    Nov  8 14:41:48      1632     0.45
         0.75        4310.3         1.460    Nov  8 14:41:49      1633     0.45
         0.75        4311.7         1.400    Nov  8 14:41:50      1634     0.45
         0.75        4313.1         1.380    Nov  8 14:41:50      1634     0.45
         0.75        4314.6         1.510    Nov  8 14:41:51      1635     0.45
         0.75        4316.0         1.440    Nov  8 14:41:52      1636     0.45
         0.76        4317.5         1.490    Nov  8 14:41:52      1636     0.45
         0.76        4319.0         1.490    Nov  8 14:41:53      1637     0.45
         0.76        4320.4         1.410    Nov  8 14:41:53      1637     0.45
         0.76        4321.7         1.310    Nov  8 14:41:54      1638     0.46
         0.76        4323.2         1.500    Nov  8 14:41:55      1639     0.46
         0.76        4324.6         1.440    Nov  8 14:41:55      1639     0.46
         0.76        4326.0         1.390    Nov  8 14:41:56      1640     0.46
         0.76        4327.5         1.430    Nov  8 14:41:56      1640     0.46
         0.76        4328.8         1.300    Nov  8 14:41:57      1641     0.46
         0.76        4330.3         1.550    Nov  8 14:41:58      1642     0.46
         0.77        4331.7         1.370    Nov  8 14:41:58      1642     0.46
         0.77        4333.1         1.380    Nov  8 14:41:59      1643     0.46
         0.77        4334.4         1.340    Nov  8 14:41:59      1643     0.46
         0.77        4335.9         1.490    Nov  8 14:42:00      1644     0.46
         0.77        4337.3         1.440    Nov  8 14:42:01      1645     0.46
         0.77        4338.7         1.370    Nov  8 14:42:01      1645     0.46
         0.77        4340.1         1.430    Nov  8 14:42:02      1646     0.46
         0.77        4341.5         1.360    Nov  8 14:42:02      1646     0.46
         0.77        4343.0         1.470    Nov  8 14:42:03      1647     0.46
         0.77        4344.2         1.290    Nov  8 14:42:03      1647     0.46
         0.78        4345.6         1.390    Nov  8 14:42:04      1648     0.46
         0.78        4347.0         1.390    Nov  8 14:42:05      1649     0.46
         0.78        4348.4         1.400    Nov  8 14:42:05      1649     0.46
         0.78        4349.8         1.330    Nov  8 14:42:06      1650     0.46
         0.78        4351.2         1.420    Nov  8 14:42:06      1650     0.46
         0.78        4352.5         1.300    Nov  8 14:42:07      1651     0.46
         0.78        4353.8         1.320    Nov  8 14:42:07      1651     0.46
         0.78        4355.1         1.330    Nov  8 14:42:08      1652     0.46
         0.78        4356.4         1.290    Nov  8 14:42:09      1653     0.46
         0.78        4357.9         1.460    Nov  8 14:42:09      1653     0.46
         0.79        4359.3         1.460    Nov  8 14:42:10      1654     0.46
         0.79        4360.7         1.360    Nov  8 14:42:10      1654     0.46
         0.79        4362.1         1.350    Nov  8 14:42:11      1655     0.46
         0.79        4363.4         1.350    Nov  8 14:42:12      1656     0.46
         0.79        4364.8         1.420    Nov  8 14:42:12      1656     0.46
         0.79        4366.1         1.330    Nov  8 14:42:13      1657     0.46
         0.79        4367.5         1.330    Nov  8 14:42:13      1657     0.46
         0.79        4368.9         1.420    Nov  8 14:42:14      1658     0.46
         0.79        4370.2         1.310    Nov  8 14:42:14      1658     0.46
         0.79        4371.7         1.460    Nov  8 14:42:15      1659     0.46
         0.80        4373.0         1.380    Nov  8 14:42:16      1660     0.46
         0.80        4374.4         1.340    Nov  8 14:42:16      1660     0.46
         0.80        4375.8         1.400    Nov  8 14:42:17      1661     0.46
         0.80        4377.2         1.450    Nov  8 14:42:17      1661     0.46
         0.80        4378.6         1.330    Nov  8 14:42:18      1662     0.46
         0.80        4379.8         1.280    Nov  8 14:42:19      1663     0.46
         0.80        4381.2         1.370    Nov  8 14:42:19      1663     0.46
         0.80        4382.7         1.430    Nov  8 14:42:20      1664     0.46
         0.80        4383.9         1.270    Nov  8 14:42:20      1664     0.46
         0.80        4385.3         1.420    Nov  8 14:42:21      1665     0.46
         0.81        4386.7         1.310    Nov  8 14:42:21      1665     0.46
         0.81        4387.9         1.230    Nov  8 14:42:22      1666     0.46
         0.81        4389.3         1.440    Nov  8 14:42:23      1667     0.46
         0.81        4390.6         1.290    Nov  8 14:42:23      1667     0.46
         0.81        4391.9         1.250    Nov  8 14:42:24      1668     0.46
         0.81        4393.2         1.380    Nov  8 14:42:24      1668     0.46
         0.81        4394.6         1.360    Nov  8 14:42:25      1669     0.46
         0.81        4395.9         1.260    Nov  8 14:42:25      1669     0.46
         0.81        4397.4         1.490    Nov  8 14:42:26      1670     0.46
         0.81        4398.7         1.330    Nov  8 14:42:27      1671     0.46
         0.82        4399.9         1.250    Nov  8 14:42:27      1671     0.46
         0.82        4401.3         1.370    Nov  8 14:42:28      1672     0.46
         0.82        4402.6         1.300    Nov  8 14:42:28      1672     0.46
         0.82        4404.0         1.390    Nov  8 14:42:29      1673     0.46
         0.82        4405.3         1.300    Nov  8 14:42:29      1673     0.46
         0.82        4406.7         1.370    Nov  8 14:42:30      1674     0.47
         0.82        4408.0         1.340    Nov  8 14:42:31      1675     0.47
         0.82        4409.4         1.350    Nov  8 14:42:31      1675     0.47
         0.82        4410.8         1.490    Nov  8 14:42:32      1676     0.47
         0.82        4412.2         1.390    Nov  8 14:42:32      1676     0.47
         0.83        4413.6         1.360    Nov  8 14:42:33      1677     0.47
         0.83        4414.9         1.310    Nov  8 14:42:34      1678     0.47
         0.83        4416.2         1.270    Nov  8 14:42:34      1678     0.47
         0.83        4417.5         1.360    Nov  8 14:42:35      1679     0.47
         0.83        4418.9         1.390    Nov  8 14:42:35      1679     0.47
         0.83        4420.2         1.330    Nov  8 14:42:36      1680     0.47
         0.83        4421.6         1.360    Nov  8 14:42:36      1680     0.47
         0.83        4423.0         1.390    Nov  8 14:42:37      1681     0.47
         0.83        4424.4         1.360    Nov  8 14:42:38      1682     0.47
         0.83        4425.8         1.400    Nov  8 14:42:38      1682     0.47
         0.84        4427.1         1.320    Nov  8 14:42:39      1683     0.47
         0.84        4428.4         1.340    Nov  8 14:42:39      1683     0.47
         0.84        4429.9         1.470    Nov  8 14:42:40      1684     0.47
         0.84        4431.3         1.440    Nov  8 14:42:41      1685     0.47
         0.84        4432.7         1.360    Nov  8 14:42:41      1685     0.47
         0.84        4434.0         1.340    Nov  8 14:42:42      1686     0.47
         0.84        4435.4         1.400    Nov  8 14:42:42      1686     0.47
         0.84        4436.7         1.270    Nov  8 14:42:43      1687     0.47
         0.84        4438.0         1.340    Nov  8 14:42:44      1688     0.47
         0.84        4439.3         1.240    Nov  8 14:42:44      1688     0.47
         0.85        4440.7         1.410    Nov  8 14:42:45      1689     0.47
         0.85        4442.1         1.370    Nov  8 14:42:45      1689     0.47
         0.85        4443.4         1.380    Nov  8 14:42:46      1690     0.47
         0.85        4444.7         1.240    Nov  8 14:42:46      1690     0.47
         0.85        4446.1         1.430    Nov  8 14:42:47      1691     0.47
         0.85        4447.5         1.380    Nov  8 14:42:48      1692     0.47
         0.85        4448.8         1.340    Nov  8 14:42:48      1692     0.47
         0.85        4450.1         1.220    Nov  8 14:42:49      1693     0.47
         0.85        4451.5         1.470    Nov  8 14:42:49      1693     0.47
         0.85        4452.8         1.310    Nov  8 14:42:50      1694     0.47
         0.86        4454.1         1.240    Nov  8 14:42:51      1695     0.47
         0.86        4455.4         1.300    Nov  8 14:42:51      1695     0.47
         0.86        4456.6         1.250    Nov  8 14:42:52      1696     0.47
         0.86        4458.0         1.350    Nov  8 14:42:52      1696     0.47
         0.86        4459.3         1.310    Nov  8 14:42:53      1697     0.47
         0.86        4460.5         1.250    Nov  8 14:42:53      1697     0.47
         0.86        4462.0         1.450    Nov  8 14:42:54      1698     0.47
         0.86        4463.4         1.380    Nov  8 14:42:55      1699     0.47
         0.86        4464.8         1.400    Nov  8 14:42:55      1699     0.47
         0.86        4466.0         1.270    Nov  8 14:42:56      1700     0.47
         0.87        4467.4         1.390    Nov  8 14:42:56      1700     0.47
         0.87        4468.8         1.340    Nov  8 14:42:57      1701     0.47
         0.87        4470.0         1.230    Nov  8 14:42:57      1701     0.47
         0.87        4471.4         1.400    Nov  8 14:42:58      1702     0.47
         0.87        4472.7         1.340    Nov  8 14:42:59      1703     0.47
         0.87        4474.0         1.260    Nov  8 14:42:59      1703     0.47
         0.87        4475.1         1.160    Nov  8 14:43:00      1704     0.47
         0.87        4476.6         1.400    Nov  8 14:43:00      1704     0.47
         0.87        4477.8         1.290    Nov  8 14:43:01      1705     0.47
         0.87        4479.1         1.280    Nov  8 14:43:01      1705     0.47
         0.88        4480.4         1.320    Nov  8 14:43:02      1706     0.47
         0.88        4481.8         1.310    Nov  8 14:43:03      1707     0.47
         0.88        4483.1         1.320    Nov  8 14:43:03      1707     0.47
         0.88        4484.4         1.280    Nov  8 14:43:04      1708     0.47
         0.88        4485.8         1.450    Nov  8 14:43:04      1708     0.47
         0.88        4487.1         1.300    Nov  8 14:43:05      1709     0.47
         0.88        4488.5         1.360    Nov  8 14:43:06      1710     0.47
         0.88        4489.8         1.320    Nov  8 14:43:06      1710     0.47
         0.88        4491.1         1.320    Nov  8 14:43:07      1711     0.48
         0.88        4492.4         1.290    Nov  8 14:43:07      1711     0.48
         0.89        4493.7         1.330    Nov  8 14:43:08      1712     0.48
         0.89        4495.1         1.380    Nov  8 14:43:08      1712     0.48
         0.89        4496.3         1.210    Nov  8 14:43:09      1713     0.48
         0.89        4497.7         1.390    Nov  8 14:43:10      1714     0.48
         0.89        4499.0         1.270    Nov  8 14:43:10      1714     0.48
         0.89        4500.2         1.280    Nov  8 14:43:11      1715     0.48
         0.89        4501.5         1.270    Nov  8 14:43:11      1715     0.48
         0.89        4502.8         1.300    Nov  8 14:43:12      1716     0.48
         0.89        4504.1         1.300    Nov  8 14:43:12      1716     0.48
         0.89        4505.4         1.330    Nov  8 14:43:13      1717     0.48
         0.90        4506.7         1.270    Nov  8 14:43:13      1717     0.48
         0.90        4508.0         1.290    Nov  8 14:43:14      1718     0.48
         0.90        4509.3         1.290    Nov  8 14:43:15      1719     0.48
         0.90        4510.4         1.080    Nov  8 14:43:15      1719     0.48
         0.90        4511.7         1.320    Nov  8 14:43:16      1720     0.48
         0.90        4513.0         1.290    Nov  8 14:43:16      1720     0.48
         0.90        4514.3         1.340    Nov  8 14:43:17      1721     0.48
         0.90        4515.7         1.330    Nov  8 14:43:17      1721     0.48
         0.90        4516.9         1.250    Nov  8 14:43:18      1722     0.48
         0.90        4518.3         1.350    Nov  8 14:43:19      1723     0.48
         0.91        4519.6         1.380    Nov  8 14:43:19      1723     0.48
         0.91        4520.8         1.200    Nov  8 14:43:20      1724     0.48
         0.91        4522.0         1.160    Nov  8 14:43:20      1724     0.48
         0.91        4523.3         1.290    Nov  8 14:43:21      1725     0.48
         0.91        4524.6         1.340    Nov  8 14:43:21      1725     0.48
         0.91        4526.0         1.340    Nov  8 14:43:22      1726     0.48
         0.91        4527.4         1.410    Nov  8 14:43:23      1727     0.48
         0.91        4528.6         1.250    Nov  8 14:43:23      1727     0.48
         0.91        4530.0         1.420    Nov  8 14:43:24      1728     0.48
         0.91        4531.4         1.330    Nov  8 14:43:24      1728     0.48
         0.92        4532.6         1.220    Nov  8 14:43:25      1729     0.48
         0.92        4533.9         1.350    Nov  8 14:43:25      1729     0.48
         0.92        4535.3         1.330    Nov  8 14:43:26      1730     0.48
         0.92        4536.6         1.300    Nov  8 14:43:26      1730     0.48
         0.92        4537.9         1.290    Nov  8 14:43:27      1731     0.48
         0.92        4539.2         1.360    Nov  8 14:43:28      1732     0.48
         0.92        4540.6         1.370    Nov  8 14:43:28      1732     0.48
         0.92        4541.9         1.260    Nov  8 14:43:29      1733     0.48
         0.92        4543.3         1.480    Nov  8 14:43:29      1733     0.48
         0.92        4544.6         1.290    Nov  8 14:43:30      1734     0.48
         0.93        4545.6         1.010    Nov  8 14:43:30      1734     0.48
         0.93        4547.0         1.360    Nov  8 14:43:31      1735     0.48
         0.93        4548.3         1.270    Nov  8 14:43:32      1736     0.48
         0.93        4549.7         1.390    Nov  8 14:43:32      1736     0.48
         0.93        4551.0         1.330    Nov  8 14:43:33      1737     0.48
         0.93        4552.3         1.270    Nov  8 14:43:33      1737     0.48
         0.93        4553.7         1.410    Nov  8 14:43:34      1738     0.48
         0.93        4555.0         1.310    Nov  8 14:43:34      1738     0.48
         0.93        4556.3         1.360    Nov  8 14:43:35      1739     0.48
         0.93        4557.6         1.230    Nov  8 14:43:36      1740     0.48
         0.94        4558.9         1.310    Nov  8 14:43:36      1740     0.48
         0.94        4560.2         1.360    Nov  8 14:43:37      1741     0.48
         0.94        4561.5         1.270    Nov  8 14:43:37      1741     0.48
         0.94        4562.9         1.350    Nov  8 14:43:38      1742     0.48
         0.94        4564.2         1.340    Nov  8 14:43:39      1743     0.48
         0.94        4565.5         1.280    Nov  8 14:43:39      1743     0.48
         0.94        4566.8         1.360    Nov  8 14:43:40      1744     0.48
         0.94        4568.1         1.280    Nov  8 14:43:40      1744     0.48
         0.94        4569.4         1.230    Nov  8 14:43:41      1745     0.48
         0.94        4570.6         1.230    Nov  8 14:43:41      1745     0.48
         0.95        4572.0         1.460    Nov  8 14:43:42      1746     0.48
         0.95        4573.4         1.330    Nov  8 14:43:42      1746     0.48
         0.95        4574.6         1.230    Nov  8 14:43:43      1747     0.49
         0.95        4576.0         1.370    Nov  8 14:43:44      1748     0.49
         0.95        4577.3         1.320    Nov  8 14:43:44      1748     0.49
         0.95        4578.5         1.260    Nov  8 14:43:45      1749     0.49
         0.95        4579.9         1.370    Nov  8 14:43:45      1749     0.49
         0.95        4581.1         1.150    Nov  8 14:43:46      1750     0.49
         0.95        4582.3         1.220    Nov  8 14:43:46      1750     0.49
         0.95        4583.7         1.400    Nov  8 14:43:47      1751     0.49
         0.96        4585.1         1.370    Nov  8 14:43:48      1752     0.49
         0.96        4586.5         1.400    Nov  8 14:43:48      1752     0.49
         0.96        4587.7         1.260    Nov  8 14:43:49      1753     0.49
         0.96        4589.0         1.310    Nov  8 14:43:49      1753     0.49
         0.96        4590.3         1.290    Nov  8 14:43:50      1754     0.49
         0.96        4591.6         1.290    Nov  8 14:43:50      1754     0.49
         0.96        4592.9         1.260    Nov  8 14:43:51      1755     0.49
         0.96        4594.3         1.400    Nov  8 14:43:52      1756     0.49
         0.96        4595.6         1.310    Nov  8 14:43:52      1756     0.49
         0.96        4596.9         1.330    Nov  8 14:43:53      1757     0.49
         0.97        4598.2         1.340    Nov  8 14:43:53      1757     0.49
         0.97        4599.6         1.320    Nov  8 14:43:54      1758     0.49
         0.97        4601.0         1.390    Nov  8 14:43:55      1759     0.49
         0.97        4602.2         1.290    Nov  8 14:43:55      1759     0.49
         0.97        4603.6         1.300    Nov  8 14:43:56      1760     0.49
         0.97        4604.9         1.390    Nov  8 14:43:56      1760     0.49
         0.97        4606.2         1.300    Nov  8 14:43:57      1761     0.49
         0.97        4607.6         1.410    Nov  8 14:43:57      1761     0.49
         0.97        4608.9         1.300    Nov  8 14:43:58      1762     0.49
         0.97        4610.2         1.280    Nov  8 14:43:59      1763     0.49
         0.98        4611.5         1.300    Nov  8 14:43:59      1763     0.49
         0.98        4612.7         1.210    Nov  8 14:44:00      1764     0.49
         0.98        4614.1         1.360    Nov  8 14:44:00      1764     0.49
         0.98        4615.4         1.320    Nov  8 14:44:01      1765     0.49
         0.98        4616.7         1.250    Nov  8 14:44:01      1765     0.49
         0.98        4618.0         1.340    Nov  8 14:44:02      1766     0.49
         0.98        4619.3         1.250    Nov  8 14:44:02      1766     0.49
         0.98        4620.6         1.360    Nov  8 14:44:03      1767     0.49
         0.98        4622.0         1.340    Nov  8 14:44:04      1768     0.49
         0.98        4623.4         1.410    Nov  8 14:44:04      1768     0.49
         0.99        4624.7         1.290    Nov  8 14:44:05      1769     0.49
         0.99        4625.9         1.290    Nov  8 14:44:05      1769     0.49
         0.99        4627.3         1.350    Nov  8 14:44:06      1770     0.49
         0.99        4628.5         1.230    Nov  8 14:44:06      1770     0.49
         0.99        4629.8         1.300    Nov  8 14:44:07      1771     0.49
         0.99        4631.1         1.290    Nov  8 14:44:08      1772     0.49
         0.99        4632.4         1.270    Nov  8 14:44:08      1772     0.49
         0.99        4633.8         1.390    Nov  8 14:44:09      1773     0.49
         0.99        4635.0         1.230    Nov  8 14:44:09      1773     0.49
         0.99        4636.3         1.280    Nov  8 14:44:10      1774     0.49
         0.99        4637.6         1.320    Nov  8 14:44:10      1774     0.49
         1.00        4638.9         1.340    Nov  8 14:44:11      1775     0.49
         1.00        4640.3         1.380    Nov  8 14:44:12      1776     0.49
         1.00        4641.7         1.360    Nov  8 14:44:12      1776     0.49
         1.00        4643.0         1.330    Nov  8 14:44:13      1777     0.49
         1.00        4644.4         1.350    Nov  8 14:44:13      1777     0.49
