#Update-step  Updatetime     Error of A        Error of phi      Time in fs
     1 *      0.02500000     0.000000E+000     0.578657E-003        0.0000
     1        0.02500000     0.000000E+000     0.190275E-002        0.0250
     2 *      0.00625000     0.000000E+000     0.627812E-003        0.0500
     2        0.00625000     0.000000E+000     0.134533E-002        0.0563
     3 *      0.00170455     0.000000E+000     0.196082E-003        0.0625
     3        0.00170455     0.000000E+000     0.202597E-003        0.0642
     4        0.00200535     0.000000E+000     0.282996E-003        0.0659
     5 *      0.00100267     0.000000E+000     0.840974E-004        0.0679
     5        0.00100267     0.000000E+000     0.907475E-004        0.0689
     6 *      0.00083556     0.000000E+000     0.757061E-004        0.0699
     6        0.00083556     0.000000E+000     0.118413E-003        0.0708
     7        0.00123518     0.000000E+000     0.123669E-003        0.0716
     8        0.00159847     0.000000E+000     0.182298E-003        0.0728
     9        0.00182682     0.000000E+000     0.226674E-003        0.0744
    10        0.00197905     0.000000E+000     0.261577E-003        0.0763
    11        0.00197905     0.000000E+000     0.261804E-003        0.0782
    12        0.00197905     0.000000E+000     0.260405E-003        0.0802
    13        0.00197905     0.000000E+000     0.256493E-003        0.0822
    14        0.00197905     0.000000E+000     0.250068E-003        0.0842
    15        0.00197905     0.000000E+000     0.243237E-003        0.0861
    16        0.00197905     0.000000E+000     0.235447E-003        0.0881
    17        0.00197905     0.000000E+000     0.230183E-003        0.0901
    18        0.00197905     0.000000E+000     0.229818E-003        0.0921
    19        0.00197905     0.000000E+000     0.238042E-003        0.0941
    20        0.00197905     0.000000E+000     0.265515E-003        0.0960
    21 *      0.00098953     0.000000E+000     0.907132E-004        0.0980
    21        0.00098953     0.000000E+000     0.990659E-004        0.0990
    22        0.00158730     0.000000E+000     0.260733E-003        0.1000
    23 *      0.00082011     0.000000E+000     0.805433E-004        0.1016
    23        0.00082011     0.000000E+000     0.763248E-004        0.1024
    24        0.00146625     0.000000E+000     0.240758E-003        0.1032
    25        0.00156240     0.000000E+000     0.255342E-003        0.1047
    26 *      0.00080814     0.000000E+000     0.139370E-003        0.1063
    26        0.00080814     0.000000E+000     0.361235E-004        0.1071
    27        0.00188015     0.000000E+000     0.141642E-003        0.1079
    28        0.00243912     0.000000E+000     0.186194E-003        0.1098
    29        0.00283253     0.000000E+000     0.213846E-003        0.1122
    30        0.00314725     0.000000E+000     0.233514E-003        0.1150
    31        0.00327314     0.000000E+000     0.229767E-003        0.1182
    32        0.00341545     0.000000E+000     0.230636E-003        0.1214
    33        0.00357809     0.000000E+000     0.235900E-003        0.1249
    34        0.00376641     0.000000E+000     0.246359E-003        0.1284
    35        0.00376641     0.000000E+000     0.240057E-003        0.1322
    36 *      0.00200091     0.000000E+000     0.761180E-004        0.1360
    36        0.00200091     0.000000E+000     0.754018E-004        0.1380
    37        0.00353101     0.000000E+000     0.205800E-003        0.1400
    38        0.00376641     0.000000E+000     0.219526E-003        0.1435
    39        0.00405614     0.000000E+000     0.241768E-003        0.1473
    40        0.00405614     0.000000E+000     0.236459E-003        0.1513
    41        0.00405614     0.000000E+000     0.233507E-003        0.1554
    42        0.00405614     0.000000E+000     0.230866E-003        0.1594
    43 *      0.00202807     0.000000E+000     0.769314E-004        0.1635
    43        0.00202807     0.000000E+000     0.658525E-004        0.1655
    44        0.00360545     0.000000E+000     0.174129E-003        0.1676
    45        0.00412052     0.000000E+000     0.223634E-003        0.1712
    46 *      0.00206026     0.000000E+000     0.996112E-004        0.1753
    46        0.00206026     0.000000E+000     0.150170E-003        0.1773
    47 *      0.00128766     0.000000E+000     0.919220E-004        0.1794
    47        0.00128766     0.000000E+000     0.102382E-003        0.1807
    48        0.00200303     0.000000E+000     0.233502E-003        0.1820
    49        0.00200303     0.000000E+000     0.224850E-003        0.1840
    50        0.00200303     0.000000E+000     0.209940E-003        0.1860
    51        0.00200303     0.000000E+000     0.196069E-003        0.1880
    52        0.00200303     0.000000E+000     0.184286E-003        0.1900
    53        0.00200303     0.000000E+000     0.175895E-003        0.1920
    54        0.00200303     0.000000E+000     0.171512E-003        0.1940
    55        0.00200303     0.000000E+000     0.171261E-003        0.1960
    56        0.00200303     0.000000E+000     0.170136E-003        0.1980
    57        0.00238095     0.000000E+000     0.222836E-003        0.2000
    58 *      0.00128446     0.000000E+000     0.848933E-004        0.2024
    58        0.00128446     0.000000E+000     0.469660E-003        0.2037
    59        0.00111824     0.000000E+000     0.666465E-004        0.2049
    60        0.00187864     0.000000E+000     0.158885E-003        0.2061
    61        0.00230133     0.000000E+000     0.209591E-003        0.2079
    62 *      0.00128217     0.000000E+000     0.870055E-004        0.2102
    62        0.00128217     0.000000E+000     0.830800E-004        0.2115
    63        0.00217969     0.000000E+000     0.189380E-003        0.2128
    64        0.00250023     0.000000E+000     0.210071E-003        0.2150
    65        0.00275026     0.000000E+000     0.222614E-003        0.2175
    66        0.00295398     0.000000E+000     0.230148E-003        0.2202
    67        0.00320014     0.000000E+000     0.243258E-003        0.2232
    68        0.00334560     0.000000E+000     0.239309E-003        0.2264
    69 *      0.00175644     0.000000E+000     0.102963E-003        0.2297
    69        0.00175644     0.000000E+000     0.437455E-003        0.2315
    70        0.00155220     0.000000E+000     0.179271E-003        0.2333
    71        0.00181091     0.000000E+000     0.113469E-003        0.2348
    72        0.00253527     0.000000E+000     0.173472E-003        0.2366
    73        0.00304232     0.000000E+000     0.239223E-003        0.2392
    74        0.00321134     0.000000E+000     0.271209E-003        0.2422
    75 *      0.00160567     0.000000E+000     0.772432E-004        0.2454
    75        0.00160567     0.000000E+000     0.775287E-004        0.2470
    76        0.00285452     0.000000E+000     0.218048E-003        0.2486
    77        0.00303293     0.000000E+000     0.207223E-003        0.2515
    78        0.00324957     0.000000E+000     0.171458E-003        0.2545
    79        0.00384040     0.000000E+000     0.150373E-003        0.2578
    80        0.00480050     0.000000E+000     0.134662E-003        0.2616
    81        0.00560058     0.000000E+000     0.102257E-003        0.2664
    82        0.00700073     0.000000E+000     0.916076E-004        0.2720
    83        0.01050109     0.000000E+000     0.114548E-003        0.2790
    84 *      0.00525055     0.000000E+000     0.109411E-003        0.2895
    84        0.00525055     0.000000E+000     0.586484E-003        0.2947
    85        0.00416667     0.000000E+000     0.415769E-004        0.3000
    86 *      0.00399306     0.000000E+000     0.958936E-004        0.3042
    86        0.00399306     0.000000E+000     0.553566E-003        0.3082
    87 *      0.00162680     0.000000E+000     0.262513E-003        0.3122
    87        0.00162680     0.000000E+000     0.215466E-003        0.3138
    88        0.00192258     0.000000E+000     0.242565E-003        0.3154
    89        0.00201637     0.000000E+000     0.219762E-003        0.3173
    90        0.00217986     0.000000E+000     0.213387E-003        0.3193
    91        0.00237802     0.000000E+000     0.213154E-003        0.3215
    92        0.00262403     0.000000E+000     0.220031E-003        0.3239
    93        0.00282588     0.000000E+000     0.219801E-003        0.3265
    94        0.00307160     0.000000E+000     0.226165E-003        0.3294
    95        0.00321787     0.000000E+000     0.219647E-003        0.3324
    96        0.00338723     0.000000E+000     0.217420E-003        0.3356
    97        0.00358648     0.000000E+000     0.219086E-003        0.3390
    98        0.00382558     0.000000E+000     0.224717E-003        0.3426
    99        0.00411986     0.000000E+000     0.234930E-003        0.3464
   100        0.00411986     0.000000E+000     0.214072E-003        0.3506
   101        0.00453184     0.000000E+000     0.233318E-003        0.3547
   102        0.00453184     0.000000E+000     0.212124E-003        0.3592
   103        0.00453184     0.000000E+000     0.193042E-003        0.3637
   104        0.00453184     0.000000E+000     0.175547E-003        0.3683
   105        0.00543821     0.000000E+000     0.222403E-003        0.3728
   106        0.00543821     0.000000E+000     0.197289E-003        0.3782
   107        0.00543821     0.000000E+000     0.174149E-003        0.3837
   108        0.00543821     0.000000E+000     0.153178E-003        0.3891
   109        0.00543821     0.000000E+000     0.134775E-003        0.3946
   110        0.00714286     0.000000E+000     0.193843E-003        0.4000
   111        0.00773810     0.000000E+000     0.190813E-003        0.4071
   112        0.00851190     0.000000E+000     0.190485E-003        0.4149
   113        0.00957589     0.000000E+000     0.190977E-003        0.4234
   114        0.00957589     0.000000E+000     0.148935E-003        0.4330
   115        0.01149107     0.000000E+000     0.146471E-003        0.4425
   116        0.01149107     0.000000E+000     0.969174E-004        0.4540
   117        0.01149107     0.000000E+000     0.612258E-004        0.4655
   118        0.01149107     0.000000E+000     0.373869E-004        0.4770
   119        0.01149107     0.000000E+000     0.222243E-004        0.4885
   120        0.02500000     0.000000E+000     0.378070E-004        0.5000
   121        0.03750000     0.000000E+000     0.230839E-004        0.5250
   122        0.03750000     0.000000E+000     0.750045E-005        0.5625
   123        0.10000000     0.000000E+000     0.987332E-005        0.6000
   124        0.10000000     0.000000E+000     0.158467E-005        0.7000
   125        0.10000000     0.000000E+000     0.100281E-006        0.8000
   126        0.10000000     0.000000E+000     0.696337E-008        0.9000
