#    Start: ------ Host: "mendez-famaf" ----------Thu Sep 29 18:32:23 2022

#    Time[fs]   CPU-time[s]     Delta-CPU    Real time        RealT[s]     [h]
#       -0.00           9.2                  Sep 29 18:32:32         0     0.00
         0.00          44.3        35.070    Sep 29 18:32:53        21     0.01
         0.00          97.8        53.470    Sep 29 18:33:26        54     0.01
         0.00         146.6        48.800    Sep 29 18:33:56        84     0.02
         0.00         193.3        46.720    Sep 29 18:34:24       112     0.03
         0.00         238.5        45.190    Sep 29 18:34:52       140     0.04
         0.01         281.3        42.830    Sep 29 18:35:18       166     0.05
         0.01         322.4        41.070    Sep 29 18:35:44       192     0.05
         0.01         362.0        39.590    Sep 29 18:36:08       216     0.06
         0.01         399.6        37.650    Sep 29 18:36:31       239     0.07
         0.01         436.0        36.430    Sep 29 18:36:53       261     0.07
         0.01         471.1        35.100    Sep 29 18:37:15       283     0.08
         0.01         504.2        33.080    Sep 29 18:37:35       303     0.08
         0.01         536.0        31.780    Sep 29 18:37:54       322     0.09
         0.01         566.4        30.400    Sep 29 18:38:13       341     0.09
         0.01         596.2        29.770    Sep 29 18:38:31       359     0.10
         0.02         624.8        28.590    Sep 29 18:38:49       377     0.10
         0.02         652.0        27.270    Sep 29 18:39:06       394     0.11
         0.02         678.6        26.540    Sep 29 18:39:22       410     0.11
         0.02         704.6        26.060    Sep 29 18:39:38       426     0.12
         0.02         729.3        24.670    Sep 29 18:39:53       441     0.12
         0.02         753.3        24.000    Sep 29 18:40:08       456     0.13
         0.02         776.1        22.750    Sep 29 18:40:22       470     0.13
         0.02         798.2        22.180    Sep 29 18:40:36       484     0.13
         0.02         819.9        21.640    Sep 29 18:40:49       497     0.14
         0.02         841.1        21.200    Sep 29 18:41:02       510     0.14
         0.02         861.5        20.410    Sep 29 18:41:15       523     0.15
         0.03         881.2        19.720    Sep 29 18:41:27       535     0.15
         0.03         900.1        18.920    Sep 29 18:41:38       546     0.15
         0.03         918.5        18.390    Sep 29 18:41:49       557     0.15
         0.03         936.1        17.600    Sep 29 18:42:00       568     0.16
         0.03         953.1        16.950    Sep 29 18:42:11       579     0.16
         0.03         969.6        16.570    Sep 29 18:42:21       589     0.16
         0.03         986.2        16.520    Sep 29 18:42:31       599     0.17
         0.03        1002.3        16.110    Sep 29 18:42:41       609     0.17
         0.03        1017.3        15.020    Sep 29 18:42:50       618     0.17
         0.04        1032.2        14.920    Sep 29 18:43:00       628     0.17
         0.04        1046.5        14.330    Sep 29 18:43:08       636     0.18
         0.04        1060.9        14.410    Sep 29 18:43:17       645     0.18
         0.04        1074.6        13.660    Sep 29 18:43:26       654     0.18
         0.04        1088.0        13.380    Sep 29 18:43:34       662     0.18
         0.04        1101.2        13.180    Sep 29 18:43:42       670     0.19
         0.04        1113.6        12.450    Sep 29 18:43:50       678     0.19
         0.04        1126.1        12.480    Sep 29 18:43:57       685     0.19
         0.04        1137.8        11.740    Sep 29 18:44:04       692     0.19
         0.04        1149.5        11.710    Sep 29 18:44:12       700     0.19
         0.05        1160.6        11.080    Sep 29 18:44:18       706     0.20
         0.05        1172.1        11.450    Sep 29 18:44:26       714     0.20
         0.05        1182.5        10.410    Sep 29 18:44:32       720     0.20
         0.05        1192.9        10.400    Sep 29 18:44:39       727     0.20
         0.05        1203.5        10.570    Sep 29 18:44:45       733     0.20
         0.05        1213.2         9.770    Sep 29 18:44:51       739     0.21
         0.05        1223.0         9.730    Sep 29 18:44:57       745     0.21
         0.05        1232.7         9.770    Sep 29 18:45:03       751     0.21
         0.05        1242.0         9.240    Sep 29 18:45:09       757     0.21
         0.05        1251.2         9.280    Sep 29 18:45:15       763     0.21
         0.06        1260.7         9.460    Sep 29 18:45:21       769     0.21
         0.06        1269.2         8.470    Sep 29 18:45:26       774     0.21
         0.06        1277.7         8.500    Sep 29 18:45:31       779     0.22
         0.06        1286.1         8.450    Sep 29 18:45:36       784     0.22
         0.06        1293.9         7.820    Sep 29 18:45:41       789     0.22
         0.06        1301.9         7.910    Sep 29 18:45:46       794     0.22
         0.06        1309.5         7.700    Sep 29 18:45:51       799     0.22
         0.06        1317.2         7.670    Sep 29 18:45:56       804     0.22
         0.06        1324.2         7.000    Sep 29 18:46:00       808     0.22
         0.06        1331.2         6.950    Sep 29 18:46:04       812     0.23
         0.07        1338.1         6.950    Sep 29 18:46:08       816     0.23
         0.07        1345.1         6.970    Sep 29 18:46:13       821     0.23
         0.07        1352.3         7.200    Sep 29 18:46:17       825     0.23
         0.07        1358.7         6.360    Sep 29 18:46:21       829     0.23
         0.07        1365.0         6.370    Sep 29 18:46:25       833     0.23
         0.07        1371.3         6.330    Sep 29 18:46:29       837     0.23
         0.07        1377.7         6.390    Sep 29 18:46:33       841     0.23
         0.07        1384.1         6.370    Sep 29 18:46:37       845     0.23
         0.07        1389.8         5.710    Sep 29 18:46:40       848     0.24
         0.07        1395.6         5.810    Sep 29 18:46:44       852     0.24
         0.08        1401.5         5.880    Sep 29 18:46:48       856     0.24
         0.08        1407.7         6.140    Sep 29 18:46:52       860     0.24
         0.08        1413.5         5.800    Sep 29 18:46:55       863     0.24
         0.08        1419.2         5.720    Sep 29 18:46:59       867     0.24
         0.08        1424.4         5.190    Sep 29 18:47:02       870     0.24
         0.08        1429.6         5.210    Sep 29 18:47:05       873     0.24
         0.08        1434.7         5.110    Sep 29 18:47:08       876     0.24
         0.08        1439.8         5.140    Sep 29 18:47:11       879     0.24
         0.08        1444.9         5.060    Sep 29 18:47:15       883     0.25
         0.08        1450.0         5.120    Sep 29 18:47:18       886     0.25
         0.09        1455.1         5.100    Sep 29 18:47:21       889     0.25
         0.09        1459.6         4.460    Sep 29 18:47:24       892     0.25
         0.09        1464.0         4.420    Sep 29 18:47:26       894     0.25
         0.09        1468.4         4.420    Sep 29 18:47:29       897     0.25
         0.09        1472.8         4.420    Sep 29 18:47:32       900     0.25
         0.09        1477.3         4.440    Sep 29 18:47:35       903     0.25
         0.09        1481.8         4.560    Sep 29 18:47:37       905     0.25
         0.09        1486.2         4.410    Sep 29 18:47:40       908     0.25
         0.09        1490.7         4.420    Sep 29 18:47:43       911     0.25
         0.09        1494.4         3.790    Sep 29 18:47:45       913     0.25
         0.10        1498.3         3.820    Sep 29 18:47:47       915     0.25
         0.10        1502.1         3.800    Sep 29 18:47:50       918     0.26
         0.10        1505.9         3.790    Sep 29 18:47:52       920     0.26
         0.10        1509.6         3.790    Sep 29 18:47:54       922     0.26
         0.10        1513.5         3.860    Sep 29 18:47:57       925     0.26
         0.10        1517.3         3.820    Sep 29 18:47:59       927     0.26
         0.10        1521.1         3.800    Sep 29 18:48:01       929     0.26
         0.10        1524.9         3.820    Sep 29 18:48:04       932     0.26
         0.10        1528.8         3.880    Sep 29 18:48:06       934     0.26
         0.10        1532.1         3.270    Sep 29 18:48:08       936     0.26
         0.11        1535.3         3.180    Sep 29 18:48:10       938     0.26
         0.11        1538.4         3.160    Sep 29 18:48:12       940     0.26
         0.11        1541.6         3.170    Sep 29 18:48:14       942     0.26
         0.11        1544.8         3.160    Sep 29 18:48:16       944     0.26
         0.11        1547.9         3.170    Sep 29 18:48:18       946     0.26
         0.11        1551.1         3.160    Sep 29 18:48:20       948     0.26
         0.11        1554.2         3.160    Sep 29 18:48:22       950     0.26
         0.11        1557.4         3.160    Sep 29 18:48:24       952     0.26
         0.11        1560.6         3.160    Sep 29 18:48:26       954     0.27
         0.11        1563.7         3.150    Sep 29 18:48:28       956     0.27
         0.12        1566.9         3.170    Sep 29 18:48:30       958     0.27
         0.12        1570.0         3.160    Sep 29 18:48:32       960     0.27
         0.12        1573.2         3.150    Sep 29 18:48:33       961     0.27
         0.12        1575.7         2.530    Sep 29 18:48:35       963     0.27
         0.12        1578.3         2.530    Sep 29 18:48:37       965     0.27
         0.12        1580.8         2.530    Sep 29 18:48:38       966     0.27
         0.12        1583.3         2.530    Sep 29 18:48:40       968     0.27
         0.12        1585.9         2.540    Sep 29 18:48:41       969     0.27
         0.12        1588.4         2.530    Sep 29 18:48:43       971     0.27
         0.12        1590.9         2.530    Sep 29 18:48:44       972     0.27
         0.13        1593.5         2.530    Sep 29 18:48:46       974     0.27
         0.13        1596.1         2.630    Sep 29 18:48:48       976     0.27
         0.13        1598.6         2.550    Sep 29 18:48:49       977     0.27
         0.13        1601.2         2.620    Sep 29 18:48:51       979     0.27
         0.13        1603.8         2.530    Sep 29 18:48:52       980     0.27
         0.13        1606.3         2.540    Sep 29 18:48:54       982     0.27
         0.13        1608.9         2.550    Sep 29 18:48:56       984     0.27
         0.13        1611.4         2.530    Sep 29 18:48:57       985     0.27
         0.13        1613.9         2.530    Sep 29 18:48:59       987     0.27
         0.13        1616.5         2.520    Sep 29 18:49:00       988     0.27
         0.14        1619.0         2.530    Sep 29 18:49:02       990     0.28
         0.14        1620.9         1.910    Sep 29 18:49:03       991     0.28
         0.14        1622.8         1.900    Sep 29 18:49:04       992     0.28
         0.14        1624.7         1.920    Sep 29 18:49:05       993     0.28
         0.14        1626.6         1.930    Sep 29 18:49:07       995     0.28
         0.14        1628.6         1.920    Sep 29 18:49:08       996     0.28
         0.14        1630.5         1.910    Sep 29 18:49:09       997     0.28
         0.14        1632.4         1.900    Sep 29 18:49:10       998     0.28
         0.14        1634.3         1.910    Sep 29 18:49:11       999     0.28
         0.14        1636.2         1.910    Sep 29 18:49:12      1000     0.28
         0.15        1638.1         1.900    Sep 29 18:49:14      1002     0.28
         0.15        1640.0         1.910    Sep 29 18:49:15      1003     0.28
         0.15        1641.9         1.920    Sep 29 18:49:16      1004     0.28
         0.15        1643.9         1.940    Sep 29 18:49:17      1005     0.28
         0.15        1645.8         1.900    Sep 29 18:49:18      1006     0.28
         0.15        1647.7         1.920    Sep 29 18:49:19      1007     0.28
         0.15        1649.6         1.900    Sep 29 18:49:21      1009     0.28
         0.15        1651.5         1.910    Sep 29 18:49:22      1010     0.28
         0.15        1653.4         1.910    Sep 29 18:49:23      1011     0.28
         0.15        1655.3         1.900    Sep 29 18:49:24      1012     0.28
         0.16        1657.2         1.920    Sep 29 18:49:25      1013     0.28
         0.16        1659.2         1.940    Sep 29 18:49:27      1015     0.28
         0.16        1661.1         1.940    Sep 29 18:49:28      1016     0.28
         0.16        1663.1         2.020    Sep 29 18:49:29      1017     0.28
         0.16        1665.1         2.010    Sep 29 18:49:30      1018     0.28
         0.16        1667.0         1.910    Sep 29 18:49:31      1019     0.28
         0.16        1668.9         1.900    Sep 29 18:49:33      1021     0.28
         0.16        1670.8         1.890    Sep 29 18:49:34      1022     0.28
         0.16        1672.8         1.940    Sep 29 18:49:35      1023     0.28
         0.16        1674.7         1.930    Sep 29 18:49:36      1024     0.28
         0.17        1676.6         1.930    Sep 29 18:49:37      1025     0.28
         0.17        1678.5         1.920    Sep 29 18:49:39      1027     0.29
         0.17        1679.8         1.300    Sep 29 18:49:39      1027     0.29
         0.17        1681.2         1.300    Sep 29 18:49:40      1028     0.29
         0.17        1682.5         1.310    Sep 29 18:49:41      1029     0.29
         0.17        1683.8         1.300    Sep 29 18:49:42      1030     0.29
         0.17        1685.1         1.320    Sep 29 18:49:43      1031     0.29
         0.17        1686.4         1.290    Sep 29 18:49:43      1031     0.29
         0.17        1687.7         1.290    Sep 29 18:49:44      1032     0.29
         0.17        1688.9         1.270    Sep 29 18:49:45      1033     0.29
         0.18        1690.2         1.280    Sep 29 18:49:46      1034     0.29
         0.18        1691.5         1.290    Sep 29 18:49:47      1035     0.29
         0.18        1692.8         1.260    Sep 29 18:49:48      1036     0.29
         0.18        1694.0         1.260    Sep 29 18:49:48      1036     0.29
         0.18        1695.2         1.230    Sep 29 18:49:49      1037     0.29
         0.18        1696.5         1.260    Sep 29 18:49:50      1038     0.29
         0.18        1697.8         1.270    Sep 29 18:49:51      1039     0.29
         0.18        1699.1         1.280    Sep 29 18:49:51      1039     0.29
         0.18        1700.3         1.280    Sep 29 18:49:52      1040     0.29
         0.18        1701.6         1.260    Sep 29 18:49:53      1041     0.29
         0.19        1702.9         1.280    Sep 29 18:49:54      1042     0.29
         0.19        1704.1         1.270    Sep 29 18:49:55      1043     0.29
         0.19        1705.4         1.270    Sep 29 18:49:55      1043     0.29
         0.19        1706.8         1.370    Sep 29 18:49:56      1044     0.29
         0.19        1708.1         1.270    Sep 29 18:49:57      1045     0.29
         0.19        1709.3         1.280    Sep 29 18:49:58      1046     0.29
         0.19        1710.6         1.270    Sep 29 18:49:59      1047     0.29
         0.19        1711.9         1.270    Sep 29 18:49:59      1047     0.29
         0.19        1713.2         1.280    Sep 29 18:50:00      1048     0.29
         0.19        1714.4         1.290    Sep 29 18:50:01      1049     0.29
         0.20        1715.7         1.250    Sep 29 18:50:02      1050     0.29
         0.20        1717.0         1.290    Sep 29 18:50:03      1051     0.29
         0.20        1718.2         1.260    Sep 29 18:50:03      1051     0.29
         0.20        1719.5         1.280    Sep 29 18:50:04      1052     0.29
         0.20        1720.8         1.270    Sep 29 18:50:05      1053     0.29
         0.20        1722.1         1.280    Sep 29 18:50:06      1054     0.29
         0.20        1723.4         1.290    Sep 29 18:50:07      1055     0.29
         0.20        1724.7         1.300    Sep 29 18:50:07      1055     0.29
         0.20        1726.0         1.290    Sep 29 18:50:08      1056     0.29
         0.20        1727.2         1.290    Sep 29 18:50:09      1057     0.29
         0.21        1728.5         1.280    Sep 29 18:50:10      1058     0.29
         0.21        1729.8         1.290    Sep 29 18:50:11      1059     0.29
         0.21        1731.1         1.280    Sep 29 18:50:11      1059     0.29
         0.21        1732.4         1.280    Sep 29 18:50:12      1060     0.29
         0.21        1733.6         1.260    Sep 29 18:50:13      1061     0.29
         0.21        1734.9         1.270    Sep 29 18:50:14      1062     0.29
         0.21        1736.2         1.280    Sep 29 18:50:14      1062     0.29
         0.21        1737.5         1.260    Sep 29 18:50:15      1063     0.30
         0.21        1738.7         1.270    Sep 29 18:50:16      1064     0.30
         0.21        1740.0         1.280    Sep 29 18:50:17      1065     0.30
         0.22        1741.3         1.260    Sep 29 18:50:18      1066     0.30
         0.22        1742.5         1.280    Sep 29 18:50:18      1066     0.30
         0.22        1743.8         1.270    Sep 29 18:50:19      1067     0.30
         0.22        1745.1         1.260    Sep 29 18:50:20      1068     0.30
         0.22        1746.3         1.280    Sep 29 18:50:21      1069     0.30
         0.22        1747.6         1.260    Sep 29 18:50:22      1070     0.30
         0.22        1748.9         1.270    Sep 29 18:50:22      1070     0.30
         0.22        1750.1         1.270    Sep 29 18:50:23      1071     0.30
         0.22        1751.4         1.280    Sep 29 18:50:24      1072     0.30
         0.22        1752.7         1.270    Sep 29 18:50:25      1073     0.30
         0.23        1754.0         1.290    Sep 29 18:50:26      1074     0.30
         0.23        1755.4         1.370    Sep 29 18:50:26      1074     0.30
         0.23        1756.7         1.300    Sep 29 18:50:27      1075     0.30
         0.23        1757.9         1.270    Sep 29 18:50:28      1076     0.30
         0.23        1759.2         1.270    Sep 29 18:50:29      1077     0.30
         0.23        1760.5         1.320    Sep 29 18:50:30      1078     0.30
         0.23        1761.8         1.300    Sep 29 18:50:30      1078     0.30
         0.23        1763.2         1.330    Sep 29 18:50:31      1079     0.30
         0.23        1764.4         1.270    Sep 29 18:50:32      1080     0.30
         0.23        1765.7         1.280    Sep 29 18:50:33      1081     0.30
         0.24        1767.0         1.280    Sep 29 18:50:34      1082     0.30
         0.24        1768.2         1.270    Sep 29 18:50:34      1082     0.30
         0.24        1769.5         1.270    Sep 29 18:50:35      1083     0.30
         0.24        1770.8         1.290    Sep 29 18:50:36      1084     0.30
         0.24        1772.1         1.280    Sep 29 18:50:37      1085     0.30
         0.24        1773.4         1.270    Sep 29 18:50:37      1085     0.30
         0.24        1774.6         1.280    Sep 29 18:50:38      1086     0.30
         0.24        1775.9         1.270    Sep 29 18:50:39      1087     0.30
         0.24        1777.2         1.290    Sep 29 18:50:40      1088     0.30
         0.24        1778.5         1.280    Sep 29 18:50:41      1089     0.30
         0.25        1779.8         1.360    Sep 29 18:50:42      1090     0.30
         0.25        1781.1         1.280    Sep 29 18:50:42      1090     0.30
         0.25        1782.4         1.290    Sep 29 18:50:43      1091     0.30
         0.25        1783.7         1.290    Sep 29 18:50:44      1092     0.30
         0.25        1784.4         0.660    Sep 29 18:50:44      1092     0.30
         0.25        1785.2         0.860    Sep 29 18:50:45      1093     0.30
         0.25        1785.9         0.650    Sep 29 18:50:45      1093     0.30
         0.25        1786.7         0.820    Sep 29 18:50:46      1094     0.30
         0.25        1787.4         0.750    Sep 29 18:50:46      1094     0.30
         0.25        1788.2         0.750    Sep 29 18:50:47      1095     0.30
         0.26        1789.0         0.780    Sep 29 18:50:47      1095     0.30
         0.26        1789.8         0.780    Sep 29 18:50:48      1096     0.30
         0.26        1790.5         0.760    Sep 29 18:50:48      1096     0.30
         0.26        1791.3         0.750    Sep 29 18:50:49      1097     0.30
         0.26        1792.0         0.780    Sep 29 18:50:50      1098     0.30
         0.26        1792.8         0.730    Sep 29 18:50:50      1098     0.30
         0.26        1793.5         0.750    Sep 29 18:50:51      1099     0.31
         0.26        1794.3         0.770    Sep 29 18:50:51      1099     0.31
         0.26        1795.0         0.740    Sep 29 18:50:51      1099     0.31
         0.26        1795.8         0.750    Sep 29 18:50:52      1100     0.31
         0.27        1796.5         0.720    Sep 29 18:50:52      1100     0.31
         0.27        1797.2         0.720    Sep 29 18:50:53      1101     0.31
         0.27        1798.0         0.760    Sep 29 18:50:53      1101     0.31
         0.27        1798.7         0.710    Sep 29 18:50:54      1102     0.31
         0.27        1799.5         0.760    Sep 29 18:50:54      1102     0.31
         0.27        1800.2         0.710    Sep 29 18:50:55      1103     0.31
         0.27        1800.9         0.730    Sep 29 18:50:55      1103     0.31
         0.27        1801.7         0.820    Sep 29 18:50:56      1104     0.31
         0.27        1802.4         0.720    Sep 29 18:50:56      1104     0.31
         0.27        1803.2         0.760    Sep 29 18:50:57      1105     0.31
         0.28        1803.9         0.710    Sep 29 18:50:57      1105     0.31
         0.28        1804.6         0.730    Sep 29 18:50:58      1106     0.31
         0.28        1805.4         0.750    Sep 29 18:50:58      1106     0.31
         0.28        1806.1         0.730    Sep 29 18:50:59      1107     0.31
         0.28        1806.9         0.760    Sep 29 18:50:59      1107     0.31
         0.28        1807.6         0.720    Sep 29 18:51:00      1108     0.31
         0.28        1808.3         0.720    Sep 29 18:51:00      1108     0.31
         0.28        1809.1         0.760    Sep 29 18:51:01      1109     0.31
         0.28        1809.8         0.730    Sep 29 18:51:01      1109     0.31
         0.28        1810.5         0.750    Sep 29 18:51:02      1110     0.31
         0.29        1811.3         0.720    Sep 29 18:51:02      1110     0.31
         0.29        1812.0         0.720    Sep 29 18:51:03      1111     0.31
         0.29        1812.7         0.750    Sep 29 18:51:03      1111     0.31
         0.29        1813.5         0.730    Sep 29 18:51:04      1112     0.31
         0.29        1814.2         0.750    Sep 29 18:51:04      1112     0.31
         0.29        1814.9         0.720    Sep 29 18:51:05      1113     0.31
         0.29        1815.7         0.720    Sep 29 18:51:05      1113     0.31
         0.29        1816.4         0.720    Sep 29 18:51:06      1114     0.31
         0.29        1817.1         0.740    Sep 29 18:51:06      1114     0.31
         0.29        1817.9         0.760    Sep 29 18:51:07      1115     0.31
         0.30        1818.7         0.810    Sep 29 18:51:07      1115     0.31
         0.30        1819.4         0.730    Sep 29 18:51:08      1116     0.31
         0.30        1820.8         1.350    Sep 29 18:51:09      1117     0.31
         0.30        1823.2         2.410    Sep 29 18:51:10      1118     0.31
         0.30        1825.1         1.960    Sep 29 18:51:11      1119     0.31
         0.30        1827.1         1.950    Sep 29 18:51:13      1121     0.31
         0.30        1829.0         1.950    Sep 29 18:51:14      1122     0.31
         0.30        1830.9         1.900    Sep 29 18:51:15      1123     0.31
         0.30        1832.8         1.890    Sep 29 18:51:16      1124     0.31
         0.30        1834.1         1.250    Sep 29 18:51:17      1125     0.31
         0.31        1835.4         1.280    Sep 29 18:51:18      1126     0.31
         0.31        1836.6         1.270    Sep 29 18:51:19      1127     0.31
         0.31        1837.9         1.260    Sep 29 18:51:19      1127     0.31
         0.31        1839.1         1.250    Sep 29 18:51:20      1128     0.31
         0.31        1839.8         0.640    Sep 29 18:51:20      1128     0.31
         0.31        1840.5         0.750    Sep 29 18:51:21      1129     0.31
         0.31        1841.3         0.740    Sep 29 18:51:21      1129     0.31
         0.31        1842.0         0.720    Sep 29 18:51:22      1130     0.31
         0.31        1842.7         0.710    Sep 29 18:51:22      1130     0.31
         0.31        1843.4         0.720    Sep 29 18:51:23      1131     0.31
         0.32        1844.1         0.720    Sep 29 18:51:23      1131     0.31
         0.32        1844.8         0.670    Sep 29 18:51:24      1132     0.31
         0.32        1845.6         0.810    Sep 29 18:51:24      1132     0.31
         0.32        1846.3         0.710    Sep 29 18:51:25      1133     0.31
         0.32        1847.0         0.670    Sep 29 18:51:25      1133     0.31
         0.32        1847.8         0.760    Sep 29 18:51:26      1134     0.32
         0.32        1848.5         0.730    Sep 29 18:51:26      1134     0.32
         0.32        1849.2         0.740    Sep 29 18:51:27      1135     0.32
         0.32        1850.0         0.740    Sep 29 18:51:27      1135     0.32
         0.32        1850.7         0.690    Sep 29 18:51:28      1136     0.32
         0.33        1851.4         0.750    Sep 29 18:51:28      1136     0.32
         0.33        1852.1         0.730    Sep 29 18:51:29      1137     0.32
         0.33        1852.9         0.740    Sep 29 18:51:29      1137     0.32
         0.33        1853.6         0.720    Sep 29 18:51:30      1138     0.32
         0.33        1854.3         0.730    Sep 29 18:51:30      1138     0.32
         0.33        1855.1         0.730    Sep 29 18:51:31      1139     0.32
         0.33        1855.8         0.730    Sep 29 18:51:31      1139     0.32
         0.33        1856.5         0.720    Sep 29 18:51:32      1140     0.32
         0.33        1857.2         0.710    Sep 29 18:51:32      1140     0.32
         0.33        1857.9         0.720    Sep 29 18:51:33      1141     0.32
         0.34        1858.7         0.720    Sep 29 18:51:33      1141     0.32
         0.34        1859.4         0.720    Sep 29 18:51:34      1142     0.32
         0.34        1860.1         0.750    Sep 29 18:51:34      1142     0.32
         0.34        1860.8         0.720    Sep 29 18:51:35      1143     0.32
         0.34        1861.6         0.760    Sep 29 18:51:35      1143     0.32
         0.34        1862.3         0.710    Sep 29 18:51:36      1144     0.32
         0.34        1863.0         0.720    Sep 29 18:51:36      1144     0.32
         0.34        1863.8         0.760    Sep 29 18:51:37      1145     0.32
         0.34        1864.5         0.720    Sep 29 18:51:37      1145     0.32
         0.34        1865.3         0.750    Sep 29 18:51:38      1146     0.32
         0.35        1866.0         0.750    Sep 29 18:51:38      1146     0.32
         0.35        1866.8         0.740    Sep 29 18:51:39      1147     0.32
         0.35        1867.5         0.740    Sep 29 18:51:39      1147     0.32
         0.35        1868.2         0.700    Sep 29 18:51:40      1148     0.32
         0.35        1868.9         0.740    Sep 29 18:51:40      1148     0.32
         0.35        1869.6         0.700    Sep 29 18:51:41      1149     0.32
         0.35        1870.3         0.710    Sep 29 18:51:41      1149     0.32
         0.35        1871.1         0.740    Sep 29 18:51:42      1150     0.32
         0.35        1871.8         0.700    Sep 29 18:51:42      1150     0.32
         0.35        1872.5         0.730    Sep 29 18:51:43      1151     0.32
         0.36        1873.2         0.710    Sep 29 18:51:43      1151     0.32
         0.36        1873.9         0.700    Sep 29 18:51:43      1151     0.32
         0.36        1874.7         0.760    Sep 29 18:51:44      1152     0.32
         0.36        1875.4         0.720    Sep 29 18:51:44      1152     0.32
         0.36        1876.2         0.760    Sep 29 18:51:45      1153     0.32
         0.36        1876.9         0.720    Sep 29 18:51:45      1153     0.32
         0.36        1877.6         0.710    Sep 29 18:51:46      1154     0.32
         0.36        1878.3         0.750    Sep 29 18:51:46      1154     0.32
         0.36        1879.1         0.730    Sep 29 18:51:47      1155     0.32
         0.36        1879.9         0.770    Sep 29 18:51:47      1155     0.32
         0.37        1880.6         0.720    Sep 29 18:51:48      1156     0.32
         0.37        1881.3         0.730    Sep 29 18:51:48      1156     0.32
         0.37        1882.1         0.770    Sep 29 18:51:49      1157     0.32
         0.37        1882.8         0.720    Sep 29 18:51:49      1157     0.32
         0.37        1883.5         0.750    Sep 29 18:51:50      1158     0.32
         0.37        1884.3         0.730    Sep 29 18:51:50      1158     0.32
         0.37        1885.0         0.770    Sep 29 18:51:51      1159     0.32
         0.37        1885.8         0.750    Sep 29 18:51:51      1159     0.32
         0.37        1886.5         0.720    Sep 29 18:51:52      1160     0.32
         0.37        1887.3         0.760    Sep 29 18:51:52      1160     0.32
         0.38        1888.0         0.730    Sep 29 18:51:53      1161     0.32
         0.38        1888.7         0.710    Sep 29 18:51:53      1161     0.32
         0.38        1889.6         0.850    Sep 29 18:51:54      1162     0.32
         0.38        1890.4         0.820    Sep 29 18:51:54      1162     0.32
         0.38        1891.1         0.760    Sep 29 18:51:55      1163     0.32
         0.38        1891.9         0.720    Sep 29 18:51:55      1163     0.32
         0.38        1892.6         0.720    Sep 29 18:51:56      1164     0.32
         0.38        1893.3         0.750    Sep 29 18:51:56      1164     0.32
         0.38        1894.0         0.720    Sep 29 18:51:57      1165     0.32
         0.38        1894.8         0.760    Sep 29 18:51:57      1165     0.32
         0.39        1895.5         0.720    Sep 29 18:51:58      1166     0.32
         0.39        1896.3         0.740    Sep 29 18:51:58      1166     0.32
         0.39        1897.0         0.750    Sep 29 18:51:59      1167     0.32
         0.39        1897.7         0.720    Sep 29 18:51:59      1167     0.32
         0.39        1898.5         0.760    Sep 29 18:52:00      1168     0.32
         0.39        1899.2         0.710    Sep 29 18:52:00      1168     0.32
         0.39        1899.9         0.720    Sep 29 18:52:01      1169     0.32
         0.39        1900.7         0.760    Sep 29 18:52:01      1169     0.32
         0.39        1901.4         0.740    Sep 29 18:52:02      1170     0.33
         0.39        1902.2         0.750    Sep 29 18:52:02      1170     0.33
         0.40        1902.9         0.720    Sep 29 18:52:03      1171     0.33
         0.40        1903.6         0.720    Sep 29 18:52:03      1171     0.33
         0.40        1904.4         0.760    Sep 29 18:52:04      1172     0.33
         0.40        1905.1         0.710    Sep 29 18:52:04      1172     0.33
         0.40        1905.8         0.760    Sep 29 18:52:05      1173     0.33
         0.40        1906.6         0.710    Sep 29 18:52:05      1173     0.33
         0.40        1907.3         0.730    Sep 29 18:52:06      1174     0.33
         0.40        1908.1         0.770    Sep 29 18:52:06      1174     0.33
         0.40        1908.7         0.670    Sep 29 18:52:07      1175     0.33
         0.40        1909.5         0.760    Sep 29 18:52:07      1175     0.33
         0.41        1910.2         0.710    Sep 29 18:52:08      1176     0.33
         0.41        1910.8         0.640    Sep 29 18:52:08      1176     0.33
         0.41        1911.6         0.800    Sep 29 18:52:09      1177     0.33
         0.41        1912.3         0.710    Sep 29 18:52:09      1177     0.33
         0.41        1913.1         0.710    Sep 29 18:52:10      1178     0.33
         0.41        1913.8         0.730    Sep 29 18:52:10      1178     0.33
         0.41        1914.5         0.720    Sep 29 18:52:11      1179     0.33
         0.41        1915.2         0.720    Sep 29 18:52:11      1179     0.33
         0.41        1915.9         0.710    Sep 29 18:52:11      1179     0.33
         0.41        1916.7         0.730    Sep 29 18:52:12      1180     0.33
         0.42        1917.4         0.710    Sep 29 18:52:12      1180     0.33
         0.42        1918.1         0.720    Sep 29 18:52:13      1181     0.33
         0.42        1918.8         0.710    Sep 29 18:52:13      1181     0.33
         0.42        1919.6         0.760    Sep 29 18:52:14      1182     0.33
         0.42        1920.2         0.660    Sep 29 18:52:14      1182     0.33
         0.42        1921.0         0.750    Sep 29 18:52:15      1183     0.33
         0.42        1921.7         0.730    Sep 29 18:52:15      1183     0.33
         0.42        1922.4         0.710    Sep 29 18:52:16      1184     0.33
         0.42        1923.1         0.720    Sep 29 18:52:16      1184     0.33
         0.42        1923.9         0.750    Sep 29 18:52:17      1185     0.33
         0.43        1924.7         0.760    Sep 29 18:52:17      1185     0.33
         0.43        1925.4         0.720    Sep 29 18:52:18      1186     0.33
         0.43        1926.1         0.720    Sep 29 18:52:18      1186     0.33
         0.43        1926.8         0.710    Sep 29 18:52:19      1187     0.33
         0.43        1927.5         0.710    Sep 29 18:52:19      1187     0.33
         0.43        1928.3         0.760    Sep 29 18:52:20      1188     0.33
         0.43        1929.0         0.730    Sep 29 18:52:20      1188     0.33
         0.43        1929.7         0.710    Sep 29 18:52:21      1189     0.33
         0.43        1930.4         0.720    Sep 29 18:52:21      1189     0.33
         0.43        1931.2         0.750    Sep 29 18:52:22      1190     0.33
         0.44        1931.9         0.680    Sep 29 18:52:22      1190     0.33
         0.44        1932.6         0.740    Sep 29 18:52:23      1191     0.33
         0.44        1933.3         0.720    Sep 29 18:52:23      1191     0.33
         0.44        1934.0         0.720    Sep 29 18:52:23      1191     0.33
         0.44        1934.8         0.710    Sep 29 18:52:24      1192     0.33
         0.44        1935.5         0.760    Sep 29 18:52:24      1192     0.33
         0.44        1936.2         0.690    Sep 29 18:52:25      1193     0.33
         0.44        1937.0         0.760    Sep 29 18:52:25      1193     0.33
         0.44        1937.7         0.700    Sep 29 18:52:26      1194     0.33
         0.44        1938.5         0.830    Sep 29 18:52:26      1194     0.33
         0.45        1939.2         0.760    Sep 29 18:52:27      1195     0.33
         0.45        1939.9         0.690    Sep 29 18:52:27      1195     0.33
         0.45        1940.7         0.750    Sep 29 18:52:28      1196     0.33
         0.45        1941.5         0.770    Sep 29 18:52:28      1196     0.33
         0.45        1942.2         0.690    Sep 29 18:52:29      1197     0.33
         0.45        1942.9         0.710    Sep 29 18:52:29      1197     0.33
         0.45        1943.5         0.680    Sep 29 18:52:30      1198     0.33
         0.45        1944.2         0.710    Sep 29 18:52:30      1198     0.33
         0.45        1944.9         0.680    Sep 29 18:52:31      1199     0.33
         0.45        1945.6         0.710    Sep 29 18:52:31      1199     0.33
         0.46        1946.3         0.680    Sep 29 18:52:32      1200     0.33
         0.46        1947.0         0.720    Sep 29 18:52:32      1200     0.33
         0.46        1947.7         0.660    Sep 29 18:52:33      1201     0.33
         0.46        1948.4         0.710    Sep 29 18:52:33      1201     0.33
         0.46        1949.1         0.680    Sep 29 18:52:33      1201     0.33
         0.46        1949.8         0.710    Sep 29 18:52:34      1202     0.33
         0.46        1950.5         0.680    Sep 29 18:52:34      1202     0.33
         0.46        1951.2         0.710    Sep 29 18:52:35      1203     0.33
         0.46        1951.9         0.720    Sep 29 18:52:35      1203     0.33
         0.46        1952.6         0.710    Sep 29 18:52:36      1204     0.33
         0.47        1953.3         0.710    Sep 29 18:52:36      1204     0.33
         0.47        1954.1         0.730    Sep 29 18:52:37      1205     0.33
         0.47        1954.9         0.790    Sep 29 18:52:37      1205     0.33
         0.47        1955.6         0.710    Sep 29 18:52:38      1206     0.34
         0.47        1956.2         0.670    Sep 29 18:52:38      1206     0.34
         0.47        1957.0         0.760    Sep 29 18:52:39      1207     0.34
         0.47        1957.7         0.720    Sep 29 18:52:39      1207     0.34
         0.47        1958.4         0.710    Sep 29 18:52:40      1208     0.34
         0.47        1959.1         0.720    Sep 29 18:52:40      1208     0.34
         0.47        1959.9         0.760    Sep 29 18:52:41      1209     0.34
         0.48        1960.6         0.710    Sep 29 18:52:41      1209     0.34
         0.48        1961.3         0.740    Sep 29 18:52:42      1210     0.34
         0.48        1962.0         0.690    Sep 29 18:52:42      1210     0.34
         0.48        1962.8         0.710    Sep 29 18:52:42      1210     0.34
         0.48        1963.5         0.730    Sep 29 18:52:43      1211     0.34
         0.48        1964.2         0.700    Sep 29 18:52:43      1211     0.34
         0.48        1964.9         0.730    Sep 29 18:52:44      1212     0.34
         0.48        1965.6         0.710    Sep 29 18:52:44      1212     0.34
         0.48        1966.3         0.700    Sep 29 18:52:45      1213     0.34
         0.48        1967.0         0.730    Sep 29 18:52:45      1213     0.34
         0.49        1967.8         0.700    Sep 29 18:52:46      1214     0.34
         0.49        1968.5         0.750    Sep 29 18:52:46      1214     0.34
         0.49        1969.2         0.700    Sep 29 18:52:47      1215     0.34
         0.49        1969.9         0.690    Sep 29 18:52:47      1215     0.34
         0.49        1970.6         0.740    Sep 29 18:52:48      1216     0.34
         0.49        1971.3         0.660    Sep 29 18:52:48      1216     0.34
         0.49        1972.0         0.730    Sep 29 18:52:49      1217     0.34
         0.49        1972.7         0.700    Sep 29 18:52:49      1217     0.34
         0.49        1973.4         0.660    Sep 29 18:52:50      1218     0.34
         0.49        1974.2         0.780    Sep 29 18:52:50      1218     0.34
         0.50        1974.8         0.620    Sep 29 18:52:51      1219     0.34
         0.50        1975.6         0.790    Sep 29 18:52:51      1219     0.34
         0.50        1976.3         0.690    Sep 29 18:52:52      1220     0.34
         0.50        1977.0         0.730    Sep 29 18:52:52      1220     0.34
         0.50        1977.7         0.700    Sep 29 18:52:53      1221     0.34
         0.50        1978.4         0.700    Sep 29 18:52:53      1221     0.34
         0.50        1979.1         0.740    Sep 29 18:52:53      1221     0.34
         0.50        1979.8         0.660    Sep 29 18:52:54      1222     0.34
         0.50        1980.5         0.750    Sep 29 18:52:54      1222     0.34
         0.50        1981.2         0.660    Sep 29 18:52:55      1223     0.34
         0.51        1981.9         0.730    Sep 29 18:52:55      1223     0.34
         0.51        1982.6         0.710    Sep 29 18:52:56      1224     0.34
         0.51        1983.3         0.690    Sep 29 18:52:56      1224     0.34
         0.51        1984.0         0.710    Sep 29 18:52:57      1225     0.34
         0.51        1984.8         0.770    Sep 29 18:52:57      1225     0.34
         0.51        1985.5         0.740    Sep 29 18:52:58      1226     0.34
         0.51        1986.2         0.660    Sep 29 18:52:58      1226     0.34
         0.51        1987.0         0.770    Sep 29 18:52:59      1227     0.34
         0.51        1987.7         0.700    Sep 29 18:52:59      1227     0.34
         0.51        1988.3         0.660    Sep 29 18:53:00      1228     0.34
         0.52        1989.1         0.730    Sep 29 18:53:00      1228     0.34
         0.52        1989.7         0.660    Sep 29 18:53:01      1229     0.34
         0.52        1990.4         0.700    Sep 29 18:53:01      1229     0.34
         0.52        1991.1         0.650    Sep 29 18:53:01      1229     0.34
         0.52        1991.9         0.770    Sep 29 18:53:02      1230     0.34
         0.52        1992.5         0.690    Sep 29 18:53:02      1230     0.34
         0.52        1993.2         0.660    Sep 29 18:53:03      1231     0.34
         0.52        1994.0         0.780    Sep 29 18:53:03      1231     0.34
         0.52        1994.7         0.700    Sep 29 18:53:04      1232     0.34
         0.52        1995.3         0.650    Sep 29 18:53:04      1232     0.34
         0.53        1996.1         0.790    Sep 29 18:53:05      1233     0.34
         0.53        1996.8         0.690    Sep 29 18:53:05      1233     0.34
         0.53        1997.5         0.700    Sep 29 18:53:06      1234     0.34
         0.53        1998.3         0.770    Sep 29 18:53:06      1234     0.34
         0.53        1999.0         0.700    Sep 29 18:53:07      1235     0.34
         0.53        1999.7         0.700    Sep 29 18:53:07      1235     0.34
         0.53        2000.4         0.730    Sep 29 18:53:08      1236     0.34
         0.53        2001.1         0.710    Sep 29 18:53:08      1236     0.34
         0.53        2001.9         0.740    Sep 29 18:53:09      1237     0.34
         0.53        2002.6         0.700    Sep 29 18:53:09      1237     0.34
         0.54        2003.2         0.690    Sep 29 18:53:10      1238     0.34
         0.54        2004.0         0.700    Sep 29 18:53:10      1238     0.34
         0.54        2004.6         0.700    Sep 29 18:53:11      1239     0.34
         0.54        2005.4         0.740    Sep 29 18:53:11      1239     0.34
         0.54        2006.1         0.710    Sep 29 18:53:12      1240     0.34
         0.54        2006.8         0.730    Sep 29 18:53:12      1240     0.34
         0.54        2007.5         0.700    Sep 29 18:53:13      1241     0.34
         0.54        2008.2         0.660    Sep 29 18:53:13      1241     0.34
         0.54        2008.9         0.730    Sep 29 18:53:14      1242     0.34
         0.54        2009.5         0.620    Sep 29 18:53:14      1242     0.34
         0.55        2010.3         0.770    Sep 29 18:53:14      1242     0.34
         0.55        2011.0         0.740    Sep 29 18:53:15      1243     0.35
         0.55        2011.7         0.660    Sep 29 18:53:15      1243     0.35
         0.55        2012.5         0.780    Sep 29 18:53:16      1244     0.35
         0.55        2013.2         0.740    Sep 29 18:53:16      1244     0.35
         0.55        2013.9         0.700    Sep 29 18:53:17      1245     0.35
         0.55        2014.6         0.700    Sep 29 18:53:17      1245     0.35
         0.55        2015.3         0.690    Sep 29 18:53:18      1246     0.35
         0.55        2016.0         0.700    Sep 29 18:53:18      1246     0.35
         0.55        2016.7         0.720    Sep 29 18:53:19      1247     0.35
         0.56        2017.5         0.740    Sep 29 18:53:19      1247     0.35
         0.56        2018.1         0.650    Sep 29 18:53:20      1248     0.35
         0.56        2018.8         0.700    Sep 29 18:53:20      1248     0.35
         0.56        2019.5         0.690    Sep 29 18:53:21      1249     0.35
         0.56        2020.2         0.710    Sep 29 18:53:21      1249     0.35
         0.56        2020.9         0.700    Sep 29 18:53:22      1250     0.35
         0.56        2021.6         0.690    Sep 29 18:53:22      1250     0.35
         0.56        2022.4         0.740    Sep 29 18:53:23      1251     0.35
         0.56        2023.0         0.660    Sep 29 18:53:23      1251     0.35
         0.56        2023.8         0.740    Sep 29 18:53:24      1252     0.35
         0.57        2024.5         0.700    Sep 29 18:53:24      1252     0.35
         0.57        2025.1         0.650    Sep 29 18:53:24      1252     0.35
         0.57        2025.8         0.700    Sep 29 18:53:25      1253     0.35
         0.57        2026.5         0.650    Sep 29 18:53:25      1253     0.35
         0.57        2027.2         0.740    Sep 29 18:53:26      1254     0.35
         0.57        2027.9         0.660    Sep 29 18:53:26      1254     0.35
         0.57        2028.6         0.740    Sep 29 18:53:27      1255     0.35
         0.57        2029.3         0.700    Sep 29 18:53:27      1255     0.35
         0.57        2030.0         0.700    Sep 29 18:53:28      1256     0.35
         0.57        2030.7         0.700    Sep 29 18:53:28      1256     0.35
         0.58        2031.5         0.770    Sep 29 18:53:29      1257     0.35
         0.58        2032.2         0.740    Sep 29 18:53:29      1257     0.35
         0.58        2032.9         0.660    Sep 29 18:53:30      1258     0.35
         0.58        2033.6         0.740    Sep 29 18:53:30      1258     0.35
         0.58        2034.3         0.660    Sep 29 18:53:31      1259     0.35
         0.58        2035.0         0.710    Sep 29 18:53:31      1259     0.35
         0.58        2035.7         0.730    Sep 29 18:53:32      1260     0.35
         0.58        2036.4         0.740    Sep 29 18:53:32      1260     0.35
         0.58        2037.2         0.740    Sep 29 18:53:33      1261     0.35
         0.58        2037.9         0.660    Sep 29 18:53:33      1261     0.35
         0.59        2038.6         0.770    Sep 29 18:53:33      1261     0.35
         0.59        2039.4         0.740    Sep 29 18:53:34      1262     0.35
         0.59        2040.1         0.740    Sep 29 18:53:35      1263     0.35
         0.59        2040.8         0.650    Sep 29 18:53:35      1263     0.35
         0.59        2041.5         0.750    Sep 29 18:53:35      1263     0.35
         0.59        2042.2         0.690    Sep 29 18:53:36      1264     0.35
         0.59        2042.9         0.700    Sep 29 18:53:36      1264     0.35
         0.59        2043.6         0.700    Sep 29 18:53:37      1265     0.35
         0.59        2044.3         0.690    Sep 29 18:53:37      1265     0.35
         0.59        2045.0         0.700    Sep 29 18:53:38      1266     0.35
         0.60        2045.7         0.700    Sep 29 18:53:38      1266     0.35
         0.60        2046.4         0.700    Sep 29 18:53:39      1267     0.35
         0.60        2047.1         0.700    Sep 29 18:53:39      1267     0.35
         0.60        2047.8         0.700    Sep 29 18:53:40      1268     0.35
         0.60        2048.5         0.740    Sep 29 18:53:40      1268     0.35
         0.60        2049.2         0.700    Sep 29 18:53:41      1269     0.35
         0.60        2049.9         0.660    Sep 29 18:53:41      1269     0.35
         0.60        2050.7         0.790    Sep 29 18:53:42      1270     0.35
         0.60        2051.4         0.690    Sep 29 18:53:42      1270     0.35
         0.60        2052.0         0.650    Sep 29 18:53:42      1270     0.35
         0.61        2052.7         0.710    Sep 29 18:53:43      1271     0.35
         0.61        2053.4         0.650    Sep 29 18:53:43      1271     0.35
         0.61        2054.1         0.730    Sep 29 18:53:44      1272     0.35
         0.61        2054.8         0.660    Sep 29 18:53:44      1272     0.35
         0.61        2055.5         0.700    Sep 29 18:53:45      1273     0.35
         0.61        2056.1         0.650    Sep 29 18:53:45      1273     0.35
         0.61        2056.9         0.780    Sep 29 18:53:46      1274     0.35
         0.61        2057.6         0.690    Sep 29 18:53:46      1274     0.35
         0.61        2058.2         0.660    Sep 29 18:53:47      1275     0.35
         0.61        2058.9         0.700    Sep 29 18:53:47      1275     0.35
         0.62        2059.6         0.650    Sep 29 18:53:47      1275     0.35
         0.62        2060.3         0.700    Sep 29 18:53:48      1276     0.35
         0.62        2061.0         0.700    Sep 29 18:53:48      1276     0.35
         0.62        2061.7         0.690    Sep 29 18:53:49      1277     0.35
         0.62        2062.4         0.710    Sep 29 18:53:49      1277     0.35
         0.62        2063.1         0.740    Sep 29 18:53:50      1278     0.35
         0.62        2063.8         0.660    Sep 29 18:53:50      1278     0.35
         0.62        2064.6         0.760    Sep 29 18:53:51      1279     0.36
         0.62        2065.3         0.750    Sep 29 18:53:51      1279     0.36
         0.62        2066.0         0.650    Sep 29 18:53:52      1280     0.36
         0.63        2066.7         0.740    Sep 29 18:53:52      1280     0.36
         0.63        2067.3         0.660    Sep 29 18:53:53      1281     0.36
         0.63        2068.0         0.680    Sep 29 18:53:53      1281     0.36
         0.63        2068.7         0.700    Sep 29 18:53:54      1282     0.36
         0.63        2069.4         0.700    Sep 29 18:53:54      1282     0.36
         0.63        2070.1         0.700    Sep 29 18:53:54      1282     0.36
         0.63        2070.9         0.740    Sep 29 18:53:55      1283     0.36
         0.63        2071.5         0.660    Sep 29 18:53:55      1283     0.36
         0.63        2072.3         0.740    Sep 29 18:53:56      1284     0.36
         0.63        2073.0         0.690    Sep 29 18:53:56      1284     0.36
         0.64        2073.7         0.700    Sep 29 18:53:57      1285     0.36
         0.64        2074.4         0.740    Sep 29 18:53:57      1285     0.36
         0.64        2075.1         0.690    Sep 29 18:53:58      1286     0.36
         0.64        2075.8         0.660    Sep 29 18:53:58      1286     0.36
         0.64        2076.5         0.780    Sep 29 18:53:59      1287     0.36
         0.64        2077.2         0.700    Sep 29 18:53:59      1287     0.36
         0.64        2077.9         0.650    Sep 29 18:54:00      1288     0.36
         0.64        2078.6         0.740    Sep 29 18:54:00      1288     0.36
         0.64        2079.3         0.700    Sep 29 18:54:01      1289     0.36
         0.64        2080.0         0.730    Sep 29 18:54:01      1289     0.36
         0.65        2080.8         0.700    Sep 29 18:54:02      1290     0.36
         0.65        2081.4         0.700    Sep 29 18:54:02      1290     0.36
         0.65        2082.2         0.730    Sep 29 18:54:03      1291     0.36
         0.65        2082.8         0.660    Sep 29 18:54:03      1291     0.36
         0.65        2083.5         0.700    Sep 29 18:54:03      1291     0.36
         0.65        2084.2         0.660    Sep 29 18:54:04      1292     0.36
         0.65        2085.0         0.770    Sep 29 18:54:04      1292     0.36
         0.65        2085.7         0.730    Sep 29 18:54:05      1293     0.36
         0.65        2086.4         0.660    Sep 29 18:54:05      1293     0.36
         0.65        2087.1         0.740    Sep 29 18:54:06      1294     0.36
         0.66        2087.8         0.670    Sep 29 18:54:06      1294     0.36
         0.66        2088.5         0.690    Sep 29 18:54:07      1295     0.36
         0.66        2089.2         0.730    Sep 29 18:54:07      1295     0.36
         0.66        2089.9         0.710    Sep 29 18:54:08      1296     0.36
         0.66        2090.6         0.660    Sep 29 18:54:08      1296     0.36
         0.66        2091.3         0.730    Sep 29 18:54:09      1297     0.36
         0.66        2092.0         0.700    Sep 29 18:54:09      1297     0.36
         0.66        2092.7         0.700    Sep 29 18:54:10      1298     0.36
         0.66        2093.4         0.690    Sep 29 18:54:10      1298     0.36
         0.66        2094.1         0.700    Sep 29 18:54:11      1299     0.36
         0.67        2094.8         0.740    Sep 29 18:54:11      1299     0.36
         0.67        2095.6         0.740    Sep 29 18:54:12      1300     0.36
         0.67        2096.2         0.690    Sep 29 18:54:12      1300     0.36
         0.67        2097.0         0.710    Sep 29 18:54:13      1301     0.36
         0.67        2097.7         0.690    Sep 29 18:54:13      1301     0.36
         0.67        2098.3         0.700    Sep 29 18:54:13      1301     0.36
         0.67        2099.1         0.740    Sep 29 18:54:14      1302     0.36
         0.67        2099.8         0.700    Sep 29 18:54:14      1302     0.36
         0.67        2100.4         0.650    Sep 29 18:54:15      1303     0.36
         0.67        2101.2         0.780    Sep 29 18:54:15      1303     0.36
         0.68        2102.0         0.740    Sep 29 18:54:16      1304     0.36
         0.68        2102.6         0.660    Sep 29 18:54:16      1304     0.36
         0.68        2103.3         0.690    Sep 29 18:54:17      1305     0.36
         0.68        2104.1         0.740    Sep 29 18:54:17      1305     0.36
         0.68        2104.8         0.730    Sep 29 18:54:18      1306     0.36
         0.68        2105.5         0.700    Sep 29 18:54:18      1306     0.36
         0.68        2106.2         0.740    Sep 29 18:54:19      1307     0.36
         0.68        2106.9         0.670    Sep 29 18:54:19      1307     0.36
         0.68        2107.6         0.730    Sep 29 18:54:20      1308     0.36
         0.68        2108.4         0.740    Sep 29 18:54:20      1308     0.36
         0.69        2109.1         0.700    Sep 29 18:54:21      1309     0.36
         0.69        2109.8         0.690    Sep 29 18:54:21      1309     0.36
         0.69        2110.4         0.700    Sep 29 18:54:22      1310     0.36
         0.69        2111.2         0.710    Sep 29 18:54:22      1310     0.36
         0.69        2111.9         0.700    Sep 29 18:54:22      1310     0.36
         0.69        2112.6         0.740    Sep 29 18:54:23      1311     0.36
         0.69        2113.3         0.700    Sep 29 18:54:23      1311     0.36
         0.69        2114.0         0.700    Sep 29 18:54:24      1312     0.36
         0.69        2114.7         0.690    Sep 29 18:54:24      1312     0.36
         0.69        2115.4         0.700    Sep 29 18:54:25      1313     0.36
         0.70        2116.1         0.660    Sep 29 18:54:25      1313     0.36
         0.70        2116.8         0.780    Sep 29 18:54:26      1314     0.36
         0.70        2117.6         0.740    Sep 29 18:54:26      1314     0.36
         0.70        2118.2         0.660    Sep 29 18:54:27      1315     0.37
         0.70        2119.0         0.720    Sep 29 18:54:27      1315     0.37
         0.70        2119.7         0.750    Sep 29 18:54:28      1316     0.37
         0.70        2120.4         0.730    Sep 29 18:54:28      1316     0.37
         0.70        2121.1         0.710    Sep 29 18:54:29      1317     0.37
         0.70        2121.8         0.690    Sep 29 18:54:29      1317     0.37
         0.70        2122.5         0.700    Sep 29 18:54:30      1318     0.37
         0.71        2123.2         0.710    Sep 29 18:54:30      1318     0.37
         0.71        2124.0         0.760    Sep 29 18:54:31      1319     0.37
         0.71        2124.7         0.720    Sep 29 18:54:31      1319     0.37
         0.71        2125.4         0.680    Sep 29 18:54:31      1319     0.37
         0.71        2126.1         0.700    Sep 29 18:54:32      1320     0.37
         0.71        2126.8         0.730    Sep 29 18:54:32      1320     0.37
         0.71        2127.6         0.740    Sep 29 18:54:33      1321     0.37
         0.71        2128.3         0.740    Sep 29 18:54:33      1321     0.37
         0.71        2129.1         0.790    Sep 29 18:54:34      1322     0.37
         0.71        2129.8         0.730    Sep 29 18:54:34      1322     0.37
         0.72        2130.6         0.770    Sep 29 18:54:35      1323     0.37
         0.72        2131.8         1.230    Sep 29 18:54:36      1324     0.37
         0.72        2133.1         1.300    Sep 29 18:54:36      1324     0.37
         0.72        2134.4         1.300    Sep 29 18:54:37      1325     0.37
         0.72        2135.7         1.290    Sep 29 18:54:38      1326     0.37
         0.72        2137.0         1.310    Sep 29 18:54:39      1327     0.37
         0.72        2138.3         1.270    Sep 29 18:54:40      1328     0.37
         0.72        2139.6         1.270    Sep 29 18:54:40      1328     0.37
         0.72        2140.8         1.250    Sep 29 18:54:41      1329     0.37
         0.72        2142.1         1.260    Sep 29 18:54:42      1330     0.37
         0.73        2143.3         1.260    Sep 29 18:54:43      1331     0.37
         0.73        2144.0         0.660    Sep 29 18:54:43      1331     0.37
         0.73        2144.8         0.770    Sep 29 18:54:44      1332     0.37
         0.73        2145.5         0.690    Sep 29 18:54:44      1332     0.37
         0.73        2146.2         0.730    Sep 29 18:54:45      1333     0.37
         0.73        2146.8         0.650    Sep 29 18:54:45      1333     0.37
         0.73        2147.7         0.820    Sep 29 18:54:46      1334     0.37
         0.73        2148.4         0.770    Sep 29 18:54:46      1334     0.37
         0.73        2149.1         0.690    Sep 29 18:54:47      1335     0.37
         0.73        2149.9         0.780    Sep 29 18:54:47      1335     0.37
         0.74        2150.7         0.800    Sep 29 18:54:48      1336     0.37
         0.74        2151.4         0.750    Sep 29 18:54:48      1336     0.37
         0.74        2152.1         0.680    Sep 29 18:54:49      1337     0.37
         0.74        2152.8         0.710    Sep 29 18:54:49      1337     0.37
         0.74        2153.6         0.760    Sep 29 18:54:50      1338     0.37
         0.74        2154.3         0.720    Sep 29 18:54:50      1338     0.37
         0.74        2155.1         0.760    Sep 29 18:54:51      1339     0.37
         0.74        2155.9         0.850    Sep 29 18:54:51      1339     0.37
         0.74        2156.7         0.760    Sep 29 18:54:52      1340     0.37
         0.74        2157.4         0.750    Sep 29 18:54:52      1340     0.37
         0.75        2158.1         0.680    Sep 29 18:54:53      1341     0.37
         0.75        2158.9         0.760    Sep 29 18:54:53      1341     0.37
         0.75        2159.6         0.760    Sep 29 18:54:54      1342     0.37
         0.75        2160.4         0.760    Sep 29 18:54:54      1342     0.37
         0.75        2161.2         0.760    Sep 29 18:54:55      1343     0.37
         0.75        2161.9         0.710    Sep 29 18:54:55      1343     0.37
         0.75        2162.6         0.680    Sep 29 18:54:56      1344     0.37
         0.75        2163.3         0.750    Sep 29 18:54:56      1344     0.37
         0.75        2164.1         0.750    Sep 29 18:54:57      1345     0.37
         0.75        2164.8         0.750    Sep 29 18:54:57      1345     0.37
         0.76        2165.5         0.720    Sep 29 18:54:58      1346     0.37
         0.76        2166.2         0.670    Sep 29 18:54:58      1346     0.37
         0.76        2167.0         0.800    Sep 29 18:54:59      1347     0.37
         0.76        2167.7         0.750    Sep 29 18:54:59      1347     0.37
         0.76        2168.5         0.770    Sep 29 18:55:00      1348     0.37
         0.76        2169.3         0.810    Sep 29 18:55:00      1348     0.37
         0.76        2170.0         0.650    Sep 29 18:55:01      1349     0.37
         0.76        2170.8         0.790    Sep 29 18:55:01      1349     0.37
         0.76        2171.5         0.760    Sep 29 18:55:02      1350     0.38
         0.76        2172.2         0.710    Sep 29 18:55:02      1350     0.38
         0.77        2172.9         0.670    Sep 29 18:55:02      1350     0.38
         0.77        2173.6         0.710    Sep 29 18:55:03      1351     0.38
         0.77        2174.4         0.770    Sep 29 18:55:03      1351     0.38
         0.77        2175.1         0.670    Sep 29 18:55:04      1352     0.38
         0.77        2175.8         0.720    Sep 29 18:55:04      1352     0.38
         0.77        2176.5         0.710    Sep 29 18:55:05      1353     0.38
         0.77        2177.2         0.720    Sep 29 18:55:05      1353     0.38
         0.77        2178.0         0.750    Sep 29 18:55:06      1354     0.38
         0.77        2178.7         0.740    Sep 29 18:55:06      1354     0.38
         0.77        2179.4         0.740    Sep 29 18:55:07      1355     0.38
         0.78        2180.1         0.700    Sep 29 18:55:07      1355     0.38
         0.78        2180.8         0.690    Sep 29 18:55:08      1356     0.38
         0.78        2181.5         0.670    Sep 29 18:55:08      1356     0.38
         0.78        2182.2         0.730    Sep 29 18:55:09      1357     0.38
         0.78        2182.9         0.700    Sep 29 18:55:09      1357     0.38
         0.78        2183.6         0.690    Sep 29 18:55:10      1358     0.38
         0.78        2184.4         0.740    Sep 29 18:55:10      1358     0.38
         0.78        2185.1         0.740    Sep 29 18:55:11      1359     0.38
         0.78        2185.8         0.690    Sep 29 18:55:11      1359     0.38
         0.78        2186.4         0.660    Sep 29 18:55:11      1359     0.38
         0.79        2187.2         0.730    Sep 29 18:55:12      1360     0.38
         0.79        2187.9         0.700    Sep 29 18:55:12      1360     0.38
         0.79        2188.6         0.700    Sep 29 18:55:13      1361     0.38
         0.79        2189.3         0.700    Sep 29 18:55:13      1361     0.38
         0.79        2189.9         0.660    Sep 29 18:55:14      1362     0.38
         0.79        2190.7         0.730    Sep 29 18:55:14      1362     0.38
         0.79        2191.4         0.740    Sep 29 18:55:15      1363     0.38
         0.79        2192.1         0.660    Sep 29 18:55:15      1363     0.38
         0.79        2192.7         0.620    Sep 29 18:55:16      1364     0.38
         0.79        2193.5         0.780    Sep 29 18:55:16      1364     0.38
         0.80        2194.2         0.690    Sep 29 18:55:17      1365     0.38
         0.80        2194.8         0.660    Sep 29 18:55:17      1365     0.38
         0.80        2195.5         0.690    Sep 29 18:55:17      1365     0.38
         0.80        2196.2         0.680    Sep 29 18:55:18      1366     0.38
         0.80        2196.9         0.690    Sep 29 18:55:18      1366     0.38
         0.80        2197.5         0.680    Sep 29 18:55:19      1367     0.38
         0.80        2198.3         0.750    Sep 29 18:55:19      1367     0.38
         0.80        2199.0         0.700    Sep 29 18:55:20      1368     0.38
         0.80        2199.7         0.720    Sep 29 18:55:20      1368     0.38
         0.80        2200.4         0.680    Sep 29 18:55:21      1369     0.38
         0.81        2201.1         0.680    Sep 29 18:55:21      1369     0.38
         0.81        2201.8         0.720    Sep 29 18:55:22      1370     0.38
         0.81        2202.5         0.680    Sep 29 18:55:22      1370     0.38
         0.81        2203.2         0.680    Sep 29 18:55:22      1370     0.38
         0.81        2203.9         0.720    Sep 29 18:55:23      1371     0.38
         0.81        2204.6         0.720    Sep 29 18:55:23      1371     0.38
         0.81        2205.2         0.650    Sep 29 18:55:24      1372     0.38
         0.81        2206.0         0.750    Sep 29 18:55:24      1372     0.38
         0.81        2206.7         0.720    Sep 29 18:55:25      1373     0.38
         0.81        2207.4         0.700    Sep 29 18:55:25      1373     0.38
         0.82        2208.0         0.630    Sep 29 18:55:26      1374     0.38
         0.82        2208.8         0.760    Sep 29 18:55:26      1374     0.38
         0.82        2209.5         0.720    Sep 29 18:55:27      1375     0.38
         0.82        2210.2         0.680    Sep 29 18:55:27      1375     0.38
         0.82        2210.8         0.640    Sep 29 18:55:28      1376     0.38
         0.82        2211.6         0.720    Sep 29 18:55:28      1376     0.38
         0.82        2212.2         0.680    Sep 29 18:55:29      1377     0.38
         0.82        2212.9         0.640    Sep 29 18:55:29      1377     0.38
         0.82        2213.7         0.770    Sep 29 18:55:30      1378     0.38
         0.82        2214.4         0.720    Sep 29 18:55:30      1378     0.38
         0.83        2215.0         0.630    Sep 29 18:55:31      1379     0.38
         0.83        2215.7         0.720    Sep 29 18:55:31      1379     0.38
         0.83        2216.4         0.650    Sep 29 18:55:31      1379     0.38
         0.83        2217.1         0.670    Sep 29 18:55:32      1380     0.38
         0.83        2217.7         0.690    Sep 29 18:55:32      1380     0.38
         0.83        2218.4         0.690    Sep 29 18:55:33      1381     0.38
         0.83        2219.2         0.720    Sep 29 18:55:33      1381     0.38
         0.83        2219.8         0.630    Sep 29 18:55:34      1382     0.38
         0.83        2220.5         0.720    Sep 29 18:55:34      1382     0.38
         0.83        2221.2         0.690    Sep 29 18:55:35      1383     0.38
         0.84        2221.9         0.710    Sep 29 18:55:35      1383     0.38
         0.84        2222.6         0.690    Sep 29 18:55:36      1384     0.38
         0.84        2223.3         0.690    Sep 29 18:55:36      1384     0.38
         0.84        2224.0         0.720    Sep 29 18:55:37      1385     0.38
         0.84        2224.6         0.630    Sep 29 18:55:37      1385     0.38
         0.84        2225.3         0.680    Sep 29 18:55:37      1385     0.38
         0.84        2225.9         0.620    Sep 29 18:55:38      1386     0.39
         0.84        2226.7         0.740    Sep 29 18:55:38      1386     0.39
         0.84        2227.4         0.710    Sep 29 18:55:39      1387     0.39
         0.84        2228.0         0.660    Sep 29 18:55:39      1387     0.39
         0.85        2228.7         0.700    Sep 29 18:55:40      1388     0.39
         0.85        2229.4         0.630    Sep 29 18:55:40      1388     0.39
         0.85        2230.1         0.740    Sep 29 18:55:41      1389     0.39
         0.85        2230.8         0.660    Sep 29 18:55:41      1389     0.39
         0.85        2231.4         0.630    Sep 29 18:55:42      1390     0.39
         0.85        2232.1         0.670    Sep 29 18:55:42      1390     0.39
         0.85        2232.7         0.620    Sep 29 18:55:42      1390     0.39
         0.85        2233.4         0.700    Sep 29 18:55:43      1391     0.39
         0.85        2234.1         0.660    Sep 29 18:55:43      1391     0.39
         0.85        2234.7         0.630    Sep 29 18:55:44      1392     0.39
         0.86        2235.4         0.740    Sep 29 18:55:44      1392     0.39
         0.86        2236.1         0.710    Sep 29 18:55:45      1393     0.39
         0.86        2236.8         0.710    Sep 29 18:55:45      1393     0.39
         0.86        2237.5         0.620    Sep 29 18:55:46      1394     0.39
         0.86        2238.2         0.740    Sep 29 18:55:46      1394     0.39
         0.86        2238.9         0.700    Sep 29 18:55:47      1395     0.39
         0.86        2239.5         0.630    Sep 29 18:55:47      1395     0.39
         0.86        2240.2         0.660    Sep 29 18:55:48      1396     0.39
         0.86        2240.8         0.660    Sep 29 18:55:48      1396     0.39
         0.86        2241.5         0.670    Sep 29 18:55:48      1396     0.39
         0.87        2242.2         0.690    Sep 29 18:55:49      1397     0.39
         0.87        2242.9         0.680    Sep 29 18:55:49      1397     0.39
         0.87        2243.6         0.710    Sep 29 18:55:50      1398     0.39
         0.87        2244.3         0.660    Sep 29 18:55:50      1398     0.39
         0.87        2245.0         0.710    Sep 29 18:55:51      1399     0.39
         0.87        2245.7         0.750    Sep 29 18:55:51      1399     0.39
         0.87        2246.4         0.700    Sep 29 18:55:52      1400     0.39
         0.87        2247.1         0.630    Sep 29 18:55:52      1400     0.39
         0.87        2247.8         0.700    Sep 29 18:55:53      1401     0.39
         0.87        2248.4         0.620    Sep 29 18:55:53      1401     0.39
         0.88        2249.1         0.700    Sep 29 18:55:54      1402     0.39
         0.88        2249.8         0.700    Sep 29 18:55:54      1402     0.39
         0.88        2250.5         0.710    Sep 29 18:55:54      1402     0.39
         0.88        2251.1         0.620    Sep 29 18:55:55      1403     0.39
         0.88        2251.8         0.750    Sep 29 18:55:55      1403     0.39
         0.88        2252.5         0.660    Sep 29 18:55:56      1404     0.39
         0.88        2253.1         0.630    Sep 29 18:55:56      1404     0.39
         0.88        2253.8         0.690    Sep 29 18:55:57      1405     0.39
         0.88        2254.5         0.620    Sep 29 18:55:57      1405     0.39
         0.88        2255.2         0.720    Sep 29 18:55:58      1406     0.39
         0.89        2255.8         0.660    Sep 29 18:55:58      1406     0.39
         0.89        2256.5         0.700    Sep 29 18:55:59      1407     0.39
         0.89        2257.2         0.620    Sep 29 18:55:59      1407     0.39
         0.89        2257.9         0.710    Sep 29 18:55:59      1407     0.39
         0.89        2258.5         0.660    Sep 29 18:56:00      1408     0.39
         0.89        2259.2         0.660    Sep 29 18:56:00      1408     0.39
         0.89        2259.8         0.670    Sep 29 18:56:01      1409     0.39
         0.89        2260.5         0.660    Sep 29 18:56:01      1409     0.39
         0.89        2261.2         0.660    Sep 29 18:56:02      1410     0.39
         0.89        2261.8         0.680    Sep 29 18:56:02      1410     0.39
         0.90        2262.6         0.700    Sep 29 18:56:03      1411     0.39
         0.90        2263.2         0.660    Sep 29 18:56:03      1411     0.39
         0.90        2263.9         0.660    Sep 29 18:56:04      1412     0.39
         0.90        2264.6         0.700    Sep 29 18:56:04      1412     0.39
         0.90        2265.2         0.660    Sep 29 18:56:04      1412     0.39
         0.90        2265.9         0.700    Sep 29 18:56:05      1413     0.39
         0.90        2266.6         0.670    Sep 29 18:56:05      1413     0.39
         0.90        2267.3         0.660    Sep 29 18:56:06      1414     0.39
         0.90        2268.0         0.700    Sep 29 18:56:06      1414     0.39
         0.90        2268.6         0.620    Sep 29 18:56:07      1415     0.39
         0.91        2269.2         0.660    Sep 29 18:56:07      1415     0.39
         0.91        2269.9         0.670    Sep 29 18:56:08      1416     0.39
         0.91        2270.6         0.660    Sep 29 18:56:08      1416     0.39
         0.91        2271.2         0.670    Sep 29 18:56:08      1416     0.39
         0.91        2271.9         0.660    Sep 29 18:56:09      1417     0.39
         0.91        2272.6         0.700    Sep 29 18:56:09      1417     0.39
         0.91        2273.2         0.640    Sep 29 18:56:10      1418     0.39
         0.91        2273.9         0.700    Sep 29 18:56:10      1418     0.39
         0.91        2274.6         0.670    Sep 29 18:56:11      1419     0.39
         0.91        2275.2         0.620    Sep 29 18:56:11      1419     0.39
         0.92        2276.0         0.810    Sep 29 18:56:12      1420     0.39
         0.92        2276.8         0.730    Sep 29 18:56:12      1420     0.39
         0.92        2277.5         0.710    Sep 29 18:56:13      1421     0.39
         0.92        2278.1         0.620    Sep 29 18:56:13      1421     0.39
         0.92        2278.8         0.750    Sep 29 18:56:14      1422     0.40
         0.92        2279.6         0.700    Sep 29 18:56:14      1422     0.40
         0.92        2280.2         0.630    Sep 29 18:56:15      1423     0.40
         0.92        2280.9         0.730    Sep 29 18:56:15      1423     0.40
         0.92        2281.6         0.710    Sep 29 18:56:16      1424     0.40
         0.92        2282.3         0.660    Sep 29 18:56:16      1424     0.40
         0.93        2283.0         0.700    Sep 29 18:56:17      1425     0.40
         0.93        2283.6         0.630    Sep 29 18:56:17      1425     0.40
         0.93        2284.3         0.700    Sep 29 18:56:17      1425     0.40
         0.93        2285.0         0.710    Sep 29 18:56:18      1426     0.40
         0.93        2285.6         0.620    Sep 29 18:56:18      1426     0.40
         0.93        2286.3         0.710    Sep 29 18:56:19      1427     0.40
         0.93        2287.0         0.630    Sep 29 18:56:19      1427     0.40
         0.93        2287.6         0.660    Sep 29 18:56:20      1428     0.40
         0.93        2288.3         0.660    Sep 29 18:56:20      1428     0.40
         0.93        2289.0         0.680    Sep 29 18:56:21      1429     0.40
         0.94        2289.6         0.660    Sep 29 18:56:21      1429     0.40
         0.94        2290.3         0.660    Sep 29 18:56:21      1429     0.40
         0.94        2291.0         0.680    Sep 29 18:56:22      1430     0.40
         0.94        2291.6         0.630    Sep 29 18:56:22      1430     0.40
         0.94        2292.3         0.710    Sep 29 18:56:23      1431     0.40
         0.94        2292.9         0.620    Sep 29 18:56:23      1431     0.40
         0.94        2293.6         0.660    Sep 29 18:56:24      1432     0.40
         0.94        2294.3         0.670    Sep 29 18:56:24      1432     0.40
         0.94        2294.9         0.670    Sep 29 18:56:25      1433     0.40
         0.94        2295.6         0.700    Sep 29 18:56:25      1433     0.40
         0.95        2296.3         0.620    Sep 29 18:56:25      1433     0.40
         0.95        2296.9         0.670    Sep 29 18:56:26      1434     0.40
         0.95        2297.6         0.630    Sep 29 18:56:26      1434     0.40
         0.95        2298.3         0.710    Sep 29 18:56:27      1435     0.40
         0.95        2298.9         0.620    Sep 29 18:56:27      1435     0.40
         0.95        2299.6         0.680    Sep 29 18:56:28      1436     0.40
         0.95        2300.2         0.660    Sep 29 18:56:28      1436     0.40
         0.95        2300.9         0.670    Sep 29 18:56:29      1437     0.40
         0.95        2301.5         0.650    Sep 29 18:56:29      1437     0.40
         0.95        2302.3         0.710    Sep 29 18:56:29      1437     0.40
         0.96        2303.0         0.700    Sep 29 18:56:30      1438     0.40
         0.96        2303.6         0.670    Sep 29 18:56:30      1438     0.40
         0.96        2304.3         0.650    Sep 29 18:56:31      1439     0.40
         0.96        2305.0         0.670    Sep 29 18:56:31      1439     0.40
         0.96        2305.6         0.670    Sep 29 18:56:32      1440     0.40
         0.96        2306.3         0.650    Sep 29 18:56:32      1440     0.40
         0.96        2306.9         0.670    Sep 29 18:56:33      1441     0.40
         0.96        2307.6         0.630    Sep 29 18:56:33      1441     0.40
         0.96        2308.3         0.730    Sep 29 18:56:34      1442     0.40
         0.96        2309.0         0.710    Sep 29 18:56:34      1442     0.40
         0.97        2309.7         0.660    Sep 29 18:56:35      1443     0.40
         0.97        2310.4         0.700    Sep 29 18:56:35      1443     0.40
         0.97        2311.0         0.660    Sep 29 18:56:35      1443     0.40
         0.97        2311.7         0.660    Sep 29 18:56:36      1444     0.40
         0.97        2312.4         0.720    Sep 29 18:56:36      1444     0.40
         0.97        2313.0         0.620    Sep 29 18:56:37      1445     0.40
         0.97        2313.7         0.660    Sep 29 18:56:37      1445     0.40
         0.97        2314.4         0.670    Sep 29 18:56:38      1446     0.40
         0.97        2315.0         0.660    Sep 29 18:56:38      1446     0.40
         0.97        2315.7         0.700    Sep 29 18:56:39      1447     0.40
         0.98        2316.3         0.630    Sep 29 18:56:39      1447     0.40
         0.98        2317.0         0.700    Sep 29 18:56:40      1448     0.40
         0.98        2317.9         0.810    Sep 29 18:56:40      1448     0.40
         0.98        2318.6         0.690    Sep 29 18:56:41      1449     0.40
         0.98        2319.2         0.670    Sep 29 18:56:41      1449     0.40
         0.98        2319.9         0.660    Sep 29 18:56:42      1450     0.40
         0.98        2320.6         0.710    Sep 29 18:56:42      1450     0.40
         0.98        2321.3         0.670    Sep 29 18:56:43      1451     0.40
         0.98        2322.0         0.700    Sep 29 18:56:43      1451     0.40
         0.98        2322.6         0.660    Sep 29 18:56:43      1451     0.40
         0.99        2323.3         0.670    Sep 29 18:56:44      1452     0.40
         0.99        2324.0         0.700    Sep 29 18:56:44      1452     0.40
         0.99        2324.7         0.670    Sep 29 18:56:45      1453     0.40
         0.99        2325.4         0.700    Sep 29 18:56:45      1453     0.40
         0.99        2326.0         0.660    Sep 29 18:56:46      1454     0.40
         0.99        2326.7         0.670    Sep 29 18:56:46      1454     0.40
         0.99        2327.4         0.740    Sep 29 18:56:47      1455     0.40
         0.99        2328.1         0.630    Sep 29 18:56:47      1455     0.40
         0.99        2328.8         0.740    Sep 29 18:56:48      1456     0.40
         0.99        2329.5         0.660    Sep 29 18:56:48      1456     0.40
         0.99        2330.1         0.630    Sep 29 18:56:48      1456     0.40
         1.00        2330.7         0.650    Sep 29 18:56:49      1457     0.40
         1.00        2331.4         0.670    Sep 29 18:56:49      1457     0.40
         1.00        2332.2         0.750    Sep 29 18:56:50      1458     0.41
         1.00        2333.0         0.810    Sep 29 18:56:50      1458     0.41
         1.00        2333.7         0.690    Sep 29 18:56:51      1459     0.41
