#    Start: ------ Host: "mendez-famaf" ----------Thu Sep 29 19:35:51 2022

#    Time[fs]   CPU-time[s]     Delta-CPU    Real time        RealT[s]     [h]
#       -0.00           9.1                  Sep 29 19:36:00         0     0.00
         0.00          47.9        38.880    Sep 29 19:36:25        25     0.01
         0.00         106.3        58.380    Sep 29 19:37:03        63     0.02
         0.00         158.1        51.760    Sep 29 19:37:36        96     0.03
         0.00         207.6        49.510    Sep 29 19:38:07       127     0.04
         0.00         257.1        49.550    Sep 29 19:38:39       159     0.04
         0.01         302.9        45.800    Sep 29 19:39:08       188     0.05
         0.01         348.0        45.030    Sep 29 19:39:37       217     0.06
         0.01         390.6        42.590    Sep 29 19:40:04       244     0.07
         0.01         431.5        40.980    Sep 29 19:40:31       271     0.08
         0.01         470.2        38.640    Sep 29 19:40:56       296     0.08
         0.01         507.8        37.620    Sep 29 19:41:20       320     0.09
         0.01         542.0        34.250    Sep 29 19:41:41       341     0.09
         0.01         576.9        34.850    Sep 29 19:42:04       364     0.10
         0.01         609.1        32.210    Sep 29 19:42:24       384     0.11
         0.01         641.3        32.230    Sep 29 19:42:44       404     0.11
         0.02         671.8        30.440    Sep 29 19:43:03       423     0.12
         0.02         701.6        29.790    Sep 29 19:43:23       443     0.12
         0.02         731.4        29.840    Sep 29 19:43:43       463     0.13
         0.02         759.0        27.540    Sep 29 19:44:01       481     0.13
         0.02         785.7        26.730    Sep 29 19:44:18       498     0.14
         0.02         811.8        26.110    Sep 29 19:44:35       515     0.14
         0.02         837.5        25.700    Sep 29 19:44:52       532     0.15
         0.02         861.7        24.220    Sep 29 19:45:08       548     0.15
         0.02         885.7        24.010    Sep 29 19:45:24       564     0.16
         0.02         908.6        22.870    Sep 29 19:45:40       580     0.16
         0.02         930.2        21.640    Sep 29 19:45:53       593     0.16
         0.03         952.4        22.150    Sep 29 19:46:08       608     0.17
         0.03         973.7        21.280    Sep 29 19:46:23       623     0.17
         0.03         993.1        19.480    Sep 29 19:46:37       637     0.18
         0.03        1011.6        18.420    Sep 29 19:46:52       652     0.18
         0.03        1031.0        19.430    Sep 29 19:47:06       666     0.18
         0.03        1048.8        17.770    Sep 29 19:47:19       679     0.19
         0.03        1065.2        16.420    Sep 29 19:47:31       691     0.19
         0.03        1082.3        17.080    Sep 29 19:47:43       703     0.20
         0.03        1099.5        17.210    Sep 29 19:47:57       717     0.20
         0.04        1114.7        15.220    Sep 29 19:48:07       727     0.20
         0.04        1129.6        14.950    Sep 29 19:48:18       738     0.20
         0.04        1146.0        16.390    Sep 29 19:48:31       751     0.21
         0.04        1160.7        14.680    Sep 29 19:48:42       762     0.21
         0.04        1174.9        14.150    Sep 29 19:48:52       772     0.21
         0.04        1188.5        13.680    Sep 29 19:49:00       780     0.22
         0.04        1201.0        12.410    Sep 29 19:49:08       788     0.22
         0.04        1213.9        12.950    Sep 29 19:49:16       796     0.22
         0.04        1226.7        12.790    Sep 29 19:49:24       804     0.22
         0.04        1238.6        11.890    Sep 29 19:49:31       811     0.23
         0.05        1250.4        11.790    Sep 29 19:49:39       819     0.23
         0.05        1261.9        11.520    Sep 29 19:49:46       826     0.23
         0.05        1272.2        10.360    Sep 29 19:49:52       832     0.23
         0.05        1282.6        10.380    Sep 29 19:49:58       838     0.23
         0.05        1294.0        11.370    Sep 29 19:50:06       846     0.23
         0.05        1304.5        10.550    Sep 29 19:50:12       852     0.24
         0.05        1314.7        10.140    Sep 29 19:50:18       858     0.24
         0.05        1324.4         9.740    Sep 29 19:50:24       864     0.24
         0.05        1333.6         9.130    Sep 29 19:50:29       869     0.24
         0.05        1343.3         9.730    Sep 29 19:50:36       876     0.24
         0.06        1352.7         9.450    Sep 29 19:50:42       882     0.24
         0.06        1361.4         8.620    Sep 29 19:50:47       887     0.25
         0.06        1370.0         8.680    Sep 29 19:50:52       892     0.25
         0.06        1379.0         8.930    Sep 29 19:50:58       898     0.25
         0.06        1386.8         7.850    Sep 29 19:51:03       903     0.25
         0.06        1394.6         7.800    Sep 29 19:51:07       907     0.25
         0.06        1402.6         7.950    Sep 29 19:51:12       912     0.25
         0.06        1410.4         7.820    Sep 29 19:51:17       917     0.25
         0.06        1418.0         7.630    Sep 29 19:51:22       922     0.26
         0.06        1425.3         7.280    Sep 29 19:51:26       926     0.26
         0.07        1432.2         6.920    Sep 29 19:51:30       930     0.26
         0.07        1440.0         7.750    Sep 29 19:51:35       935     0.26
         0.07        1447.2         7.240    Sep 29 19:51:39       939     0.26
         0.07        1453.6         6.380    Sep 29 19:51:43       943     0.26
         0.07        1460.8         7.200    Sep 29 19:51:48       948     0.26
         0.07        1467.2         6.370    Sep 29 19:51:51       951     0.26
         0.07        1474.5         7.340    Sep 29 19:51:56       956     0.27
         0.07        1481.2         6.750    Sep 29 19:52:00       960     0.27
         0.07        1486.9         5.690    Sep 29 19:52:04       964     0.27
         0.07        1492.6         5.680    Sep 29 19:52:07       967     0.27
         0.08        1498.7         6.040    Sep 29 19:52:11       971     0.27
         0.08        1504.4         5.730    Sep 29 19:52:14       974     0.27
         0.08        1510.1         5.740    Sep 29 19:52:18       978     0.27
         0.08        1516.6         6.450    Sep 29 19:52:22       982     0.27
         0.08        1521.7         5.100    Sep 29 19:52:25       985     0.27
         0.08        1527.2         5.560    Sep 29 19:52:29       989     0.27
         0.08        1532.4         5.200    Sep 29 19:52:32       992     0.28
         0.08        1537.5         5.090    Sep 29 19:52:35       995     0.28
         0.08        1542.6         5.060    Sep 29 19:52:38       998     0.28
         0.08        1547.7         5.080    Sep 29 19:52:41      1001     0.28
         0.09        1552.7         5.050    Sep 29 19:52:44      1004     0.28
         0.09        1557.1         4.410    Sep 29 19:52:47      1007     0.28
         0.09        1561.6         4.430    Sep 29 19:52:49      1009     0.28
         0.09        1566.0         4.410    Sep 29 19:52:52      1012     0.28
         0.09        1570.4         4.410    Sep 29 19:52:55      1015     0.28
         0.09        1575.1         4.690    Sep 29 19:52:58      1018     0.28
         0.09        1579.5         4.440    Sep 29 19:53:00      1020     0.28
         0.09        1584.1         4.550    Sep 29 19:53:03      1023     0.28
         0.09        1589.2         5.120    Sep 29 19:53:06      1026     0.28
         0.09        1593.3         4.110    Sep 29 19:53:09      1029     0.29
         0.10        1597.5         4.250    Sep 29 19:53:11      1031     0.29
         0.10        1601.8         4.270    Sep 29 19:53:14      1034     0.29
         0.10        1606.0         4.140    Sep 29 19:53:17      1037     0.29
         0.10        1610.5         4.500    Sep 29 19:53:20      1040     0.29
         0.10        1614.7         4.200    Sep 29 19:53:23      1043     0.29
         0.10        1618.7         4.030    Sep 29 19:53:25      1045     0.29
         0.10        1622.9         4.190    Sep 29 19:53:28      1048     0.29
         0.10        1626.9         4.000    Sep 29 19:53:30      1050     0.29
         0.10        1630.7         3.850    Sep 29 19:53:32      1052     0.29
         0.10        1634.2         3.490    Sep 29 19:53:34      1054     0.29
         0.11        1637.8         3.540    Sep 29 19:53:37      1057     0.29
         0.11        1641.3         3.520    Sep 29 19:53:39      1059     0.29
         0.11        1645.0         3.680    Sep 29 19:53:41      1061     0.29
         0.11        1648.5         3.500    Sep 29 19:53:43      1063     0.30
         0.11        1651.6         3.170    Sep 29 19:53:45      1065     0.30
         0.11        1654.8         3.170    Sep 29 19:53:47      1067     0.30
         0.11        1658.0         3.180    Sep 29 19:53:49      1069     0.30
         0.11        1661.4         3.380    Sep 29 19:53:51      1071     0.30
         0.11        1664.9         3.570    Sep 29 19:53:53      1073     0.30
         0.11        1668.1         3.190    Sep 29 19:53:55      1075     0.30
         0.12        1671.7         3.540    Sep 29 19:53:57      1077     0.30
         0.12        1675.0         3.350    Sep 29 19:53:59      1079     0.30
         0.12        1678.4         3.390    Sep 29 19:54:02      1082     0.30
         0.12        1681.1         2.680    Sep 29 19:54:03      1083     0.30
         0.12        1683.9         2.830    Sep 29 19:54:05      1085     0.30
         0.12        1686.7         2.810    Sep 29 19:54:07      1087     0.30
         0.12        1689.5         2.830    Sep 29 19:54:08      1088     0.30
         0.12        1692.2         2.610    Sep 29 19:54:10      1090     0.30
         0.12        1694.8         2.610    Sep 29 19:54:12      1092     0.30
         0.12        1697.5         2.730    Sep 29 19:54:14      1094     0.30
         0.13        1700.1         2.570    Sep 29 19:54:15      1095     0.30
         0.13        1702.6         2.570    Sep 29 19:54:17      1097     0.30
         0.13        1705.4         2.780    Sep 29 19:54:18      1098     0.30
         0.13        1708.1         2.740    Sep 29 19:54:20      1100     0.31
         0.13        1710.8         2.700    Sep 29 19:54:22      1102     0.31
         0.13        1713.4         2.520    Sep 29 19:54:23      1103     0.31
         0.13        1716.1         2.770    Sep 29 19:54:25      1105     0.31
         0.13        1718.9         2.730    Sep 29 19:54:26      1106     0.31
         0.13        1721.8         2.880    Sep 29 19:54:28      1108     0.31
         0.13        1724.3         2.530    Sep 29 19:54:30      1110     0.31
         0.14        1727.2         2.920    Sep 29 19:54:32      1112     0.31
         0.14        1729.1         1.900    Sep 29 19:54:33      1113     0.31
         0.14        1731.0         1.900    Sep 29 19:54:34      1114     0.31
         0.14        1733.0         1.990    Sep 29 19:54:35      1115     0.31
         0.14        1735.2         2.230    Sep 29 19:54:37      1117     0.31
         0.14        1737.3         2.040    Sep 29 19:54:38      1118     0.31
         0.14        1739.3         2.000    Sep 29 19:54:39      1119     0.31
         0.14        1741.2         1.920    Sep 29 19:54:40      1120     0.31
         0.14        1743.1         1.900    Sep 29 19:54:41      1121     0.31
         0.14        1745.2         2.150    Sep 29 19:54:43      1123     0.31
         0.15        1747.4         2.180    Sep 29 19:54:44      1124     0.31
         0.15        1749.4         1.950    Sep 29 19:54:45      1125     0.31
         0.15        1751.6         2.210    Sep 29 19:54:47      1127     0.31
         0.15        1753.7         2.160    Sep 29 19:54:48      1128     0.31
         0.15        1755.6         1.910    Sep 29 19:54:49      1129     0.31
         0.15        1757.8         2.150    Sep 29 19:54:50      1130     0.31
         0.15        1759.9         2.120    Sep 29 19:54:52      1132     0.31
         0.15        1762.2         2.280    Sep 29 19:54:53      1133     0.31
         0.15        1764.2         2.000    Sep 29 19:54:55      1135     0.32
         0.15        1766.1         1.920    Sep 29 19:54:56      1136     0.32
         0.16        1768.1         2.020    Sep 29 19:54:57      1137     0.32
         0.16        1770.0         1.880    Sep 29 19:54:58      1138     0.32
         0.16        1771.9         1.890    Sep 29 19:54:59      1139     0.32
         0.16        1773.8         1.890    Sep 29 19:55:00      1140     0.32
         0.16        1775.7         1.890    Sep 29 19:55:02      1142     0.32
         0.16        1777.6         1.890    Sep 29 19:55:03      1143     0.32
         0.16        1779.5         1.890    Sep 29 19:55:04      1144     0.32
         0.16        1781.4         1.900    Sep 29 19:55:05      1145     0.32
         0.16        1783.6         2.280    Sep 29 19:55:06      1146     0.32
         0.16        1785.7         2.040    Sep 29 19:55:08      1148     0.32
         0.17        1787.6         1.930    Sep 29 19:55:09      1149     0.32
         0.17        1789.8         2.220    Sep 29 19:55:10      1150     0.32
         0.17        1791.1         1.300    Sep 29 19:55:11      1151     0.32
         0.17        1792.5         1.330    Sep 29 19:55:12      1152     0.32
         0.17        1793.8         1.290    Sep 29 19:55:13      1153     0.32
         0.17        1795.0         1.290    Sep 29 19:55:13      1153     0.32
         0.17        1796.5         1.410    Sep 29 19:55:14      1154     0.32
         0.17        1798.0         1.510    Sep 29 19:55:15      1155     0.32
         0.17        1799.5         1.500    Sep 29 19:55:16      1156     0.32
         0.17        1800.7         1.280    Sep 29 19:55:17      1157     0.32
         0.18        1802.0         1.270    Sep 29 19:55:18      1158     0.32
         0.18        1803.3         1.280    Sep 29 19:55:19      1159     0.32
         0.18        1804.6         1.270    Sep 29 19:55:19      1159     0.32
         0.18        1805.8         1.220    Sep 29 19:55:20      1160     0.32
         0.18        1807.0         1.230    Sep 29 19:55:21      1161     0.32
         0.18        1808.2         1.240    Sep 29 19:55:22      1162     0.32
         0.18        1809.5         1.280    Sep 29 19:55:22      1162     0.32
         0.18        1810.8         1.280    Sep 29 19:55:23      1163     0.32
         0.18        1812.1         1.270    Sep 29 19:55:24      1164     0.32
         0.18        1813.6         1.490    Sep 29 19:55:25      1165     0.32
         0.19        1815.0         1.460    Sep 29 19:55:26      1166     0.32
         0.19        1816.3         1.280    Sep 29 19:55:27      1167     0.32
         0.19        1817.6         1.310    Sep 29 19:55:27      1167     0.32
         0.19        1819.0         1.330    Sep 29 19:55:28      1168     0.32
         0.19        1820.2         1.300    Sep 29 19:55:29      1169     0.32
         0.19        1821.5         1.270    Sep 29 19:55:30      1170     0.33
         0.19        1822.8         1.280    Sep 29 19:55:31      1171     0.33
         0.19        1824.3         1.460    Sep 29 19:55:32      1172     0.33
         0.19        1825.5         1.270    Sep 29 19:55:32      1172     0.33
         0.19        1826.8         1.280    Sep 29 19:55:33      1173     0.33
         0.20        1828.1         1.260    Sep 29 19:55:34      1174     0.33
         0.20        1829.3         1.270    Sep 29 19:55:35      1175     0.33
         0.20        1830.6         1.260    Sep 29 19:55:35      1175     0.33
         0.20        1831.8         1.250    Sep 29 19:55:36      1176     0.33
         0.20        1833.1         1.260    Sep 29 19:55:37      1177     0.33
         0.20        1834.4         1.280    Sep 29 19:55:38      1178     0.33
         0.20        1835.8         1.390    Sep 29 19:55:39      1179     0.33
         0.20        1837.1         1.330    Sep 29 19:55:39      1179     0.33
         0.20        1838.6         1.470    Sep 29 19:55:40      1180     0.33
         0.20        1839.9         1.360    Sep 29 19:55:41      1181     0.33
         0.21        1841.2         1.280    Sep 29 19:55:42      1182     0.33
         0.21        1842.5         1.290    Sep 29 19:55:43      1183     0.33
         0.21        1843.8         1.280    Sep 29 19:55:43      1183     0.33
         0.21        1845.1         1.290    Sep 29 19:55:44      1184     0.33
         0.21        1846.4         1.300    Sep 29 19:55:45      1185     0.33
         0.21        1847.8         1.380    Sep 29 19:55:46      1186     0.33
         0.21        1849.1         1.330    Sep 29 19:55:47      1187     0.33
         0.21        1850.4         1.310    Sep 29 19:55:47      1187     0.33
         0.21        1851.7         1.270    Sep 29 19:55:48      1188     0.33
         0.21        1853.0         1.290    Sep 29 19:55:49      1189     0.33
         0.22        1854.2         1.260    Sep 29 19:55:50      1190     0.33
         0.22        1855.7         1.440    Sep 29 19:55:51      1191     0.33
         0.22        1856.9         1.290    Sep 29 19:55:52      1192     0.33
         0.22        1858.2         1.280    Sep 29 19:55:52      1192     0.33
         0.22        1859.5         1.290    Sep 29 19:55:53      1193     0.33
         0.22        1860.9         1.420    Sep 29 19:55:54      1194     0.33
         0.22        1862.4         1.460    Sep 29 19:55:55      1195     0.33
         0.22        1863.7         1.290    Sep 29 19:55:56      1196     0.33
         0.22        1865.0         1.300    Sep 29 19:55:57      1197     0.33
         0.22        1866.3         1.310    Sep 29 19:55:57      1197     0.33
         0.23        1867.7         1.380    Sep 29 19:55:58      1198     0.33
         0.23        1869.1         1.460    Sep 29 19:55:59      1199     0.33
         0.23        1870.6         1.490    Sep 29 19:56:00      1200     0.33
         0.23        1872.1         1.440    Sep 29 19:56:01      1201     0.33
         0.23        1873.3         1.280    Sep 29 19:56:02      1202     0.33
         0.23        1874.6         1.300    Sep 29 19:56:03      1203     0.33
         0.23        1876.0         1.310    Sep 29 19:56:03      1203     0.33
         0.23        1877.3         1.380    Sep 29 19:56:04      1204     0.33
         0.23        1878.8         1.420    Sep 29 19:56:05      1205     0.33
         0.23        1880.2         1.450    Sep 29 19:56:06      1206     0.34
         0.24        1881.5         1.290    Sep 29 19:56:07      1207     0.34
         0.24        1882.9         1.380    Sep 29 19:56:08      1208     0.34
         0.24        1884.2         1.300    Sep 29 19:56:09      1209     0.34
         0.24        1885.5         1.330    Sep 29 19:56:10      1210     0.34
         0.24        1886.9         1.400    Sep 29 19:56:10      1210     0.34
         0.24        1888.2         1.300    Sep 29 19:56:11      1211     0.34
         0.24        1889.5         1.290    Sep 29 19:56:12      1212     0.34
         0.24        1890.8         1.310    Sep 29 19:56:13      1213     0.34
         0.24        1892.1         1.340    Sep 29 19:56:14      1214     0.34
         0.24        1893.6         1.460    Sep 29 19:56:15      1215     0.34
         0.25        1895.0         1.410    Sep 29 19:56:15      1215     0.34
         0.25        1896.3         1.270    Sep 29 19:56:16      1216     0.34
         0.25        1897.6         1.290    Sep 29 19:56:17      1217     0.34
         0.25        1899.0         1.470    Sep 29 19:56:18      1218     0.34
         0.25        1899.8         0.720    Sep 29 19:56:19      1219     0.34
         0.25        1900.6         0.850    Sep 29 19:56:19      1219     0.34
         0.25        1901.4         0.780    Sep 29 19:56:20      1220     0.34
         0.25        1902.1         0.700    Sep 29 19:56:20      1220     0.34
         0.25        1902.9         0.770    Sep 29 19:56:21      1221     0.34
         0.25        1903.6         0.700    Sep 29 19:56:21      1221     0.34
         0.26        1904.5         0.920    Sep 29 19:56:22      1222     0.34
         0.26        1905.3         0.850    Sep 29 19:56:23      1223     0.34
         0.26        1906.1         0.770    Sep 29 19:56:23      1223     0.34
         0.26        1906.8         0.740    Sep 29 19:56:24      1224     0.34
         0.26        1907.6         0.740    Sep 29 19:56:24      1224     0.34
         0.26        1908.4         0.850    Sep 29 19:56:25      1225     0.34
         0.26        1909.3         0.820    Sep 29 19:56:25      1225     0.34
         0.26        1910.1         0.810    Sep 29 19:56:26      1226     0.34
         0.26        1911.0         0.960    Sep 29 19:56:27      1227     0.34
         0.26        1911.9         0.860    Sep 29 19:56:27      1227     0.34
         0.27        1912.6         0.730    Sep 29 19:56:28      1228     0.34
         0.27        1913.4         0.780    Sep 29 19:56:28      1228     0.34
         0.27        1914.1         0.710    Sep 29 19:56:29      1229     0.34
         0.27        1914.9         0.780    Sep 29 19:56:29      1229     0.34
         0.27        1915.6         0.720    Sep 29 19:56:30      1230     0.34
         0.27        1916.3         0.740    Sep 29 19:56:30      1230     0.34
         0.27        1917.2         0.880    Sep 29 19:56:31      1231     0.34
         0.27        1918.0         0.800    Sep 29 19:56:31      1231     0.34
         0.27        1918.8         0.820    Sep 29 19:56:32      1232     0.34
         0.27        1919.7         0.840    Sep 29 19:56:33      1233     0.34
         0.28        1920.5         0.820    Sep 29 19:56:33      1233     0.34
         0.28        1921.3         0.790    Sep 29 19:56:34      1234     0.34
         0.28        1922.0         0.730    Sep 29 19:56:34      1234     0.34
         0.28        1922.8         0.770    Sep 29 19:56:35      1235     0.34
         0.28        1923.7         0.900    Sep 29 19:56:35      1235     0.34
         0.28        1924.6         0.880    Sep 29 19:56:36      1236     0.34
         0.28        1925.4         0.820    Sep 29 19:56:37      1237     0.34
         0.28        1926.2         0.770    Sep 29 19:56:37      1237     0.34
         0.28        1926.9         0.760    Sep 29 19:56:38      1238     0.34
         0.28        1927.6         0.710    Sep 29 19:56:38      1238     0.34
         0.29        1928.4         0.720    Sep 29 19:56:39      1239     0.34
         0.29        1929.1         0.740    Sep 29 19:56:39      1239     0.34
         0.29        1929.8         0.730    Sep 29 19:56:40      1240     0.34
         0.29        1930.6         0.750    Sep 29 19:56:40      1240     0.34
         0.29        1931.3         0.750    Sep 29 19:56:41      1241     0.34
         0.29        1932.1         0.730    Sep 29 19:56:41      1241     0.34
         0.29        1932.8         0.740    Sep 29 19:56:42      1242     0.34
         0.29        1933.6         0.780    Sep 29 19:56:42      1242     0.34
         0.29        1934.3         0.760    Sep 29 19:56:43      1243     0.35
         0.29        1935.1         0.720    Sep 29 19:56:43      1243     0.35
         0.30        1935.8         0.700    Sep 29 19:56:43      1243     0.35
         0.30        1936.6         0.850    Sep 29 19:56:44      1244     0.35
         0.30        1937.9         1.280    Sep 29 19:56:45      1245     0.35
         0.30        1940.3         2.380    Sep 29 19:56:46      1246     0.35
         0.30        1942.2         1.930    Sep 29 19:56:47      1247     0.35
         0.30        1944.2         2.020    Sep 29 19:56:49      1249     0.35
         0.30        1946.3         2.120    Sep 29 19:56:50      1250     0.35
         0.30        1948.2         1.890    Sep 29 19:56:51      1251     0.35
         0.30        1950.1         1.860    Sep 29 19:56:52      1252     0.35
         0.30        1951.4         1.260    Sep 29 19:56:53      1253     0.35
         0.31        1952.6         1.260    Sep 29 19:56:54      1254     0.35
         0.31        1953.9         1.250    Sep 29 19:56:54      1254     0.35
         0.31        1955.2         1.370    Sep 29 19:56:55      1255     0.35
         0.31        1956.6         1.380    Sep 29 19:56:56      1256     0.35
         0.31        1957.3         0.650    Sep 29 19:56:56      1256     0.35
         0.31        1958.1         0.800    Sep 29 19:56:57      1257     0.35
         0.31        1958.8         0.780    Sep 29 19:56:58      1258     0.35
         0.31        1959.5         0.680    Sep 29 19:56:58      1258     0.35
         0.31        1960.4         0.850    Sep 29 19:56:59      1259     0.35
         0.31        1961.2         0.810    Sep 29 19:56:59      1259     0.35
         0.32        1961.9         0.760    Sep 29 19:57:00      1260     0.35
         0.32        1962.8         0.880    Sep 29 19:57:00      1260     0.35
         0.32        1963.5         0.730    Sep 29 19:57:01      1261     0.35
         0.32        1964.3         0.720    Sep 29 19:57:01      1261     0.35
         0.32        1965.0         0.740    Sep 29 19:57:02      1262     0.35
         0.32        1965.7         0.710    Sep 29 19:57:02      1262     0.35
         0.32        1966.5         0.750    Sep 29 19:57:03      1263     0.35
         0.32        1967.2         0.710    Sep 29 19:57:03      1263     0.35
         0.32        1967.9         0.710    Sep 29 19:57:04      1264     0.35
         0.32        1968.6         0.750    Sep 29 19:57:04      1264     0.35
         0.33        1969.3         0.700    Sep 29 19:57:04      1264     0.35
         0.33        1970.1         0.750    Sep 29 19:57:05      1265     0.35
         0.33        1970.8         0.710    Sep 29 19:57:05      1265     0.35
         0.33        1971.5         0.710    Sep 29 19:57:06      1266     0.35
         0.33        1972.3         0.750    Sep 29 19:57:06      1266     0.35
         0.33        1973.0         0.720    Sep 29 19:57:07      1267     0.35
         0.33        1973.7         0.760    Sep 29 19:57:07      1267     0.35
         0.33        1974.4         0.700    Sep 29 19:57:08      1268     0.35
         0.33        1975.2         0.710    Sep 29 19:57:08      1268     0.35
         0.33        1975.9         0.750    Sep 29 19:57:09      1269     0.35
         0.34        1976.6         0.710    Sep 29 19:57:09      1269     0.35
         0.34        1977.4         0.750    Sep 29 19:57:10      1270     0.35
         0.34        1978.1         0.710    Sep 29 19:57:10      1270     0.35
         0.34        1978.8         0.710    Sep 29 19:57:11      1271     0.35
         0.34        1979.5         0.750    Sep 29 19:57:11      1271     0.35
         0.34        1980.2         0.720    Sep 29 19:57:12      1272     0.35
         0.34        1981.0         0.740    Sep 29 19:57:12      1272     0.35
         0.34        1981.7         0.720    Sep 29 19:57:13      1273     0.35
         0.34        1982.4         0.710    Sep 29 19:57:13      1273     0.35
         0.34        1983.2         0.750    Sep 29 19:57:14      1274     0.35
         0.35        1983.9         0.710    Sep 29 19:57:14      1274     0.35
         0.35        1984.6         0.750    Sep 29 19:57:14      1274     0.35
         0.35        1985.3         0.690    Sep 29 19:57:15      1275     0.35
         0.35        1986.0         0.700    Sep 29 19:57:15      1275     0.35
         0.35        1986.8         0.730    Sep 29 19:57:16      1276     0.35
         0.35        1987.5         0.700    Sep 29 19:57:16      1276     0.35
         0.35        1988.2         0.730    Sep 29 19:57:17      1277     0.35
         0.35        1988.9         0.700    Sep 29 19:57:17      1277     0.35
         0.35        1989.6         0.690    Sep 29 19:57:18      1278     0.35
         0.35        1990.3         0.740    Sep 29 19:57:18      1278     0.35
         0.36        1991.0         0.690    Sep 29 19:57:19      1279     0.36
         0.36        1991.7         0.730    Sep 29 19:57:19      1279     0.36
         0.36        1992.5         0.720    Sep 29 19:57:20      1280     0.36
         0.36        1993.1         0.700    Sep 29 19:57:20      1280     0.36
         0.36        1994.0         0.810    Sep 29 19:57:21      1281     0.36
         0.36        1994.7         0.730    Sep 29 19:57:21      1281     0.36
         0.36        1995.4         0.750    Sep 29 19:57:22      1282     0.36
         0.36        1996.1         0.710    Sep 29 19:57:22      1282     0.36
         0.36        1996.9         0.710    Sep 29 19:57:23      1283     0.36
         0.36        1997.6         0.760    Sep 29 19:57:23      1283     0.36
         0.37        1998.3         0.710    Sep 29 19:57:24      1284     0.36
         0.37        1999.1         0.760    Sep 29 19:57:24      1284     0.36
         0.37        2000.0         0.870    Sep 29 19:57:25      1285     0.36
         0.37        2000.7         0.750    Sep 29 19:57:25      1285     0.36
         0.37        2001.5         0.790    Sep 29 19:57:26      1286     0.36
         0.37        2002.3         0.810    Sep 29 19:57:26      1286     0.36
         0.37        2003.1         0.830    Sep 29 19:57:27      1287     0.36
         0.37        2003.9         0.720    Sep 29 19:57:27      1287     0.36
         0.37        2004.6         0.760    Sep 29 19:57:28      1288     0.36
         0.37        2005.3         0.680    Sep 29 19:57:28      1288     0.36
         0.38        2006.0         0.720    Sep 29 19:57:29      1289     0.36
         0.38        2006.7         0.690    Sep 29 19:57:29      1289     0.36
         0.38        2007.6         0.890    Sep 29 19:57:30      1290     0.36
         0.38        2008.5         0.870    Sep 29 19:57:30      1290     0.36
         0.38        2009.2         0.700    Sep 29 19:57:31      1291     0.36
         0.38        2010.0         0.870    Sep 29 19:57:31      1291     0.36
         0.38        2010.8         0.750    Sep 29 19:57:32      1292     0.36
         0.38        2011.5         0.680    Sep 29 19:57:32      1292     0.36
         0.38        2012.3         0.790    Sep 29 19:57:33      1293     0.36
         0.38        2013.2         0.900    Sep 29 19:57:33      1293     0.36
         0.39        2013.9         0.740    Sep 29 19:57:34      1294     0.36
         0.39        2014.6         0.710    Sep 29 19:57:34      1294     0.36
         0.39        2015.4         0.740    Sep 29 19:57:35      1295     0.36
         0.39        2016.2         0.850    Sep 29 19:57:35      1295     0.36
         0.39        2016.9         0.680    Sep 29 19:57:36      1296     0.36
         0.39        2017.7         0.830    Sep 29 19:57:36      1296     0.36
         0.39        2018.4         0.730    Sep 29 19:57:37      1297     0.36
         0.39        2019.1         0.680    Sep 29 19:57:37      1297     0.36
         0.39        2019.9         0.740    Sep 29 19:57:38      1298     0.36
         0.39        2020.6         0.700    Sep 29 19:57:38      1298     0.36
         0.40        2021.5         0.920    Sep 29 19:57:39      1299     0.36
         0.40        2022.3         0.820    Sep 29 19:57:40      1300     0.36
         0.40        2023.0         0.750    Sep 29 19:57:40      1300     0.36
         0.40        2023.8         0.770    Sep 29 19:57:41      1301     0.36
         0.40        2024.6         0.730    Sep 29 19:57:41      1301     0.36
         0.40        2025.3         0.730    Sep 29 19:57:42      1302     0.36
         0.40        2026.0         0.710    Sep 29 19:57:42      1302     0.36
         0.40        2026.7         0.720    Sep 29 19:57:42      1302     0.36
         0.40        2027.5         0.820    Sep 29 19:57:43      1303     0.36
         0.40        2028.3         0.800    Sep 29 19:57:44      1304     0.36
         0.41        2029.0         0.720    Sep 29 19:57:44      1304     0.36
         0.41        2029.9         0.850    Sep 29 19:57:45      1305     0.36
         0.41        2030.7         0.790    Sep 29 19:57:45      1305     0.36
         0.41        2031.4         0.760    Sep 29 19:57:46      1306     0.36
         0.41        2032.2         0.750    Sep 29 19:57:46      1306     0.36
         0.41        2033.1         0.910    Sep 29 19:57:47      1307     0.36
         0.41        2033.9         0.810    Sep 29 19:57:47      1307     0.36
         0.41        2034.7         0.750    Sep 29 19:57:48      1308     0.36
         0.41        2035.5         0.790    Sep 29 19:57:48      1308     0.36
         0.41        2036.2         0.760    Sep 29 19:57:49      1309     0.36
         0.42        2036.9         0.670    Sep 29 19:57:49      1309     0.36
         0.42        2037.7         0.840    Sep 29 19:57:50      1310     0.36
         0.42        2038.5         0.720    Sep 29 19:57:50      1310     0.36
         0.42        2039.2         0.770    Sep 29 19:57:51      1311     0.36
         0.42        2040.0         0.780    Sep 29 19:57:51      1311     0.36
         0.42        2040.8         0.830    Sep 29 19:57:52      1312     0.36
         0.42        2041.8         0.930    Sep 29 19:57:52      1312     0.36
         0.42        2042.6         0.840    Sep 29 19:57:53      1313     0.36
         0.42        2043.5         0.870    Sep 29 19:57:54      1314     0.36
         0.42        2044.3         0.820    Sep 29 19:57:54      1314     0.36
         0.43        2045.0         0.750    Sep 29 19:57:55      1315     0.37
         0.43        2045.7         0.680    Sep 29 19:57:55      1315     0.37
         0.43        2046.5         0.760    Sep 29 19:57:56      1316     0.37
         0.43        2047.2         0.680    Sep 29 19:57:56      1316     0.37
         0.43        2048.0         0.850    Sep 29 19:57:57      1317     0.37
         0.43        2048.9         0.860    Sep 29 19:57:57      1317     0.37
         0.43        2049.7         0.840    Sep 29 19:57:58      1318     0.37
         0.43        2050.5         0.840    Sep 29 19:57:58      1318     0.37
         0.43        2051.4         0.880    Sep 29 19:57:59      1319     0.37
         0.43        2052.1         0.700    Sep 29 19:57:59      1319     0.37
         0.44        2053.1         0.920    Sep 29 19:58:00      1320     0.37
         0.44        2054.0         0.920    Sep 29 19:58:01      1321     0.37
         0.44        2054.7         0.750    Sep 29 19:58:01      1321     0.37
         0.44        2055.4         0.720    Sep 29 19:58:02      1322     0.37
         0.44        2056.2         0.770    Sep 29 19:58:02      1322     0.37
         0.44        2056.9         0.700    Sep 29 19:58:03      1323     0.37
         0.44        2057.7         0.760    Sep 29 19:58:03      1323     0.37
         0.44        2058.4         0.710    Sep 29 19:58:04      1324     0.37
         0.44        2059.1         0.720    Sep 29 19:58:04      1324     0.37
         0.44        2059.8         0.750    Sep 29 19:58:05      1325     0.37
         0.45        2060.5         0.670    Sep 29 19:58:05      1325     0.37
         0.45        2061.2         0.700    Sep 29 19:58:05      1325     0.37
         0.45        2061.9         0.680    Sep 29 19:58:06      1326     0.37
         0.45        2062.7         0.790    Sep 29 19:58:06      1326     0.37
         0.45        2063.4         0.680    Sep 29 19:58:07      1327     0.37
         0.45        2064.2         0.790    Sep 29 19:58:07      1327     0.37
         0.45        2064.9         0.720    Sep 29 19:58:08      1328     0.37
         0.45        2065.6         0.680    Sep 29 19:58:08      1328     0.37
         0.45        2066.3         0.710    Sep 29 19:58:09      1329     0.37
         0.45        2066.9         0.680    Sep 29 19:58:09      1329     0.37
         0.46        2067.7         0.750    Sep 29 19:58:10      1330     0.37
         0.46        2068.4         0.670    Sep 29 19:58:10      1330     0.37
         0.46        2069.1         0.760    Sep 29 19:58:11      1331     0.37
         0.46        2069.8         0.720    Sep 29 19:58:11      1331     0.37
         0.46        2070.6         0.710    Sep 29 19:58:12      1332     0.37
         0.46        2071.3         0.760    Sep 29 19:58:12      1332     0.37
         0.46        2072.1         0.750    Sep 29 19:58:13      1333     0.37
         0.46        2072.7         0.670    Sep 29 19:58:13      1333     0.37
         0.46        2073.5         0.800    Sep 29 19:58:14      1334     0.37
         0.46        2074.3         0.750    Sep 29 19:58:14      1334     0.37
         0.47        2075.0         0.680    Sep 29 19:58:14      1334     0.37
         0.47        2075.7         0.710    Sep 29 19:58:15      1335     0.37
         0.47        2076.5         0.810    Sep 29 19:58:16      1336     0.37
         0.47        2077.3         0.770    Sep 29 19:58:16      1336     0.37
         0.47        2078.1         0.830    Sep 29 19:58:17      1337     0.37
         0.47        2078.8         0.720    Sep 29 19:58:17      1337     0.37
         0.47        2079.6         0.790    Sep 29 19:58:18      1338     0.37
         0.47        2080.5         0.890    Sep 29 19:58:18      1338     0.37
         0.47        2081.3         0.830    Sep 29 19:58:19      1339     0.37
         0.47        2082.1         0.780    Sep 29 19:58:19      1339     0.37
         0.48        2082.9         0.770    Sep 29 19:58:20      1340     0.37
         0.48        2083.5         0.660    Sep 29 19:58:20      1340     0.37
         0.48        2084.2         0.690    Sep 29 19:58:21      1341     0.37
         0.48        2084.9         0.670    Sep 29 19:58:21      1341     0.37
         0.48        2085.6         0.740    Sep 29 19:58:22      1342     0.37
         0.48        2086.5         0.920    Sep 29 19:58:22      1342     0.37
         0.48        2087.3         0.770    Sep 29 19:58:23      1343     0.37
         0.48        2088.1         0.750    Sep 29 19:58:23      1343     0.37
         0.48        2089.0         0.900    Sep 29 19:58:24      1344     0.37
         0.48        2089.8         0.820    Sep 29 19:58:25      1345     0.37
         0.49        2090.7         0.860    Sep 29 19:58:25      1345     0.37
         0.49        2091.5         0.840    Sep 29 19:58:26      1346     0.37
         0.49        2092.3         0.790    Sep 29 19:58:26      1346     0.37
         0.49        2093.2         0.880    Sep 29 19:58:27      1347     0.37
         0.49        2093.9         0.770    Sep 29 19:58:27      1347     0.37
         0.49        2094.8         0.850    Sep 29 19:58:28      1348     0.37
         0.49        2095.5         0.740    Sep 29 19:58:29      1349     0.37
         0.49        2096.4         0.850    Sep 29 19:58:29      1349     0.37
         0.49        2097.2         0.850    Sep 29 19:58:30      1350     0.38
         0.49        2098.0         0.830    Sep 29 19:58:30      1350     0.38
         0.50        2098.8         0.750    Sep 29 19:58:31      1351     0.38
         0.50        2099.7         0.870    Sep 29 19:58:31      1351     0.38
         0.50        2100.5         0.810    Sep 29 19:58:32      1352     0.38
         0.50        2101.3         0.800    Sep 29 19:58:33      1353     0.38
         0.50        2102.1         0.780    Sep 29 19:58:33      1353     0.38
         0.50        2102.8         0.710    Sep 29 19:58:34      1354     0.38
         0.50        2103.5         0.700    Sep 29 19:58:34      1354     0.38
         0.50        2104.2         0.700    Sep 29 19:58:34      1354     0.38
         0.50        2104.9         0.710    Sep 29 19:58:35      1355     0.38
         0.50        2105.7         0.830    Sep 29 19:58:36      1356     0.38
         0.51        2106.4         0.730    Sep 29 19:58:36      1356     0.38
         0.51        2107.1         0.660    Sep 29 19:58:37      1357     0.38
         0.51        2108.0         0.940    Sep 29 19:58:37      1357     0.38
         0.51        2108.9         0.830    Sep 29 19:58:38      1358     0.38
         0.51        2109.6         0.730    Sep 29 19:58:38      1358     0.38
         0.51        2110.3         0.720    Sep 29 19:58:39      1359     0.38
         0.51        2111.2         0.870    Sep 29 19:58:39      1359     0.38
         0.51        2112.0         0.760    Sep 29 19:58:40      1360     0.38
         0.51        2112.8         0.840    Sep 29 19:58:40      1360     0.38
         0.51        2113.5         0.750    Sep 29 19:58:41      1361     0.38
         0.52        2114.3         0.770    Sep 29 19:58:41      1361     0.38
         0.52        2115.0         0.660    Sep 29 19:58:42      1362     0.38
         0.52        2115.7         0.710    Sep 29 19:58:42      1362     0.38
         0.52        2116.4         0.730    Sep 29 19:58:43      1363     0.38
         0.52        2117.1         0.700    Sep 29 19:58:43      1363     0.38
         0.52        2117.9         0.760    Sep 29 19:58:44      1364     0.38
         0.52        2118.6         0.720    Sep 29 19:58:44      1364     0.38
         0.52        2119.4         0.770    Sep 29 19:58:45      1365     0.38
         0.52        2120.1         0.710    Sep 29 19:58:45      1365     0.38
         0.52        2120.8         0.710    Sep 29 19:58:46      1366     0.38
         0.53        2121.5         0.700    Sep 29 19:58:46      1366     0.38
         0.53        2122.2         0.700    Sep 29 19:58:47      1367     0.38
         0.53        2122.9         0.760    Sep 29 19:58:47      1367     0.38
         0.53        2123.6         0.700    Sep 29 19:58:48      1368     0.38
         0.53        2124.3         0.660    Sep 29 19:58:48      1368     0.38
         0.53        2125.2         0.850    Sep 29 19:58:49      1369     0.38
         0.53        2126.0         0.810    Sep 29 19:58:49      1369     0.38
         0.53        2126.7         0.740    Sep 29 19:58:50      1370     0.38
         0.53        2127.4         0.710    Sep 29 19:58:50      1370     0.38
         0.53        2128.2         0.790    Sep 29 19:58:51      1371     0.38
         0.54        2129.0         0.800    Sep 29 19:58:51      1371     0.38
         0.54        2129.7         0.730    Sep 29 19:58:52      1372     0.38
         0.54        2130.4         0.720    Sep 29 19:58:52      1372     0.38
         0.54        2131.2         0.750    Sep 29 19:58:53      1373     0.38
         0.54        2132.0         0.850    Sep 29 19:58:53      1373     0.38
         0.54        2133.0         0.910    Sep 29 19:58:54      1374     0.38
         0.54        2133.8         0.800    Sep 29 19:58:54      1374     0.38
         0.54        2134.5         0.730    Sep 29 19:58:55      1375     0.38
         0.54        2135.3         0.840    Sep 29 19:58:56      1376     0.38
         0.54        2136.2         0.820    Sep 29 19:58:56      1376     0.38
         0.55        2137.0         0.840    Sep 29 19:58:57      1377     0.38
         0.55        2137.8         0.770    Sep 29 19:58:57      1377     0.38
         0.55        2138.4         0.660    Sep 29 19:58:58      1378     0.38
         0.55        2139.2         0.750    Sep 29 19:58:58      1378     0.38
         0.55        2139.9         0.720    Sep 29 19:58:59      1379     0.38
         0.55        2140.6         0.750    Sep 29 19:58:59      1379     0.38
         0.55        2141.3         0.710    Sep 29 19:59:00      1380     0.38
         0.55        2142.1         0.720    Sep 29 19:59:00      1380     0.38
         0.55        2142.8         0.750    Sep 29 19:59:01      1381     0.38
         0.55        2143.6         0.750    Sep 29 19:59:01      1381     0.38
         0.56        2144.3         0.730    Sep 29 19:59:02      1382     0.38
         0.56        2145.0         0.740    Sep 29 19:59:02      1382     0.38
         0.56        2145.8         0.800    Sep 29 19:59:03      1383     0.38
         0.56        2146.7         0.850    Sep 29 19:59:03      1383     0.38
         0.56        2147.4         0.750    Sep 29 19:59:04      1384     0.38
         0.56        2148.2         0.800    Sep 29 19:59:04      1384     0.38
         0.56        2149.0         0.740    Sep 29 19:59:05      1385     0.38
         0.56        2149.7         0.700    Sep 29 19:59:05      1385     0.38
         0.56        2150.4         0.690    Sep 29 19:59:06      1386     0.39
         0.56        2151.1         0.710    Sep 29 19:59:06      1386     0.39
         0.57        2151.8         0.700    Sep 29 19:59:07      1387     0.39
         0.57        2152.6         0.800    Sep 29 19:59:07      1387     0.39
         0.57        2153.3         0.750    Sep 29 19:59:08      1388     0.39
         0.57        2154.0         0.670    Sep 29 19:59:08      1388     0.39
         0.57        2154.8         0.760    Sep 29 19:59:09      1389     0.39
         0.57        2155.4         0.660    Sep 29 19:59:09      1389     0.39
         0.57        2156.1         0.710    Sep 29 19:59:09      1389     0.39
         0.57        2156.8         0.660    Sep 29 19:59:10      1390     0.39
         0.57        2157.5         0.720    Sep 29 19:59:10      1390     0.39
         0.57        2158.3         0.760    Sep 29 19:59:11      1391     0.39
         0.58        2159.1         0.790    Sep 29 19:59:11      1391     0.39
         0.58        2159.9         0.840    Sep 29 19:59:12      1392     0.39
         0.58        2160.7         0.750    Sep 29 19:59:13      1393     0.39
         0.58        2161.4         0.720    Sep 29 19:59:13      1393     0.39
         0.58        2162.1         0.710    Sep 29 19:59:13      1393     0.39
         0.58        2162.8         0.710    Sep 29 19:59:14      1394     0.39
         0.58        2163.6         0.840    Sep 29 19:59:14      1394     0.39
         0.58        2164.4         0.740    Sep 29 19:59:15      1395     0.39
         0.58        2165.1         0.750    Sep 29 19:59:15      1395     0.39
         0.58        2165.8         0.690    Sep 29 19:59:16      1396     0.39
         0.59        2166.6         0.760    Sep 29 19:59:16      1396     0.39
         0.59        2167.3         0.740    Sep 29 19:59:17      1397     0.39
         0.59        2168.0         0.650    Sep 29 19:59:17      1397     0.39
         0.59        2168.7         0.750    Sep 29 19:59:18      1398     0.39
         0.59        2169.5         0.750    Sep 29 19:59:18      1398     0.39
         0.59        2170.1         0.670    Sep 29 19:59:19      1399     0.39
         0.59        2171.0         0.850    Sep 29 19:59:19      1399     0.39
         0.59        2171.7         0.750    Sep 29 19:59:20      1400     0.39
         0.59        2172.4         0.700    Sep 29 19:59:20      1400     0.39
         0.59        2173.2         0.750    Sep 29 19:59:21      1401     0.39
         0.60        2173.9         0.700    Sep 29 19:59:21      1401     0.39
         0.60        2174.5         0.670    Sep 29 19:59:22      1402     0.39
         0.60        2175.3         0.740    Sep 29 19:59:22      1402     0.39
         0.60        2176.0         0.740    Sep 29 19:59:23      1403     0.39
         0.60        2176.8         0.720    Sep 29 19:59:23      1403     0.39
         0.60        2177.4         0.660    Sep 29 19:59:24      1404     0.39
         0.60        2178.2         0.800    Sep 29 19:59:24      1404     0.39
         0.60        2179.1         0.850    Sep 29 19:59:25      1405     0.39
         0.60        2179.8         0.730    Sep 29 19:59:25      1405     0.39
         0.60        2180.6         0.830    Sep 29 19:59:26      1406     0.39
         0.61        2181.4         0.760    Sep 29 19:59:27      1407     0.39
         0.61        2182.1         0.730    Sep 29 19:59:27      1407     0.39
         0.61        2183.1         0.970    Sep 29 19:59:28      1408     0.39
         0.61        2183.8         0.730    Sep 29 19:59:28      1408     0.39
         0.61        2184.5         0.690    Sep 29 19:59:29      1409     0.39
         0.61        2185.3         0.780    Sep 29 19:59:29      1409     0.39
         0.61        2186.0         0.760    Sep 29 19:59:30      1410     0.39
         0.61        2186.8         0.760    Sep 29 19:59:30      1410     0.39
         0.61        2187.5         0.710    Sep 29 19:59:31      1411     0.39
         0.61        2188.3         0.750    Sep 29 19:59:31      1411     0.39
         0.62        2189.0         0.740    Sep 29 19:59:32      1412     0.39
         0.62        2189.8         0.840    Sep 29 19:59:32      1412     0.39
         0.62        2190.7         0.850    Sep 29 19:59:33      1413     0.39
         0.62        2191.4         0.700    Sep 29 19:59:33      1413     0.39
         0.62        2192.2         0.760    Sep 29 19:59:34      1414     0.39
         0.62        2192.8         0.700    Sep 29 19:59:35      1415     0.39
         0.62        2193.6         0.750    Sep 29 19:59:35      1415     0.39
         0.62        2194.4         0.850    Sep 29 19:59:36      1416     0.39
         0.62        2195.3         0.860    Sep 29 19:59:36      1416     0.39
         0.62        2196.2         0.870    Sep 29 19:59:37      1417     0.39
         0.63        2196.9         0.690    Sep 29 19:59:37      1417     0.39
         0.63        2197.6         0.690    Sep 29 19:59:38      1418     0.39
         0.63        2198.2         0.660    Sep 29 19:59:38      1418     0.39
         0.63        2199.0         0.790    Sep 29 19:59:39      1419     0.39
         0.63        2199.7         0.700    Sep 29 19:59:39      1419     0.39
         0.63        2200.4         0.650    Sep 29 19:59:40      1420     0.39
         0.63        2201.1         0.740    Sep 29 19:59:40      1420     0.39
         0.63        2201.8         0.700    Sep 29 19:59:41      1421     0.39
         0.63        2202.5         0.730    Sep 29 19:59:41      1421     0.39
         0.63        2203.3         0.820    Sep 29 19:59:42      1422     0.40
         0.64        2204.2         0.820    Sep 29 19:59:42      1422     0.40
         0.64        2205.0         0.840    Sep 29 19:59:43      1423     0.40
         0.64        2205.7         0.730    Sep 29 19:59:43      1423     0.40
         0.64        2206.4         0.700    Sep 29 19:59:44      1424     0.40
         0.64        2207.2         0.710    Sep 29 19:59:44      1424     0.40
         0.64        2207.9         0.700    Sep 29 19:59:45      1425     0.40
         0.64        2208.6         0.700    Sep 29 19:59:45      1425     0.40
         0.64        2209.2         0.690    Sep 29 19:59:46      1426     0.40
         0.64        2210.1         0.840    Sep 29 19:59:46      1426     0.40
         0.64        2210.8         0.690    Sep 29 19:59:47      1427     0.40
         0.65        2211.4         0.660    Sep 29 19:59:47      1427     0.40
         0.65        2212.2         0.740    Sep 29 19:59:48      1428     0.40
         0.65        2212.9         0.740    Sep 29 19:59:48      1428     0.40
         0.65        2213.6         0.710    Sep 29 19:59:49      1429     0.40
         0.65        2214.3         0.710    Sep 29 19:59:49      1429     0.40
         0.65        2215.1         0.730    Sep 29 19:59:49      1429     0.40
         0.65        2215.8         0.710    Sep 29 19:59:50      1430     0.40
         0.65        2216.4         0.650    Sep 29 19:59:50      1430     0.40
         0.65        2217.2         0.750    Sep 29 19:59:51      1431     0.40
         0.65        2217.9         0.700    Sep 29 19:59:51      1431     0.40
         0.66        2218.6         0.740    Sep 29 19:59:52      1432     0.40
         0.66        2219.3         0.710    Sep 29 19:59:52      1432     0.40
         0.66        2220.0         0.700    Sep 29 19:59:53      1433     0.40
         0.66        2220.8         0.740    Sep 29 19:59:53      1433     0.40
         0.66        2221.5         0.720    Sep 29 19:59:54      1434     0.40
         0.66        2222.2         0.730    Sep 29 19:59:54      1434     0.40
         0.66        2222.9         0.700    Sep 29 19:59:55      1435     0.40
         0.66        2223.6         0.710    Sep 29 19:59:55      1435     0.40
         0.66        2224.4         0.790    Sep 29 19:59:56      1436     0.40
         0.66        2225.1         0.700    Sep 29 19:59:56      1436     0.40
         0.67        2225.8         0.740    Sep 29 19:59:57      1437     0.40
         0.67        2226.6         0.700    Sep 29 19:59:57      1437     0.40
         0.67        2227.2         0.700    Sep 29 19:59:58      1438     0.40
         0.67        2228.0         0.740    Sep 29 19:59:58      1438     0.40
         0.67        2228.7         0.700    Sep 29 19:59:59      1439     0.40
         0.67        2229.4         0.740    Sep 29 19:59:59      1439     0.40
         0.67        2230.1         0.700    Sep 29 19:59:59      1439     0.40
         0.67        2230.8         0.690    Sep 29 20:00:00      1440     0.40
         0.67        2231.6         0.750    Sep 29 20:00:00      1440     0.40
         0.67        2232.3         0.700    Sep 29 20:00:01      1441     0.40
         0.68        2233.0         0.750    Sep 29 20:00:01      1441     0.40
         0.68        2233.7         0.710    Sep 29 20:00:02      1442     0.40
         0.68        2234.4         0.690    Sep 29 20:00:02      1442     0.40
         0.68        2235.2         0.750    Sep 29 20:00:03      1443     0.40
         0.68        2235.9         0.700    Sep 29 20:00:03      1443     0.40
         0.68        2236.6         0.740    Sep 29 20:00:04      1444     0.40
         0.68        2237.3         0.700    Sep 29 20:00:04      1444     0.40
         0.68        2238.0         0.700    Sep 29 20:00:05      1445     0.40
         0.68        2238.8         0.740    Sep 29 20:00:05      1445     0.40
         0.68        2239.5         0.700    Sep 29 20:00:06      1446     0.40
         0.69        2240.2         0.740    Sep 29 20:00:06      1446     0.40
         0.69        2240.9         0.700    Sep 29 20:00:07      1447     0.40
         0.69        2241.6         0.700    Sep 29 20:00:07      1447     0.40
         0.69        2242.3         0.750    Sep 29 20:00:08      1448     0.40
         0.69        2243.1         0.720    Sep 29 20:00:08      1448     0.40
         0.69        2243.8         0.740    Sep 29 20:00:09      1449     0.40
         0.69        2244.5         0.710    Sep 29 20:00:09      1449     0.40
         0.69        2245.2         0.690    Sep 29 20:00:10      1450     0.40
         0.69        2245.9         0.740    Sep 29 20:00:10      1450     0.40
         0.69        2246.6         0.690    Sep 29 20:00:11      1451     0.40
         0.70        2247.4         0.760    Sep 29 20:00:11      1451     0.40
         0.70        2248.1         0.700    Sep 29 20:00:12      1452     0.40
         0.70        2248.8         0.700    Sep 29 20:00:12      1452     0.40
         0.70        2249.5         0.750    Sep 29 20:00:12      1452     0.40
         0.70        2250.2         0.700    Sep 29 20:00:13      1453     0.40
         0.70        2250.9         0.710    Sep 29 20:00:13      1453     0.40
         0.70        2251.7         0.710    Sep 29 20:00:14      1454     0.40
         0.70        2252.3         0.660    Sep 29 20:00:14      1454     0.40
         0.70        2253.1         0.730    Sep 29 20:00:15      1455     0.40
         0.70        2253.8         0.710    Sep 29 20:00:15      1455     0.40
         0.71        2254.4         0.690    Sep 29 20:00:16      1456     0.40
         0.71        2255.2         0.760    Sep 29 20:00:16      1456     0.40
         0.71        2255.9         0.710    Sep 29 20:00:17      1457     0.40
         0.71        2256.6         0.710    Sep 29 20:00:17      1457     0.40
         0.71        2257.3         0.710    Sep 29 20:00:18      1458     0.41
         0.71        2258.2         0.820    Sep 29 20:00:18      1458     0.41
         0.71        2258.9         0.700    Sep 29 20:00:19      1459     0.41
         0.71        2259.7         0.830    Sep 29 20:00:19      1459     0.41
         0.71        2260.4         0.750    Sep 29 20:00:20      1460     0.41
         0.71        2261.2         0.810    Sep 29 20:00:20      1460     0.41
         0.72        2262.0         0.770    Sep 29 20:00:21      1461     0.41
         0.72        2263.3         1.250    Sep 29 20:00:21      1461     0.41
         0.72        2264.6         1.310    Sep 29 20:00:22      1462     0.41
         0.72        2265.9         1.360    Sep 29 20:00:23      1463     0.41
         0.72        2267.4         1.430    Sep 29 20:00:24      1464     0.41
         0.72        2268.8         1.400    Sep 29 20:00:25      1465     0.41
         0.72        2270.2         1.450    Sep 29 20:00:26      1466     0.41
         0.72        2271.5         1.270    Sep 29 20:00:27      1467     0.41
         0.72        2272.8         1.360    Sep 29 20:00:27      1467     0.41
         0.72        2274.3         1.450    Sep 29 20:00:28      1468     0.41
         0.73        2275.7         1.360    Sep 29 20:00:29      1469     0.41
         0.73        2276.3         0.660    Sep 29 20:00:30      1470     0.41
         0.73        2277.1         0.800    Sep 29 20:00:30      1470     0.41
         0.73        2277.9         0.810    Sep 29 20:00:31      1471     0.41
         0.73        2278.7         0.760    Sep 29 20:00:31      1471     0.41
         0.73        2279.5         0.830    Sep 29 20:00:32      1472     0.41
         0.73        2280.3         0.820    Sep 29 20:00:32      1472     0.41
         0.73        2281.1         0.760    Sep 29 20:00:33      1473     0.41
         0.73        2281.8         0.700    Sep 29 20:00:33      1473     0.41
         0.73        2282.7         0.850    Sep 29 20:00:34      1474     0.41
         0.74        2283.4         0.780    Sep 29 20:00:34      1474     0.41
         0.74        2284.2         0.770    Sep 29 20:00:35      1475     0.41
         0.74        2284.9         0.690    Sep 29 20:00:35      1475     0.41
         0.74        2285.7         0.760    Sep 29 20:00:36      1476     0.41
         0.74        2286.4         0.770    Sep 29 20:00:36      1476     0.41
         0.74        2287.1         0.630    Sep 29 20:00:37      1477     0.41
         0.74        2287.8         0.760    Sep 29 20:00:37      1477     0.41
         0.74        2288.6         0.750    Sep 29 20:00:38      1478     0.41
         0.74        2289.3         0.780    Sep 29 20:00:38      1478     0.41
         0.74        2290.1         0.750    Sep 29 20:00:39      1479     0.41
         0.75        2290.8         0.700    Sep 29 20:00:39      1479     0.41
         0.75        2291.7         0.870    Sep 29 20:00:40      1480     0.41
         0.75        2292.5         0.800    Sep 29 20:00:41      1481     0.41
         0.75        2293.3         0.890    Sep 29 20:00:41      1481     0.41
         0.75        2294.2         0.870    Sep 29 20:00:42      1482     0.41
         0.75        2295.0         0.790    Sep 29 20:00:42      1482     0.41
         0.75        2295.7         0.720    Sep 29 20:00:43      1483     0.41
         0.75        2296.6         0.860    Sep 29 20:00:43      1483     0.41
         0.75        2297.4         0.780    Sep 29 20:00:44      1484     0.41
         0.75        2298.1         0.750    Sep 29 20:00:44      1484     0.41
         0.76        2298.9         0.810    Sep 29 20:00:45      1485     0.41
         0.76        2299.6         0.720    Sep 29 20:00:45      1485     0.41
         0.76        2300.3         0.680    Sep 29 20:00:46      1486     0.41
         0.76        2301.1         0.780    Sep 29 20:00:46      1486     0.41
         0.76        2301.9         0.780    Sep 29 20:00:47      1487     0.41
         0.76        2302.7         0.820    Sep 29 20:00:48      1488     0.41
         0.76        2303.6         0.880    Sep 29 20:00:48      1488     0.41
         0.76        2304.3         0.750    Sep 29 20:00:49      1489     0.41
         0.76        2305.1         0.770    Sep 29 20:00:49      1489     0.41
         0.76        2305.9         0.740    Sep 29 20:00:50      1490     0.41
         0.77        2306.6         0.730    Sep 29 20:00:50      1490     0.41
         0.77        2307.3         0.720    Sep 29 20:00:51      1491     0.41
         0.77        2308.1         0.750    Sep 29 20:00:51      1491     0.41
         0.77        2308.8         0.790    Sep 29 20:00:52      1492     0.41
         0.77        2309.6         0.750    Sep 29 20:00:52      1492     0.41
         0.77        2310.3         0.750    Sep 29 20:00:53      1493     0.41
         0.77        2311.1         0.790    Sep 29 20:00:53      1493     0.41
         0.77        2312.0         0.820    Sep 29 20:00:54      1494     0.41
         0.77        2312.7         0.780    Sep 29 20:00:55      1495     0.42
         0.77        2313.6         0.850    Sep 29 20:00:55      1495     0.42
         0.78        2314.4         0.820    Sep 29 20:00:56      1496     0.42
         0.78        2315.3         0.900    Sep 29 20:00:56      1496     0.42
         0.78        2316.1         0.830    Sep 29 20:00:57      1497     0.42
         0.78        2316.9         0.730    Sep 29 20:00:58      1498     0.42
         0.78        2317.6         0.720    Sep 29 20:00:58      1498     0.42
         0.78        2318.3         0.770    Sep 29 20:00:59      1499     0.42
         0.78        2319.1         0.700    Sep 29 20:00:59      1499     0.42
         0.78        2319.8         0.790    Sep 29 20:01:00      1500     0.42
         0.78        2320.5         0.700    Sep 29 20:01:00      1500     0.42
         0.78        2321.3         0.790    Sep 29 20:01:01      1501     0.42
         0.79        2322.2         0.830    Sep 29 20:01:01      1501     0.42
         0.79        2322.9         0.700    Sep 29 20:01:02      1502     0.42
         0.79        2323.5         0.670    Sep 29 20:01:02      1502     0.42
         0.79        2324.3         0.780    Sep 29 20:01:03      1503     0.42
         0.79        2325.1         0.750    Sep 29 20:01:03      1503     0.42
         0.79        2325.8         0.750    Sep 29 20:01:04      1504     0.42
         0.79        2326.5         0.660    Sep 29 20:01:04      1504     0.42
         0.79        2327.3         0.810    Sep 29 20:01:05      1505     0.42
         0.79        2328.0         0.740    Sep 29 20:01:05      1505     0.42
         0.79        2328.8         0.740    Sep 29 20:01:06      1506     0.42
         0.80        2329.5         0.700    Sep 29 20:01:06      1506     0.42
         0.80        2330.2         0.710    Sep 29 20:01:07      1507     0.42
         0.80        2330.9         0.740    Sep 29 20:01:07      1507     0.42
         0.80        2331.7         0.740    Sep 29 20:01:08      1508     0.42
         0.80        2332.3         0.640    Sep 29 20:01:08      1508     0.42
         0.80        2333.0         0.720    Sep 29 20:01:08      1508     0.42
         0.80        2333.7         0.730    Sep 29 20:01:09      1509     0.42
         0.80        2334.5         0.780    Sep 29 20:01:10      1510     0.42
         0.80        2335.3         0.740    Sep 29 20:01:10      1510     0.42
         0.80        2336.0         0.770    Sep 29 20:01:11      1511     0.42
         0.81        2336.8         0.810    Sep 29 20:01:11      1511     0.42
         0.81        2337.6         0.790    Sep 29 20:01:12      1512     0.42
         0.81        2338.3         0.700    Sep 29 20:01:12      1512     0.42
         0.81        2339.2         0.900    Sep 29 20:01:13      1513     0.42
         0.81        2340.0         0.750    Sep 29 20:01:13      1513     0.42
         0.81        2340.8         0.810    Sep 29 20:01:14      1514     0.42
         0.81        2341.6         0.850    Sep 29 20:01:15      1515     0.42
         0.81        2342.4         0.790    Sep 29 20:01:15      1515     0.42
         0.81        2343.2         0.780    Sep 29 20:01:16      1516     0.42
         0.81        2343.9         0.710    Sep 29 20:01:16      1516     0.42
         0.82        2344.7         0.740    Sep 29 20:01:17      1517     0.42
         0.82        2345.5         0.790    Sep 29 20:01:17      1517     0.42
         0.82        2346.3         0.880    Sep 29 20:01:18      1518     0.42
         0.82        2347.1         0.810    Sep 29 20:01:19      1519     0.42
         0.82        2348.0         0.830    Sep 29 20:01:19      1519     0.42
         0.82        2348.8         0.790    Sep 29 20:01:20      1520     0.42
         0.82        2349.4         0.680    Sep 29 20:01:20      1520     0.42
         0.82        2350.2         0.780    Sep 29 20:01:21      1521     0.42
         0.82        2351.1         0.870    Sep 29 20:01:21      1521     0.42
         0.82        2351.8         0.710    Sep 29 20:01:22      1522     0.42
         0.83        2352.7         0.910    Sep 29 20:01:23      1523     0.42
         0.83        2353.5         0.810    Sep 29 20:01:23      1523     0.42
         0.83        2354.3         0.830    Sep 29 20:01:24      1524     0.42
         0.83        2355.2         0.810    Sep 29 20:01:24      1524     0.42
         0.83        2356.0         0.810    Sep 29 20:01:25      1525     0.42
         0.83        2356.8         0.840    Sep 29 20:01:26      1526     0.42
         0.83        2357.6         0.800    Sep 29 20:01:26      1526     0.42
         0.83        2358.5         0.850    Sep 29 20:01:27      1527     0.42
         0.83        2359.3         0.820    Sep 29 20:01:27      1527     0.42
         0.83        2360.0         0.730    Sep 29 20:01:28      1528     0.42
         0.84        2360.8         0.820    Sep 29 20:01:29      1529     0.42
         0.84        2361.5         0.660    Sep 29 20:01:29      1529     0.42
         0.84        2362.3         0.800    Sep 29 20:01:30      1530     0.42
         0.84        2363.1         0.830    Sep 29 20:01:30      1530     0.42
         0.84        2363.9         0.740    Sep 29 20:01:31      1531     0.43
         0.84        2364.7         0.820    Sep 29 20:01:31      1531     0.43
         0.84        2365.5         0.810    Sep 29 20:01:32      1532     0.43
         0.84        2366.2         0.730    Sep 29 20:01:32      1532     0.43
         0.84        2367.1         0.850    Sep 29 20:01:33      1533     0.43
         0.84        2367.8         0.740    Sep 29 20:01:34      1534     0.43
         0.85        2368.5         0.730    Sep 29 20:01:34      1534     0.43
         0.85        2369.4         0.890    Sep 29 20:01:35      1535     0.43
         0.85        2370.1         0.660    Sep 29 20:01:35      1535     0.43
         0.85        2370.8         0.670    Sep 29 20:01:36      1536     0.43
         0.85        2371.5         0.690    Sep 29 20:01:36      1536     0.43
         0.85        2372.2         0.780    Sep 29 20:01:37      1537     0.43
         0.85        2373.0         0.790    Sep 29 20:01:37      1537     0.43
         0.85        2373.7         0.720    Sep 29 20:01:38      1538     0.43
         0.85        2374.4         0.710    Sep 29 20:01:38      1538     0.43
         0.85        2375.2         0.760    Sep 29 20:01:39      1539     0.43
         0.86        2376.0         0.760    Sep 29 20:01:40      1540     0.43
         0.86        2376.8         0.880    Sep 29 20:01:40      1540     0.43
         0.86        2377.5         0.690    Sep 29 20:01:41      1541     0.43
         0.86        2378.4         0.890    Sep 29 20:01:41      1541     0.43
         0.86        2379.2         0.780    Sep 29 20:01:42      1542     0.43
         0.86        2379.9         0.680    Sep 29 20:01:43      1543     0.43
         0.86        2380.6         0.700    Sep 29 20:01:43      1543     0.43
         0.86        2381.2         0.630    Sep 29 20:01:43      1543     0.43
         0.86        2381.9         0.650    Sep 29 20:01:44      1544     0.43
         0.86        2382.5         0.620    Sep 29 20:01:44      1544     0.43
         0.87        2383.2         0.750    Sep 29 20:01:45      1545     0.43
         0.87        2383.9         0.700    Sep 29 20:01:45      1545     0.43
         0.87        2384.6         0.620    Sep 29 20:01:46      1546     0.43
         0.87        2385.2         0.650    Sep 29 20:01:46      1546     0.43
         0.87        2385.9         0.670    Sep 29 20:01:47      1547     0.43
         0.87        2386.5         0.660    Sep 29 20:01:47      1547     0.43
         0.87        2387.2         0.690    Sep 29 20:01:47      1547     0.43
         0.87        2387.9         0.670    Sep 29 20:01:48      1548     0.43
         0.87        2388.6         0.670    Sep 29 20:01:48      1548     0.43
         0.87        2389.3         0.700    Sep 29 20:01:49      1549     0.43
         0.88        2389.9         0.670    Sep 29 20:01:49      1549     0.43
         0.88        2390.6         0.680    Sep 29 20:01:50      1550     0.43
         0.88        2391.3         0.650    Sep 29 20:01:50      1550     0.43
         0.88        2391.9         0.670    Sep 29 20:01:51      1551     0.43
         0.88        2392.7         0.710    Sep 29 20:01:51      1551     0.43
         0.88        2393.3         0.660    Sep 29 20:01:52      1552     0.43
         0.88        2394.0         0.660    Sep 29 20:01:52      1552     0.43
         0.88        2394.6         0.660    Sep 29 20:01:52      1552     0.43
         0.88        2395.3         0.690    Sep 29 20:01:53      1553     0.43
         0.88        2396.0         0.680    Sep 29 20:01:53      1553     0.43
         0.89        2396.7         0.670    Sep 29 20:01:54      1554     0.43
         0.89        2397.4         0.730    Sep 29 20:01:54      1554     0.43
         0.89        2398.0         0.620    Sep 29 20:01:55      1555     0.43
         0.89        2398.7         0.710    Sep 29 20:01:55      1555     0.43
         0.89        2399.4         0.630    Sep 29 20:01:56      1556     0.43
         0.89        2400.0         0.670    Sep 29 20:01:56      1556     0.43
         0.89        2400.6         0.610    Sep 29 20:01:56      1556     0.43
         0.89        2401.4         0.740    Sep 29 20:01:57      1557     0.43
         0.89        2402.1         0.690    Sep 29 20:01:57      1557     0.43
         0.89        2402.7         0.630    Sep 29 20:01:58      1558     0.43
         0.90        2403.4         0.700    Sep 29 20:01:58      1558     0.43
         0.90        2404.1         0.690    Sep 29 20:01:59      1559     0.43
         0.90        2404.8         0.700    Sep 29 20:01:59      1559     0.43
         0.90        2405.5         0.660    Sep 29 20:02:00      1560     0.43
         0.90        2406.1         0.660    Sep 29 20:02:00      1560     0.43
         0.90        2406.8         0.660    Sep 29 20:02:01      1561     0.43
         0.90        2407.4         0.660    Sep 29 20:02:01      1561     0.43
         0.90        2408.1         0.670    Sep 29 20:02:01      1561     0.43
         0.90        2408.8         0.680    Sep 29 20:02:02      1562     0.43
         0.90        2409.5         0.670    Sep 29 20:02:02      1562     0.43
         0.91        2410.1         0.670    Sep 29 20:02:03      1563     0.43
         0.91        2410.8         0.680    Sep 29 20:02:03      1563     0.43
         0.91        2411.5         0.710    Sep 29 20:02:04      1564     0.43
         0.91        2412.2         0.670    Sep 29 20:02:04      1564     0.43
         0.91        2412.9         0.710    Sep 29 20:02:05      1565     0.43
         0.91        2413.6         0.670    Sep 29 20:02:05      1565     0.43
         0.91        2414.2         0.670    Sep 29 20:02:06      1566     0.43
         0.91        2415.0         0.730    Sep 29 20:02:06      1566     0.43
         0.91        2415.7         0.700    Sep 29 20:02:07      1567     0.44
         0.91        2416.4         0.690    Sep 29 20:02:07      1567     0.44
         0.92        2417.0         0.660    Sep 29 20:02:08      1568     0.44
         0.92        2417.7         0.660    Sep 29 20:02:08      1568     0.44
         0.92        2418.4         0.700    Sep 29 20:02:08      1568     0.44
         0.92        2419.0         0.660    Sep 29 20:02:09      1569     0.44
         0.92        2419.7         0.700    Sep 29 20:02:09      1569     0.44
         0.92        2420.4         0.670    Sep 29 20:02:10      1570     0.44
         0.92        2421.0         0.650    Sep 29 20:02:10      1570     0.44
         0.92        2421.7         0.660    Sep 29 20:02:11      1571     0.44
         0.92        2422.4         0.670    Sep 29 20:02:11      1571     0.44
         0.92        2423.0         0.670    Sep 29 20:02:12      1572     0.44
         0.93        2423.9         0.830    Sep 29 20:02:12      1572     0.44
         0.93        2424.6         0.730    Sep 29 20:02:13      1573     0.44
         0.93        2425.3         0.730    Sep 29 20:02:13      1573     0.44
         0.93        2426.0         0.660    Sep 29 20:02:14      1574     0.44
         0.93        2426.7         0.690    Sep 29 20:02:14      1574     0.44
         0.93        2427.4         0.760    Sep 29 20:02:15      1575     0.44
         0.93        2428.2         0.760    Sep 29 20:02:15      1575     0.44
         0.93        2428.9         0.680    Sep 29 20:02:16      1576     0.44
         0.93        2429.6         0.750    Sep 29 20:02:16      1576     0.44
         0.93        2430.3         0.660    Sep 29 20:02:17      1577     0.44
         0.94        2431.0         0.670    Sep 29 20:02:17      1577     0.44
         0.94        2431.7         0.750    Sep 29 20:02:18      1578     0.44
         0.94        2432.5         0.800    Sep 29 20:02:18      1578     0.44
         0.94        2433.3         0.810    Sep 29 20:02:19      1579     0.44
         0.94        2434.0         0.640    Sep 29 20:02:19      1579     0.44
         0.94        2434.6         0.670    Sep 29 20:02:20      1580     0.44
         0.94        2435.3         0.700    Sep 29 20:02:20      1580     0.44
         0.94        2436.0         0.660    Sep 29 20:02:21      1581     0.44
         0.94        2436.7         0.700    Sep 29 20:02:21      1581     0.44
         0.94        2437.3         0.620    Sep 29 20:02:22      1582     0.44
         0.95        2437.9         0.590    Sep 29 20:02:22      1582     0.44
         0.95        2438.6         0.730    Sep 29 20:02:22      1582     0.44
         0.95        2439.3         0.670    Sep 29 20:02:23      1583     0.44
         0.95        2439.9         0.630    Sep 29 20:02:23      1583     0.44
         0.95        2440.6         0.660    Sep 29 20:02:24      1584     0.44
         0.95        2441.3         0.670    Sep 29 20:02:24      1584     0.44
         0.95        2442.0         0.680    Sep 29 20:02:25      1585     0.44
         0.95        2442.6         0.680    Sep 29 20:02:25      1585     0.44
         0.95        2443.3         0.670    Sep 29 20:02:26      1586     0.44
         0.95        2444.0         0.720    Sep 29 20:02:26      1586     0.44
         0.96        2444.6         0.620    Sep 29 20:02:26      1586     0.44
         0.96        2445.3         0.710    Sep 29 20:02:27      1587     0.44
         0.96        2446.1         0.700    Sep 29 20:02:27      1587     0.44
         0.96        2446.7         0.660    Sep 29 20:02:28      1588     0.44
         0.96        2447.4         0.670    Sep 29 20:02:28      1588     0.44
         0.96        2448.1         0.670    Sep 29 20:02:29      1589     0.44
         0.96        2448.7         0.660    Sep 29 20:02:29      1589     0.44
         0.96        2449.4         0.670    Sep 29 20:02:30      1590     0.44
         0.96        2450.0         0.660    Sep 29 20:02:30      1590     0.44
         0.96        2450.7         0.660    Sep 29 20:02:31      1591     0.44
         0.97        2451.4         0.720    Sep 29 20:02:31      1591     0.44
         0.97        2452.1         0.660    Sep 29 20:02:31      1591     0.44
         0.97        2452.7         0.620    Sep 29 20:02:32      1592     0.44
         0.97        2453.4         0.710    Sep 29 20:02:32      1592     0.44
         0.97        2454.1         0.710    Sep 29 20:02:33      1593     0.44
         0.97        2454.8         0.710    Sep 29 20:02:33      1593     0.44
         0.97        2455.6         0.730    Sep 29 20:02:34      1594     0.44
         0.97        2456.3         0.730    Sep 29 20:02:34      1594     0.44
         0.97        2457.0         0.670    Sep 29 20:02:35      1595     0.44
         0.97        2457.7         0.720    Sep 29 20:02:35      1595     0.44
         0.98        2458.4         0.690    Sep 29 20:02:36      1596     0.44
         0.98        2459.1         0.710    Sep 29 20:02:36      1596     0.44
         0.98        2459.7         0.620    Sep 29 20:02:37      1597     0.44
         0.98        2460.4         0.660    Sep 29 20:02:37      1597     0.44
         0.98        2461.1         0.700    Sep 29 20:02:38      1598     0.44
         0.98        2461.7         0.650    Sep 29 20:02:38      1598     0.44
         0.98        2462.4         0.670    Sep 29 20:02:39      1599     0.44
         0.98        2463.1         0.680    Sep 29 20:02:39      1599     0.44
         0.98        2463.7         0.670    Sep 29 20:02:39      1599     0.44
         0.98        2464.4         0.700    Sep 29 20:02:40      1600     0.44
         0.99        2465.2         0.800    Sep 29 20:02:41      1601     0.44
         0.99        2465.9         0.710    Sep 29 20:02:41      1601     0.44
         0.99        2466.6         0.710    Sep 29 20:02:42      1602     0.45
         0.99        2467.4         0.800    Sep 29 20:02:42      1602     0.45
         0.99        2468.3         0.840    Sep 29 20:02:43      1603     0.45
         0.99        2469.0         0.690    Sep 29 20:02:43      1603     0.45
         0.99        2469.7         0.750    Sep 29 20:02:44      1604     0.45
         0.99        2470.5         0.730    Sep 29 20:02:44      1604     0.45
         0.99        2471.2         0.690    Sep 29 20:02:45      1605     0.45
         0.99        2471.8         0.700    Sep 29 20:02:45      1605     0.45
         0.99        2472.5         0.680    Sep 29 20:02:46      1606     0.45
         1.00        2473.3         0.760    Sep 29 20:02:46      1606     0.45
         1.00        2474.1         0.830    Sep 29 20:02:47      1607     0.45
         1.00        2475.0         0.840    Sep 29 20:02:47      1607     0.45
         1.00        2475.8         0.860    Sep 29 20:02:48      1608     0.45
         1.00        2476.5         0.710    Sep 29 20:02:49      1609     0.45
