#    Start: ------ Host: "mendez-famaf" ----------Wed Sep 21 08:45:24 2022

#    Time[fs]   CPU-time[s]     Delta-CPU    Real time        RealT[s]     [h]
#       -0.00           8.4                  Sep 21 08:45:32         0     0.00
         0.00          46.0        37.620    Sep 21 08:45:49        17     0.00
         0.00         142.5        96.480    Sep 21 08:46:31        59     0.02
         0.00         229.8        87.340    Sep 21 08:47:09        97     0.03
         0.00         314.0        84.240    Sep 21 08:47:46       134     0.04
         0.00         396.7        82.630    Sep 21 08:48:22       170     0.05
         0.01         477.9        81.190    Sep 21 08:48:57       205     0.06
         0.01         557.5        79.650    Sep 21 08:49:32       240     0.07
         0.01         634.8        77.290    Sep 21 08:50:05       273     0.08
         0.01         709.8        75.000    Sep 21 08:50:38       306     0.09
         0.01         782.6        72.780    Sep 21 08:51:09       337     0.09
         0.01         852.0        69.420    Sep 21 08:51:40       368     0.10
         0.01         917.7        65.740    Sep 21 08:52:09       397     0.11
         0.01         980.5        62.740    Sep 21 08:52:36       424     0.12
         0.01        1042.6        62.080    Sep 21 08:53:03       451     0.13
         0.01        1104.4        61.840    Sep 21 08:53:30       478     0.13
         0.01        1161.9        57.510    Sep 21 08:53:54       502     0.14
         0.02        1216.1        54.150    Sep 21 08:54:18       526     0.15
         0.02        1267.6        51.570    Sep 21 08:54:41       549     0.15
         0.02        1317.2        49.530    Sep 21 08:55:03       571     0.16
         0.02        1365.4        48.280    Sep 21 08:55:24       592     0.16
         0.02        1412.2        46.780    Sep 21 08:55:44       612     0.17
         0.02        1457.2        44.980    Sep 21 08:56:04       632     0.18
         0.02        1500.9        43.690    Sep 21 08:56:23       651     0.18
         0.02        1543.8        42.900    Sep 21 08:56:41       669     0.19
         0.02        1584.4        40.620    Sep 21 08:56:59       687     0.19
         0.02        1623.5        39.140    Sep 21 08:57:16       704     0.20
         0.03        1661.2        37.650    Sep 21 08:57:32       720     0.20
         0.03        1698.2        36.970    Sep 21 08:57:48       736     0.20
         0.03        1734.4        36.190    Sep 21 08:58:05       753     0.21
         0.03        1768.8        34.450    Sep 21 08:58:19       767     0.21
         0.03        1801.9        33.070    Sep 21 08:58:34       782     0.22
         0.03        1833.3        31.410    Sep 21 08:58:48       796     0.22
         0.03        1864.0        30.660    Sep 21 08:59:01       809     0.22
         0.03        1894.6        30.640    Sep 21 08:59:14       822     0.23
         0.03        1924.5        29.940    Sep 21 08:59:27       835     0.23
         0.03        1953.6        29.090    Sep 21 08:59:40       848     0.24
         0.04        1982.0        28.420    Sep 21 08:59:52       860     0.24
         0.04        2010.2        28.110    Sep 21 09:00:05       873     0.24
         0.04        2037.9        27.770    Sep 21 09:00:17       885     0.25
         0.04        2065.7        27.740    Sep 21 09:00:29       897     0.25
         0.04        2092.7        27.000    Sep 21 09:00:41       909     0.25
         0.04        2118.9        26.220    Sep 21 09:00:53       921     0.26
         0.04        2144.4        25.570    Sep 21 09:01:04       932     0.26
         0.04        2169.4        24.960    Sep 21 09:01:15       943     0.26
         0.04        2193.6        24.220    Sep 21 09:01:26       954     0.27
         0.05        2217.2        23.530    Sep 21 09:01:36       964     0.27
         0.05        2240.0        22.790    Sep 21 09:01:46       974     0.27
         0.05        2262.7        22.790    Sep 21 09:01:56       984     0.27
         0.05        2284.8        22.090    Sep 21 09:02:06       994     0.28
         0.05        2306.9        22.080    Sep 21 09:02:16      1004     0.28
         0.05        2328.2        21.340    Sep 21 09:02:25      1013     0.28
         0.05        2349.6        21.380    Sep 21 09:02:35      1023     0.28
         0.05        2370.3        20.630    Sep 21 09:02:44      1032     0.29
         0.05        2390.9        20.670    Sep 21 09:02:53      1041     0.29
         0.05        2411.6        20.670    Sep 21 09:03:02      1050     0.29
         0.05        2431.6        19.950    Sep 21 09:03:11      1059     0.29
         0.06        2451.5        20.000    Sep 21 09:03:20      1068     0.30
         0.06        2471.5        19.960    Sep 21 09:03:28      1076     0.30
         0.06        2490.7        19.170    Sep 21 09:03:37      1085     0.30
         0.06        2509.9        19.190    Sep 21 09:03:45      1093     0.30
         0.06        2529.1        19.240    Sep 21 09:03:54      1102     0.31
         0.06        2547.6        18.520    Sep 21 09:04:02      1110     0.31
         0.06        2566.1        18.500    Sep 21 09:04:10      1118     0.31
         0.06        2584.6        18.500    Sep 21 09:04:18      1126     0.31
         0.06        2602.4        17.790    Sep 21 09:04:26      1134     0.32
         0.06        2620.2        17.780    Sep 21 09:04:34      1142     0.32
         0.07        2638.0        17.770    Sep 21 09:04:42      1150     0.32
         0.07        2655.8        17.800    Sep 21 09:04:49      1157     0.32
         0.07        2672.8        17.070    Sep 21 09:04:57      1165     0.32
         0.07        2689.9        17.060    Sep 21 09:05:04      1172     0.33
         0.07        2706.9        17.020    Sep 21 09:05:12      1180     0.33
         0.07        2723.5        16.620    Sep 21 09:05:19      1187     0.33
         0.07        2739.5        15.930    Sep 21 09:05:26      1194     0.33
         0.07        2755.7        16.190    Sep 21 09:05:34      1202     0.33
         0.07        2771.6        15.930    Sep 21 09:05:41      1209     0.34
         0.07        2787.5        15.950    Sep 21 09:05:48      1216     0.34
         0.08        2802.8        15.260    Sep 21 09:05:55      1223     0.34
         0.08        2818.0        15.250    Sep 21 09:06:02      1230     0.34
         0.08        2833.3        15.250    Sep 21 09:06:08      1236     0.34
         0.08        2848.5        15.250    Sep 21 09:06:15      1243     0.35
         0.08        2863.1        14.570    Sep 21 09:06:21      1249     0.35
         0.08        2877.7        14.590    Sep 21 09:06:28      1256     0.35
         0.08        2892.3        14.570    Sep 21 09:06:34      1262     0.35
         0.08        2906.9        14.600    Sep 21 09:06:41      1269     0.35
         0.08        2920.7        13.850    Sep 21 09:06:47      1275     0.35
         0.08        2934.6        13.890    Sep 21 09:06:53      1281     0.36
         0.09        2948.5        13.870    Sep 21 09:06:59      1287     0.36
         0.09        2962.3        13.850    Sep 21 09:07:05      1293     0.36
         0.09        2976.2        13.870    Sep 21 09:07:12      1300     0.36
         0.09        2989.4        13.180    Sep 21 09:07:17      1305     0.36
         0.09        3002.6        13.180    Sep 21 09:07:23      1311     0.36
         0.09        3015.7        13.170    Sep 21 09:07:29      1317     0.37
         0.09        3028.9        13.180    Sep 21 09:07:35      1323     0.37
         0.09        3042.1        13.170    Sep 21 09:07:41      1329     0.37
         0.09        3054.6        12.490    Sep 21 09:07:46      1334     0.37
         0.09        3067.1        12.540    Sep 21 09:07:52      1340     0.37
         0.10        3079.6        12.510    Sep 21 09:07:57      1345     0.37
         0.10        3092.1        12.510    Sep 21 09:08:03      1351     0.38
         0.10        3104.6        12.500    Sep 21 09:08:08      1356     0.38
         0.10        3117.1        12.470    Sep 21 09:08:14      1362     0.38
         0.10        3129.0        11.860    Sep 21 09:08:19      1367     0.38
         0.10        3140.8        11.830    Sep 21 09:08:25      1373     0.38
         0.10        3152.6        11.810    Sep 21 09:08:30      1378     0.38
         0.10        3164.4        11.830    Sep 21 09:08:35      1383     0.38
         0.10        3176.3        11.820    Sep 21 09:08:40      1388     0.39
         0.10        3188.0        11.780    Sep 21 09:08:46      1394     0.39
         0.11        3199.9        11.820    Sep 21 09:08:51      1399     0.39
         0.11        3211.0        11.130    Sep 21 09:08:56      1404     0.39
         0.11        3222.1        11.120    Sep 21 09:09:01      1409     0.39
         0.11        3233.2        11.110    Sep 21 09:09:06      1414     0.39
         0.11        3244.3        11.130    Sep 21 09:09:11      1419     0.39
         0.11        3255.5        11.110    Sep 21 09:09:15      1423     0.40
         0.11        3266.6        11.100    Sep 21 09:09:20      1428     0.40
         0.11        3277.7        11.100    Sep 21 09:09:25      1433     0.40
         0.11        3288.8        11.140    Sep 21 09:09:30      1438     0.40
         0.11        3299.2        10.420    Sep 21 09:09:35      1443     0.40
         0.12        3309.7        10.440    Sep 21 09:09:40      1448     0.40
         0.12        3320.1        10.410    Sep 21 09:09:44      1452     0.40
         0.12        3330.5        10.410    Sep 21 09:09:49      1457     0.40
         0.12        3340.9        10.440    Sep 21 09:09:53      1461     0.41
         0.12        3351.4        10.460    Sep 21 09:09:58      1466     0.41
         0.12        3361.8        10.430    Sep 21 09:10:03      1471     0.41
         0.12        3372.2        10.400    Sep 21 09:10:07      1475     0.41
         0.12        3382.7        10.460    Sep 21 09:10:12      1480     0.41
         0.12        3392.4         9.740    Sep 21 09:10:16      1484     0.41
         0.12        3402.2         9.780    Sep 21 09:10:21      1489     0.41
         0.13        3412.0         9.770    Sep 21 09:10:25      1493     0.41
         0.13        3421.7         9.760    Sep 21 09:10:30      1498     0.42
         0.13        3431.5         9.740    Sep 21 09:10:34      1502     0.42
         0.13        3441.2         9.740    Sep 21 09:10:38      1506     0.42
         0.13        3450.9         9.720    Sep 21 09:10:43      1511     0.42
         0.13        3460.6         9.700    Sep 21 09:10:47      1515     0.42
         0.13        3470.3         9.710    Sep 21 09:10:51      1519     0.42
         0.13        3480.1         9.730    Sep 21 09:10:56      1524     0.42
         0.13        3489.8         9.730    Sep 21 09:11:00      1528     0.42
         0.13        3498.8         9.030    Sep 21 09:11:04      1532     0.43
         0.14        3507.8         9.020    Sep 21 09:11:08      1536     0.43
         0.14        3516.9         9.040    Sep 21 09:11:12      1540     0.43
         0.14        3525.9         9.010    Sep 21 09:11:16      1544     0.43
         0.14        3534.9         9.040    Sep 21 09:11:20      1548     0.43
         0.14        3544.0         9.050    Sep 21 09:11:24      1552     0.43
         0.14        3553.0         9.010    Sep 21 09:11:28      1556     0.43
         0.14        3562.0         9.030    Sep 21 09:11:32      1560     0.43
         0.14        3571.0         9.010    Sep 21 09:11:36      1564     0.43
         0.14        3580.1         9.020    Sep 21 09:11:40      1568     0.44
         0.14        3589.1         9.020    Sep 21 09:11:44      1572     0.44
         0.15        3598.1         9.030    Sep 21 09:11:48      1576     0.44
         0.15        3606.4         8.320    Sep 21 09:11:52      1580     0.44
         0.15        3614.8         8.350    Sep 21 09:11:55      1583     0.44
         0.15        3623.1         8.360    Sep 21 09:11:59      1587     0.44
         0.15        3631.5         8.370    Sep 21 09:12:03      1591     0.44
         0.15        3639.8         8.330    Sep 21 09:12:07      1595     0.44
         0.15        3648.2         8.340    Sep 21 09:12:10      1598     0.44
         0.15        3656.5         8.330    Sep 21 09:12:14      1602     0.45
         0.15        3664.9         8.360    Sep 21 09:12:18      1606     0.45
         0.15        3673.3         8.460    Sep 21 09:12:21      1609     0.45
         0.16        3681.7         8.340    Sep 21 09:12:25      1613     0.45
         0.16        3690.0         8.330    Sep 21 09:12:29      1617     0.45
         0.16        3698.3         8.360    Sep 21 09:12:33      1621     0.45
         0.16        3706.7         8.370    Sep 21 09:12:36      1624     0.45
         0.16        3715.1         8.340    Sep 21 09:12:40      1628     0.45
         0.16        3723.4         8.330    Sep 21 09:12:44      1632     0.45
         0.16        3731.0         7.630    Sep 21 09:12:47      1635     0.45
         0.16        3738.7         7.630    Sep 21 09:12:50      1638     0.46
         0.16        3746.3         7.650    Sep 21 09:12:54      1642     0.46
         0.16        3753.9         7.630    Sep 21 09:12:57      1645     0.46
         0.17        3761.6         7.630    Sep 21 09:13:01      1649     0.46
         0.17        3769.2         7.660    Sep 21 09:13:04      1652     0.46
         0.17        3776.9         7.640    Sep 21 09:13:07      1655     0.46
         0.17        3784.5         7.640    Sep 21 09:13:11      1659     0.46
         0.17        3792.2         7.650    Sep 21 09:13:14      1662     0.46
         0.17        3799.8         7.630    Sep 21 09:13:18      1666     0.46
         0.17        3807.4         7.650    Sep 21 09:13:21      1669     0.46
         0.17        3815.1         7.630    Sep 21 09:13:24      1672     0.46
         0.17        3822.7         7.630    Sep 21 09:13:28      1676     0.47
         0.17        3830.3         7.640    Sep 21 09:13:31      1679     0.47
         0.18        3838.0         7.640    Sep 21 09:13:34      1682     0.47
         0.18        3845.6         7.640    Sep 21 09:13:38      1686     0.47
         0.18        3853.3         7.650    Sep 21 09:13:41      1689     0.47
         0.18        3860.2         6.940    Sep 21 09:13:44      1692     0.47
         0.18        3867.1         6.950    Sep 21 09:13:47      1695     0.47
         0.18        3874.1         6.960    Sep 21 09:13:50      1698     0.47
         0.18        3881.1         6.940    Sep 21 09:13:54      1702     0.47
         0.18        3888.0         6.950    Sep 21 09:13:57      1705     0.47
         0.18        3894.9         6.940    Sep 21 09:14:00      1708     0.47
         0.18        3901.9         6.940    Sep 21 09:14:03      1711     0.48
         0.19        3908.8         6.950    Sep 21 09:14:06      1714     0.48
         0.19        3915.8         6.940    Sep 21 09:14:09      1717     0.48
         0.19        3922.7         6.940    Sep 21 09:14:12      1720     0.48
         0.19        3929.6         6.920    Sep 21 09:14:15      1723     0.48
         0.19        3936.6         6.930    Sep 21 09:14:18      1726     0.48
         0.19        3943.5         6.960    Sep 21 09:14:21      1729     0.48
         0.19        3950.5         6.950    Sep 21 09:14:24      1732     0.48
         0.19        3957.4         6.950    Sep 21 09:14:27      1735     0.48
         0.19        3964.3         6.930    Sep 21 09:14:30      1738     0.48
         0.19        3971.3         6.950    Sep 21 09:14:34      1742     0.48
         0.20        3978.2         6.930    Sep 21 09:14:37      1745     0.48
         0.20        3985.2         6.940    Sep 21 09:14:40      1748     0.49
         0.20        3991.4         6.240    Sep 21 09:14:42      1750     0.49
         0.20        3997.7         6.250    Sep 21 09:14:45      1753     0.49
         0.20        4003.9         6.250    Sep 21 09:14:48      1756     0.49
         0.20        4010.2         6.260    Sep 21 09:14:51      1759     0.49
         0.20        4016.4         6.260    Sep 21 09:14:54      1762     0.49
         0.20        4022.7         6.260    Sep 21 09:14:56      1764     0.49
         0.20        4028.9         6.250    Sep 21 09:14:59      1767     0.49
         0.20        4035.2         6.250    Sep 21 09:15:02      1770     0.49
         0.21        4041.4         6.240    Sep 21 09:15:05      1773     0.49
         0.21        4047.7         6.240    Sep 21 09:15:07      1775     0.49
         0.21        4053.9         6.230    Sep 21 09:15:10      1778     0.49
         0.21        4060.2         6.260    Sep 21 09:15:13      1781     0.49
         0.21        4066.4         6.250    Sep 21 09:15:16      1784     0.50
         0.21        4072.7         6.250    Sep 21 09:15:18      1786     0.50
         0.21        4078.9         6.230    Sep 21 09:15:21      1789     0.50
         0.21        4085.2         6.270    Sep 21 09:15:24      1792     0.50
         0.21        4091.4         6.250    Sep 21 09:15:27      1795     0.50
         0.21        4097.6         6.230    Sep 21 09:15:30      1798     0.50
         0.22        4103.9         6.240    Sep 21 09:15:32      1800     0.50
         0.22        4110.1         6.260    Sep 21 09:15:35      1803     0.50
         0.22        4116.4         6.240    Sep 21 09:15:38      1806     0.50
         0.22        4122.6         6.230    Sep 21 09:15:41      1809     0.50
         0.22        4128.9         6.250    Sep 21 09:15:43      1811     0.50
         0.22        4135.1         6.230    Sep 21 09:15:46      1814     0.50
         0.22        4140.6         5.550    Sep 21 09:15:49      1817     0.50
         0.22        4146.2         5.560    Sep 21 09:15:51      1819     0.51
         0.22        4151.8         5.560    Sep 21 09:15:54      1822     0.51
         0.22        4157.3         5.550    Sep 21 09:15:56      1824     0.51
         0.23        4162.9         5.560    Sep 21 09:15:58      1826     0.51
         0.23        4168.4         5.560    Sep 21 09:16:01      1829     0.51
         0.23        4174.0         5.560    Sep 21 09:16:03      1831     0.51
         0.23        4179.5         5.550    Sep 21 09:16:06      1834     0.51
         0.23        4185.1         5.550    Sep 21 09:16:08      1836     0.51
         0.23        4190.6         5.560    Sep 21 09:16:11      1839     0.51
         0.23        4196.2         5.580    Sep 21 09:16:13      1841     0.51
         0.23        4201.8         5.560    Sep 21 09:16:16      1844     0.51
         0.23        4207.3         5.550    Sep 21 09:16:18      1846     0.51
         0.23        4212.9         5.570    Sep 21 09:16:21      1849     0.51
         0.24        4218.5         5.570    Sep 21 09:16:23      1851     0.51
         0.24        4224.1         5.570    Sep 21 09:16:26      1854     0.52
         0.24        4229.6         5.550    Sep 21 09:16:28      1856     0.52
         0.24        4235.1         5.550    Sep 21 09:16:31      1859     0.52
         0.24        4240.7         5.570    Sep 21 09:16:33      1861     0.52
         0.24        4246.3         5.550    Sep 21 09:16:35      1863     0.52
         0.24        4251.8         5.560    Sep 21 09:16:38      1866     0.52
         0.24        4257.4         5.560    Sep 21 09:16:40      1868     0.52
         0.24        4263.0         5.580    Sep 21 09:16:43      1871     0.52
         0.24        4268.6         5.580    Sep 21 09:16:45      1873     0.52
         0.25        4274.1         5.560    Sep 21 09:16:48      1876     0.52
         0.25        4279.7         5.580    Sep 21 09:16:50      1878     0.52
         0.25        4285.3         5.590    Sep 21 09:16:53      1881     0.52
         0.25        4290.8         5.550    Sep 21 09:16:55      1883     0.52
         0.25        4296.4         5.550    Sep 21 09:16:58      1886     0.52
         0.25        4302.0         5.590    Sep 21 09:17:00      1888     0.52
         0.25        4307.5         5.570    Sep 21 09:17:03      1891     0.53
         0.25        4312.4         4.870    Sep 21 09:17:05      1893     0.53
         0.25        4317.3         4.860    Sep 21 09:17:07      1895     0.53
         0.25        4322.1         4.870    Sep 21 09:17:09      1897     0.53
         0.26        4327.0         4.870    Sep 21 09:17:11      1899     0.53
         0.26        4331.9         4.860    Sep 21 09:17:14      1902     0.53
         0.26        4336.7         4.860    Sep 21 09:17:16      1904     0.53
         0.26        4341.6         4.850    Sep 21 09:17:18      1906     0.53
         0.26        4346.5         4.880    Sep 21 09:17:20      1908     0.53
         0.26        4351.3         4.870    Sep 21 09:17:22      1910     0.53
         0.26        4356.2         4.880    Sep 21 09:17:24      1912     0.53
         0.26        4361.1         4.860    Sep 21 09:17:27      1915     0.53
         0.26        4365.9         4.870    Sep 21 09:17:29      1917     0.53
         0.26        4370.8         4.870    Sep 21 09:17:31      1919     0.53
         0.27        4375.7         4.880    Sep 21 09:17:33      1921     0.53
         0.27        4380.6         4.870    Sep 21 09:17:35      1923     0.53
         0.27        4385.4         4.860    Sep 21 09:17:37      1925     0.53
         0.27        4390.3         4.850    Sep 21 09:17:40      1928     0.54
         0.27        4395.1         4.860    Sep 21 09:17:42      1930     0.54
         0.27        4400.0         4.860    Sep 21 09:17:44      1932     0.54
         0.27        4404.9         4.880    Sep 21 09:17:46      1934     0.54
         0.27        4409.7         4.870    Sep 21 09:17:48      1936     0.54
         0.27        4414.6         4.860    Sep 21 09:17:50      1938     0.54
         0.27        4419.4         4.850    Sep 21 09:17:52      1940     0.54
         0.28        4424.3         4.880    Sep 21 09:17:55      1943     0.54
         0.28        4429.2         4.850    Sep 21 09:17:57      1945     0.54
         0.28        4434.1         4.870    Sep 21 09:17:59      1947     0.54
         0.28        4438.9         4.870    Sep 21 09:18:01      1949     0.54
         0.28        4443.8         4.860    Sep 21 09:18:03      1951     0.54
         0.28        4448.6         4.860    Sep 21 09:18:05      1953     0.54
         0.28        4453.5         4.860    Sep 21 09:18:08      1956     0.54
         0.28        4458.4         4.860    Sep 21 09:18:10      1958     0.54
         0.28        4463.1         4.740    Sep 21 09:18:12      1960     0.54
         0.28        4467.8         4.740    Sep 21 09:18:14      1962     0.55
         0.29        4472.6         4.740    Sep 21 09:18:16      1964     0.55
         0.29        4477.3         4.740    Sep 21 09:18:18      1966     0.55
         0.29        4482.1         4.750    Sep 21 09:18:20      1968     0.55
         0.29        4486.8         4.760    Sep 21 09:18:22      1970     0.55
         0.29        4491.6         4.750    Sep 21 09:18:25      1973     0.55
         0.29        4496.3         4.740    Sep 21 09:18:27      1975     0.55
         0.29        4501.1         4.750    Sep 21 09:18:29      1977     0.55
         0.29        4505.8         4.740    Sep 21 09:18:31      1979     0.55
         0.29        4510.6         4.750    Sep 21 09:18:33      1981     0.55
         0.29        4515.3         4.730    Sep 21 09:18:35      1983     0.55
         0.30        4520.0         4.740    Sep 21 09:18:37      1985     0.55
         0.30        4524.8         4.740    Sep 21 09:18:39      1987     0.55
         0.30        4529.5         4.740    Sep 21 09:18:41      1989     0.55
         0.30        4534.2         4.740    Sep 21 09:18:44      1992     0.55
         0.30        4539.0         4.760    Sep 21 09:18:46      1994     0.55
         0.30        4543.8         4.740    Sep 21 09:18:48      1996     0.55
         0.30        4548.5         4.740    Sep 21 09:18:50      1998     0.56
         0.30        4553.2         4.730    Sep 21 09:18:52      2000     0.56
         0.30        4558.0         4.750    Sep 21 09:18:54      2002     0.56
         0.30        4562.8         4.860    Sep 21 09:18:56      2004     0.56
         0.31        4567.7         4.870    Sep 21 09:18:59      2007     0.56
         0.31        4572.6         4.860    Sep 21 09:19:01      2009     0.56
         0.31        4577.4         4.870    Sep 21 09:19:03      2011     0.56
         0.31        4581.6         4.170    Sep 21 09:19:05      2013     0.56
         0.31        4585.8         4.170    Sep 21 09:19:07      2015     0.56
         0.31        4589.9         4.160    Sep 21 09:19:08      2016     0.56
         0.31        4594.1         4.170    Sep 21 09:19:10      2018     0.56
         0.31        4598.3         4.170    Sep 21 09:19:12      2020     0.56
         0.31        4602.4         4.170    Sep 21 09:19:14      2022     0.56
         0.31        4606.6         4.170    Sep 21 09:19:16      2024     0.56
         0.32        4610.8         4.160    Sep 21 09:19:18      2026     0.56
         0.32        4614.9         4.160    Sep 21 09:19:19      2027     0.56
         0.32        4619.1         4.170    Sep 21 09:19:21      2029     0.56
         0.32        4623.3         4.170    Sep 21 09:19:23      2031     0.56
         0.32        4627.4         4.170    Sep 21 09:19:25      2033     0.56
         0.32        4631.6         4.170    Sep 21 09:19:27      2035     0.57
         0.32        4635.8         4.160    Sep 21 09:19:29      2037     0.57
         0.32        4639.9         4.180    Sep 21 09:19:31      2039     0.57
         0.32        4644.1         4.170    Sep 21 09:19:32      2040     0.57
         0.32        4648.3         4.170    Sep 21 09:19:34      2042     0.57
         0.33        4652.5         4.170    Sep 21 09:19:36      2044     0.57
         0.33        4656.6         4.170    Sep 21 09:19:38      2046     0.57
         0.33        4660.8         4.170    Sep 21 09:19:40      2048     0.57
         0.33        4665.0         4.160    Sep 21 09:19:42      2050     0.57
         0.33        4669.1         4.170    Sep 21 09:19:43      2051     0.57
         0.33        4673.3         4.170    Sep 21 09:19:45      2053     0.57
         0.33        4677.5         4.180    Sep 21 09:19:47      2055     0.57
         0.33        4681.7         4.170    Sep 21 09:19:49      2057     0.57
         0.33        4685.8         4.170    Sep 21 09:19:51      2059     0.57
         0.33        4690.0         4.160    Sep 21 09:19:53      2061     0.57
         0.34        4694.2         4.190    Sep 21 09:19:55      2063     0.57
         0.34        4698.3         4.170    Sep 21 09:19:56      2064     0.57
         0.34        4702.5         4.180    Sep 21 09:19:58      2066     0.57
         0.34        4706.7         4.180    Sep 21 09:20:00      2068     0.57
         0.34        4710.9         4.180    Sep 21 09:20:02      2070     0.57
         0.34        4715.1         4.170    Sep 21 09:20:04      2072     0.58
         0.34        4719.2         4.180    Sep 21 09:20:06      2074     0.58
         0.34        4723.4         4.170    Sep 21 09:20:08      2076     0.58
         0.34        4727.6         4.170    Sep 21 09:20:09      2077     0.58
         0.34        4731.7         4.170    Sep 21 09:20:11      2079     0.58
         0.35        4735.9         4.170    Sep 21 09:20:13      2081     0.58
         0.35        4740.1         4.170    Sep 21 09:20:15      2083     0.58
         0.35        4744.2         4.170    Sep 21 09:20:17      2085     0.58
         0.35        4748.4         4.180    Sep 21 09:20:19      2087     0.58
         0.35        4752.6         4.180    Sep 21 09:20:21      2089     0.58
         0.35        4756.8         4.170    Sep 21 09:20:22      2090     0.58
         0.35        4760.9         4.160    Sep 21 09:20:24      2092     0.58
         0.35        4765.1         4.170    Sep 21 09:20:26      2094     0.58
         0.35        4769.3         4.190    Sep 21 09:20:28      2096     0.58
         0.35        4773.5         4.190    Sep 21 09:20:30      2098     0.58
         0.36        4777.7         4.180    Sep 21 09:20:32      2100     0.58
         0.36        4781.8         4.170    Sep 21 09:20:34      2102     0.58
         0.36        4786.0         4.180    Sep 21 09:20:35      2103     0.58
         0.36        4790.2         4.180    Sep 21 09:20:37      2105     0.58
         0.36        4794.4         4.160    Sep 21 09:20:39      2107     0.59
         0.36        4798.5         4.180    Sep 21 09:20:41      2109     0.59
         0.36        4802.7         4.180    Sep 21 09:20:43      2111     0.59
         0.36        4806.9         4.180    Sep 21 09:20:45      2113     0.59
         0.36        4811.1         4.190    Sep 21 09:20:47      2115     0.59
         0.36        4815.3         4.180    Sep 21 09:20:48      2116     0.59
         0.37        4819.5         4.180    Sep 21 09:20:50      2118     0.59
         0.37        4823.6         4.190    Sep 21 09:20:52      2120     0.59
         0.37        4827.8         4.170    Sep 21 09:20:54      2122     0.59
         0.37        4832.0         4.180    Sep 21 09:20:56      2124     0.59
         0.37        4836.2         4.170    Sep 21 09:20:58      2126     0.59
         0.37        4840.4         4.190    Sep 21 09:21:00      2128     0.59
         0.37        4844.5         4.170    Sep 21 09:21:02      2130     0.59
         0.37        4848.7         4.170    Sep 21 09:21:03      2131     0.59
         0.37        4852.9         4.170    Sep 21 09:21:05      2133     0.59
         0.37        4857.0         4.180    Sep 21 09:21:07      2135     0.59
         0.38        4861.2         4.150    Sep 21 09:21:09      2137     0.59
         0.38        4866.0         4.850    Sep 21 09:21:11      2139     0.59
         0.38        4870.9         4.870    Sep 21 09:21:13      2141     0.59
         0.38        4875.8         4.860    Sep 21 09:21:15      2143     0.60
         0.38        4880.6         4.870    Sep 21 09:21:17      2145     0.60
         0.38        4885.5         4.850    Sep 21 09:21:20      2148     0.60
         0.38        4890.4         4.870    Sep 21 09:21:22      2150     0.60
         0.38        4895.2         4.870    Sep 21 09:21:24      2152     0.60
         0.38        4900.1         4.850    Sep 21 09:21:26      2154     0.60
         0.38        4904.9         4.860    Sep 21 09:21:28      2156     0.60
         0.39        4909.8         4.870    Sep 21 09:21:30      2158     0.60
         0.39        4914.7         4.880    Sep 21 09:21:33      2161     0.60
         0.39        4919.6         4.860    Sep 21 09:21:35      2163     0.60
         0.39        4924.4         4.870    Sep 21 09:21:37      2165     0.60
         0.39        4929.3         4.880    Sep 21 09:21:39      2167     0.60
         0.39        4934.2         4.880    Sep 21 09:21:41      2169     0.60
         0.39        4939.0         4.860    Sep 21 09:21:43      2171     0.60
         0.39        4943.9         4.860    Sep 21 09:21:46      2174     0.60
         0.39        4948.8         4.850    Sep 21 09:21:48      2176     0.60
         0.39        4953.6         4.860    Sep 21 09:21:50      2178     0.60
         0.40        4958.5         4.860    Sep 21 09:21:52      2180     0.61
         0.40        4963.3         4.870    Sep 21 09:21:54      2182     0.61
         0.40        4968.2         4.890    Sep 21 09:21:56      2184     0.61
         0.40        4973.1         4.860    Sep 21 09:21:58      2186     0.61
         0.40        4978.0         4.870    Sep 21 09:22:01      2189     0.61
         0.40        4982.8         4.870    Sep 21 09:22:03      2191     0.61
         0.40        4987.7         4.870    Sep 21 09:22:05      2193     0.61
         0.40        4992.6         4.850    Sep 21 09:22:07      2195     0.61
         0.40        4997.7         5.150    Sep 21 09:22:10      2198     0.61
         0.40        5002.6         4.870    Sep 21 09:22:12      2200     0.61
         0.41        5007.4         4.880    Sep 21 09:22:14      2202     0.61
         0.41        5012.3         4.880    Sep 21 09:22:16      2204     0.61
         0.41        5017.2         4.890    Sep 21 09:22:18      2206     0.61
         0.41        5022.1         4.890    Sep 21 09:22:21      2209     0.61
         0.41        5027.0         4.870    Sep 21 09:22:23      2211     0.61
         0.41        5031.9         4.870    Sep 21 09:22:25      2213     0.61
         0.41        5036.7         4.860    Sep 21 09:22:27      2215     0.62
         0.41        5041.6         4.880    Sep 21 09:22:29      2217     0.62
         0.41        5046.4         4.860    Sep 21 09:22:31      2219     0.62
         0.41        5052.0         5.550    Sep 21 09:22:34      2222     0.62
         0.42        5057.6         5.570    Sep 21 09:22:36      2224     0.62
         0.42        5063.1         5.550    Sep 21 09:22:39      2227     0.62
         0.42        5068.7         5.550    Sep 21 09:22:41      2229     0.62
         0.42        5074.2         5.550    Sep 21 09:22:44      2232     0.62
         0.42        5079.8         5.550    Sep 21 09:22:46      2234     0.62
         0.42        5085.3         5.560    Sep 21 09:22:49      2237     0.62
         0.42        5090.9         5.560    Sep 21 09:22:51      2239     0.62
         0.42        5096.5         5.570    Sep 21 09:22:54      2242     0.62
         0.42        5102.0         5.570    Sep 21 09:22:56      2244     0.62
         0.42        5107.6         5.560    Sep 21 09:22:59      2247     0.62
         0.43        5113.2         5.580    Sep 21 09:23:01      2249     0.62
         0.43        5118.7         5.550    Sep 21 09:23:04      2252     0.63
         0.43        5124.3         5.560    Sep 21 09:23:06      2254     0.63
         0.43        5129.8         5.550    Sep 21 09:23:08      2256     0.63
         0.43        5135.4         5.560    Sep 21 09:23:11      2259     0.63
         0.43        5141.0         5.570    Sep 21 09:23:13      2261     0.63
         0.43        5146.5         5.560    Sep 21 09:23:16      2264     0.63
         0.43        5152.1         5.550    Sep 21 09:23:18      2266     0.63
         0.43        5157.6         5.570    Sep 21 09:23:21      2269     0.63
         0.44        5163.2         5.570    Sep 21 09:23:23      2271     0.63
         0.44        5168.8         5.560    Sep 21 09:23:26      2274     0.63
         0.44        5174.3         5.560    Sep 21 09:23:28      2276     0.63
         0.44        5180.6         6.240    Sep 21 09:23:31      2279     0.63
         0.44        5186.8         6.260    Sep 21 09:23:34      2282     0.63
         0.44        5193.1         6.260    Sep 21 09:23:36      2284     0.63
         0.44        5199.3         6.250    Sep 21 09:23:39      2287     0.64
         0.44        5205.6         6.280    Sep 21 09:23:42      2290     0.64
         0.44        5211.9         6.270    Sep 21 09:23:45      2293     0.64
         0.44        5218.1         6.240    Sep 21 09:23:48      2296     0.64
         0.45        5224.4         6.260    Sep 21 09:23:50      2298     0.64
         0.45        5230.6         6.240    Sep 21 09:23:53      2301     0.64
         0.45        5236.9         6.280    Sep 21 09:23:56      2304     0.64
         0.45        5243.3         6.400    Sep 21 09:23:59      2307     0.64
         0.45        5249.7         6.420    Sep 21 09:24:02      2310     0.64
         0.45        5256.1         6.410    Sep 21 09:24:05      2313     0.64
         0.45        5262.6         6.420    Sep 21 09:24:07      2315     0.64
         0.45        5269.0         6.450    Sep 21 09:24:10      2318     0.64
         0.45        5275.4         6.420    Sep 21 09:24:13      2321     0.64
         0.45        5281.9         6.430    Sep 21 09:24:16      2324     0.65
         0.46        5288.3         6.400    Sep 21 09:24:19      2327     0.65
         0.46        5295.4         7.140    Sep 21 09:24:22      2330     0.65
         0.46        5302.5         7.130    Sep 21 09:24:25      2333     0.65
         0.46        5309.7         7.140    Sep 21 09:24:28      2336     0.65
         0.46        5316.8         7.130    Sep 21 09:24:32      2340     0.65
         0.46        5323.9         7.120    Sep 21 09:24:35      2343     0.65
         0.46        5331.0         7.110    Sep 21 09:24:38      2346     0.65
         0.46        5338.2         7.140    Sep 21 09:24:41      2349     0.65
         0.46        5345.3         7.140    Sep 21 09:24:44      2352     0.65
         0.46        5352.4         7.100    Sep 21 09:24:47      2355     0.65
         0.47        5359.5         7.130    Sep 21 09:24:50      2358     0.66
         0.47        5366.7         7.130    Sep 21 09:24:53      2361     0.66
         0.47        5373.8         7.120    Sep 21 09:24:57      2365     0.66
         0.47        5380.9         7.160    Sep 21 09:25:00      2368     0.66
         0.47        5388.8         7.840    Sep 21 09:25:03      2371     0.66
         0.47        5396.6         7.850    Sep 21 09:25:07      2375     0.66
         0.47        5404.5         7.850    Sep 21 09:25:10      2378     0.66
         0.47        5412.3         7.830    Sep 21 09:25:14      2382     0.66
         0.47        5420.2         7.840    Sep 21 09:25:17      2385     0.66
         0.47        5428.0         7.840    Sep 21 09:25:21      2389     0.66
         0.48        5435.8         7.820    Sep 21 09:25:24      2392     0.66
         0.48        5443.7         7.830    Sep 21 09:25:28      2396     0.67
         0.48        5451.5         7.850    Sep 21 09:25:31      2399     0.67
         0.48        5459.3         7.820    Sep 21 09:25:34      2402     0.67
         0.48        5467.1         7.830    Sep 21 09:25:38      2406     0.67
         0.48        5475.7         8.560    Sep 21 09:25:42      2410     0.67
         0.48        5484.2         8.540    Sep 21 09:25:45      2413     0.67
         0.48        5492.8         8.550    Sep 21 09:25:49      2417     0.67
         0.48        5501.3         8.550    Sep 21 09:25:53      2421     0.67
         0.48        5509.9         8.540    Sep 21 09:25:57      2425     0.67
         0.48        5518.4         8.550    Sep 21 09:26:01      2429     0.67
         0.49        5527.0         8.540    Sep 21 09:26:04      2432     0.68
         0.49        5535.5         8.540    Sep 21 09:26:08      2436     0.68
         0.49        5544.1         8.540    Sep 21 09:26:12      2440     0.68
         0.49        5553.3         9.250    Sep 21 09:26:16      2444     0.68
         0.49        5562.6         9.260    Sep 21 09:26:20      2448     0.68
         0.49        5571.8         9.270    Sep 21 09:26:24      2452     0.68
         0.49        5581.1         9.280    Sep 21 09:26:28      2456     0.68
         0.49        5590.4         9.250    Sep 21 09:26:32      2460     0.68
         0.49        5599.6         9.280    Sep 21 09:26:36      2464     0.68
         0.49        5608.9         9.270    Sep 21 09:26:40      2468     0.69
         0.50        5618.2         9.260    Sep 21 09:26:45      2473     0.69
         0.50        5628.1         9.970    Sep 21 09:26:49      2477     0.69
         0.50        5638.1         9.990    Sep 21 09:26:53      2481     0.69
         0.50        5648.1         9.980    Sep 21 09:26:58      2486     0.69
         0.50        5658.1        10.010    Sep 21 09:27:02      2490     0.69
         0.50        5668.1         9.960    Sep 21 09:27:07      2495     0.69
         0.50        5678.0         9.950    Sep 21 09:27:11      2499     0.69
         0.50        5688.7        10.670    Sep 21 09:27:16      2504     0.70
         0.50        5699.4        10.680    Sep 21 09:27:20      2508     0.70
         0.50        5710.1        10.680    Sep 21 09:27:25      2513     0.70
         0.51        5720.8        10.710    Sep 21 09:27:30      2518     0.70
         0.51        5731.4        10.660    Sep 21 09:27:35      2523     0.70
         0.51        5742.1        10.680    Sep 21 09:27:39      2527     0.70
         0.51        5753.5        11.390    Sep 21 09:27:44      2532     0.70
         0.51        5764.9        11.370    Sep 21 09:27:49      2537     0.70
         0.51        5776.3        11.380    Sep 21 09:27:54      2542     0.71
         0.51        5787.7        11.400    Sep 21 09:27:59      2547     0.71
         0.51        5799.8        12.130    Sep 21 09:28:05      2553     0.71
         0.51        5811.9        12.110    Sep 21 09:28:10      2558     0.71
         0.51        5824.0        12.120    Sep 21 09:28:15      2563     0.71
         0.52        5836.1        12.110    Sep 21 09:28:21      2569     0.71
         0.52        5849.0        12.830    Sep 21 09:28:26      2574     0.71
         0.52        5861.8        12.820    Sep 21 09:28:32      2580     0.72
         0.52        5874.6        12.860    Sep 21 09:28:38      2586     0.72
         0.52        5887.4        12.810    Sep 21 09:28:43      2591     0.72
         0.52        5901.0        13.530    Sep 21 09:28:49      2597     0.72
         0.52        5914.5        13.520    Sep 21 09:28:55      2603     0.72
         0.52        5928.0        13.540    Sep 21 09:29:01      2609     0.72
         0.52        5942.3        14.230    Sep 21 09:29:08      2616     0.73
         0.52        5956.5        14.260    Sep 21 09:29:14      2622     0.73
         0.53        5970.8        14.250    Sep 21 09:29:20      2628     0.73
         0.53        5985.7        14.950    Sep 21 09:29:27      2635     0.73
         0.53        6000.7        14.950    Sep 21 09:29:33      2641     0.73
         0.53        6016.3        15.670    Sep 21 09:29:40      2648     0.74
         0.53        6032.1        15.710    Sep 21 09:29:47      2655     0.74
         0.53        6048.5        16.420    Sep 21 09:29:55      2663     0.74
         0.53        6064.9        16.380    Sep 21 09:30:02      2670     0.74
         0.53        6081.9        17.060    Sep 21 09:30:09      2677     0.74
         0.53        6099.0        17.110    Sep 21 09:30:17      2685     0.75
         0.53        6116.9        17.840    Sep 21 09:30:25      2693     0.75
         0.54        6135.1        18.220    Sep 21 09:30:33      2701     0.75
         0.54        6154.1        18.990    Sep 21 09:30:41      2709     0.75
         0.54        6173.8        19.760    Sep 21 09:30:50      2718     0.76
         0.54        6194.3        20.440    Sep 21 09:30:59      2727     0.76
         0.54        6214.7        20.460    Sep 21 09:31:08      2736     0.76
         0.54        6235.9        21.180    Sep 21 09:31:17      2745     0.76
         0.54        6258.5        22.560    Sep 21 09:31:27      2755     0.77
         0.54        6281.1        22.630    Sep 21 09:31:37      2765     0.77
         0.54        6304.5        23.360    Sep 21 09:31:47      2775     0.77
         0.54        6329.3        24.790    Sep 21 09:31:58      2786     0.77
         0.55        6354.8        25.560    Sep 21 09:32:09      2797     0.78
         0.55        6381.8        26.990    Sep 21 09:32:21      2809     0.78
         0.55        6409.6        27.790    Sep 21 09:32:34      2822     0.78
         0.55        6438.8        29.210    Sep 21 09:32:46      2834     0.79
         0.55        6469.5        30.670    Sep 21 09:33:00      2848     0.79
         0.55        6501.6        32.090    Sep 21 09:33:14      2862     0.80
         0.55        6535.2        33.620    Sep 21 09:33:29      2877     0.80
         0.55        6570.9        35.740    Sep 21 09:33:44      2892     0.80
         0.55        6608.9        37.970    Sep 21 09:34:01      2909     0.81
         0.55        6649.8        40.940    Sep 21 09:34:19      2927     0.81
         0.56        6693.6        43.780    Sep 21 09:34:38      2946     0.82
         0.56        6740.5        46.930    Sep 21 09:34:59      2967     0.82
         0.56        6792.9        52.330    Sep 21 09:35:22      2990     0.83
         0.56        6849.6        56.740    Sep 21 09:35:47      3015     0.84
         0.56        6912.5        62.840    Sep 21 09:36:14      3042     0.84
         0.56        6982.0        69.520    Sep 21 09:36:45      3073     0.85
         0.56        7059.7        77.720    Sep 21 09:37:19      3107     0.86
         0.56        7148.0        88.290    Sep 21 09:37:57      3145     0.87
         0.56        7249.0       101.000    Sep 21 09:38:41      3189     0.89
         0.56        7366.4       117.390    Sep 21 09:39:33      3241     0.90
         0.57        7503.2       136.870    Sep 21 09:40:32      3300     0.92
         0.57        7662.1       158.810    Sep 21 09:41:42      3370     0.94
         0.57        7842.7       180.610    Sep 21 09:43:01      3449     0.96
         0.57        8041.2       198.520    Sep 21 09:44:28      3536     0.98
         0.57        8254.3       213.090    Sep 21 09:46:02      3630     1.01
         0.57        8477.9       223.620    Sep 21 09:47:41      3729     1.04
         0.57        8710.3       232.410    Sep 21 09:49:23      3831     1.06
         0.57        8941.9       231.590    Sep 21 09:51:04      3932     1.09
         0.57        9172.0       230.140    Sep 21 09:52:46      4034     1.12
         0.58        9399.1       227.090    Sep 21 09:54:26      4134     1.15
         0.58        9621.8       222.650    Sep 21 09:56:04      4232     1.18
         0.58        9838.6       216.810    Sep 21 09:57:39      4327     1.20
         0.58       10048.1       209.560    Sep 21 09:59:11      4419     1.23
         0.58       10250.4       202.240    Sep 21 10:00:40      4508     1.25
         0.58       10445.4       195.000    Sep 21 10:02:06      4594     1.28
         0.58       10633.7       188.290    Sep 21 10:03:28      4676     1.30
         0.58       10812.1       178.370    Sep 21 10:04:47      4755     1.32
         0.58       10983.1       171.030    Sep 21 10:06:03      4831     1.34
         0.58       11148.4       165.330    Sep 21 10:07:16      4904     1.36
         0.59       11308.5       160.140    Sep 21 10:08:28      4976     1.38
         0.59       11463.5       154.970    Sep 21 10:09:37      5045     1.40
         0.59       11613.9       150.340    Sep 21 10:10:44      5112     1.42
         0.59       11760.6       146.750    Sep 21 10:11:49      5177     1.44
         0.59       11903.8       143.200    Sep 21 10:12:52      5240     1.46
         0.59       12043.7       139.870    Sep 21 10:13:54      5302     1.47
         0.59       12180.5       136.800    Sep 21 10:14:54      5362     1.49
         0.59       12314.3       133.860    Sep 21 10:15:53      5421     1.51
         0.59       12445.4       131.060    Sep 21 10:16:51      5479     1.52
         0.59       12573.5       128.140    Sep 21 10:17:48      5536     1.54
         0.60       12698.9       125.330    Sep 21 10:18:43      5591     1.55
         0.60       12822.1       123.230    Sep 21 10:19:37      5645     1.57
         0.60       12943.2       121.150    Sep 21 10:20:31      5699     1.58
         0.60       13062.2       118.950    Sep 21 10:21:24      5752     1.60
         0.60       13178.4       116.160    Sep 21 10:22:15      5803     1.61
         0.60       13292.3       113.910    Sep 21 10:23:05      5853     1.63
         0.60       13404.1       111.860    Sep 21 10:23:55      5903     1.64
         0.60       13513.9       109.780    Sep 21 10:24:44      5952     1.65
         0.60       13621.4       107.450    Sep 21 10:25:31      5999     1.67
         0.60       13727.5       106.160    Sep 21 10:26:18      6046     1.68
         0.61       13831.6       104.130    Sep 21 10:27:04      6092     1.69
         0.61       13933.5       101.820    Sep 21 10:27:49      6137     1.70
         0.61       14033.9       100.450    Sep 21 10:28:33      6181     1.72
         0.61       14132.3        98.350    Sep 21 10:29:17      6225     1.73
         0.61       14228.4        96.160    Sep 21 10:29:59      6267     1.74
         0.61       14323.3        94.920    Sep 21 10:30:42      6310     1.75
         0.61       14416.0        92.670    Sep 21 10:31:23      6351     1.76
         0.61       14507.2        91.150    Sep 21 10:32:03      6391     1.78
         0.61       14597.0        89.860    Sep 21 10:32:43      6431     1.79
         0.61       14684.8        87.720    Sep 21 10:33:22      6470     1.80
         0.62       14771.0        86.220    Sep 21 10:34:00      6508     1.81
         0.62       14855.8        84.790    Sep 21 10:34:37      6545     1.82
         0.62       14939.1        83.340    Sep 21 10:35:14      6582     1.83
         0.62       15020.5        81.380    Sep 21 10:35:50      6618     1.84
         0.62       15100.3        79.830    Sep 21 10:36:26      6654     1.85
         0.62       15178.7        78.400    Sep 21 10:37:01      6689     1.86
         0.62       15255.7        77.000    Sep 21 10:37:35      6723     1.87
         0.62       15331.3        75.590    Sep 21 10:38:08      6756     1.88
         0.62       15405.5        74.150    Sep 21 10:38:41      6789     1.89
         0.62       15479.0        73.520    Sep 21 10:39:14      6822     1.90
         0.63       15551.0        72.020    Sep 21 10:39:46      6854     1.90
         0.63       15621.6        70.580    Sep 21 10:40:17      6885     1.91
         0.63       15690.7        69.150    Sep 21 10:40:48      6916     1.92
         0.63       15758.4        67.720    Sep 21 10:41:18      6946     1.93
         0.63       15825.4        66.930    Sep 21 10:41:47      6975     1.94
         0.63       15891.0        65.610    Sep 21 10:42:16      7004     1.95
         0.63       15955.1        64.130    Sep 21 10:42:45      7033     1.95
         0.63       16018.5        63.390    Sep 21 10:43:13      7061     1.96
         0.63       16080.5        62.030    Sep 21 10:43:40      7088     1.97
         0.63       16141.8        61.280    Sep 21 10:44:07      7115     1.98
         0.64       16201.7        59.860    Sep 21 10:44:34      7142     1.98
         0.64       16260.9        59.180    Sep 21 10:45:00      7168     1.99
         0.64       16318.7        57.830    Sep 21 10:45:26      7194     2.00
         0.64       16375.7        57.020    Sep 21 10:45:51      7219     2.01
         0.64       16431.2        55.500    Sep 21 10:46:16      7244     2.01
         0.64       16486.1        54.860    Sep 21 10:46:40      7268     2.02
         0.64       16540.3        54.260    Sep 21 10:47:04      7292     2.03
         0.64       16593.0        52.710    Sep 21 10:47:27      7315     2.03
         0.64       16645.1        52.030    Sep 21 10:47:50      7338     2.04
         0.64       16696.3        51.250    Sep 21 10:48:13      7361     2.04
         0.65       16747.0        50.680    Sep 21 10:48:35      7383     2.05
         0.65       16796.2        49.170    Sep 21 10:48:57      7405     2.06
         0.65       16844.6        48.460    Sep 21 10:49:19      7427     2.06
         0.65       16892.4        47.780    Sep 21 10:49:40      7448     2.07
         0.65       16939.4        47.020    Sep 21 10:50:01      7469     2.07
         0.65       16985.0        45.590    Sep 21 10:50:21      7489     2.08
         0.65       17029.9        44.880    Sep 21 10:50:41      7509     2.09
         0.65       17074.0        44.150    Sep 21 10:51:00      7528     2.09
         0.65       17117.5        43.460    Sep 21 10:51:19      7547     2.10
         0.65       17160.2        42.750    Sep 21 10:51:38      7566     2.10
         0.66       17202.3        42.040    Sep 21 10:51:57      7585     2.11
         0.66       17243.6        41.340    Sep 21 10:52:15      7603     2.11
         0.66       17284.2        40.600    Sep 21 10:52:33      7621     2.12
         0.66       17324.1        39.870    Sep 21 10:52:51      7639     2.12
         0.66       17363.3        39.170    Sep 21 10:53:08      7656     2.13
         0.66       17401.8        38.510    Sep 21 10:53:25      7673     2.13
         0.66       17439.5        37.720    Sep 21 10:53:42      7690     2.14
         0.66       17475.8        36.280    Sep 21 10:53:58      7706     2.14
         0.66       17511.4        35.600    Sep 21 10:54:13      7721     2.14
         0.66       17546.3        34.960    Sep 21 10:54:29      7737     2.15
         0.67       17580.6        34.220    Sep 21 10:54:44      7752     2.15
         0.67       17614.1        33.540    Sep 21 10:54:59      7767     2.16
         0.67       17646.8        32.740    Sep 21 10:55:13      7781     2.16
         0.67       17678.9        32.060    Sep 21 10:55:28      7796     2.17
         0.67       17710.2        31.320    Sep 21 10:55:41      7809     2.17
         0.67       17740.8        30.620    Sep 21 10:55:55      7823     2.17
         0.67       17771.5        30.700    Sep 21 10:56:09      7837     2.18
         0.67       17801.5        29.910    Sep 21 10:56:22      7850     2.18
         0.67       17830.7        29.210    Sep 21 10:56:35      7863     2.18
         0.67       17859.0        28.310    Sep 21 10:56:47      7875     2.19
         0.68       17886.5        27.520    Sep 21 10:57:00      7888     2.19
         0.68       17913.6        27.100    Sep 21 10:57:12      7900     2.19
         0.68       17939.9        26.340    Sep 21 10:57:23      7911     2.20
         0.68       17965.6        25.640    Sep 21 10:57:35      7923     2.20
         0.68       17990.5        24.950    Sep 21 10:57:46      7934     2.20
         0.68       18015.1        24.560    Sep 21 10:57:57      7945     2.21
         0.68       18038.6        23.510    Sep 21 10:58:07      7955     2.21
         0.68       18062.1        23.500    Sep 21 10:58:17      7965     2.21
         0.68       18084.9        22.790    Sep 21 10:58:27      7975     2.22
         0.68       18106.9        22.060    Sep 21 10:58:37      7985     2.22
         0.69       18128.3        21.360    Sep 21 10:58:47      7995     2.22
         0.69       18148.9        20.640    Sep 21 10:58:56      8004     2.22
         0.69       18169.6        20.660    Sep 21 10:59:05      8013     2.23
         0.69       18189.6        19.970    Sep 21 10:59:14      8022     2.23
         0.69       18208.8        19.240    Sep 21 10:59:22      8030     2.23
         0.69       18228.0        19.230    Sep 21 10:59:31      8039     2.23
         0.69       18246.6        18.540    Sep 21 10:59:39      8047     2.24
         0.69       18264.4        17.790    Sep 21 10:59:47      8055     2.24
         0.69       18282.2        17.820    Sep 21 10:59:55      8063     2.24
         0.69       18299.3        17.100    Sep 21 11:00:02      8070     2.24
         0.70       18315.7        16.380    Sep 21 11:00:09      8077     2.24
         0.70       18332.1        16.390    Sep 21 11:00:17      8085     2.25
         0.70       18347.7        15.670    Sep 21 11:00:24      8092     2.25
         0.70       18363.4        15.690    Sep 21 11:00:31      8099     2.25
         0.70       18378.4        14.970    Sep 21 11:00:37      8105     2.25
         0.70       18392.7        14.260    Sep 21 11:00:43      8111     2.25
         0.70       18406.9        14.270    Sep 21 11:00:50      8118     2.25
         0.70       18420.5        13.540    Sep 21 11:00:56      8124     2.26
         0.70       18434.0        13.550    Sep 21 11:01:02      8130     2.26
         0.70       18446.9        12.850    Sep 21 11:01:07      8135     2.26
         0.71       18459.7        12.840    Sep 21 11:01:13      8141     2.26
         0.71       18472.5        12.830    Sep 21 11:01:19      8147     2.26
         0.71       18484.6        12.110    Sep 21 11:01:24      8152     2.26
         0.71       18496.8        12.130    Sep 21 11:01:30      8158     2.27
         0.71       18508.2        11.410    Sep 21 11:01:35      8163     2.27
         0.71       18519.6        11.390    Sep 21 11:01:40      8168     2.27
         0.71       18531.0        11.400    Sep 21 11:01:45      8173     2.27
         0.71       18541.7        10.690    Sep 21 11:01:49      8177     2.27
         0.71       18552.3        10.670    Sep 21 11:01:54      8182     2.27
         0.71       18563.0        10.680    Sep 21 11:01:59      8187     2.27
         0.72       18573.0         9.980    Sep 21 11:02:03      8191     2.28
         0.72       18583.0         9.970    Sep 21 11:02:08      8196     2.28
         0.72       18593.0        10.000    Sep 21 11:02:12      8200     2.28
         0.72       18602.2         9.280    Sep 21 11:02:16      8204     2.28
         0.72       18611.5         9.280    Sep 21 11:02:20      8208     2.28
         0.72       18620.6         9.050    Sep 21 11:02:24      8212     2.28
         0.72       18628.9         8.330    Sep 21 11:02:28      8216     2.28
         0.72       18637.2         8.330    Sep 21 11:02:32      8220     2.28
         0.72       18645.6         8.350    Sep 21 11:02:35      8223     2.28
         0.72       18653.9         8.340    Sep 21 11:02:39      8227     2.29
         0.73       18661.6         7.640    Sep 21 11:02:42      8230     2.29
         0.73       18669.2         7.670    Sep 21 11:02:46      8234     2.29
         0.73       18676.9         7.660    Sep 21 11:02:49      8237     2.29
         0.73       18684.8         7.860    Sep 21 11:02:53      8241     2.29
         0.73       18692.4         7.640    Sep 21 11:02:56      8244     2.29
         0.73       18699.4         6.960    Sep 21 11:02:59      8247     2.29
         0.73       18706.3         6.940    Sep 21 11:03:02      8250     2.29
         0.73       18713.2         6.950    Sep 21 11:03:06      8254     2.29
         0.73       18720.2         6.940    Sep 21 11:03:09      8257     2.29
         0.73       18727.1         6.940    Sep 21 11:03:12      8260     2.29
         0.74       18733.4         6.270    Sep 21 11:03:14      8262     2.29
         0.74       18739.6         6.250    Sep 21 11:03:17      8265     2.30
         0.74       18745.9         6.260    Sep 21 11:03:20      8268     2.30
         0.74       18752.1         6.250    Sep 21 11:03:23      8271     2.30
         0.74       18758.4         6.260    Sep 21 11:03:26      8274     2.30
         0.74       18764.7         6.260    Sep 21 11:03:28      8276     2.30
         0.74       18770.9         6.260    Sep 21 11:03:31      8279     2.30
         0.74       18776.5         5.560    Sep 21 11:03:34      8282     2.30
         0.74       18782.1         5.560    Sep 21 11:03:36      8284     2.30
         0.74       18787.6         5.570    Sep 21 11:03:39      8287     2.30
         0.75       18793.2         5.580    Sep 21 11:03:41      8289     2.30
         0.75       18798.8         5.570    Sep 21 11:03:44      8292     2.30
         0.75       18804.4         5.580    Sep 21 11:03:46      8294     2.30
         0.75       18809.9         5.570    Sep 21 11:03:48      8296     2.30
         0.75       18815.5         5.550    Sep 21 11:03:51      8299     2.31
         0.75       18820.3         4.880    Sep 21 11:03:53      8301     2.31
         0.75       18825.2         4.870    Sep 21 11:03:55      8303     2.31
         0.75       18830.1         4.890    Sep 21 11:03:57      8305     2.31
         0.75       18835.0         4.870    Sep 21 11:04:00      8308     2.31
         0.75       18839.9         4.880    Sep 21 11:04:02      8310     2.31
         0.76       18844.7         4.870    Sep 21 11:04:04      8312     2.31
         0.76       18849.6         4.870    Sep 21 11:04:06      8314     2.31
         0.76       18854.5         4.880    Sep 21 11:04:08      8316     2.31
         0.76       18859.3         4.870    Sep 21 11:04:11      8319     2.31
         0.76       18864.2         4.880    Sep 21 11:04:13      8321     2.31
         0.76       18869.1         4.870    Sep 21 11:04:15      8323     2.31
         0.76       18873.3         4.180    Sep 21 11:04:17      8325     2.31
         0.76       18877.5         4.200    Sep 21 11:04:19      8327     2.31
         0.76       18881.7         4.200    Sep 21 11:04:21      8329     2.31
         0.76       18885.9         4.190    Sep 21 11:04:22      8330     2.31
         0.77       18890.1         4.190    Sep 21 11:04:24      8332     2.31
         0.77       18894.2         4.170    Sep 21 11:04:26      8334     2.31
         0.77       18898.4         4.170    Sep 21 11:04:28      8336     2.32
         0.77       18902.6         4.180    Sep 21 11:04:30      8338     2.32
         0.77       18906.8         4.180    Sep 21 11:04:32      8340     2.32
         0.77       18910.9         4.180    Sep 21 11:04:34      8342     2.32
         0.77       18915.1         4.200    Sep 21 11:04:35      8343     2.32
         0.77       18919.3         4.180    Sep 21 11:04:37      8345     2.32
         0.77       18923.5         4.180    Sep 21 11:04:39      8347     2.32
         0.77       18927.7         4.170    Sep 21 11:04:41      8349     2.32
         0.78       18931.2         3.480    Sep 21 11:04:43      8351     2.32
         0.78       18934.7         3.500    Sep 21 11:04:44      8352     2.32
         0.78       18938.1         3.460    Sep 21 11:04:46      8354     2.32
         0.78       18941.6         3.480    Sep 21 11:04:47      8355     2.32
         0.78       18945.1         3.480    Sep 21 11:04:49      8357     2.32
         0.78       18948.6         3.490    Sep 21 11:04:50      8358     2.32
         0.78       18952.0         3.470    Sep 21 11:04:52      8360     2.32
         0.78       18955.5         3.490    Sep 21 11:04:53      8361     2.32
         0.78       18959.0         3.470    Sep 21 11:04:55      8363     2.32
         0.78       18962.5         3.490    Sep 21 11:04:57      8365     2.32
         0.78       18966.0         3.490    Sep 21 11:04:58      8366     2.32
         0.79       18969.5         3.490    Sep 21 11:05:00      8368     2.32
         0.79       18972.9         3.480    Sep 21 11:05:01      8369     2.32
         0.79       18976.4         3.490    Sep 21 11:05:03      8371     2.33
         0.79       18979.9         3.480    Sep 21 11:05:04      8372     2.33
         0.79       18983.4         3.480    Sep 21 11:05:06      8374     2.33
         0.79       18986.9         3.490    Sep 21 11:05:08      8376     2.33
         0.79       18990.4         3.490    Sep 21 11:05:09      8377     2.33
         0.79       18993.8         3.470    Sep 21 11:05:11      8379     2.33
         0.79       18997.3         3.490    Sep 21 11:05:12      8380     2.33
         0.79       19000.8         3.480    Sep 21 11:05:14      8382     2.33
         0.80       19003.6         2.790    Sep 21 11:05:15      8383     2.33
         0.80       19006.4         2.790    Sep 21 11:05:16      8384     2.33
         0.80       19009.2         2.800    Sep 21 11:05:18      8386     2.33
         0.80       19012.0         2.780    Sep 21 11:05:19      8387     2.33
         0.80       19014.8         2.780    Sep 21 11:05:20      8388     2.33
         0.80       19017.5         2.780    Sep 21 11:05:21      8389     2.33
         0.80       19020.3         2.800    Sep 21 11:05:23      8391     2.33
         0.80       19023.1         2.780    Sep 21 11:05:24      8392     2.33
         0.80       19025.9         2.790    Sep 21 11:05:25      8393     2.33
         0.80       19028.7         2.810    Sep 21 11:05:26      8394     2.33
         0.81       19031.5         2.780    Sep 21 11:05:28      8396     2.33
         0.81       19034.3         2.790    Sep 21 11:05:29      8397     2.33
         0.81       19037.1         2.780    Sep 21 11:05:30      8398     2.33
         0.81       19039.9         2.800    Sep 21 11:05:31      8399     2.33
         0.81       19042.7         2.800    Sep 21 11:05:33      8401     2.33
         0.81       19045.5         2.790    Sep 21 11:05:34      8402     2.33
         0.81       19048.3         2.810    Sep 21 11:05:35      8403     2.33
         0.81       19051.0         2.790    Sep 21 11:05:36      8404     2.33
         0.81       19053.8         2.780    Sep 21 11:05:38      8406     2.33
         0.81       19056.6         2.800    Sep 21 11:05:39      8407     2.34
         0.82       19059.4         2.780    Sep 21 11:05:40      8408     2.34
         0.82       19062.2         2.800    Sep 21 11:05:41      8409     2.34
         0.82       19065.0         2.780    Sep 21 11:05:43      8411     2.34
         0.82       19067.8         2.800    Sep 21 11:05:44      8412     2.34
         0.82       19070.6         2.800    Sep 21 11:05:45      8413     2.34
         0.82       19073.4         2.770    Sep 21 11:05:46      8414     2.34
         0.82       19076.1         2.720    Sep 21 11:05:48      8416     2.34
         0.82       19078.8         2.720    Sep 21 11:05:49      8417     2.34
         0.82       19081.5         2.710    Sep 21 11:05:50      8418     2.34
         0.82       19084.2         2.720    Sep 21 11:05:51      8419     2.34
         0.83       19086.9         2.720    Sep 21 11:05:52      8420     2.34
         0.83       19089.0         2.100    Sep 21 11:05:53      8421     2.34
         0.83       19091.1         2.090    Sep 21 11:05:54      8422     2.34
         0.83       19093.2         2.110    Sep 21 11:05:55      8423     2.34
         0.83       19095.4         2.100    Sep 21 11:05:56      8424     2.34
         0.83       19097.4         2.090    Sep 21 11:05:57      8425     2.34
         0.83       19099.5         2.060    Sep 21 11:05:58      8426     2.34
         0.83       19101.5         2.040    Sep 21 11:05:59      8427     2.34
         0.83       19103.6         2.040    Sep 21 11:06:00      8428     2.34
         0.83       19105.6         2.050    Sep 21 11:06:01      8429     2.34
         0.84       19107.7         2.050    Sep 21 11:06:02      8430     2.34
         0.84       19109.7         2.050    Sep 21 11:06:03      8431     2.34
         0.84       19111.8         2.050    Sep 21 11:06:04      8432     2.34
         0.84       19113.8         2.050    Sep 21 11:06:05      8433     2.34
         0.84       19115.9         2.040    Sep 21 11:06:06      8434     2.34
         0.84       19117.9         2.050    Sep 21 11:06:06      8434     2.34
         0.84       19120.0         2.050    Sep 21 11:06:07      8435     2.34
         0.84       19122.0         2.040    Sep 21 11:06:08      8436     2.34
         0.84       19124.1         2.060    Sep 21 11:06:09      8437     2.34
         0.84       19126.1         2.040    Sep 21 11:06:10      8438     2.34
         0.85       19128.2         2.050    Sep 21 11:06:11      8439     2.34
         0.85       19130.2         2.040    Sep 21 11:06:12      8440     2.34
         0.85       19132.3         2.060    Sep 21 11:06:13      8441     2.34
         0.85       19134.3         2.040    Sep 21 11:06:14      8442     2.35
         0.85       19136.4         2.050    Sep 21 11:06:15      8443     2.35
         0.85       19138.4         2.040    Sep 21 11:06:16      8444     2.35
         0.85       19140.4         2.050    Sep 21 11:06:17      8445     2.35
         0.85       19142.5         2.040    Sep 21 11:06:18      8446     2.35
         0.85       19144.5         2.050    Sep 21 11:06:19      8447     2.35
         0.85       19146.6         2.050    Sep 21 11:06:20      8448     2.35
         0.86       19148.6         2.060    Sep 21 11:06:21      8449     2.35
         0.86       19150.7         2.040    Sep 21 11:06:22      8450     2.35
         0.86       19152.7         2.060    Sep 21 11:06:23      8451     2.35
         0.86       19154.8         2.050    Sep 21 11:06:23      8451     2.35
         0.86       19156.8         2.050    Sep 21 11:06:24      8452     2.35
         0.86       19158.9         2.050    Sep 21 11:06:25      8453     2.35
         0.86       19160.9         2.040    Sep 21 11:06:26      8454     2.35
         0.86       19163.0         2.050    Sep 21 11:06:27      8455     2.35
         0.86       19165.0         2.050    Sep 21 11:06:28      8456     2.35
         0.86       19167.1         2.030    Sep 21 11:06:29      8457     2.35
         0.87       19169.1         2.050    Sep 21 11:06:30      8458     2.35
         0.87       19171.1         2.030    Sep 21 11:06:31      8459     2.35
         0.87       19173.2         2.040    Sep 21 11:06:32      8460     2.35
         0.87       19175.2         2.060    Sep 21 11:06:33      8461     2.35
         0.87       19177.3         2.040    Sep 21 11:06:34      8462     2.35
         0.87       19179.3         2.040    Sep 21 11:06:35      8463     2.35
         0.87       19181.4         2.050    Sep 21 11:06:36      8464     2.35
         0.87       19183.4         2.040    Sep 21 11:06:36      8464     2.35
         0.87       19185.5         2.050    Sep 21 11:06:37      8465     2.35
         0.87       19187.5         2.030    Sep 21 11:06:38      8466     2.35
         0.88       19189.5         2.040    Sep 21 11:06:39      8467     2.35
         0.88       19191.6         2.040    Sep 21 11:06:40      8468     2.35
         0.88       19192.9         1.360    Sep 21 11:06:41      8469     2.35
         0.88       19194.3         1.370    Sep 21 11:06:41      8469     2.35
         0.88       19195.7         1.350    Sep 21 11:06:42      8470     2.35
         0.88       19197.0         1.380    Sep 21 11:06:43      8471     2.35
         0.88       19198.4         1.360    Sep 21 11:06:43      8471     2.35
         0.88       19199.8         1.360    Sep 21 11:06:44      8472     2.35
         0.88       19201.1         1.360    Sep 21 11:06:44      8472     2.35
         0.88       19202.5         1.360    Sep 21 11:06:45      8473     2.35
         0.89       19203.8         1.370    Sep 21 11:06:46      8474     2.35
         0.89       19205.2         1.370    Sep 21 11:06:46      8474     2.35
         0.89       19206.6         1.370    Sep 21 11:06:47      8475     2.35
         0.89       19207.9         1.360    Sep 21 11:06:48      8476     2.35
         0.89       19209.3         1.360    Sep 21 11:06:48      8476     2.35
         0.89       19210.7         1.370    Sep 21 11:06:49      8477     2.35
         0.89       19212.0         1.370    Sep 21 11:06:49      8477     2.35
         0.89       19213.4         1.370    Sep 21 11:06:50      8478     2.35
         0.89       19214.8         1.370    Sep 21 11:06:51      8479     2.36
         0.89       19216.2         1.370    Sep 21 11:06:51      8479     2.36
         0.90       19217.5         1.360    Sep 21 11:06:52      8480     2.36
         0.90       19218.9         1.370    Sep 21 11:06:53      8481     2.36
         0.90       19220.2         1.370    Sep 21 11:06:53      8481     2.36
         0.90       19221.6         1.370    Sep 21 11:06:54      8482     2.36
         0.90       19223.0         1.360    Sep 21 11:06:54      8482     2.36
         0.90       19224.3         1.360    Sep 21 11:06:55      8483     2.36
         0.90       19225.7         1.380    Sep 21 11:06:56      8484     2.36
         0.90       19227.1         1.360    Sep 21 11:06:56      8484     2.36
         0.90       19228.5         1.380    Sep 21 11:06:57      8485     2.36
         0.90       19229.8         1.370    Sep 21 11:06:58      8486     2.36
         0.91       19231.2         1.360    Sep 21 11:06:58      8486     2.36
         0.91       19232.6         1.370    Sep 21 11:06:59      8487     2.36
         0.91       19233.9         1.370    Sep 21 11:06:59      8487     2.36
         0.91       19235.3         1.370    Sep 21 11:07:00      8488     2.36
         0.91       19236.7         1.360    Sep 21 11:07:01      8489     2.36
         0.91       19238.0         1.360    Sep 21 11:07:01      8489     2.36
         0.91       19239.4         1.370    Sep 21 11:07:02      8490     2.36
         0.91       19240.8         1.360    Sep 21 11:07:02      8490     2.36
         0.91       19242.1         1.370    Sep 21 11:07:03      8491     2.36
         0.91       19243.5         1.370    Sep 21 11:07:04      8492     2.36
         0.92       19244.9         1.370    Sep 21 11:07:04      8492     2.36
         0.92       19246.2         1.360    Sep 21 11:07:05      8493     2.36
         0.92       19247.6         1.360    Sep 21 11:07:06      8494     2.36
         0.92       19248.9         1.360    Sep 21 11:07:06      8494     2.36
         0.92       19250.3         1.370    Sep 21 11:07:07      8495     2.36
         0.92       19251.7         1.360    Sep 21 11:07:07      8495     2.36
         0.92       19253.0         1.350    Sep 21 11:07:08      8496     2.36
         0.92       19254.4         1.360    Sep 21 11:07:09      8497     2.36
         0.92       19255.8         1.370    Sep 21 11:07:09      8497     2.36
         0.92       19257.1         1.360    Sep 21 11:07:10      8498     2.36
         0.93       19258.5         1.370    Sep 21 11:07:10      8498     2.36
         0.93       19259.8         1.370    Sep 21 11:07:11      8499     2.36
         0.93       19261.2         1.360    Sep 21 11:07:12      8500     2.36
         0.93       19262.6         1.370    Sep 21 11:07:12      8500     2.36
         0.93       19263.9         1.360    Sep 21 11:07:13      8501     2.36
         0.93       19265.3         1.360    Sep 21 11:07:14      8502     2.36
         0.93       19266.7         1.370    Sep 21 11:07:14      8502     2.36
         0.93       19268.0         1.370    Sep 21 11:07:15      8503     2.36
         0.93       19269.4         1.360    Sep 21 11:07:15      8503     2.36
         0.93       19270.8         1.370    Sep 21 11:07:16      8504     2.36
         0.94       19272.1         1.370    Sep 21 11:07:17      8505     2.36
         0.94       19273.5         1.360    Sep 21 11:07:17      8505     2.36
         0.94       19274.9         1.360    Sep 21 11:07:18      8506     2.36
         0.94       19276.2         1.380    Sep 21 11:07:19      8507     2.36
         0.94       19277.6         1.360    Sep 21 11:07:19      8507     2.36
         0.94       19279.0         1.370    Sep 21 11:07:20      8508     2.36
         0.94       19280.3         1.360    Sep 21 11:07:20      8508     2.36
         0.94       19281.7         1.360    Sep 21 11:07:21      8509     2.36
         0.94       19283.1         1.370    Sep 21 11:07:22      8510     2.36
         0.94       19284.4         1.360    Sep 21 11:07:22      8510     2.36
         0.95       19285.8         1.370    Sep 21 11:07:23      8511     2.36
         0.95       19287.1         1.360    Sep 21 11:07:23      8511     2.36
         0.95       19288.5         1.370    Sep 21 11:07:24      8512     2.36
         0.95       19289.9         1.370    Sep 21 11:07:25      8513     2.36
         0.95       19291.2         1.360    Sep 21 11:07:25      8513     2.36
         0.95       19292.6         1.370    Sep 21 11:07:26      8514     2.37
         0.95       19294.0         1.370    Sep 21 11:07:27      8515     2.37
         0.95       19295.4         1.360    Sep 21 11:07:27      8515     2.37
         0.95       19296.7         1.360    Sep 21 11:07:28      8516     2.37
         0.95       19298.1         1.360    Sep 21 11:07:28      8516     2.37
         0.96       19299.4         1.370    Sep 21 11:07:29      8517     2.37
         0.96       19300.8         1.360    Sep 21 11:07:30      8518     2.37
         0.96       19302.2         1.370    Sep 21 11:07:30      8518     2.37
         0.96       19303.5         1.360    Sep 21 11:07:31      8519     2.37
         0.96       19304.9         1.360    Sep 21 11:07:31      8519     2.37
         0.96       19306.3         1.370    Sep 21 11:07:32      8520     2.37
         0.96       19307.6         1.360    Sep 21 11:07:33      8521     2.37
         0.96       19309.0         1.370    Sep 21 11:07:33      8521     2.37
         0.96       19310.3         1.360    Sep 21 11:07:34      8522     2.37
         0.96       19311.7         1.360    Sep 21 11:07:35      8523     2.37
         0.97       19313.1         1.370    Sep 21 11:07:35      8523     2.37
         0.97       19314.4         1.360    Sep 21 11:07:36      8524     2.37
         0.97       19315.8         1.370    Sep 21 11:07:36      8524     2.37
         0.97       19317.2         1.370    Sep 21 11:07:37      8525     2.37
         0.97       19318.5         1.360    Sep 21 11:07:38      8526     2.37
         0.97       19319.9         1.370    Sep 21 11:07:38      8526     2.37
         0.97       19321.3         1.370    Sep 21 11:07:39      8527     2.37
         0.97       19322.7         1.370    Sep 21 11:07:40      8528     2.37
         0.97       19324.0         1.370    Sep 21 11:07:40      8528     2.37
         0.97       19325.4         1.360    Sep 21 11:07:41      8529     2.37
         0.98       19326.7         1.360    Sep 21 11:07:41      8529     2.37
         0.98       19328.1         1.370    Sep 21 11:07:42      8530     2.37
         0.98       19329.5         1.360    Sep 21 11:07:43      8531     2.37
         0.98       19330.8         1.370    Sep 21 11:07:43      8531     2.37
         0.98       19332.2         1.370    Sep 21 11:07:44      8532     2.37
         0.98       19333.6         1.360    Sep 21 11:07:45      8533     2.37
         0.98       19334.3         0.690    Sep 21 11:07:45      8533     2.37
         0.98       19335.1         0.810    Sep 21 11:07:45      8533     2.37
         0.98       19335.8         0.770    Sep 21 11:07:46      8534     2.37
         0.98       19336.6         0.800    Sep 21 11:07:46      8534     2.37
         0.99       19337.4         0.760    Sep 21 11:07:46      8534     2.37
         0.99       19338.2         0.770    Sep 21 11:07:47      8535     2.37
         0.99       19339.0         0.800    Sep 21 11:07:47      8535     2.37
         0.99       19339.7         0.770    Sep 21 11:07:48      8536     2.37
         0.99       19340.6         0.810    Sep 21 11:07:48      8536     2.37
         0.99       19341.3         0.760    Sep 21 11:07:48      8536     2.37
         0.99       19342.1         0.770    Sep 21 11:07:49      8537     2.37
         0.99       19342.9         0.800    Sep 21 11:07:49      8537     2.37
         0.99       19343.6         0.710    Sep 21 11:07:50      8538     2.37
         0.99       19344.4         0.770    Sep 21 11:07:50      8538     2.37
         1.00       19345.1         0.770    Sep 21 11:07:50      8538     2.37
         1.00       19345.9         0.760    Sep 21 11:07:51      8539     2.37
         1.00       19346.7         0.800    Sep 21 11:07:51      8539     2.37
         1.00       19347.5         0.780    Sep 21 11:07:52      8540     2.37
         1.00       19348.3         0.810    Sep 21 11:07:52      8540     2.37
