#    Start: ------ Host: "mendez-famaf" ----------Thu Sep 29 18:56:51 2022

#    Time[fs]   CPU-time[s]     Delta-CPU    Real time        RealT[s]     [h]
#       -0.00           8.9                  Sep 29 18:57:00         0     0.00
         0.00          45.0        36.050    Sep 29 18:57:22        22     0.01
         0.00          98.7        53.680    Sep 29 18:57:56        56     0.02
         0.00         147.7        49.000    Sep 29 18:58:26        86     0.02
         0.00         194.4        46.750    Sep 29 18:58:55       115     0.03
         0.00         240.3        45.900    Sep 29 18:59:23       143     0.04
         0.01         284.0        43.670    Sep 29 18:59:51       171     0.05
         0.01         326.7        42.710    Sep 29 19:00:19       199     0.06
         0.01         367.9        41.240    Sep 29 19:00:45       225     0.06
         0.01         406.2        38.280    Sep 29 19:01:09       249     0.07
         0.01         443.0        36.790    Sep 29 19:01:32       272     0.08
         0.01         477.6        34.630    Sep 29 19:01:53       293     0.08
         0.01         510.3        32.710    Sep 29 19:02:13       313     0.09
         0.01         541.8        31.420    Sep 29 19:02:32       332     0.09
         0.01         571.9        30.170    Sep 29 19:02:51       351     0.10
         0.01         601.5        29.560    Sep 29 19:03:09       369     0.10
         0.02         629.7        28.250    Sep 29 19:03:26       386     0.11
         0.02         657.0        27.300    Sep 29 19:03:43       403     0.11
         0.02         683.9        26.880    Sep 29 19:04:00       420     0.12
         0.02         709.8        25.860    Sep 29 19:04:15       435     0.12
         0.02         735.0        25.250    Sep 29 19:04:31       451     0.13
         0.02         759.2        24.170    Sep 29 19:04:46       466     0.13
         0.02         782.0        22.780    Sep 29 19:05:00       480     0.13
         0.02         805.1        23.170    Sep 29 19:05:16       496     0.14
         0.02         827.9        22.800    Sep 29 19:05:32       512     0.14
         0.02         850.2        22.290    Sep 29 19:05:46       526     0.15
         0.02         871.9        21.660    Sep 29 19:06:00       540     0.15
         0.03         893.7        21.840    Sep 29 19:06:15       555     0.15
         0.03         914.1        20.400    Sep 29 19:06:28       568     0.16
         0.03         933.6        19.490    Sep 29 19:06:40       580     0.16
         0.03         953.1        19.450    Sep 29 19:06:54       594     0.17
         0.03         970.6        17.540    Sep 29 19:07:05       605     0.17
         0.03         988.8        18.170    Sep 29 19:07:17       617     0.17
         0.03        1006.1        17.310    Sep 29 19:07:29       629     0.17
         0.03        1021.9        15.800    Sep 29 19:07:38       638     0.18
         0.03        1037.9        16.000    Sep 29 19:07:48       648     0.18
         0.04        1054.1        16.180    Sep 29 19:07:59       659     0.18
         0.04        1069.3        15.250    Sep 29 19:08:09       669     0.19
         0.04        1084.8        15.460    Sep 29 19:08:19       679     0.19
         0.04        1099.1        14.360    Sep 29 19:08:28       688     0.19
         0.04        1113.1        13.930    Sep 29 19:08:38       698     0.19
         0.04        1126.5        13.430    Sep 29 19:08:46       706     0.20
         0.04        1140.2        13.720    Sep 29 19:08:56       716     0.20
         0.04        1154.0        13.790    Sep 29 19:09:05       725     0.20
         0.04        1167.3        13.290    Sep 29 19:09:15       735     0.20
         0.04        1179.4        12.120    Sep 29 19:09:22       742     0.21
         0.05        1191.8        12.370    Sep 29 19:09:30       750     0.21
         0.05        1203.5        11.750    Sep 29 19:09:38       758     0.21
         0.05        1215.4        11.870    Sep 29 19:09:46       766     0.21
         0.05        1226.9        11.470    Sep 29 19:09:53       773     0.21
         0.05        1238.8        11.870    Sep 29 19:10:01       781     0.22
         0.05        1249.7        10.990    Sep 29 19:10:08       788     0.22
         0.05        1260.3        10.540    Sep 29 19:10:15       795     0.22
         0.05        1270.8        10.570    Sep 29 19:10:22       802     0.22
         0.05        1281.2        10.400    Sep 29 19:10:29       809     0.22
         0.05        1291.2         9.930    Sep 29 19:10:36       816     0.23
         0.06        1301.4        10.230    Sep 29 19:10:43       823     0.23
         0.06        1311.0         9.590    Sep 29 19:10:50       830     0.23
         0.06        1319.9         8.900    Sep 29 19:10:56       836     0.23
         0.06        1328.7         8.840    Sep 29 19:11:02       842     0.23
         0.06        1336.7         7.940    Sep 29 19:11:07       847     0.24
         0.06        1344.7         7.990    Sep 29 19:11:12       852     0.24
         0.06        1352.4         7.720    Sep 29 19:11:17       857     0.24
         0.06        1360.2         7.780    Sep 29 19:11:22       862     0.24
         0.06        1367.4         7.180    Sep 29 19:11:26       866     0.24
         0.06        1374.7         7.390    Sep 29 19:11:31       871     0.24
         0.07        1381.9         7.170    Sep 29 19:11:36       876     0.24
         0.07        1389.0         7.120    Sep 29 19:11:40       880     0.24
         0.07        1396.3         7.270    Sep 29 19:11:45       885     0.25
         0.07        1402.9         6.560    Sep 29 19:11:49       889     0.25
         0.07        1409.4         6.520    Sep 29 19:11:53       893     0.25
         0.07        1415.7         6.340    Sep 29 19:11:57       897     0.25
         0.07        1422.1         6.350    Sep 29 19:12:01       901     0.25
         0.07        1428.5         6.420    Sep 29 19:12:05       905     0.25
         0.07        1434.2         5.750    Sep 29 19:12:09       909     0.25
         0.07        1440.0         5.810    Sep 29 19:12:12       912     0.25
         0.08        1445.8         5.750    Sep 29 19:12:16       916     0.25
         0.08        1451.6         5.770    Sep 29 19:12:19       919     0.26
         0.08        1457.4         5.840    Sep 29 19:12:23       923     0.26
         0.08        1463.1         5.700    Sep 29 19:12:27       927     0.26
         0.08        1468.3         5.160    Sep 29 19:12:30       930     0.26
         0.08        1473.6         5.310    Sep 29 19:12:33       933     0.26
         0.08        1478.7         5.150    Sep 29 19:12:36       936     0.26
         0.08        1484.0         5.310    Sep 29 19:12:40       940     0.26
         0.08        1489.2         5.120    Sep 29 19:12:43       943     0.26
         0.08        1494.3         5.170    Sep 29 19:12:46       946     0.26
         0.09        1499.4         5.110    Sep 29 19:12:49       949     0.26
         0.09        1504.1         4.620    Sep 29 19:12:52       952     0.26
         0.09        1508.8         4.740    Sep 29 19:12:55       955     0.27
         0.09        1513.3         4.540    Sep 29 19:12:58       958     0.27
         0.09        1518.0         4.630    Sep 29 19:13:01       961     0.27
         0.09        1522.4         4.450    Sep 29 19:13:04       964     0.27
         0.09        1526.9         4.450    Sep 29 19:13:07       967     0.27
         0.09        1531.3         4.440    Sep 29 19:13:09       969     0.27
         0.09        1535.8         4.510    Sep 29 19:13:12       972     0.27
         0.09        1539.7         3.890    Sep 29 19:13:15       975     0.27
         0.10        1543.6         3.860    Sep 29 19:13:17       977     0.27
         0.10        1547.4         3.820    Sep 29 19:13:19       979     0.27
         0.10        1551.2         3.830    Sep 29 19:13:22       982     0.27
         0.10        1555.0         3.820    Sep 29 19:13:24       984     0.27
         0.10        1558.9         3.830    Sep 29 19:13:27       987     0.27
         0.10        1562.7         3.820    Sep 29 19:13:29       989     0.27
         0.10        1566.5         3.810    Sep 29 19:13:31       991     0.28
         0.10        1570.3         3.810    Sep 29 19:13:34       994     0.28
         0.10        1574.2         3.840    Sep 29 19:13:36       996     0.28
         0.10        1577.3         3.200    Sep 29 19:13:38       998     0.28
         0.11        1580.6         3.220    Sep 29 19:13:40      1000     0.28
         0.11        1583.8         3.220    Sep 29 19:13:42      1002     0.28
         0.11        1587.0         3.190    Sep 29 19:13:44      1004     0.28
         0.11        1590.1         3.160    Sep 29 19:13:46      1006     0.28
         0.11        1593.3         3.190    Sep 29 19:13:48      1008     0.28
         0.11        1596.5         3.180    Sep 29 19:13:50      1010     0.28
         0.11        1599.7         3.190    Sep 29 19:13:52      1012     0.28
         0.11        1602.9         3.170    Sep 29 19:13:54      1014     0.28
         0.11        1606.1         3.230    Sep 29 19:13:56      1016     0.28
         0.11        1609.3         3.180    Sep 29 19:13:58      1018     0.28
         0.12        1612.5         3.180    Sep 29 19:14:00      1020     0.28
         0.12        1615.6         3.170    Sep 29 19:14:02      1022     0.28
         0.12        1618.8         3.180    Sep 29 19:14:04      1024     0.28
         0.12        1621.4         2.540    Sep 29 19:14:05      1025     0.28
         0.12        1623.9         2.550    Sep 29 19:14:07      1027     0.29
         0.12        1626.5         2.570    Sep 29 19:14:08      1028     0.29
         0.12        1629.0         2.560    Sep 29 19:14:10      1030     0.29
         0.12        1631.6         2.560    Sep 29 19:14:12      1032     0.29
         0.12        1634.1         2.550    Sep 29 19:14:13      1033     0.29
         0.12        1636.7         2.560    Sep 29 19:14:15      1035     0.29
         0.13        1639.3         2.610    Sep 29 19:14:16      1036     0.29
         0.13        1641.9         2.550    Sep 29 19:14:18      1038     0.29
         0.13        1644.4         2.550    Sep 29 19:14:20      1040     0.29
         0.13        1647.0         2.540    Sep 29 19:14:21      1041     0.29
         0.13        1649.5         2.540    Sep 29 19:14:23      1043     0.29
         0.13        1652.0         2.550    Sep 29 19:14:24      1044     0.29
         0.13        1654.6         2.550    Sep 29 19:14:26      1046     0.29
         0.13        1657.2         2.580    Sep 29 19:14:28      1048     0.29
         0.13        1659.7         2.560    Sep 29 19:14:29      1049     0.29
         0.13        1662.3         2.550    Sep 29 19:14:31      1051     0.29
         0.14        1664.9         2.650    Sep 29 19:14:32      1052     0.29
         0.14        1666.8         1.920    Sep 29 19:14:34      1054     0.29
         0.14        1668.8         1.900    Sep 29 19:14:35      1055     0.29
         0.14        1670.7         1.920    Sep 29 19:14:36      1056     0.29
         0.14        1672.6         1.920    Sep 29 19:14:37      1057     0.29
         0.14        1674.5         1.930    Sep 29 19:14:38      1058     0.29
         0.14        1676.5         1.950    Sep 29 19:14:40      1060     0.29
         0.14        1678.4         1.910    Sep 29 19:14:41      1061     0.29
         0.14        1680.3         1.930    Sep 29 19:14:42      1062     0.29
         0.14        1682.2         1.920    Sep 29 19:14:43      1063     0.30
         0.15        1684.2         1.930    Sep 29 19:14:44      1064     0.30
         0.15        1686.1         1.910    Sep 29 19:14:45      1065     0.30
         0.15        1688.0         1.920    Sep 29 19:14:47      1067     0.30
         0.15        1689.9         1.940    Sep 29 19:14:48      1068     0.30
         0.15        1691.8         1.920    Sep 29 19:14:49      1069     0.30
         0.15        1693.8         1.990    Sep 29 19:14:50      1070     0.30
         0.15        1695.8         1.910    Sep 29 19:14:52      1072     0.30
         0.15        1697.7         1.910    Sep 29 19:14:53      1073     0.30
         0.15        1699.6         1.910    Sep 29 19:14:54      1074     0.30
         0.15        1701.5         1.920    Sep 29 19:14:55      1075     0.30
         0.16        1703.4         1.930    Sep 29 19:14:56      1076     0.30
         0.16        1705.4         1.950    Sep 29 19:14:58      1078     0.30
         0.16        1707.3         1.930    Sep 29 19:14:59      1079     0.30
         0.16        1709.2         1.910    Sep 29 19:15:00      1080     0.30
         0.16        1711.1         1.920    Sep 29 19:15:01      1081     0.30
         0.16        1713.0         1.900    Sep 29 19:15:02      1082     0.30
         0.16        1714.9         1.910    Sep 29 19:15:03      1083     0.30
         0.16        1716.9         1.920    Sep 29 19:15:05      1085     0.30
         0.16        1718.8         1.920    Sep 29 19:15:06      1086     0.30
         0.16        1720.7         1.920    Sep 29 19:15:07      1087     0.30
         0.17        1722.6         1.910    Sep 29 19:15:08      1088     0.30
         0.17        1724.6         2.010    Sep 29 19:15:09      1089     0.30
         0.17        1725.9         1.280    Sep 29 19:15:10      1090     0.30
         0.17        1727.2         1.270    Sep 29 19:15:11      1091     0.30
         0.17        1728.4         1.270    Sep 29 19:15:12      1092     0.30
         0.17        1729.7         1.270    Sep 29 19:15:13      1093     0.30
         0.17        1731.0         1.280    Sep 29 19:15:13      1093     0.30
         0.17        1732.2         1.260    Sep 29 19:15:14      1094     0.30
         0.17        1733.5         1.280    Sep 29 19:15:15      1095     0.30
         0.17        1734.8         1.270    Sep 29 19:15:16      1096     0.30
         0.18        1736.1         1.290    Sep 29 19:15:17      1097     0.30
         0.18        1737.4         1.300    Sep 29 19:15:17      1097     0.30
         0.18        1738.7         1.280    Sep 29 19:15:18      1098     0.30
         0.18        1739.9         1.240    Sep 29 19:15:19      1099     0.31
         0.18        1741.2         1.250    Sep 29 19:15:20      1100     0.31
         0.18        1742.4         1.260    Sep 29 19:15:20      1100     0.31
         0.18        1743.7         1.260    Sep 29 19:15:21      1101     0.31
         0.18        1745.0         1.280    Sep 29 19:15:22      1102     0.31
         0.18        1746.2         1.270    Sep 29 19:15:23      1103     0.31
         0.18        1747.5         1.270    Sep 29 19:15:24      1104     0.31
         0.19        1748.8         1.280    Sep 29 19:15:24      1104     0.31
         0.19        1750.1         1.280    Sep 29 19:15:25      1105     0.31
         0.19        1751.3         1.270    Sep 29 19:15:26      1106     0.31
         0.19        1752.6         1.270    Sep 29 19:15:27      1107     0.31
         0.19        1753.9         1.280    Sep 29 19:15:28      1108     0.31
         0.19        1755.2         1.270    Sep 29 19:15:28      1108     0.31
         0.19        1756.4         1.290    Sep 29 19:15:29      1109     0.31
         0.19        1757.7         1.270    Sep 29 19:15:30      1110     0.31
         0.19        1759.0         1.280    Sep 29 19:15:31      1111     0.31
         0.19        1760.3         1.270    Sep 29 19:15:31      1111     0.31
         0.20        1761.5         1.280    Sep 29 19:15:32      1112     0.31
         0.20        1762.8         1.270    Sep 29 19:15:33      1113     0.31
         0.20        1764.1         1.280    Sep 29 19:15:34      1114     0.31
         0.20        1765.4         1.280    Sep 29 19:15:35      1115     0.31
         0.20        1766.7         1.280    Sep 29 19:15:35      1115     0.31
         0.20        1767.9         1.270    Sep 29 19:15:36      1116     0.31
         0.20        1769.2         1.270    Sep 29 19:15:37      1117     0.31
         0.20        1770.5         1.280    Sep 29 19:15:38      1118     0.31
         0.20        1771.8         1.280    Sep 29 19:15:39      1119     0.31
         0.20        1773.0         1.260    Sep 29 19:15:39      1119     0.31
         0.21        1774.3         1.280    Sep 29 19:15:40      1120     0.31
         0.21        1775.6         1.290    Sep 29 19:15:41      1121     0.31
         0.21        1776.8         1.260    Sep 29 19:15:42      1122     0.31
         0.21        1778.1         1.290    Sep 29 19:15:43      1123     0.31
         0.21        1779.5         1.360    Sep 29 19:15:43      1123     0.31
         0.21        1780.8         1.280    Sep 29 19:15:44      1124     0.31
         0.21        1782.0         1.270    Sep 29 19:15:45      1125     0.31
         0.21        1783.3         1.280    Sep 29 19:15:46      1126     0.31
         0.21        1784.6         1.270    Sep 29 19:15:47      1127     0.31
         0.21        1785.9         1.280    Sep 29 19:15:47      1127     0.31
         0.22        1787.1         1.270    Sep 29 19:15:48      1128     0.31
         0.22        1788.4         1.280    Sep 29 19:15:49      1129     0.31
         0.22        1789.7         1.270    Sep 29 19:15:50      1130     0.31
         0.22        1791.0         1.280    Sep 29 19:15:51      1131     0.31
         0.22        1792.2         1.270    Sep 29 19:15:51      1131     0.31
         0.22        1793.5         1.280    Sep 29 19:15:52      1132     0.31
         0.22        1794.8         1.260    Sep 29 19:15:53      1133     0.31
         0.22        1796.1         1.280    Sep 29 19:15:54      1134     0.32
         0.22        1797.3         1.270    Sep 29 19:15:55      1135     0.32
         0.22        1798.6         1.270    Sep 29 19:15:55      1135     0.32
         0.23        1799.9         1.260    Sep 29 19:15:56      1136     0.32
         0.23        1801.1         1.270    Sep 29 19:15:57      1137     0.32
         0.23        1802.4         1.270    Sep 29 19:15:58      1138     0.32
         0.23        1803.7         1.260    Sep 29 19:15:58      1138     0.32
         0.23        1804.9         1.270    Sep 29 19:15:59      1139     0.32
         0.23        1806.2         1.270    Sep 29 19:16:00      1140     0.32
         0.23        1807.5         1.260    Sep 29 19:16:01      1141     0.32
         0.23        1808.7         1.270    Sep 29 19:16:01      1141     0.32
         0.23        1810.0         1.270    Sep 29 19:16:02      1142     0.32
         0.23        1811.3         1.260    Sep 29 19:16:03      1143     0.32
         0.24        1812.5         1.270    Sep 29 19:16:04      1144     0.32
         0.24        1813.8         1.280    Sep 29 19:16:04      1144     0.32
         0.24        1815.1         1.260    Sep 29 19:16:05      1145     0.32
         0.24        1816.3         1.280    Sep 29 19:16:06      1146     0.32
         0.24        1817.6         1.260    Sep 29 19:16:07      1147     0.32
         0.24        1818.9         1.270    Sep 29 19:16:07      1147     0.32
         0.24        1820.1         1.260    Sep 29 19:16:08      1148     0.32
         0.24        1821.4         1.270    Sep 29 19:16:09      1149     0.32
         0.24        1822.7         1.260    Sep 29 19:16:10      1150     0.32
         0.24        1823.9         1.270    Sep 29 19:16:10      1150     0.32
         0.25        1825.2         1.260    Sep 29 19:16:11      1151     0.32
         0.25        1826.5         1.270    Sep 29 19:16:12      1152     0.32
         0.25        1827.7         1.270    Sep 29 19:16:13      1153     0.32
         0.25        1829.0         1.280    Sep 29 19:16:14      1154     0.32
         0.25        1829.7         0.670    Sep 29 19:16:14      1154     0.32
         0.25        1830.5         0.810    Sep 29 19:16:15      1155     0.32
         0.25        1831.2         0.660    Sep 29 19:16:15      1155     0.32
         0.25        1832.0         0.820    Sep 29 19:16:16      1156     0.32
         0.25        1832.7         0.720    Sep 29 19:16:16      1156     0.32
         0.25        1833.4         0.700    Sep 29 19:16:16      1156     0.32
         0.26        1834.2         0.810    Sep 29 19:16:17      1157     0.32
         0.26        1835.0         0.780    Sep 29 19:16:18      1158     0.32
         0.26        1835.7         0.740    Sep 29 19:16:18      1158     0.32
         0.26        1836.5         0.730    Sep 29 19:16:19      1159     0.32
         0.26        1837.2         0.730    Sep 29 19:16:19      1159     0.32
         0.26        1837.9         0.750    Sep 29 19:16:19      1159     0.32
         0.26        1838.7         0.770    Sep 29 19:16:20      1160     0.32
         0.26        1839.4         0.730    Sep 29 19:16:20      1160     0.32
         0.26        1840.2         0.730    Sep 29 19:16:21      1161     0.32
         0.26        1840.9         0.720    Sep 29 19:16:21      1161     0.32
         0.27        1841.6         0.750    Sep 29 19:16:22      1162     0.32
         0.27        1842.4         0.730    Sep 29 19:16:22      1162     0.32
         0.27        1843.0         0.670    Sep 29 19:16:23      1163     0.32
         0.27        1843.8         0.800    Sep 29 19:16:23      1163     0.32
         0.27        1844.6         0.710    Sep 29 19:16:24      1164     0.32
         0.27        1845.3         0.780    Sep 29 19:16:24      1164     0.32
         0.27        1846.1         0.780    Sep 29 19:16:25      1165     0.32
         0.27        1846.8         0.720    Sep 29 19:16:25      1165     0.32
         0.27        1847.5         0.720    Sep 29 19:16:26      1166     0.32
         0.27        1848.3         0.710    Sep 29 19:16:26      1166     0.32
         0.28        1849.0         0.760    Sep 29 19:16:27      1167     0.32
         0.28        1849.7         0.720    Sep 29 19:16:27      1167     0.32
         0.28        1850.5         0.710    Sep 29 19:16:28      1168     0.32
         0.28        1851.2         0.750    Sep 29 19:16:28      1168     0.32
         0.28        1851.9         0.690    Sep 29 19:16:29      1169     0.32
         0.28        1852.6         0.760    Sep 29 19:16:29      1169     0.32
         0.28        1853.3         0.670    Sep 29 19:16:30      1170     0.33
         0.28        1854.1         0.750    Sep 29 19:16:30      1170     0.33
         0.28        1854.8         0.710    Sep 29 19:16:31      1171     0.33
         0.28        1855.5         0.730    Sep 29 19:16:31      1171     0.33
         0.29        1856.2         0.710    Sep 29 19:16:32      1172     0.33
         0.29        1856.9         0.720    Sep 29 19:16:32      1172     0.33
         0.29        1857.7         0.720    Sep 29 19:16:33      1173     0.33
         0.29        1858.4         0.750    Sep 29 19:16:33      1173     0.33
         0.29        1859.1         0.720    Sep 29 19:16:34      1174     0.33
         0.29        1859.8         0.670    Sep 29 19:16:34      1174     0.33
         0.29        1860.5         0.750    Sep 29 19:16:34      1174     0.33
         0.29        1861.3         0.770    Sep 29 19:16:35      1175     0.33
         0.29        1862.1         0.760    Sep 29 19:16:36      1176     0.33
         0.29        1862.9         0.780    Sep 29 19:16:36      1176     0.33
         0.30        1863.6         0.780    Sep 29 19:16:37      1177     0.33
         0.30        1864.4         0.730    Sep 29 19:16:37      1177     0.33
         0.30        1865.6         1.260    Sep 29 19:16:38      1178     0.33
         0.30        1868.0         2.400    Sep 29 19:16:39      1179     0.33
         0.30        1870.0         1.940    Sep 29 19:16:40      1180     0.33
         0.30        1871.9         1.940    Sep 29 19:16:42      1182     0.33
         0.30        1873.9         1.940    Sep 29 19:16:43      1183     0.33
         0.30        1875.7         1.890    Sep 29 19:16:44      1184     0.33
         0.30        1877.7         1.970    Sep 29 19:16:45      1185     0.33
         0.30        1879.0         1.270    Sep 29 19:16:46      1186     0.33
         0.31        1880.2         1.240    Sep 29 19:16:47      1187     0.33
         0.31        1881.5         1.270    Sep 29 19:16:47      1187     0.33
         0.31        1882.8         1.260    Sep 29 19:16:48      1188     0.33
         0.31        1884.0         1.270    Sep 29 19:16:49      1189     0.33
         0.31        1884.7         0.630    Sep 29 19:16:49      1189     0.33
         0.31        1885.4         0.750    Sep 29 19:16:50      1190     0.33
         0.31        1886.1         0.710    Sep 29 19:16:50      1190     0.33
         0.31        1886.9         0.760    Sep 29 19:16:51      1191     0.33
         0.31        1887.6         0.710    Sep 29 19:16:51      1191     0.33
         0.31        1888.3         0.760    Sep 29 19:16:52      1192     0.33
         0.32        1889.1         0.720    Sep 29 19:16:52      1192     0.33
         0.32        1889.8         0.740    Sep 29 19:16:53      1193     0.33
         0.32        1890.5         0.730    Sep 29 19:16:53      1193     0.33
         0.32        1891.2         0.720    Sep 29 19:16:54      1194     0.33
         0.32        1892.0         0.750    Sep 29 19:16:54      1194     0.33
         0.32        1892.7         0.720    Sep 29 19:16:55      1195     0.33
         0.32        1893.5         0.760    Sep 29 19:16:55      1195     0.33
         0.32        1894.2         0.710    Sep 29 19:16:56      1196     0.33
         0.32        1894.9         0.740    Sep 29 19:16:56      1196     0.33
         0.32        1895.8         0.850    Sep 29 19:16:57      1197     0.33
         0.33        1896.5         0.730    Sep 29 19:16:57      1197     0.33
         0.33        1897.2         0.720    Sep 29 19:16:58      1198     0.33
         0.33        1897.9         0.720    Sep 29 19:16:58      1198     0.33
         0.33        1898.7         0.710    Sep 29 19:16:59      1199     0.33
         0.33        1899.5         0.800    Sep 29 19:16:59      1199     0.33
         0.33        1900.2         0.720    Sep 29 19:17:00      1200     0.33
         0.33        1900.9         0.680    Sep 29 19:17:00      1200     0.33
         0.33        1901.6         0.710    Sep 29 19:17:01      1201     0.33
         0.33        1902.2         0.680    Sep 29 19:17:01      1201     0.33
         0.33        1903.0         0.800    Sep 29 19:17:02      1202     0.33
         0.34        1903.8         0.750    Sep 29 19:17:02      1202     0.33
         0.34        1904.5         0.720    Sep 29 19:17:03      1203     0.33
         0.34        1905.3         0.780    Sep 29 19:17:03      1203     0.33
         0.34        1906.0         0.710    Sep 29 19:17:04      1204     0.33
         0.34        1906.7         0.730    Sep 29 19:17:04      1204     0.33
         0.34        1907.5         0.750    Sep 29 19:17:05      1205     0.33
         0.34        1908.2         0.720    Sep 29 19:17:05      1205     0.33
         0.34        1909.0         0.760    Sep 29 19:17:06      1206     0.34
         0.34        1909.7         0.720    Sep 29 19:17:06      1206     0.34
         0.34        1910.4         0.720    Sep 29 19:17:07      1207     0.34
         0.35        1911.2         0.740    Sep 29 19:17:07      1207     0.34
         0.35        1911.9         0.730    Sep 29 19:17:08      1208     0.34
         0.35        1912.6         0.740    Sep 29 19:17:08      1208     0.34
         0.35        1913.3         0.700    Sep 29 19:17:09      1209     0.34
         0.35        1914.0         0.700    Sep 29 19:17:09      1209     0.34
         0.35        1914.8         0.730    Sep 29 19:17:09      1209     0.34
         0.35        1915.5         0.700    Sep 29 19:17:10      1210     0.34
         0.35        1916.2         0.740    Sep 29 19:17:10      1210     0.34
         0.35        1916.9         0.700    Sep 29 19:17:11      1211     0.34
         0.35        1917.6         0.700    Sep 29 19:17:11      1211     0.34
         0.36        1918.3         0.740    Sep 29 19:17:12      1212     0.34
         0.36        1919.0         0.700    Sep 29 19:17:12      1212     0.34
         0.36        1919.8         0.760    Sep 29 19:17:13      1213     0.34
         0.36        1920.5         0.720    Sep 29 19:17:13      1213     0.34
         0.36        1921.2         0.710    Sep 29 19:17:14      1214     0.34
         0.36        1922.0         0.750    Sep 29 19:17:14      1214     0.34
         0.36        1922.6         0.680    Sep 29 19:17:15      1215     0.34
         0.36        1923.4         0.720    Sep 29 19:17:15      1215     0.34
         0.36        1924.0         0.670    Sep 29 19:17:16      1216     0.34
         0.36        1924.8         0.750    Sep 29 19:17:16      1216     0.34
         0.37        1925.6         0.760    Sep 29 19:17:17      1217     0.34
         0.37        1926.3         0.720    Sep 29 19:17:17      1217     0.34
         0.37        1927.1         0.800    Sep 29 19:17:18      1218     0.34
         0.37        1927.9         0.810    Sep 29 19:17:18      1218     0.34
         0.37        1928.7         0.780    Sep 29 19:17:19      1219     0.34
         0.37        1929.4         0.720    Sep 29 19:17:19      1219     0.34
         0.37        1930.1         0.770    Sep 29 19:17:20      1220     0.34
         0.37        1930.9         0.710    Sep 29 19:17:20      1220     0.34
         0.37        1931.6         0.710    Sep 29 19:17:21      1221     0.34
         0.37        1932.3         0.730    Sep 29 19:17:21      1221     0.34
         0.38        1933.1         0.760    Sep 29 19:17:22      1222     0.34
         0.38        1933.8         0.750    Sep 29 19:17:22      1222     0.34
         0.38        1934.5         0.720    Sep 29 19:17:23      1223     0.34
         0.38        1935.2         0.720    Sep 29 19:17:23      1223     0.34
         0.38        1936.0         0.720    Sep 29 19:17:24      1224     0.34
         0.38        1936.7         0.730    Sep 29 19:17:24      1224     0.34
         0.38        1937.4         0.710    Sep 29 19:17:25      1225     0.34
         0.38        1938.1         0.720    Sep 29 19:17:25      1225     0.34
         0.38        1938.9         0.750    Sep 29 19:17:26      1226     0.34
         0.38        1939.6         0.710    Sep 29 19:17:26      1226     0.34
         0.39        1940.3         0.670    Sep 29 19:17:27      1227     0.34
         0.39        1941.0         0.760    Sep 29 19:17:27      1227     0.34
         0.39        1941.8         0.810    Sep 29 19:17:28      1228     0.34
         0.39        1942.5         0.700    Sep 29 19:17:28      1228     0.34
         0.39        1943.3         0.810    Sep 29 19:17:29      1229     0.34
         0.39        1944.1         0.770    Sep 29 19:17:29      1229     0.34
         0.39        1944.8         0.700    Sep 29 19:17:30      1230     0.34
         0.39        1945.5         0.720    Sep 29 19:17:30      1230     0.34
         0.39        1946.2         0.670    Sep 29 19:17:31      1231     0.34
         0.39        1947.0         0.750    Sep 29 19:17:31      1231     0.34
         0.40        1947.6         0.680    Sep 29 19:17:32      1232     0.34
         0.40        1948.4         0.760    Sep 29 19:17:32      1232     0.34
         0.40        1949.1         0.680    Sep 29 19:17:33      1233     0.34
         0.40        1949.8         0.750    Sep 29 19:17:33      1233     0.34
         0.40        1950.6         0.730    Sep 29 19:17:34      1234     0.34
         0.40        1951.3         0.720    Sep 29 19:17:34      1234     0.34
         0.40        1952.0         0.710    Sep 29 19:17:35      1235     0.34
         0.40        1952.7         0.720    Sep 29 19:17:35      1235     0.34
         0.40        1953.4         0.720    Sep 29 19:17:36      1236     0.34
         0.40        1954.1         0.720    Sep 29 19:17:36      1236     0.34
         0.41        1954.9         0.720    Sep 29 19:17:37      1237     0.34
         0.41        1955.5         0.670    Sep 29 19:17:37      1237     0.34
         0.41        1956.3         0.760    Sep 29 19:17:38      1238     0.34
         0.41        1957.0         0.720    Sep 29 19:17:38      1238     0.34
         0.41        1957.7         0.710    Sep 29 19:17:38      1238     0.34
         0.41        1958.4         0.680    Sep 29 19:17:39      1239     0.34
         0.41        1959.2         0.750    Sep 29 19:17:39      1239     0.34
         0.41        1959.9         0.760    Sep 29 19:17:40      1240     0.34
         0.41        1960.6         0.680    Sep 29 19:17:40      1240     0.34
         0.41        1961.3         0.750    Sep 29 19:17:41      1241     0.34
         0.42        1962.1         0.730    Sep 29 19:17:41      1241     0.34
         0.42        1962.8         0.710    Sep 29 19:17:42      1242     0.34
         0.42        1963.5         0.710    Sep 29 19:17:42      1242     0.34
         0.42        1964.2         0.730    Sep 29 19:17:43      1243     0.35
         0.42        1964.9         0.710    Sep 29 19:17:43      1243     0.35
         0.42        1965.6         0.720    Sep 29 19:17:44      1244     0.35
         0.42        1966.4         0.760    Sep 29 19:17:44      1244     0.35
         0.42        1967.1         0.670    Sep 29 19:17:45      1245     0.35
         0.42        1967.9         0.800    Sep 29 19:17:45      1245     0.35
         0.42        1968.6         0.710    Sep 29 19:17:46      1246     0.35
         0.43        1969.3         0.680    Sep 29 19:17:46      1246     0.35
         0.43        1970.0         0.760    Sep 29 19:17:47      1247     0.35
         0.43        1970.8         0.720    Sep 29 19:17:47      1247     0.35
         0.43        1971.5         0.750    Sep 29 19:17:48      1248     0.35
         0.43        1972.2         0.720    Sep 29 19:17:48      1248     0.35
         0.43        1972.9         0.710    Sep 29 19:17:49      1249     0.35
         0.43        1973.7         0.760    Sep 29 19:17:49      1249     0.35
         0.43        1974.4         0.680    Sep 29 19:17:49      1249     0.35
         0.43        1975.1         0.700    Sep 29 19:17:50      1250     0.35
         0.43        1975.8         0.690    Sep 29 19:17:50      1250     0.35
         0.44        1976.5         0.710    Sep 29 19:17:51      1251     0.35
         0.44        1977.1         0.680    Sep 29 19:17:51      1251     0.35
         0.44        1977.9         0.750    Sep 29 19:17:52      1252     0.35
         0.44        1978.6         0.670    Sep 29 19:17:52      1252     0.35
         0.44        1979.3         0.760    Sep 29 19:17:53      1253     0.35
         0.44        1980.0         0.640    Sep 29 19:17:53      1253     0.35
         0.44        1980.8         0.800    Sep 29 19:17:54      1254     0.35
         0.44        1981.5         0.700    Sep 29 19:17:54      1254     0.35
         0.44        1982.2         0.690    Sep 29 19:17:55      1255     0.35
         0.44        1982.9         0.710    Sep 29 19:17:55      1255     0.35
         0.45        1983.5         0.680    Sep 29 19:17:56      1256     0.35
         0.45        1984.3         0.750    Sep 29 19:17:56      1256     0.35
         0.45        1985.0         0.680    Sep 29 19:17:57      1257     0.35
         0.45        1985.7         0.750    Sep 29 19:17:57      1257     0.35
         0.45        1986.5         0.720    Sep 29 19:17:57      1257     0.35
         0.45        1987.2         0.710    Sep 29 19:17:58      1258     0.35
         0.45        1987.9         0.720    Sep 29 19:17:58      1258     0.35
         0.45        1988.6         0.760    Sep 29 19:17:59      1259     0.35
         0.45        1989.4         0.750    Sep 29 19:17:59      1259     0.35
         0.45        1990.1         0.720    Sep 29 19:18:00      1260     0.35
         0.46        1990.8         0.710    Sep 29 19:18:00      1260     0.35
         0.46        1991.5         0.720    Sep 29 19:18:01      1261     0.35
         0.46        1992.3         0.730    Sep 29 19:18:01      1261     0.35
         0.46        1993.0         0.720    Sep 29 19:18:02      1262     0.35
         0.46        1993.7         0.670    Sep 29 19:18:02      1262     0.35
         0.46        1994.4         0.780    Sep 29 19:18:03      1263     0.35
         0.46        1995.2         0.720    Sep 29 19:18:03      1263     0.35
         0.46        1995.9         0.750    Sep 29 19:18:04      1264     0.35
         0.46        1996.6         0.730    Sep 29 19:18:04      1264     0.35
         0.46        1997.4         0.720    Sep 29 19:18:05      1265     0.35
         0.47        1998.1         0.760    Sep 29 19:18:05      1265     0.35
         0.47        1998.8         0.680    Sep 29 19:18:06      1266     0.35
         0.47        1999.5         0.720    Sep 29 19:18:06      1266     0.35
         0.47        2000.2         0.680    Sep 29 19:18:07      1267     0.35
         0.47        2001.0         0.810    Sep 29 19:18:07      1267     0.35
         0.47        2001.7         0.720    Sep 29 19:18:08      1268     0.35
         0.47        2002.4         0.670    Sep 29 19:18:08      1268     0.35
         0.47        2003.2         0.770    Sep 29 19:18:09      1269     0.35
         0.47        2003.9         0.720    Sep 29 19:18:09      1269     0.35
         0.47        2004.6         0.720    Sep 29 19:18:09      1269     0.35
         0.48        2005.4         0.760    Sep 29 19:18:10      1270     0.35
         0.48        2006.1         0.750    Sep 29 19:18:10      1270     0.35
         0.48        2006.8         0.660    Sep 29 19:18:11      1271     0.35
         0.48        2007.6         0.780    Sep 29 19:18:11      1271     0.35
         0.48        2008.3         0.750    Sep 29 19:18:12      1272     0.35
         0.48        2009.0         0.660    Sep 29 19:18:12      1272     0.35
         0.48        2009.7         0.740    Sep 29 19:18:13      1273     0.35
         0.48        2010.4         0.710    Sep 29 19:18:13      1273     0.35
         0.48        2011.1         0.650    Sep 29 19:18:14      1274     0.35
         0.48        2011.9         0.780    Sep 29 19:18:14      1274     0.35
         0.49        2012.6         0.710    Sep 29 19:18:15      1275     0.35
         0.49        2013.3         0.710    Sep 29 19:18:15      1275     0.35
         0.49        2014.0         0.700    Sep 29 19:18:16      1276     0.35
         0.49        2014.7         0.730    Sep 29 19:18:16      1276     0.35
         0.49        2015.4         0.710    Sep 29 19:18:17      1277     0.35
         0.49        2016.1         0.660    Sep 29 19:18:17      1277     0.35
         0.49        2016.8         0.730    Sep 29 19:18:18      1278     0.35
         0.49        2017.5         0.670    Sep 29 19:18:18      1278     0.35
         0.49        2018.2         0.740    Sep 29 19:18:19      1279     0.36
         0.49        2018.9         0.700    Sep 29 19:18:19      1279     0.36
         0.50        2019.7         0.750    Sep 29 19:18:20      1280     0.36
         0.50        2020.4         0.700    Sep 29 19:18:20      1280     0.36
         0.50        2021.1         0.700    Sep 29 19:18:21      1281     0.36
         0.50        2021.8         0.750    Sep 29 19:18:21      1281     0.36
         0.50        2022.5         0.660    Sep 29 19:18:21      1281     0.36
         0.50        2023.2         0.690    Sep 29 19:18:22      1282     0.36
         0.50        2023.8         0.670    Sep 29 19:18:22      1282     0.36
         0.50        2024.5         0.700    Sep 29 19:18:23      1283     0.36
         0.50        2025.2         0.660    Sep 29 19:18:23      1283     0.36
         0.50        2026.0         0.780    Sep 29 19:18:24      1284     0.36
         0.51        2026.7         0.710    Sep 29 19:18:24      1284     0.36
         0.51        2027.4         0.700    Sep 29 19:18:25      1285     0.36
         0.51        2028.1         0.700    Sep 29 19:18:25      1285     0.36
         0.51        2028.9         0.790    Sep 29 19:18:26      1286     0.36
         0.51        2029.6         0.750    Sep 29 19:18:26      1286     0.36
         0.51        2030.3         0.700    Sep 29 19:18:27      1287     0.36
         0.51        2031.0         0.700    Sep 29 19:18:27      1287     0.36
         0.51        2031.8         0.750    Sep 29 19:18:28      1288     0.36
         0.51        2032.5         0.700    Sep 29 19:18:28      1288     0.36
         0.51        2033.2         0.730    Sep 29 19:18:29      1289     0.36
         0.52        2033.9         0.710    Sep 29 19:18:29      1289     0.36
         0.52        2034.6         0.700    Sep 29 19:18:30      1290     0.36
         0.52        2035.3         0.700    Sep 29 19:18:30      1290     0.36
         0.52        2036.0         0.720    Sep 29 19:18:30      1290     0.36
         0.52        2036.7         0.700    Sep 29 19:18:31      1291     0.36
         0.52        2037.4         0.700    Sep 29 19:18:31      1291     0.36
         0.52        2038.2         0.730    Sep 29 19:18:32      1292     0.36
         0.52        2038.8         0.660    Sep 29 19:18:32      1292     0.36
         0.52        2039.6         0.740    Sep 29 19:18:33      1293     0.36
         0.52        2040.3         0.700    Sep 29 19:18:33      1293     0.36
         0.53        2041.0         0.700    Sep 29 19:18:34      1294     0.36
         0.53        2041.7         0.700    Sep 29 19:18:34      1294     0.36
         0.53        2042.4         0.710    Sep 29 19:18:35      1295     0.36
         0.53        2043.1         0.720    Sep 29 19:18:35      1295     0.36
         0.53        2043.8         0.730    Sep 29 19:18:36      1296     0.36
         0.53        2044.5         0.670    Sep 29 19:18:36      1296     0.36
         0.53        2045.3         0.790    Sep 29 19:18:37      1297     0.36
         0.53        2046.0         0.740    Sep 29 19:18:37      1297     0.36
         0.53        2046.7         0.660    Sep 29 19:18:38      1298     0.36
         0.53        2047.4         0.740    Sep 29 19:18:38      1298     0.36
         0.54        2048.1         0.700    Sep 29 19:18:39      1299     0.36
         0.54        2048.9         0.740    Sep 29 19:18:39      1299     0.36
         0.54        2049.6         0.720    Sep 29 19:18:40      1300     0.36
         0.54        2050.3         0.700    Sep 29 19:18:40      1300     0.36
         0.54        2051.0         0.740    Sep 29 19:18:41      1301     0.36
         0.54        2051.7         0.650    Sep 29 19:18:41      1301     0.36
         0.54        2052.4         0.710    Sep 29 19:18:41      1301     0.36
         0.54        2053.1         0.690    Sep 29 19:18:42      1302     0.36
         0.54        2053.8         0.710    Sep 29 19:18:42      1302     0.36
         0.54        2054.5         0.710    Sep 29 19:18:43      1303     0.36
         0.55        2055.2         0.740    Sep 29 19:18:43      1303     0.36
         0.55        2055.9         0.650    Sep 29 19:18:44      1304     0.36
         0.55        2056.6         0.740    Sep 29 19:18:44      1304     0.36
         0.55        2057.3         0.700    Sep 29 19:18:45      1305     0.36
         0.55        2058.0         0.660    Sep 29 19:18:45      1305     0.36
         0.55        2058.7         0.690    Sep 29 19:18:46      1306     0.36
         0.55        2059.3         0.670    Sep 29 19:18:46      1306     0.36
         0.55        2060.1         0.740    Sep 29 19:18:46      1306     0.36
         0.55        2060.7         0.660    Sep 29 19:18:47      1307     0.36
         0.55        2061.4         0.710    Sep 29 19:18:47      1307     0.36
         0.56        2062.1         0.690    Sep 29 19:18:48      1308     0.36
         0.56        2062.8         0.710    Sep 29 19:18:48      1308     0.36
         0.56        2063.6         0.750    Sep 29 19:18:49      1309     0.36
         0.56        2064.3         0.660    Sep 29 19:18:49      1309     0.36
         0.56        2065.0         0.700    Sep 29 19:18:50      1310     0.36
         0.56        2065.7         0.700    Sep 29 19:18:50      1310     0.36
         0.56        2066.4         0.710    Sep 29 19:18:51      1311     0.36
         0.56        2067.1         0.700    Sep 29 19:18:51      1311     0.36
         0.56        2067.8         0.700    Sep 29 19:18:52      1312     0.36
         0.56        2068.5         0.710    Sep 29 19:18:52      1312     0.36
         0.57        2069.2         0.700    Sep 29 19:18:53      1313     0.36
         0.57        2069.8         0.660    Sep 29 19:18:53      1313     0.36
         0.57        2070.6         0.780    Sep 29 19:18:53      1313     0.36
         0.57        2071.3         0.700    Sep 29 19:18:54      1314     0.36
         0.57        2072.0         0.670    Sep 29 19:18:54      1314     0.36
         0.57        2072.7         0.740    Sep 29 19:18:55      1315     0.37
         0.57        2073.4         0.700    Sep 29 19:18:55      1315     0.37
         0.57        2074.1         0.710    Sep 29 19:18:56      1316     0.37
         0.57        2074.9         0.740    Sep 29 19:18:56      1316     0.37
         0.57        2075.6         0.700    Sep 29 19:18:57      1317     0.37
         0.58        2076.2         0.660    Sep 29 19:18:57      1317     0.37
         0.58        2077.0         0.740    Sep 29 19:18:58      1318     0.37
         0.58        2077.7         0.670    Sep 29 19:18:58      1318     0.37
         0.58        2078.4         0.730    Sep 29 19:18:59      1319     0.37
         0.58        2079.1         0.700    Sep 29 19:18:59      1319     0.37
         0.58        2079.7         0.660    Sep 29 19:18:59      1319     0.37
         0.58        2080.5         0.760    Sep 29 19:19:00      1320     0.37
         0.58        2081.2         0.690    Sep 29 19:19:00      1320     0.37
         0.58        2081.9         0.750    Sep 29 19:19:01      1321     0.37
         0.58        2082.7         0.710    Sep 29 19:19:01      1321     0.37
         0.59        2083.3         0.690    Sep 29 19:19:02      1322     0.37
         0.59        2084.1         0.740    Sep 29 19:19:02      1322     0.37
         0.59        2084.8         0.670    Sep 29 19:19:03      1323     0.37
         0.59        2085.5         0.710    Sep 29 19:19:03      1323     0.37
         0.59        2086.2         0.690    Sep 29 19:19:04      1324     0.37
         0.59        2086.9         0.710    Sep 29 19:19:04      1324     0.37
         0.59        2087.6         0.740    Sep 29 19:19:05      1325     0.37
         0.59        2088.3         0.660    Sep 29 19:19:05      1325     0.37
         0.59        2089.0         0.740    Sep 29 19:19:06      1326     0.37
         0.59        2089.7         0.670    Sep 29 19:19:06      1326     0.37
         0.60        2090.4         0.740    Sep 29 19:19:07      1327     0.37
         0.60        2091.1         0.700    Sep 29 19:19:07      1327     0.37
         0.60        2091.8         0.740    Sep 29 19:19:08      1328     0.37
         0.60        2092.6         0.780    Sep 29 19:19:08      1328     0.37
         0.60        2093.4         0.730    Sep 29 19:19:09      1329     0.37
         0.60        2094.1         0.750    Sep 29 19:19:09      1329     0.37
         0.60        2094.8         0.660    Sep 29 19:19:09      1329     0.37
         0.60        2095.5         0.700    Sep 29 19:19:10      1330     0.37
         0.60        2096.2         0.720    Sep 29 19:19:10      1330     0.37
         0.60        2097.0         0.770    Sep 29 19:19:11      1331     0.37
         0.61        2097.7         0.690    Sep 29 19:19:11      1331     0.37
         0.61        2098.4         0.710    Sep 29 19:19:12      1332     0.37
         0.61        2099.1         0.700    Sep 29 19:19:12      1332     0.37
         0.61        2099.8         0.690    Sep 29 19:19:13      1333     0.37
         0.61        2100.4         0.660    Sep 29 19:19:13      1333     0.37
         0.61        2101.2         0.740    Sep 29 19:19:14      1334     0.37
         0.61        2101.8         0.700    Sep 29 19:19:14      1334     0.37
         0.61        2102.5         0.700    Sep 29 19:19:15      1335     0.37
         0.61        2103.3         0.720    Sep 29 19:19:15      1335     0.37
         0.61        2104.0         0.690    Sep 29 19:19:16      1336     0.37
         0.62        2104.7         0.710    Sep 29 19:19:16      1336     0.37
         0.62        2105.4         0.710    Sep 29 19:19:17      1337     0.37
         0.62        2106.1         0.740    Sep 29 19:19:17      1337     0.37
         0.62        2106.8         0.690    Sep 29 19:19:18      1338     0.37
         0.62        2107.5         0.710    Sep 29 19:19:18      1338     0.37
         0.62        2108.3         0.740    Sep 29 19:19:19      1339     0.37
         0.62        2109.0         0.700    Sep 29 19:19:19      1339     0.37
         0.62        2109.7         0.710    Sep 29 19:19:19      1339     0.37
         0.62        2110.4         0.780    Sep 29 19:19:20      1340     0.37
         0.62        2111.2         0.740    Sep 29 19:19:21      1341     0.37
         0.63        2111.9         0.750    Sep 29 19:19:21      1341     0.37
         0.63        2112.6         0.660    Sep 29 19:19:21      1341     0.37
         0.63        2113.3         0.700    Sep 29 19:19:22      1342     0.37
         0.63        2114.0         0.730    Sep 29 19:19:22      1342     0.37
         0.63        2114.8         0.750    Sep 29 19:19:23      1343     0.37
         0.63        2115.5         0.700    Sep 29 19:19:23      1343     0.37
         0.63        2116.2         0.710    Sep 29 19:19:24      1344     0.37
         0.63        2116.9         0.740    Sep 29 19:19:24      1344     0.37
         0.63        2117.6         0.710    Sep 29 19:19:25      1345     0.37
         0.63        2118.4         0.740    Sep 29 19:19:25      1345     0.37
         0.64        2119.1         0.700    Sep 29 19:19:26      1346     0.37
         0.64        2119.8         0.700    Sep 29 19:19:26      1346     0.37
         0.64        2120.5         0.700    Sep 29 19:19:27      1347     0.37
         0.64        2121.3         0.780    Sep 29 19:19:27      1347     0.37
         0.64        2122.0         0.750    Sep 29 19:19:28      1348     0.37
         0.64        2122.7         0.690    Sep 29 19:19:28      1348     0.37
         0.64        2123.4         0.700    Sep 29 19:19:29      1349     0.37
         0.64        2124.2         0.750    Sep 29 19:19:29      1349     0.37
         0.64        2124.8         0.650    Sep 29 19:19:30      1350     0.38
         0.64        2125.5         0.700    Sep 29 19:19:30      1350     0.38
         0.65        2126.2         0.660    Sep 29 19:19:31      1351     0.38
         0.65        2126.9         0.790    Sep 29 19:19:31      1351     0.38
         0.65        2127.6         0.690    Sep 29 19:19:32      1352     0.38
         0.65        2128.3         0.670    Sep 29 19:19:32      1352     0.38
         0.65        2129.1         0.780    Sep 29 19:19:33      1353     0.38
         0.65        2129.8         0.700    Sep 29 19:19:33      1353     0.38
         0.65        2130.5         0.700    Sep 29 19:19:33      1353     0.38
         0.65        2131.2         0.660    Sep 29 19:19:34      1354     0.38
         0.65        2131.9         0.730    Sep 29 19:19:34      1354     0.38
         0.65        2132.6         0.700    Sep 29 19:19:35      1355     0.38
         0.66        2133.2         0.670    Sep 29 19:19:35      1355     0.38
         0.66        2134.0         0.780    Sep 29 19:19:36      1356     0.38
         0.66        2134.8         0.730    Sep 29 19:19:36      1356     0.38
         0.66        2135.4         0.670    Sep 29 19:19:37      1357     0.38
         0.66        2136.1         0.690    Sep 29 19:19:37      1357     0.38
         0.66        2136.8         0.660    Sep 29 19:19:38      1358     0.38
         0.66        2137.6         0.790    Sep 29 19:19:38      1358     0.38
         0.66        2138.3         0.700    Sep 29 19:19:39      1359     0.38
         0.66        2138.9         0.660    Sep 29 19:19:39      1359     0.38
         0.66        2139.7         0.790    Sep 29 19:19:40      1360     0.38
         0.67        2140.5         0.740    Sep 29 19:19:40      1360     0.38
         0.67        2141.1         0.660    Sep 29 19:19:41      1361     0.38
         0.67        2141.9         0.750    Sep 29 19:19:41      1361     0.38
         0.67        2142.6         0.710    Sep 29 19:19:42      1362     0.38
         0.67        2143.3         0.690    Sep 29 19:19:42      1362     0.38
         0.67        2144.0         0.710    Sep 29 19:19:43      1363     0.38
         0.67        2144.7         0.710    Sep 29 19:19:43      1363     0.38
         0.67        2145.4         0.740    Sep 29 19:19:43      1363     0.38
         0.67        2146.1         0.710    Sep 29 19:19:44      1364     0.38
         0.67        2146.9         0.730    Sep 29 19:19:44      1364     0.38
         0.68        2147.6         0.700    Sep 29 19:19:45      1365     0.38
         0.68        2148.3         0.710    Sep 29 19:19:45      1365     0.38
         0.68        2149.0         0.700    Sep 29 19:19:46      1366     0.38
         0.68        2149.6         0.650    Sep 29 19:19:46      1366     0.38
         0.68        2150.4         0.740    Sep 29 19:19:47      1367     0.38
         0.68        2151.1         0.700    Sep 29 19:19:47      1367     0.38
         0.68        2151.8         0.700    Sep 29 19:19:48      1368     0.38
         0.68        2152.5         0.700    Sep 29 19:19:48      1368     0.38
         0.68        2153.2         0.750    Sep 29 19:19:49      1369     0.38
         0.68        2153.9         0.660    Sep 29 19:19:49      1369     0.38
         0.69        2154.6         0.750    Sep 29 19:19:50      1370     0.38
         0.69        2155.3         0.710    Sep 29 19:19:50      1370     0.38
         0.69        2156.0         0.710    Sep 29 19:19:51      1371     0.38
         0.69        2156.8         0.700    Sep 29 19:19:51      1371     0.38
         0.69        2157.5         0.710    Sep 29 19:19:51      1371     0.38
         0.69        2158.2         0.710    Sep 29 19:19:52      1372     0.38
         0.69        2158.9         0.740    Sep 29 19:19:52      1372     0.38
         0.69        2159.6         0.700    Sep 29 19:19:53      1373     0.38
         0.69        2160.3         0.690    Sep 29 19:19:53      1373     0.38
         0.69        2161.1         0.750    Sep 29 19:19:54      1374     0.38
         0.70        2161.7         0.690    Sep 29 19:19:54      1374     0.38
         0.70        2162.4         0.700    Sep 29 19:19:55      1375     0.38
         0.70        2163.1         0.680    Sep 29 19:19:55      1375     0.38
         0.70        2163.9         0.760    Sep 29 19:19:56      1376     0.38
         0.70        2164.6         0.690    Sep 29 19:19:56      1376     0.38
         0.70        2165.3         0.690    Sep 29 19:19:57      1377     0.38
         0.70        2166.0         0.780    Sep 29 19:19:57      1377     0.38
         0.70        2166.8         0.750    Sep 29 19:19:58      1378     0.38
         0.70        2167.5         0.700    Sep 29 19:19:58      1378     0.38
         0.70        2168.2         0.710    Sep 29 19:19:59      1379     0.38
         0.71        2168.9         0.730    Sep 29 19:19:59      1379     0.38
         0.71        2169.7         0.730    Sep 29 19:20:00      1380     0.38
         0.71        2170.3         0.680    Sep 29 19:20:00      1380     0.38
         0.71        2171.1         0.760    Sep 29 19:20:01      1381     0.38
         0.71        2171.9         0.760    Sep 29 19:20:01      1381     0.38
         0.71        2172.7         0.800    Sep 29 19:20:02      1382     0.38
         0.71        2173.4         0.730    Sep 29 19:20:02      1382     0.38
         0.71        2174.2         0.820    Sep 29 19:20:03      1383     0.38
         0.71        2175.0         0.760    Sep 29 19:20:03      1383     0.38
         0.71        2175.8         0.820    Sep 29 19:20:04      1384     0.38
         0.72        2176.6         0.810    Sep 29 19:20:04      1384     0.38
         0.72        2177.9         1.320    Sep 29 19:20:05      1385     0.38
         0.72        2179.2         1.300    Sep 29 19:20:06      1386     0.39
         0.72        2180.5         1.300    Sep 29 19:20:07      1387     0.39
         0.72        2181.8         1.300    Sep 29 19:20:08      1388     0.39
         0.72        2183.1         1.290    Sep 29 19:20:08      1388     0.39
         0.72        2184.4         1.290    Sep 29 19:20:09      1389     0.39
         0.72        2185.7         1.260    Sep 29 19:20:10      1390     0.39
         0.72        2186.9         1.270    Sep 29 19:20:11      1391     0.39
         0.72        2188.2         1.260    Sep 29 19:20:11      1391     0.39
         0.73        2189.5         1.270    Sep 29 19:20:12      1392     0.39
         0.73        2190.1         0.660    Sep 29 19:20:13      1393     0.39
         0.73        2190.9         0.780    Sep 29 19:20:13      1393     0.39
         0.73        2191.6         0.700    Sep 29 19:20:14      1394     0.39
         0.73        2192.4         0.780    Sep 29 19:20:14      1394     0.39
         0.73        2193.1         0.690    Sep 29 19:20:15      1395     0.39
         0.73        2193.7         0.660    Sep 29 19:20:15      1395     0.39
         0.73        2194.6         0.920    Sep 29 19:20:16      1396     0.39
         0.73        2195.4         0.800    Sep 29 19:20:16      1396     0.39
         0.73        2196.2         0.700    Sep 29 19:20:17      1397     0.39
         0.74        2196.9         0.730    Sep 29 19:20:17      1397     0.39
         0.74        2197.6         0.720    Sep 29 19:20:18      1398     0.39
         0.74        2198.3         0.730    Sep 29 19:20:18      1398     0.39
         0.74        2199.1         0.760    Sep 29 19:20:19      1399     0.39
         0.74        2199.8         0.710    Sep 29 19:20:19      1399     0.39
         0.74        2200.5         0.680    Sep 29 19:20:19      1399     0.39
         0.74        2201.2         0.760    Sep 29 19:20:20      1400     0.39
         0.74        2202.0         0.720    Sep 29 19:20:20      1400     0.39
         0.74        2202.7         0.760    Sep 29 19:20:21      1401     0.39
         0.74        2203.5         0.810    Sep 29 19:20:22      1402     0.39
         0.75        2204.3         0.740    Sep 29 19:20:22      1402     0.39
         0.75        2205.0         0.760    Sep 29 19:20:23      1403     0.39
         0.75        2205.8         0.760    Sep 29 19:20:23      1403     0.39
         0.75        2206.5         0.680    Sep 29 19:20:24      1404     0.39
         0.75        2207.2         0.760    Sep 29 19:20:24      1404     0.39
         0.75        2207.9         0.690    Sep 29 19:20:24      1404     0.39
         0.75        2208.6         0.710    Sep 29 19:20:25      1405     0.39
         0.75        2209.4         0.730    Sep 29 19:20:25      1405     0.39
         0.75        2210.2         0.820    Sep 29 19:20:26      1406     0.39
         0.75        2210.8         0.670    Sep 29 19:20:26      1406     0.39
         0.76        2211.6         0.730    Sep 29 19:20:27      1407     0.39
         0.76        2212.3         0.710    Sep 29 19:20:27      1407     0.39
         0.76        2213.0         0.730    Sep 29 19:20:28      1408     0.39
         0.76        2213.8         0.760    Sep 29 19:20:28      1408     0.39
         0.76        2214.6         0.780    Sep 29 19:20:29      1409     0.39
         0.76        2215.2         0.680    Sep 29 19:20:29      1409     0.39
         0.76        2216.0         0.760    Sep 29 19:20:30      1410     0.39
         0.76        2216.7         0.710    Sep 29 19:20:30      1410     0.39
         0.76        2217.4         0.680    Sep 29 19:20:31      1411     0.39
         0.76        2218.2         0.810    Sep 29 19:20:31      1411     0.39
         0.77        2218.9         0.720    Sep 29 19:20:32      1412     0.39
         0.77        2219.7         0.750    Sep 29 19:20:32      1412     0.39
         0.77        2220.4         0.770    Sep 29 19:20:33      1413     0.39
         0.77        2221.2         0.750    Sep 29 19:20:33      1413     0.39
         0.77        2221.9         0.680    Sep 29 19:20:34      1414     0.39
         0.77        2222.6         0.760    Sep 29 19:20:34      1414     0.39
         0.77        2223.4         0.720    Sep 29 19:20:35      1415     0.39
         0.77        2224.0         0.690    Sep 29 19:20:35      1415     0.39
         0.77        2224.8         0.740    Sep 29 19:20:36      1416     0.39
         0.77        2225.5         0.700    Sep 29 19:20:36      1416     0.39
         0.78        2226.2         0.740    Sep 29 19:20:37      1417     0.39
         0.78        2227.0         0.790    Sep 29 19:20:37      1417     0.39
         0.78        2227.8         0.770    Sep 29 19:20:38      1418     0.39
         0.78        2228.5         0.710    Sep 29 19:20:38      1418     0.39
         0.78        2229.2         0.700    Sep 29 19:20:39      1419     0.39
         0.78        2229.8         0.660    Sep 29 19:20:39      1419     0.39
         0.78        2230.6         0.780    Sep 29 19:20:40      1420     0.39
         0.78        2231.4         0.750    Sep 29 19:20:40      1420     0.39
         0.78        2232.1         0.700    Sep 29 19:20:41      1421     0.39
         0.78        2232.8         0.670    Sep 29 19:20:41      1421     0.39
         0.79        2233.5         0.790    Sep 29 19:20:42      1422     0.40
         0.79        2234.3         0.740    Sep 29 19:20:42      1422     0.40
         0.79        2235.0         0.700    Sep 29 19:20:43      1423     0.40
         0.79        2235.7         0.720    Sep 29 19:20:43      1423     0.40
         0.79        2236.4         0.700    Sep 29 19:20:44      1424     0.40
         0.79        2237.1         0.690    Sep 29 19:20:44      1424     0.40
         0.79        2237.9         0.760    Sep 29 19:20:44      1424     0.40
         0.79        2238.5         0.700    Sep 29 19:20:45      1425     0.40
         0.79        2239.2         0.700    Sep 29 19:20:45      1425     0.40
         0.79        2239.9         0.670    Sep 29 19:20:46      1426     0.40
         0.80        2240.7         0.740    Sep 29 19:20:46      1426     0.40
         0.80        2241.4         0.740    Sep 29 19:20:47      1427     0.40
         0.80        2242.2         0.760    Sep 29 19:20:47      1427     0.40
         0.80        2242.8         0.690    Sep 29 19:20:48      1428     0.40
         0.80        2243.5         0.640    Sep 29 19:20:48      1428     0.40
         0.80        2244.2         0.730    Sep 29 19:20:49      1429     0.40
         0.80        2244.9         0.680    Sep 29 19:20:49      1429     0.40
         0.80        2245.5         0.640    Sep 29 19:20:50      1430     0.40
         0.80        2246.2         0.680    Sep 29 19:20:50      1430     0.40
         0.80        2246.9         0.690    Sep 29 19:20:51      1431     0.40
         0.81        2247.6         0.690    Sep 29 19:20:51      1431     0.40
         0.81        2248.3         0.720    Sep 29 19:20:52      1432     0.40
         0.81        2249.0         0.690    Sep 29 19:20:52      1432     0.40
         0.81        2249.7         0.730    Sep 29 19:20:53      1433     0.40
         0.81        2250.4         0.680    Sep 29 19:20:53      1433     0.40
         0.81        2251.1         0.690    Sep 29 19:20:53      1433     0.40
         0.81        2251.8         0.730    Sep 29 19:20:54      1434     0.40
         0.81        2252.5         0.690    Sep 29 19:20:54      1434     0.40
         0.81        2253.2         0.720    Sep 29 19:20:55      1435     0.40
         0.81        2254.0         0.700    Sep 29 19:20:55      1435     0.40
         0.82        2254.6         0.690    Sep 29 19:20:56      1436     0.40
         0.82        2255.4         0.730    Sep 29 19:20:56      1436     0.40
         0.82        2256.0         0.680    Sep 29 19:20:57      1437     0.40
         0.82        2256.8         0.730    Sep 29 19:20:57      1437     0.40
         0.82        2257.5         0.680    Sep 29 19:20:58      1438     0.40
         0.82        2258.2         0.690    Sep 29 19:20:58      1438     0.40
         0.82        2258.9         0.730    Sep 29 19:20:59      1439     0.40
         0.82        2259.6         0.690    Sep 29 19:20:59      1439     0.40
         0.82        2260.3         0.730    Sep 29 19:21:00      1440     0.40
         0.82        2261.0         0.690    Sep 29 19:21:00      1440     0.40
         0.83        2261.7         0.680    Sep 29 19:21:01      1441     0.40
         0.83        2262.4         0.760    Sep 29 19:21:01      1441     0.40
         0.83        2263.2         0.740    Sep 29 19:21:02      1442     0.40
         0.83        2263.8         0.640    Sep 29 19:21:02      1442     0.40
         0.83        2264.4         0.590    Sep 29 19:21:02      1442     0.40
         0.83        2265.2         0.780    Sep 29 19:21:03      1443     0.40
         0.83        2265.9         0.720    Sep 29 19:21:03      1443     0.40
         0.83        2266.5         0.640    Sep 29 19:21:04      1444     0.40
         0.83        2267.3         0.730    Sep 29 19:21:04      1444     0.40
         0.83        2267.9         0.670    Sep 29 19:21:05      1445     0.40
         0.84        2268.6         0.650    Sep 29 19:21:05      1445     0.40
         0.84        2269.3         0.760    Sep 29 19:21:06      1446     0.40
         0.84        2270.1         0.740    Sep 29 19:21:06      1446     0.40
         0.84        2270.7         0.640    Sep 29 19:21:07      1447     0.40
         0.84        2271.5         0.770    Sep 29 19:21:07      1447     0.40
         0.84        2272.2         0.710    Sep 29 19:21:08      1448     0.40
         0.84        2272.8         0.630    Sep 29 19:21:08      1448     0.40
         0.84        2273.5         0.710    Sep 29 19:21:09      1449     0.40
         0.84        2274.3         0.710    Sep 29 19:21:09      1449     0.40
         0.84        2274.9         0.630    Sep 29 19:21:10      1450     0.40
         0.85        2275.6         0.670    Sep 29 19:21:10      1450     0.40
         0.85        2276.2         0.670    Sep 29 19:21:11      1451     0.40
         0.85        2276.9         0.680    Sep 29 19:21:11      1451     0.40
         0.85        2277.6         0.660    Sep 29 19:21:11      1451     0.40
         0.85        2278.2         0.670    Sep 29 19:21:12      1452     0.40
         0.85        2279.0         0.740    Sep 29 19:21:12      1452     0.40
         0.85        2279.7         0.680    Sep 29 19:21:13      1453     0.40
         0.85        2280.4         0.750    Sep 29 19:21:13      1453     0.40
         0.85        2281.1         0.710    Sep 29 19:21:14      1454     0.40
         0.85        2281.8         0.670    Sep 29 19:21:14      1454     0.40
         0.86        2282.5         0.700    Sep 29 19:21:15      1455     0.40
         0.86        2283.2         0.670    Sep 29 19:21:15      1455     0.40
         0.86        2283.8         0.680    Sep 29 19:21:16      1456     0.40
         0.86        2284.5         0.700    Sep 29 19:21:16      1456     0.40
         0.86        2285.2         0.640    Sep 29 19:21:17      1457     0.40
         0.86        2285.8         0.660    Sep 29 19:21:17      1457     0.40
         0.86        2286.5         0.680    Sep 29 19:21:18      1458     0.41
         0.86        2287.2         0.660    Sep 29 19:21:18      1458     0.41
         0.86        2287.9         0.690    Sep 29 19:21:18      1458     0.41
         0.86        2288.6         0.710    Sep 29 19:21:19      1459     0.41
         0.87        2289.2         0.620    Sep 29 19:21:19      1459     0.41
         0.87        2289.9         0.720    Sep 29 19:21:20      1460     0.41
         0.87        2290.6         0.660    Sep 29 19:21:20      1460     0.41
         0.87        2291.3         0.700    Sep 29 19:21:21      1461     0.41
         0.87        2292.0         0.670    Sep 29 19:21:21      1461     0.41
         0.87        2292.6         0.670    Sep 29 19:21:22      1462     0.41
         0.87        2293.3         0.700    Sep 29 19:21:22      1462     0.41
         0.87        2293.9         0.620    Sep 29 19:21:23      1463     0.41
         0.87        2294.6         0.670    Sep 29 19:21:23      1463     0.41
         0.87        2295.3         0.670    Sep 29 19:21:23      1463     0.41
         0.88        2295.9         0.650    Sep 29 19:21:24      1464     0.41
         0.88        2296.7         0.760    Sep 29 19:21:24      1464     0.41
         0.88        2297.4         0.690    Sep 29 19:21:25      1465     0.41
         0.88        2298.1         0.710    Sep 29 19:21:25      1465     0.41
         0.88        2298.8         0.670    Sep 29 19:21:26      1466     0.41
         0.88        2299.4         0.670    Sep 29 19:21:26      1466     0.41
         0.88        2300.1         0.670    Sep 29 19:21:27      1467     0.41
         0.88        2300.8         0.670    Sep 29 19:21:27      1467     0.41
         0.88        2301.5         0.740    Sep 29 19:21:28      1468     0.41
         0.88        2302.2         0.700    Sep 29 19:21:28      1468     0.41
         0.89        2302.9         0.660    Sep 29 19:21:29      1469     0.41
         0.89        2303.5         0.670    Sep 29 19:21:29      1469     0.41
         0.89        2304.2         0.670    Sep 29 19:21:30      1470     0.41
         0.89        2304.9         0.680    Sep 29 19:21:30      1470     0.41
         0.89        2305.6         0.660    Sep 29 19:21:30      1470     0.41
         0.89        2306.2         0.630    Sep 29 19:21:31      1471     0.41
         0.89        2306.9         0.710    Sep 29 19:21:31      1471     0.41
         0.89        2307.6         0.660    Sep 29 19:21:32      1472     0.41
         0.89        2308.2         0.680    Sep 29 19:21:32      1472     0.41
         0.89        2309.0         0.740    Sep 29 19:21:33      1473     0.41
         0.90        2309.7         0.700    Sep 29 19:21:33      1473     0.41
         0.90        2310.4         0.710    Sep 29 19:21:34      1474     0.41
         0.90        2311.0         0.660    Sep 29 19:21:34      1474     0.41
         0.90        2311.7         0.630    Sep 29 19:21:35      1475     0.41
         0.90        2312.4         0.700    Sep 29 19:21:35      1475     0.41
         0.90        2313.0         0.670    Sep 29 19:21:35      1475     0.41
         0.90        2313.7         0.670    Sep 29 19:21:36      1476     0.41
         0.90        2314.4         0.670    Sep 29 19:21:36      1476     0.41
         0.90        2315.1         0.710    Sep 29 19:21:37      1477     0.41
         0.90        2315.8         0.700    Sep 29 19:21:37      1477     0.41
         0.91        2316.5         0.670    Sep 29 19:21:38      1478     0.41
         0.91        2317.1         0.670    Sep 29 19:21:38      1478     0.41
         0.91        2317.8         0.670    Sep 29 19:21:39      1479     0.41
         0.91        2318.5         0.660    Sep 29 19:21:39      1479     0.41
         0.91        2319.1         0.670    Sep 29 19:21:40      1480     0.41
         0.91        2319.8         0.710    Sep 29 19:21:40      1480     0.41
         0.91        2320.5         0.660    Sep 29 19:21:40      1480     0.41
         0.91        2321.2         0.670    Sep 29 19:21:41      1481     0.41
         0.91        2321.9         0.700    Sep 29 19:21:41      1481     0.41
         0.91        2322.5         0.630    Sep 29 19:21:42      1482     0.41
         0.92        2323.1         0.650    Sep 29 19:21:42      1482     0.41
         0.92        2323.8         0.670    Sep 29 19:21:43      1483     0.41
         0.92        2324.5         0.680    Sep 29 19:21:43      1483     0.41
         0.92        2325.2         0.660    Sep 29 19:21:43      1483     0.41
         0.92        2325.8         0.680    Sep 29 19:21:44      1484     0.41
         0.92        2326.5         0.700    Sep 29 19:21:44      1484     0.41
         0.92        2327.2         0.620    Sep 29 19:21:45      1485     0.41
         0.92        2327.9         0.710    Sep 29 19:21:45      1485     0.41
         0.92        2328.5         0.670    Sep 29 19:21:46      1486     0.41
         0.92        2329.2         0.670    Sep 29 19:21:46      1486     0.41
         0.93        2329.9         0.660    Sep 29 19:21:47      1487     0.41
         0.93        2330.5         0.670    Sep 29 19:21:47      1487     0.41
         0.93        2331.2         0.670    Sep 29 19:21:48      1488     0.41
         0.93        2331.9         0.660    Sep 29 19:21:48      1488     0.41
         0.93        2332.5         0.670    Sep 29 19:21:48      1488     0.41
         0.93        2333.2         0.670    Sep 29 19:21:49      1489     0.41
         0.93        2333.9         0.670    Sep 29 19:21:49      1489     0.41
         0.93        2334.6         0.670    Sep 29 19:21:50      1490     0.41
         0.93        2335.2         0.670    Sep 29 19:21:50      1490     0.41
         0.93        2335.9         0.670    Sep 29 19:21:51      1491     0.41
         0.94        2336.6         0.670    Sep 29 19:21:51      1491     0.41
         0.94        2337.2         0.620    Sep 29 19:21:51      1491     0.41
         0.94        2337.9         0.700    Sep 29 19:21:52      1492     0.41
         0.94        2338.6         0.670    Sep 29 19:21:52      1492     0.41
         0.94        2339.2         0.670    Sep 29 19:21:53      1493     0.41
         0.94        2339.9         0.660    Sep 29 19:21:53      1493     0.41
         0.94        2340.6         0.670    Sep 29 19:21:54      1494     0.41
         0.94        2341.2         0.670    Sep 29 19:21:54      1494     0.41
         0.94        2341.9         0.700    Sep 29 19:21:55      1495     0.42
         0.94        2342.6         0.670    Sep 29 19:21:55      1495     0.42
         0.95        2343.3         0.710    Sep 29 19:21:56      1496     0.42
         0.95        2344.0         0.670    Sep 29 19:21:56      1496     0.42
         0.95        2344.6         0.660    Sep 29 19:21:56      1496     0.42
         0.95        2345.3         0.670    Sep 29 19:21:57      1497     0.42
         0.95        2346.0         0.670    Sep 29 19:21:57      1497     0.42
         0.95        2346.6         0.660    Sep 29 19:21:58      1498     0.42
         0.95        2347.3         0.670    Sep 29 19:21:58      1498     0.42
         0.95        2348.0         0.710    Sep 29 19:21:59      1499     0.42
         0.95        2348.7         0.670    Sep 29 19:21:59      1499     0.42
         0.95        2349.4         0.710    Sep 29 19:22:00      1500     0.42
         0.96        2350.1         0.670    Sep 29 19:22:00      1500     0.42
         0.96        2350.7         0.670    Sep 29 19:22:01      1501     0.42
         0.96        2351.4         0.690    Sep 29 19:22:01      1501     0.42
         0.96        2352.1         0.650    Sep 29 19:22:01      1501     0.42
         0.96        2352.7         0.660    Sep 29 19:22:02      1502     0.42
         0.96        2353.4         0.660    Sep 29 19:22:02      1502     0.42
         0.96        2354.1         0.680    Sep 29 19:22:03      1503     0.42
         0.96        2354.8         0.680    Sep 29 19:22:03      1503     0.42
         0.96        2355.4         0.660    Sep 29 19:22:04      1504     0.42
         0.96        2356.1         0.710    Sep 29 19:22:04      1504     0.42
         0.97        2356.9         0.750    Sep 29 19:22:05      1505     0.42
         0.97        2357.6         0.750    Sep 29 19:22:05      1505     0.42
         0.97        2358.3         0.700    Sep 29 19:22:06      1506     0.42
         0.97        2359.0         0.720    Sep 29 19:22:06      1506     0.42
         0.97        2359.7         0.660    Sep 29 19:22:07      1507     0.42
         0.97        2360.4         0.670    Sep 29 19:22:07      1507     0.42
         0.97        2361.1         0.720    Sep 29 19:22:08      1508     0.42
         0.97        2361.8         0.670    Sep 29 19:22:08      1508     0.42
         0.97        2362.5         0.700    Sep 29 19:22:09      1509     0.42
         0.97        2363.1         0.670    Sep 29 19:22:09      1509     0.42
         0.98        2363.8         0.670    Sep 29 19:22:09      1509     0.42
         0.98        2364.5         0.710    Sep 29 19:22:10      1510     0.42
         0.98        2365.1         0.620    Sep 29 19:22:10      1510     0.42
         0.98        2365.8         0.660    Sep 29 19:22:11      1511     0.42
         0.98        2366.5         0.670    Sep 29 19:22:11      1511     0.42
         0.98        2367.1         0.670    Sep 29 19:22:12      1512     0.42
         0.98        2367.8         0.670    Sep 29 19:22:12      1512     0.42
         0.98        2368.5         0.670    Sep 29 19:22:13      1513     0.42
         0.98        2369.2         0.700    Sep 29 19:22:13      1513     0.42
         0.98        2369.9         0.710    Sep 29 19:22:14      1514     0.42
         0.99        2370.5         0.630    Sep 29 19:22:14      1514     0.42
         0.99        2371.2         0.700    Sep 29 19:22:14      1514     0.42
         0.99        2371.9         0.700    Sep 29 19:22:15      1515     0.42
         0.99        2372.6         0.670    Sep 29 19:22:15      1515     0.42
         0.99        2373.2         0.660    Sep 29 19:22:16      1516     0.42
         0.99        2374.0         0.760    Sep 29 19:22:16      1516     0.42
         0.99        2374.7         0.690    Sep 29 19:22:17      1517     0.42
         0.99        2375.4         0.670    Sep 29 19:22:17      1517     0.42
         0.99        2376.0         0.670    Sep 29 19:22:18      1518     0.42
         0.99        2376.7         0.660    Sep 29 19:22:18      1518     0.42
         0.99        2377.4         0.670    Sep 29 19:22:19      1519     0.42
         1.00        2378.0         0.630    Sep 29 19:22:19      1519     0.42
         1.00        2378.7         0.690    Sep 29 19:22:20      1520     0.42
         1.00        2379.4         0.680    Sep 29 19:22:20      1520     0.42
         1.00        2380.0         0.660    Sep 29 19:22:20      1520     0.42
         1.00        2380.7         0.660    Sep 29 19:22:21      1521     0.42
