#Update-step  Updatetime     Error of A        Error of phi      Time in fs
     1        0.05000000     0.000000E+000     0.615823E-005        0.0000
     2        0.05000000     0.000000E+000     0.885172E-005        0.0500
     3 *      0.05000000     0.000000E+000     0.854173E-004        0.1000
     3        0.05000000     0.000000E+000     0.355890E-005        0.1500
     4        0.10000000     0.000000E+000     0.113631E-004        0.2000
     5        0.10000000     0.000000E+000     0.157314E-004        0.3000
     6 *      0.05000000     0.000000E+000     0.766278E-004        0.4000
     6        0.05000000     0.000000E+000     0.296853E-003        0.4500
     7 *      0.02500000     0.000000E+000     0.102861E-003        0.5000
     7        0.02500000     0.000000E+000     0.336302E-005        0.5250
     8        0.05000000     0.000000E+000     0.136980E-004        0.5500
     9        0.10000000     0.000000E+000     0.794005E-004        0.6000
    10        0.10000000     0.000000E+000     0.114081E-003        0.7000
    11        0.10000000     0.000000E+000     0.807781E-004        0.8000
    12        0.10000000     0.000000E+000     0.380101E-004        0.9000
