#Update-step  Updatetime     Error of A        Error of phi      Time in fs
     1                                         0.119670E-004
     1        0.00526316     0.000000E+000     0.347760E-006        0.0000
     2        0.00728745     0.000000E+000     0.491845E-006        0.0053
     3        0.00874494     0.000000E+000     0.479293E-006        0.0126
     4        0.01124349     0.000000E+000     0.492256E-006        0.0213
     5        0.01349219     0.000000E+000     0.414703E-006        0.0325
     6        0.01798959     0.000000E+000     0.400187E-006        0.0460
     7        0.01798959     0.000000E+000     0.210834E-006        0.0640
     8        0.01798959     0.000000E+000     0.116033E-006        0.0820
     9        0.03333333     0.000000E+000     0.181131E-006        0.1000
    10        0.03333333     0.000000E+000     0.676116E-007        0.1333
    11        0.03333333     0.000000E+000     0.261081E-007        0.1667
    12        0.05000000     0.000000E+000     0.186525E-007        0.2000
    13        0.05000000     0.000000E+000     0.471062E-008        0.2500
    14        0.10000000     0.000000E+000     0.267692E-008        0.3000
    15        0.10000000     0.000000E+000     0.185353E-009        0.4000
    16        0.10000000     0.000000E+000     0.134978E-010        0.5000
    17        0.10000000     0.000000E+000     0.101431E-011        0.6000
    18        0.10000000     0.000000E+000     0.799929E-013        0.7000
    19        0.10000000     0.000000E+000     0.586397E-014        0.8000
    20        0.10000000     0.000000E+000     0.222133E-014        0.9000
