#    Start: ------ Host: "jupiterace" ----------Wed Nov  9 05:18:15 2022

#    Time[fs]   CPU-time[s]     Delta-CPU    Real time        RealT[s]     [h]
#       -0.00           5.5                  Nov  9 05:18:19         0     0.00
         0.00         146.7       141.250    Nov  9 05:18:42        23     0.01
         0.00         348.7       201.930    Nov  9 05:19:19        60     0.02
         0.00         531.9       183.280    Nov  9 05:19:53        94     0.03
         0.00         706.7       174.770    Nov  9 05:20:26       127     0.04
         0.00         877.2       170.520    Nov  9 05:20:57       158     0.04
         0.01        1039.0       161.770    Nov  9 05:21:27       188     0.05
         0.01        1192.0       153.050    Nov  9 05:21:55       216     0.06
         0.01        1342.2       150.120    Nov  9 05:22:23       244     0.07
         0.01        1482.7       140.490    Nov  9 05:22:49       270     0.07
         0.01        1619.5       136.890    Nov  9 05:23:15       296     0.08
         0.01        1753.5       134.000    Nov  9 05:23:40       321     0.09
         0.01        1882.1       128.580    Nov  9 05:24:03       344     0.10
         0.01        2002.6       120.470    Nov  9 05:24:26       367     0.10
         0.01        2118.6       116.040    Nov  9 05:24:47       388     0.11
         0.01        2231.4       112.740    Nov  9 05:25:08       409     0.11
         0.02        2340.6       109.230    Nov  9 05:25:28       429     0.12
         0.02        2446.7       106.090    Nov  9 05:25:48       449     0.12
         0.02        2547.6       100.950    Nov  9 05:26:06       467     0.13
         0.02        2646.1        98.490    Nov  9 05:26:24       485     0.13
         0.02        2741.1        94.970    Nov  9 05:26:42       503     0.14
         0.02        2831.7        90.570    Nov  9 05:26:59       520     0.14
         0.02        2917.3        85.620    Nov  9 05:27:15       536     0.15
         0.02        3002.6        85.350    Nov  9 05:27:30       551     0.15
         0.02        3086.0        83.380    Nov  9 05:27:46       567     0.16
         0.02        3167.1        81.070    Nov  9 05:28:01       582     0.16
         0.02        3241.1        73.980    Nov  9 05:28:14       595     0.17
         0.03        3316.6        75.570    Nov  9 05:28:28       609     0.17
         0.03        3389.6        72.960    Nov  9 05:28:42       623     0.17
         0.03        3460.9        71.280    Nov  9 05:28:55       636     0.18
         0.03        3528.2        67.370    Nov  9 05:29:07       648     0.18
         0.03        3591.7        63.490    Nov  9 05:29:19       660     0.18
         0.03        3653.2        61.450    Nov  9 05:29:30       671     0.19
         0.03        3714.9        61.670    Nov  9 05:29:42       683     0.19
         0.03        3772.6        57.760    Nov  9 05:29:52       693     0.19
         0.03        3828.8        56.130    Nov  9 05:30:03       704     0.20
         0.04        3884.6        55.890    Nov  9 05:30:13       714     0.20
         0.04        3939.2        54.590    Nov  9 05:30:23       724     0.20
         0.04        3993.4        54.200    Nov  9 05:30:33       734     0.20
         0.04        4046.2        52.750    Nov  9 05:30:43       744     0.21
         0.04        4096.1        49.900    Nov  9 05:30:52       753     0.21
         0.04        4146.0        49.960    Nov  9 05:31:01       762     0.21
         0.04        4193.1        47.100    Nov  9 05:31:10       771     0.21
         0.04        4238.0        44.870    Nov  9 05:31:18       779     0.22
         0.04        4281.8        43.790    Nov  9 05:31:26       787     0.22
         0.04        4325.7        43.930    Nov  9 05:31:35       796     0.22
         0.05        4367.4        41.650    Nov  9 05:31:42       803     0.22
         0.05        4409.7        42.280    Nov  9 05:31:50       811     0.23
         0.05        4448.9        39.270    Nov  9 05:31:57       818     0.23
         0.05        4488.4        39.500    Nov  9 05:32:05       826     0.23
         0.05        4528.3        39.830    Nov  9 05:32:12       833     0.23
         0.05        4564.9        36.680    Nov  9 05:32:19       840     0.23
         0.05        4601.0        36.100    Nov  9 05:32:26       847     0.24
         0.05        4638.1        37.010    Nov  9 05:32:33       854     0.24
         0.05        4671.8        33.730    Nov  9 05:32:39       860     0.24
         0.05        4705.9        34.100    Nov  9 05:32:45       866     0.24
         0.06        4740.2        34.300    Nov  9 05:32:51       872     0.24
         0.06        4768.2        28.060    Nov  9 05:32:57       878     0.24
         0.06        4798.4        30.130    Nov  9 05:33:02       883     0.25
         0.06        4829.8        31.390    Nov  9 05:33:08       889     0.25
         0.06        4859.4        29.660    Nov  9 05:33:14       895     0.25
         0.06        4889.1        29.640    Nov  9 05:33:19       900     0.25
         0.06        4918.4        29.310    Nov  9 05:33:25       906     0.25
         0.06        4947.1        28.710    Nov  9 05:33:30       911     0.25
         0.06        4973.0        25.910    Nov  9 05:33:35       916     0.25
         0.06        4998.4        25.370    Nov  9 05:33:40       921     0.26
         0.07        5023.4        25.030    Nov  9 05:33:44       925     0.26
         0.07        5049.5        26.150    Nov  9 05:33:49       930     0.26
         0.07        5074.8        25.230    Nov  9 05:33:54       935     0.26
         0.07        5098.1        23.340    Nov  9 05:33:58       939     0.26
         0.07        5121.5        23.390    Nov  9 05:34:03       944     0.26
         0.07        5145.4        23.880    Nov  9 05:34:07       948     0.26
         0.07        5168.9        23.500    Nov  9 05:34:11       952     0.26
         0.07        5192.8        23.890    Nov  9 05:34:16       957     0.27
         0.07        5214.4        21.670    Nov  9 05:34:20       961     0.27
         0.07        5235.6        21.140    Nov  9 05:34:24       965     0.27
         0.08        5257.1        21.510    Nov  9 05:34:28       969     0.27
         0.08        5278.3        21.230    Nov  9 05:34:32       973     0.27
         0.08        5299.9        21.620    Nov  9 05:34:36       977     0.27
         0.08        5321.8        21.830    Nov  9 05:34:40       981     0.27
         0.08        5341.1        19.370    Nov  9 05:34:44       985     0.27
         0.08        5360.4        19.280    Nov  9 05:34:47       988     0.27
         0.08        5379.5        19.110    Nov  9 05:34:51       992     0.28
         0.08        5397.5        17.920    Nov  9 05:34:54       995     0.28
         0.08        5416.5        19.070    Nov  9 05:34:58       999     0.28
         0.08        5435.9        19.360    Nov  9 05:35:01      1002     0.28
         0.09        5455.2        19.330    Nov  9 05:35:05      1006     0.28
         0.09        5471.1        15.910    Nov  9 05:35:08      1009     0.28
         0.09        5487.8        16.690    Nov  9 05:35:11      1012     0.28
         0.09        5504.3        16.540    Nov  9 05:35:14      1015     0.28
         0.09        5521.5        17.150    Nov  9 05:35:17      1018     0.28
         0.09        5538.7        17.230    Nov  9 05:35:21      1022     0.28
         0.09        5555.8        17.070    Nov  9 05:35:24      1025     0.28
         0.09        5572.6        16.770    Nov  9 05:35:27      1028     0.29
         0.09        5589.7        17.110    Nov  9 05:35:30      1031     0.29
         0.09        5603.7        14.010    Nov  9 05:35:33      1034     0.29
         0.10        5618.4        14.680    Nov  9 05:35:36      1037     0.29
         0.10        5632.7        14.310    Nov  9 05:35:38      1039     0.29
         0.10        5647.2        14.490    Nov  9 05:35:41      1042     0.29
         0.10        5661.4        14.220    Nov  9 05:35:44      1045     0.29
         0.10        5676.2        14.850    Nov  9 05:35:46      1047     0.29
         0.10        5690.6        14.380    Nov  9 05:35:49      1050     0.29
         0.10        5705.1        14.530    Nov  9 05:35:52      1053     0.29
         0.10        5718.3        13.170    Nov  9 05:35:54      1055     0.29
         0.10        5732.9        14.570    Nov  9 05:35:57      1058     0.29
         0.10        5744.7        11.800    Nov  9 05:35:59      1060     0.29
         0.11        5756.8        12.090    Nov  9 05:36:01      1062     0.29
         0.11        5768.8        11.980    Nov  9 05:36:03      1064     0.30
         0.11        5780.9        12.150    Nov  9 05:36:06      1067     0.30
         0.11        5792.8        11.900    Nov  9 05:36:08      1069     0.30
         0.11        5805.1        12.290    Nov  9 05:36:10      1071     0.30
         0.11        5817.4        12.250    Nov  9 05:36:13      1074     0.30
         0.11        5829.1        11.720    Nov  9 05:36:15      1076     0.30
         0.11        5841.1        11.990    Nov  9 05:36:17      1078     0.30
         0.11        5853.1        12.060    Nov  9 05:36:19      1080     0.30
         0.11        5865.2        12.060    Nov  9 05:36:22      1083     0.30
         0.12        5876.8        11.620    Nov  9 05:36:24      1085     0.30
         0.12        5888.9        12.080    Nov  9 05:36:26      1087     0.30
         0.12        5900.9        12.060    Nov  9 05:36:28      1089     0.30
         0.12        5910.6         9.670    Nov  9 05:36:30      1091     0.30
         0.12        5920.4         9.760    Nov  9 05:36:32      1093     0.30
         0.12        5929.9         9.560    Nov  9 05:36:34      1095     0.30
         0.12        5939.7         9.740    Nov  9 05:36:35      1096     0.30
         0.12        5949.4         9.750    Nov  9 05:36:37      1098     0.30
         0.12        5958.5         9.060    Nov  9 05:36:39      1100     0.31
         0.12        5968.1         9.580    Nov  9 05:36:41      1102     0.31
         0.13        5977.6         9.570    Nov  9 05:36:43      1104     0.31
         0.13        5987.2         9.520    Nov  9 05:36:44      1105     0.31
         0.13        5996.8         9.650    Nov  9 05:36:46      1107     0.31
         0.13        6006.3         9.530    Nov  9 05:36:48      1109     0.31
         0.13        6014.3         7.930    Nov  9 05:36:49      1110     0.31
         0.13        6023.6         9.380    Nov  9 05:36:51      1112     0.31
         0.13        6033.2         9.580    Nov  9 05:36:53      1114     0.31
         0.13        6042.6         9.370    Nov  9 05:36:55      1116     0.31
         0.13        6052.2         9.650    Nov  9 05:36:56      1117     0.31
         0.13        6062.0         9.730    Nov  9 05:36:58      1119     0.31
         0.14        6071.2         9.260    Nov  9 05:37:00      1121     0.31
         0.14        6078.6         7.330    Nov  9 05:37:01      1122     0.31
         0.14        6085.9         7.310    Nov  9 05:37:03      1124     0.31
         0.14        6092.8         6.900    Nov  9 05:37:04      1125     0.31
         0.14        6100.0         7.270    Nov  9 05:37:05      1126     0.31
         0.14        6107.3         7.260    Nov  9 05:37:07      1128     0.31
         0.14        6114.6         7.330    Nov  9 05:37:08      1129     0.31
         0.14        6121.9         7.220    Nov  9 05:37:09      1130     0.31
         0.14        6129.1         7.280    Nov  9 05:37:11      1132     0.31
         0.14        6136.5         7.340    Nov  9 05:37:12      1133     0.31
         0.15        6143.7         7.250    Nov  9 05:37:14      1135     0.32
         0.15        6150.6         6.880    Nov  9 05:37:15      1136     0.32
         0.15        6157.8         7.240    Nov  9 05:37:16      1137     0.32
         0.15        6165.1         7.300    Nov  9 05:37:18      1139     0.32
         0.15        6172.5         7.320    Nov  9 05:37:19      1140     0.32
         0.15        6179.7         7.280    Nov  9 05:37:20      1141     0.32
         0.15        6187.0         7.260    Nov  9 05:37:22      1143     0.32
         0.15        6194.3         7.270    Nov  9 05:37:23      1144     0.32
         0.15        6201.5         7.210    Nov  9 05:37:24      1145     0.32
         0.15        6208.7         7.250    Nov  9 05:37:26      1147     0.32
         0.16        6216.0         7.230    Nov  9 05:37:27      1148     0.32
         0.16        6223.1         7.180    Nov  9 05:37:29      1150     0.32
         0.16        6230.2         7.060    Nov  9 05:37:30      1151     0.32
         0.16        6237.4         7.250    Nov  9 05:37:31      1152     0.32
         0.16        6244.8         7.340    Nov  9 05:37:33      1154     0.32
         0.16        6252.0         7.240    Nov  9 05:37:34      1155     0.32
         0.16        6258.6         6.560    Nov  9 05:37:35      1156     0.32
         0.16        6266.0         7.370    Nov  9 05:37:37      1158     0.32
         0.16        6273.3         7.320    Nov  9 05:37:38      1159     0.32
         0.16        6280.7         7.390    Nov  9 05:37:39      1160     0.32
         0.17        6287.9         7.220    Nov  9 05:37:41      1162     0.32
         0.17        6295.2         7.300    Nov  9 05:37:42      1163     0.32
         0.17        6300.1         4.920    Nov  9 05:37:43      1164     0.32
         0.17        6305.0         4.890    Nov  9 05:37:44      1165     0.32
         0.17        6309.9         4.910    Nov  9 05:37:45      1166     0.32
         0.17        6314.3         4.420    Nov  9 05:37:46      1167     0.32
         0.17        6319.2         4.850    Nov  9 05:37:47      1168     0.32
         0.17        6324.0         4.860    Nov  9 05:37:47      1168     0.32
         0.17        6328.9         4.840    Nov  9 05:37:48      1169     0.32
         0.17        6333.8         4.880    Nov  9 05:37:49      1170     0.33
         0.18        6338.6         4.850    Nov  9 05:37:50      1171     0.33
         0.18        6343.4         4.760    Nov  9 05:37:51      1172     0.33
         0.18        6348.3         4.890    Nov  9 05:37:52      1173     0.33
         0.18        6352.9         4.680    Nov  9 05:37:53      1174     0.33
         0.18        6357.7         4.780    Nov  9 05:37:54      1175     0.33
         0.18        6362.5         4.830    Nov  9 05:37:55      1176     0.33
         0.18        6367.3         4.740    Nov  9 05:37:56      1177     0.33
         0.18        6372.1         4.860    Nov  9 05:37:56      1177     0.33
         0.18        6377.0         4.850    Nov  9 05:37:57      1178     0.33
         0.18        6381.9         4.940    Nov  9 05:37:58      1179     0.33
         0.19        6386.8         4.910    Nov  9 05:37:59      1180     0.33
         0.19        6391.7         4.820    Nov  9 05:38:00      1181     0.33
         0.19        6396.0         4.300    Nov  9 05:38:01      1182     0.33
         0.19        6400.7         4.710    Nov  9 05:38:02      1183     0.33
         0.19        6405.5         4.810    Nov  9 05:38:03      1184     0.33
         0.19        6410.3         4.790    Nov  9 05:38:04      1185     0.33
         0.19        6415.0         4.730    Nov  9 05:38:04      1185     0.33
         0.19        6419.8         4.780    Nov  9 05:38:05      1186     0.33
         0.19        6424.2         4.460    Nov  9 05:38:06      1187     0.33
         0.19        6429.1         4.800    Nov  9 05:38:07      1188     0.33
         0.20        6433.8         4.790    Nov  9 05:38:08      1189     0.33
         0.20        6438.6         4.750    Nov  9 05:38:09      1190     0.33
         0.20        6443.5         4.870    Nov  9 05:38:10      1191     0.33
         0.20        6448.1         4.660    Nov  9 05:38:11      1192     0.33
         0.20        6452.8         4.700    Nov  9 05:38:11      1192     0.33
         0.20        6457.7         4.890    Nov  9 05:38:12      1193     0.33
         0.20        6462.5         4.820    Nov  9 05:38:13      1194     0.33
         0.20        6467.4         4.890    Nov  9 05:38:14      1195     0.33
         0.20        6472.3         4.840    Nov  9 05:38:15      1196     0.33
         0.20        6476.8         4.540    Nov  9 05:38:16      1197     0.33
         0.21        6481.7         4.910    Nov  9 05:38:17      1198     0.33
         0.21        6486.6         4.880    Nov  9 05:38:18      1199     0.33
         0.21        6491.4         4.860    Nov  9 05:38:19      1200     0.33
         0.21        6496.3         4.820    Nov  9 05:38:20      1201     0.33
         0.21        6501.1         4.880    Nov  9 05:38:21      1202     0.33
         0.21        6504.9         3.710    Nov  9 05:38:21      1202     0.33
         0.21        6508.8         3.980    Nov  9 05:38:22      1203     0.33
         0.21        6513.6         4.780    Nov  9 05:38:23      1204     0.33
         0.21        6518.3         4.690    Nov  9 05:38:24      1205     0.33
         0.21        6523.1         4.790    Nov  9 05:38:25      1206     0.34
         0.22        6527.9         4.790    Nov  9 05:38:26      1207     0.34
         0.22        6532.4         4.520    Nov  9 05:38:26      1207     0.34
         0.22        6537.3         4.920    Nov  9 05:38:27      1208     0.34
         0.22        6542.1         4.800    Nov  9 05:38:28      1209     0.34
         0.22        6547.0         4.910    Nov  9 05:38:29      1210     0.34
         0.22        6551.9         4.900    Nov  9 05:38:30      1211     0.34
         0.22        6556.8         4.830    Nov  9 05:38:31      1212     0.34
         0.22        6561.5         4.750    Nov  9 05:38:32      1213     0.34
         0.22        6566.3         4.760    Nov  9 05:38:33      1214     0.34
         0.22        6571.1         4.820    Nov  9 05:38:34      1215     0.34
         0.23        6575.9         4.800    Nov  9 05:38:35      1216     0.34
         0.23        6580.7         4.800    Nov  9 05:38:35      1216     0.34
         0.23        6585.0         4.310    Nov  9 05:38:36      1217     0.34
         0.23        6589.8         4.750    Nov  9 05:38:37      1218     0.34
         0.23        6594.6         4.820    Nov  9 05:38:38      1219     0.34
         0.23        6599.4         4.820    Nov  9 05:38:39      1220     0.34
         0.23        6604.2         4.810    Nov  9 05:38:40      1221     0.34
         0.23        6609.0         4.840    Nov  9 05:38:41      1222     0.34
         0.23        6613.5         4.450    Nov  9 05:38:42      1223     0.34
         0.23        6617.6         4.050    Nov  9 05:38:42      1223     0.34
         0.24        6622.4         4.820    Nov  9 05:38:43      1224     0.34
         0.24        6627.1         4.680    Nov  9 05:38:44      1225     0.34
         0.24        6631.9         4.800    Nov  9 05:38:45      1226     0.34
         0.24        6636.6         4.780    Nov  9 05:38:46      1227     0.34
         0.24        6641.5         4.820    Nov  9 05:38:47      1228     0.34
         0.24        6646.3         4.860    Nov  9 05:38:48      1229     0.34
         0.24        6651.1         4.770    Nov  9 05:38:49      1230     0.34
         0.24        6656.0         4.880    Nov  9 05:38:49      1230     0.34
         0.24        6660.8         4.800    Nov  9 05:38:50      1231     0.34
         0.24        6665.7         4.900    Nov  9 05:38:51      1232     0.34
         0.25        6669.7         4.000    Nov  9 05:38:52      1233     0.34
         0.25        6674.4         4.720    Nov  9 05:38:53      1234     0.34
         0.25        6679.2         4.860    Nov  9 05:38:54      1235     0.34
         0.25        6684.0         4.760    Nov  9 05:38:55      1236     0.34
         0.25        6686.5         2.490    Nov  9 05:38:55      1236     0.34
         0.25        6689.6         3.150    Nov  9 05:38:56      1237     0.34
         0.25        6692.1         2.480    Nov  9 05:38:56      1237     0.34
         0.25        6695.1         2.970    Nov  9 05:38:57      1238     0.34
         0.25        6698.0         2.880    Nov  9 05:38:58      1239     0.34
         0.25        6700.9         2.880    Nov  9 05:38:58      1239     0.34
         0.26        6703.8         2.910    Nov  9 05:38:59      1240     0.34
         0.26        6706.5         2.790    Nov  9 05:38:59      1240     0.34
         0.26        6709.4         2.880    Nov  9 05:39:00      1241     0.34
         0.26        6712.5         3.060    Nov  9 05:39:01      1242     0.34
         0.26        6715.3         2.810    Nov  9 05:39:01      1242     0.34
         0.26        6717.7         2.390    Nov  9 05:39:02      1243     0.35
         0.26        6720.4         2.740    Nov  9 05:39:02      1243     0.35
         0.26        6723.2         2.810    Nov  9 05:39:03      1244     0.35
         0.26        6725.8         2.570    Nov  9 05:39:04      1245     0.35
         0.26        6728.7         2.890    Nov  9 05:39:04      1245     0.35
         0.27        6731.4         2.740    Nov  9 05:39:05      1246     0.35
         0.27        6734.2         2.750    Nov  9 05:39:05      1246     0.35
         0.27        6736.9         2.700    Nov  9 05:39:06      1247     0.35
         0.27        6739.6         2.760    Nov  9 05:39:07      1248     0.35
         0.27        6742.6         2.930    Nov  9 05:39:07      1248     0.35
         0.27        6745.3         2.730    Nov  9 05:39:08      1249     0.35
         0.27        6748.1         2.760    Nov  9 05:39:08      1249     0.35
         0.27        6750.9         2.820    Nov  9 05:39:09      1250     0.35
         0.27        6753.7         2.800    Nov  9 05:39:10      1251     0.35
         0.27        6756.4         2.760    Nov  9 05:39:10      1251     0.35
         0.28        6759.4         2.970    Nov  9 05:39:11      1252     0.35
         0.28        6762.0         2.620    Nov  9 05:39:11      1252     0.35
         0.28        6764.8         2.740    Nov  9 05:39:12      1253     0.35
         0.28        6767.3         2.530    Nov  9 05:39:13      1254     0.35
         0.28        6770.1         2.750    Nov  9 05:39:13      1254     0.35
         0.28        6772.8         2.770    Nov  9 05:39:14      1255     0.35
         0.28        6775.7         2.900    Nov  9 05:39:14      1255     0.35
         0.28        6778.3         2.550    Nov  9 05:39:15      1256     0.35
         0.28        6781.2         2.910    Nov  9 05:39:16      1257     0.35
         0.28        6783.9         2.750    Nov  9 05:39:16      1257     0.35
         0.29        6786.5         2.570    Nov  9 05:39:17      1258     0.35
         0.29        6789.1         2.550    Nov  9 05:39:17      1258     0.35
         0.29        6791.6         2.500    Nov  9 05:39:18      1259     0.35
         0.29        6794.6         3.070    Nov  9 05:39:18      1259     0.35
         0.29        6797.3         2.650    Nov  9 05:39:19      1260     0.35
         0.29        6800.0         2.720    Nov  9 05:39:19      1260     0.35
         0.29        6802.7         2.740    Nov  9 05:39:20      1261     0.35
         0.29        6805.5         2.740    Nov  9 05:39:21      1262     0.35
         0.29        6808.2         2.720    Nov  9 05:39:21      1262     0.35
         0.29        6811.0         2.830    Nov  9 05:39:22      1263     0.35
         0.30        6813.1         2.050    Nov  9 05:39:22      1263     0.35
         0.30        6815.7         2.620    Nov  9 05:39:23      1264     0.35
         0.30        6820.5         4.780    Nov  9 05:39:24      1265     0.35
         0.30        6829.8         9.300    Nov  9 05:39:25      1266     0.35
         0.30        6837.2         7.430    Nov  9 05:39:27      1268     0.35
         0.30        6844.4         7.160    Nov  9 05:39:28      1269     0.35
         0.30        6851.8         7.460    Nov  9 05:39:29      1270     0.35
         0.30        6859.2         7.320    Nov  9 05:39:31      1272     0.35
         0.30        6866.4         7.230    Nov  9 05:39:32      1273     0.35
         0.30        6871.0         4.580    Nov  9 05:39:33      1274     0.35
         0.31        6875.8         4.800    Nov  9 05:39:34      1275     0.35
         0.31        6880.5         4.770    Nov  9 05:39:35      1276     0.35
         0.31        6885.3         4.790    Nov  9 05:39:36      1277     0.35
         0.31        6890.1         4.800    Nov  9 05:39:36      1277     0.35
         0.31        6892.5         2.390    Nov  9 05:39:37      1278     0.35
         0.31        6895.3         2.780    Nov  9 05:39:37      1278     0.35
         0.31        6898.0         2.680    Nov  9 05:39:38      1279     0.36
         0.31        6900.9         2.940    Nov  9 05:39:39      1280     0.36
         0.31        6903.6         2.720    Nov  9 05:39:39      1280     0.36
         0.31        6906.6         2.940    Nov  9 05:39:40      1281     0.36
         0.32        6909.4         2.790    Nov  9 05:39:41      1282     0.36
         0.32        6912.0         2.680    Nov  9 05:39:41      1282     0.36
         0.32        6915.0         2.950    Nov  9 05:39:42      1283     0.36
         0.32        6917.8         2.770    Nov  9 05:39:42      1283     0.36
         0.32        6920.2         2.430    Nov  9 05:39:43      1284     0.36
         0.32        6922.9         2.690    Nov  9 05:39:44      1285     0.36
         0.32        6925.5         2.630    Nov  9 05:39:44      1285     0.36
         0.32        6928.2         2.730    Nov  9 05:39:45      1286     0.36
         0.32        6931.0         2.750    Nov  9 05:39:45      1286     0.36
         0.32        6933.7         2.720    Nov  9 05:39:46      1287     0.36
         0.33        6936.5         2.740    Nov  9 05:39:46      1287     0.36
         0.33        6939.2         2.750    Nov  9 05:39:47      1288     0.36
         0.33        6941.9         2.700    Nov  9 05:39:48      1289     0.36
         0.33        6944.4         2.530    Nov  9 05:39:48      1289     0.36
         0.33        6946.9         2.510    Nov  9 05:39:49      1290     0.36
         0.33        6949.7         2.730    Nov  9 05:39:49      1290     0.36
         0.33        6952.3         2.650    Nov  9 05:39:50      1291     0.36
         0.33        6955.2         2.840    Nov  9 05:39:50      1291     0.36
         0.33        6957.9         2.760    Nov  9 05:39:51      1292     0.36
         0.33        6960.8         2.910    Nov  9 05:39:52      1293     0.36
         0.34        6963.5         2.710    Nov  9 05:39:52      1293     0.36
         0.34        6966.3         2.760    Nov  9 05:39:53      1294     0.36
         0.34        6969.2         2.940    Nov  9 05:39:54      1295     0.36
         0.34        6972.1         2.820    Nov  9 05:39:54      1295     0.36
         0.34        6974.6         2.530    Nov  9 05:39:55      1296     0.36
         0.34        6977.3         2.720    Nov  9 05:39:55      1296     0.36
         0.34        6979.9         2.580    Nov  9 05:39:56      1297     0.36
         0.34        6982.7         2.840    Nov  9 05:39:56      1297     0.36
         0.34        6985.4         2.700    Nov  9 05:39:57      1298     0.36
         0.34        6988.3         2.910    Nov  9 05:39:58      1299     0.36
         0.35        6990.6         2.210    Nov  9 05:39:58      1299     0.36
         0.35        6993.1         2.570    Nov  9 05:39:59      1300     0.36
         0.35        6995.9         2.810    Nov  9 05:39:59      1300     0.36
         0.35        6998.6         2.660    Nov  9 05:40:00      1301     0.36
         0.35        7001.4         2.830    Nov  9 05:40:01      1302     0.36
         0.35        7004.1         2.630    Nov  9 05:40:01      1302     0.36
         0.35        7006.8         2.710    Nov  9 05:40:02      1303     0.36
         0.35        7009.6         2.870    Nov  9 05:40:02      1303     0.36
         0.35        7012.3         2.710    Nov  9 05:40:03      1304     0.36
         0.35        7015.1         2.760    Nov  9 05:40:04      1305     0.36
         0.36        7017.9         2.760    Nov  9 05:40:04      1305     0.36
         0.36        7020.6         2.730    Nov  9 05:40:05      1306     0.36
         0.36        7023.5         2.870    Nov  9 05:40:05      1306     0.36
         0.36        7026.2         2.770    Nov  9 05:40:06      1307     0.36
         0.36        7029.2         2.980    Nov  9 05:40:07      1308     0.36
         0.36        7032.0         2.790    Nov  9 05:40:07      1308     0.36
         0.36        7034.8         2.750    Nov  9 05:40:08      1309     0.36
         0.36        7037.6         2.850    Nov  9 05:40:08      1309     0.36
         0.36        7040.4         2.800    Nov  9 05:40:09      1310     0.36
         0.36        7043.3         2.940    Nov  9 05:40:10      1311     0.36
         0.37        7046.1         2.760    Nov  9 05:40:10      1311     0.36
         0.37        7048.9         2.820    Nov  9 05:40:11      1312     0.36
         0.37        7051.9         2.940    Nov  9 05:40:12      1313     0.36
         0.37        7054.6         2.700    Nov  9 05:40:12      1313     0.36
         0.37        7057.5         2.950    Nov  9 05:40:13      1314     0.36
         0.37        7060.3         2.800    Nov  9 05:40:13      1314     0.36
         0.37        7063.1         2.750    Nov  9 05:40:14      1315     0.37
         0.37        7065.9         2.860    Nov  9 05:40:15      1316     0.37
         0.37        7068.5         2.610    Nov  9 05:40:15      1316     0.37
         0.37        7071.3         2.730    Nov  9 05:40:16      1317     0.37
         0.38        7073.9         2.600    Nov  9 05:40:16      1317     0.37
         0.38        7076.7         2.850    Nov  9 05:40:17      1318     0.37
         0.38        7079.4         2.690    Nov  9 05:40:17      1318     0.37
         0.38        7082.1         2.720    Nov  9 05:40:18      1319     0.37
         0.38        7084.8         2.650    Nov  9 05:40:19      1320     0.37
         0.38        7087.4         2.680    Nov  9 05:40:19      1320     0.37
         0.38        7090.2         2.730    Nov  9 05:40:20      1321     0.37
         0.38        7092.9         2.720    Nov  9 05:40:20      1321     0.37
         0.38        7095.6         2.670    Nov  9 05:40:21      1322     0.37
         0.38        7098.1         2.570    Nov  9 05:40:21      1322     0.37
         0.39        7101.0         2.880    Nov  9 05:40:22      1323     0.37
         0.39        7103.7         2.720    Nov  9 05:40:23      1324     0.37
         0.39        7106.2         2.500    Nov  9 05:40:23      1324     0.37
         0.39        7109.0         2.730    Nov  9 05:40:24      1325     0.37
         0.39        7111.8         2.810    Nov  9 05:40:24      1325     0.37
         0.39        7114.7         2.890    Nov  9 05:40:25      1326     0.37
         0.39        7117.2         2.530    Nov  9 05:40:25      1326     0.37
         0.39        7120.1         2.890    Nov  9 05:40:26      1327     0.37
         0.39        7122.7         2.580    Nov  9 05:40:27      1328     0.37
         0.39        7125.4         2.750    Nov  9 05:40:27      1328     0.37
         0.40        7128.0         2.560    Nov  9 05:40:28      1329     0.37
         0.40        7131.1         3.090    Nov  9 05:40:28      1329     0.37
         0.40        7133.8         2.710    Nov  9 05:40:29      1330     0.37
         0.40        7136.4         2.660    Nov  9 05:40:30      1331     0.37
         0.40        7139.1         2.710    Nov  9 05:40:30      1331     0.37
         0.40        7142.2         3.090    Nov  9 05:40:31      1332     0.37
         0.40        7145.1         2.900    Nov  9 05:40:32      1333     0.37
         0.40        7147.9         2.730    Nov  9 05:40:32      1333     0.37
         0.40        7150.6         2.760    Nov  9 05:40:33      1334     0.37
         0.40        7153.4         2.770    Nov  9 05:40:33      1334     0.37
         0.41        7156.2         2.760    Nov  9 05:40:34      1335     0.37
         0.41        7159.0         2.820    Nov  9 05:40:35      1336     0.37
         0.41        7161.7         2.720    Nov  9 05:40:35      1336     0.37
         0.41        7164.5         2.780    Nov  9 05:40:36      1337     0.37
         0.41        7167.1         2.670    Nov  9 05:40:36      1337     0.37
         0.41        7169.9         2.770    Nov  9 05:40:37      1338     0.37
         0.41        7172.8         2.920    Nov  9 05:40:38      1339     0.37
         0.41        7175.6         2.750    Nov  9 05:40:38      1339     0.37
         0.41        7178.3         2.730    Nov  9 05:40:39      1340     0.37
         0.41        7180.4         2.080    Nov  9 05:40:39      1340     0.37
         0.42        7183.2         2.780    Nov  9 05:40:40      1341     0.37
         0.42        7186.1         2.950    Nov  9 05:40:40      1341     0.37
         0.42        7189.0         2.880    Nov  9 05:40:41      1342     0.37
         0.42        7191.6         2.580    Nov  9 05:40:42      1343     0.37
         0.42        7194.6         3.030    Nov  9 05:40:42      1343     0.37
         0.42        7197.4         2.810    Nov  9 05:40:43      1344     0.37
         0.42        7200.0         2.570    Nov  9 05:40:44      1345     0.37
         0.42        7202.9         2.870    Nov  9 05:40:44      1345     0.37
         0.42        7205.6         2.730    Nov  9 05:40:45      1346     0.37
         0.42        7208.4         2.760    Nov  9 05:40:45      1346     0.37
         0.43        7211.1         2.780    Nov  9 05:40:46      1347     0.37
         0.43        7214.1         2.960    Nov  9 05:40:47      1348     0.37
         0.43        7216.7         2.600    Nov  9 05:40:47      1348     0.37
         0.43        7219.6         2.880    Nov  9 05:40:48      1349     0.37
         0.43        7222.2         2.600    Nov  9 05:40:48      1349     0.37
         0.43        7225.1         2.950    Nov  9 05:40:49      1350     0.38
         0.43        7227.1         2.020    Nov  9 05:40:49      1350     0.38
         0.43        7230.1         2.970    Nov  9 05:40:50      1351     0.38
         0.43        7233.0         2.910    Nov  9 05:40:51      1352     0.38
         0.43        7235.6         2.610    Nov  9 05:40:51      1352     0.38
         0.44        7238.5         2.820    Nov  9 05:40:52      1353     0.38
         0.44        7241.1         2.610    Nov  9 05:40:52      1353     0.38
         0.44        7244.0         2.960    Nov  9 05:40:53      1354     0.38
         0.44        7246.8         2.780    Nov  9 05:40:54      1355     0.38
         0.44        7249.7         2.860    Nov  9 05:40:54      1355     0.38
         0.44        7252.4         2.740    Nov  9 05:40:55      1356     0.38
         0.44        7255.2         2.800    Nov  9 05:40:56      1357     0.38
         0.44        7258.1         2.840    Nov  9 05:40:56      1357     0.38
         0.44        7260.6         2.600    Nov  9 05:40:57      1358     0.38
         0.44        7263.4         2.780    Nov  9 05:40:57      1358     0.38
         0.45        7266.0         2.600    Nov  9 05:40:58      1359     0.38
         0.45        7268.9         2.840    Nov  9 05:40:58      1359     0.38
         0.45        7271.5         2.610    Nov  9 05:40:59      1360     0.38
         0.45        7274.3         2.780    Nov  9 05:41:00      1361     0.38
         0.45        7276.8         2.500    Nov  9 05:41:00      1361     0.38
         0.45        7279.4         2.650    Nov  9 05:41:01      1362     0.38
         0.45        7282.0         2.570    Nov  9 05:41:01      1362     0.38
         0.45        7284.7         2.720    Nov  9 05:41:02      1363     0.38
         0.45        7287.4         2.700    Nov  9 05:41:02      1363     0.38
         0.45        7290.0         2.640    Nov  9 05:41:03      1364     0.38
         0.46        7292.8         2.720    Nov  9 05:41:03      1364     0.38
         0.46        7295.6         2.870    Nov  9 05:41:04      1365     0.38
         0.46        7298.4         2.730    Nov  9 05:41:05      1366     0.38
         0.46        7301.1         2.740    Nov  9 05:41:05      1366     0.38
         0.46        7303.8         2.730    Nov  9 05:41:06      1367     0.38
         0.46        7306.6         2.720    Nov  9 05:41:06      1367     0.38
         0.46        7309.4         2.830    Nov  9 05:41:07      1368     0.38
         0.46        7311.9         2.530    Nov  9 05:41:08      1369     0.38
         0.46        7314.6         2.700    Nov  9 05:41:08      1369     0.38
         0.46        7317.2         2.570    Nov  9 05:41:09      1370     0.38
         0.47        7319.9         2.710    Nov  9 05:41:09      1370     0.38
         0.47        7322.4         2.520    Nov  9 05:41:10      1371     0.38
         0.47        7325.2         2.770    Nov  9 05:41:10      1371     0.38
         0.47        7327.7         2.560    Nov  9 05:41:11      1372     0.38
         0.47        7330.6         2.870    Nov  9 05:41:12      1373     0.38
         0.47        7333.5         2.860    Nov  9 05:41:12      1373     0.38
         0.47        7336.1         2.600    Nov  9 05:41:13      1374     0.38
         0.47        7339.0         2.910    Nov  9 05:41:13      1374     0.38
         0.47        7341.3         2.350    Nov  9 05:41:14      1375     0.38
         0.47        7344.4         3.020    Nov  9 05:41:14      1375     0.38
         0.48        7346.4         2.080    Nov  9 05:41:15      1376     0.38
         0.48        7348.7         2.290    Nov  9 05:41:15      1376     0.38
         0.48        7351.2         2.530    Nov  9 05:41:16      1377     0.38
         0.48        7353.9         2.640    Nov  9 05:41:17      1378     0.38
         0.48        7356.5         2.650    Nov  9 05:41:17      1378     0.38
         0.48        7359.4         2.820    Nov  9 05:41:18      1379     0.38
         0.48        7361.9         2.550    Nov  9 05:41:18      1379     0.38
         0.48        7364.7         2.810    Nov  9 05:41:19      1380     0.38
         0.48        7367.4         2.650    Nov  9 05:41:20      1381     0.38
         0.48        7369.5         2.170    Nov  9 05:41:20      1381     0.38
         0.49        7372.2         2.710    Nov  9 05:41:21      1382     0.38
         0.49        7374.7         2.480    Nov  9 05:41:21      1382     0.38
         0.49        7377.4         2.630    Nov  9 05:41:22      1383     0.38
         0.49        7379.8         2.490    Nov  9 05:41:22      1383     0.38
         0.49        7382.5         2.600    Nov  9 05:41:23      1384     0.38
         0.49        7385.0         2.500    Nov  9 05:41:23      1384     0.38
         0.49        7387.9         2.940    Nov  9 05:41:24      1385     0.38
         0.49        7390.5         2.620    Nov  9 05:41:25      1386     0.39
         0.49        7393.0         2.510    Nov  9 05:41:25      1386     0.39
         0.49        7395.6         2.570    Nov  9 05:41:26      1387     0.39
         0.50        7398.2         2.620    Nov  9 05:41:26      1387     0.39
         0.50        7401.0         2.780    Nov  9 05:41:27      1388     0.39
         0.50        7403.6         2.600    Nov  9 05:41:27      1388     0.39
         0.50        7406.4         2.770    Nov  9 05:41:28      1389     0.39
         0.50        7409.0         2.620    Nov  9 05:41:29      1390     0.39
         0.50        7411.4         2.460    Nov  9 05:41:29      1390     0.39
         0.50        7414.0         2.560    Nov  9 05:41:30      1391     0.39
         0.50        7416.5         2.460    Nov  9 05:41:30      1391     0.39
         0.50        7418.9         2.390    Nov  9 05:41:31      1392     0.39
         0.50        7421.3         2.450    Nov  9 05:41:31      1392     0.39
         0.51        7423.9         2.590    Nov  9 05:41:32      1393     0.39
         0.51        7426.3         2.440    Nov  9 05:41:32      1393     0.39
         0.51        7429.1         2.780    Nov  9 05:41:33      1394     0.39
         0.51        7431.8         2.650    Nov  9 05:41:33      1394     0.39
         0.51        7434.3         2.580    Nov  9 05:41:34      1395     0.39
         0.51        7437.0         2.620    Nov  9 05:41:35      1396     0.39
         0.51        7439.6         2.610    Nov  9 05:41:35      1396     0.39
         0.51        7442.1         2.510    Nov  9 05:41:36      1397     0.39
         0.51        7444.1         2.070    Nov  9 05:41:36      1397     0.39
         0.51        7446.7         2.520    Nov  9 05:41:37      1398     0.39
         0.52        7449.3         2.640    Nov  9 05:41:37      1398     0.39
         0.52        7452.0         2.650    Nov  9 05:41:38      1399     0.39
         0.52        7454.6         2.610    Nov  9 05:41:38      1399     0.39
         0.52        7457.2         2.610    Nov  9 05:41:39      1400     0.39
         0.52        7459.7         2.480    Nov  9 05:41:39      1400     0.39
         0.52        7462.4         2.780    Nov  9 05:41:40      1401     0.39
         0.52        7464.5         2.020    Nov  9 05:41:41      1402     0.39
         0.52        7467.0         2.540    Nov  9 05:41:41      1402     0.39
         0.52        7469.6         2.650    Nov  9 05:41:42      1403     0.39
         0.52        7472.3         2.630    Nov  9 05:41:42      1403     0.39
         0.53        7474.9         2.570    Nov  9 05:41:43      1404     0.39
         0.53        7477.3         2.430    Nov  9 05:41:43      1404     0.39
         0.53        7479.8         2.470    Nov  9 05:41:44      1405     0.39
         0.53        7482.7         2.920    Nov  9 05:41:45      1406     0.39
         0.53        7485.2         2.580    Nov  9 05:41:45      1406     0.39
         0.53        7487.6         2.360    Nov  9 05:41:46      1407     0.39
         0.53        7489.9         2.250    Nov  9 05:41:46      1407     0.39
         0.53        7492.5         2.590    Nov  9 05:41:47      1408     0.39
         0.53        7495.1         2.660    Nov  9 05:41:47      1408     0.39
         0.53        7497.9         2.770    Nov  9 05:41:48      1409     0.39
         0.54        7500.4         2.480    Nov  9 05:41:48      1409     0.39
         0.54        7503.1         2.750    Nov  9 05:41:49      1410     0.39
         0.54        7505.9         2.760    Nov  9 05:41:50      1411     0.39
         0.54        7508.3         2.460    Nov  9 05:41:50      1411     0.39
         0.54        7510.9         2.550    Nov  9 05:41:51      1412     0.39
         0.54        7513.3         2.430    Nov  9 05:41:51      1412     0.39
         0.54        7515.8         2.440    Nov  9 05:41:52      1413     0.39
         0.54        7518.4         2.620    Nov  9 05:41:52      1413     0.39
         0.54        7520.9         2.480    Nov  9 05:41:53      1414     0.39
         0.54        7523.7         2.850    Nov  9 05:41:54      1415     0.39
         0.55        7526.3         2.590    Nov  9 05:41:54      1415     0.39
         0.55        7528.8         2.460    Nov  9 05:41:55      1416     0.39
         0.55        7531.7         2.950    Nov  9 05:41:55      1416     0.39
         0.55        7534.2         2.490    Nov  9 05:41:56      1417     0.39
         0.55        7536.6         2.380    Nov  9 05:41:56      1417     0.39
         0.55        7539.4         2.790    Nov  9 05:41:57      1418     0.39
         0.55        7541.8         2.470    Nov  9 05:41:57      1418     0.39
         0.55        7544.4         2.540    Nov  9 05:41:58      1419     0.39
         0.55        7546.9         2.490    Nov  9 05:41:59      1420     0.39
         0.55        7549.8         2.960    Nov  9 05:41:59      1420     0.39
         0.56        7552.4         2.620    Nov  9 05:42:00      1421     0.39
         0.56        7555.0         2.600    Nov  9 05:42:00      1421     0.39
         0.56        7557.7         2.680    Nov  9 05:42:01      1422     0.40
         0.56        7560.1         2.430    Nov  9 05:42:01      1422     0.40
         0.56        7562.8         2.640    Nov  9 05:42:02      1423     0.40
         0.56        7565.5         2.740    Nov  9 05:42:03      1424     0.40
         0.56        7568.0         2.480    Nov  9 05:42:03      1424     0.40
         0.56        7570.8         2.800    Nov  9 05:42:04      1425     0.40
         0.56        7573.5         2.640    Nov  9 05:42:04      1425     0.40
         0.56        7576.1         2.610    Nov  9 05:42:05      1426     0.40
         0.57        7578.9         2.790    Nov  9 05:42:06      1427     0.40
         0.57        7581.5         2.610    Nov  9 05:42:06      1427     0.40
         0.57        7584.2         2.720    Nov  9 05:42:07      1428     0.40
         0.57        7586.8         2.620    Nov  9 05:42:07      1428     0.40
         0.57        7589.4         2.640    Nov  9 05:42:08      1429     0.40
         0.57        7592.2         2.810    Nov  9 05:42:08      1429     0.40
         0.57        7594.8         2.580    Nov  9 05:42:09      1430     0.40
         0.57        7597.6         2.760    Nov  9 05:42:10      1431     0.40
         0.57        7600.2         2.650    Nov  9 05:42:10      1431     0.40
         0.57        7602.9         2.660    Nov  9 05:42:11      1432     0.40
         0.58        7605.0         2.140    Nov  9 05:42:11      1432     0.40
         0.58        7607.6         2.570    Nov  9 05:42:12      1433     0.40
         0.58        7610.4         2.770    Nov  9 05:42:12      1433     0.40
         0.58        7613.0         2.650    Nov  9 05:42:13      1434     0.40
         0.58        7615.7         2.630    Nov  9 05:42:14      1435     0.40
         0.58        7618.4         2.700    Nov  9 05:42:14      1435     0.40
         0.58        7621.2         2.850    Nov  9 05:42:15      1436     0.40
         0.58        7623.9         2.710    Nov  9 05:42:15      1436     0.40
         0.58        7626.7         2.810    Nov  9 05:42:16      1437     0.40
         0.58        7629.5         2.790    Nov  9 05:42:17      1438     0.40
         0.59        7632.4         2.860    Nov  9 05:42:17      1438     0.40
         0.59        7634.9         2.570    Nov  9 05:42:18      1439     0.40
         0.59        7637.7         2.730    Nov  9 05:42:19      1440     0.40
         0.59        7640.6         2.890    Nov  9 05:42:19      1440     0.40
         0.59        7643.1         2.520    Nov  9 05:42:20      1441     0.40
         0.59        7645.7         2.630    Nov  9 05:42:20      1441     0.40
         0.59        7648.3         2.540    Nov  9 05:42:21      1442     0.40
         0.59        7651.2         2.950    Nov  9 05:42:21      1442     0.40
         0.59        7653.8         2.600    Nov  9 05:42:22      1443     0.40
         0.59        7656.3         2.520    Nov  9 05:42:22      1443     0.40
         0.60        7659.2         2.870    Nov  9 05:42:23      1444     0.40
         0.60        7661.9         2.710    Nov  9 05:42:24      1445     0.40
         0.60        7664.6         2.700    Nov  9 05:42:24      1445     0.40
         0.60        7667.3         2.650    Nov  9 05:42:25      1446     0.40
         0.60        7670.0         2.700    Nov  9 05:42:25      1446     0.40
         0.60        7672.7         2.720    Nov  9 05:42:26      1447     0.40
         0.60        7675.2         2.510    Nov  9 05:42:27      1448     0.40
         0.60        7677.9         2.680    Nov  9 05:42:27      1448     0.40
         0.60        7680.5         2.680    Nov  9 05:42:28      1449     0.40
         0.60        7683.2         2.620    Nov  9 05:42:28      1449     0.40
         0.61        7685.9         2.690    Nov  9 05:42:29      1450     0.40
         0.61        7688.4         2.490    Nov  9 05:42:29      1450     0.40
         0.61        7691.1         2.790    Nov  9 05:42:30      1451     0.40
         0.61        7693.8         2.650    Nov  9 05:42:31      1452     0.40
         0.61        7696.3         2.550    Nov  9 05:42:31      1452     0.40
         0.61        7698.9         2.520    Nov  9 05:42:32      1453     0.40
         0.61        7701.4         2.540    Nov  9 05:42:32      1453     0.40
         0.61        7704.1         2.660    Nov  9 05:42:33      1454     0.40
         0.61        7706.8         2.740    Nov  9 05:42:33      1454     0.40
         0.61        7709.3         2.500    Nov  9 05:42:34      1455     0.40
         0.62        7711.9         2.630    Nov  9 05:42:35      1456     0.40
         0.62        7714.6         2.640    Nov  9 05:42:35      1456     0.40
         0.62        7717.2         2.600    Nov  9 05:42:36      1457     0.40
         0.62        7719.8         2.650    Nov  9 05:42:36      1457     0.40
         0.62        7722.5         2.650    Nov  9 05:42:37      1458     0.41
         0.62        7724.6         2.080    Nov  9 05:42:37      1458     0.41
         0.62        7727.0         2.490    Nov  9 05:42:38      1459     0.41
         0.62        7729.7         2.630    Nov  9 05:42:38      1459     0.41
         0.62        7732.3         2.640    Nov  9 05:42:39      1460     0.41
         0.62        7734.9         2.620    Nov  9 05:42:39      1460     0.41
         0.63        7737.5         2.550    Nov  9 05:42:40      1461     0.41
         0.63        7740.3         2.830    Nov  9 05:42:41      1462     0.41
         0.63        7742.8         2.500    Nov  9 05:42:41      1462     0.41
         0.63        7745.5         2.650    Nov  9 05:42:42      1463     0.41
         0.63        7747.5         2.050    Nov  9 05:42:42      1463     0.41
         0.63        7749.9         2.380    Nov  9 05:42:43      1464     0.41
         0.63        7752.0         2.070    Nov  9 05:42:43      1464     0.41
         0.63        7754.0         2.020    Nov  9 05:42:44      1465     0.41
         0.63        7756.5         2.480    Nov  9 05:42:44      1465     0.41
         0.63        7759.2         2.750    Nov  9 05:42:45      1466     0.41
         0.64        7761.7         2.480    Nov  9 05:42:45      1466     0.41
         0.64        7764.5         2.780    Nov  9 05:42:46      1467     0.41
         0.64        7767.0         2.540    Nov  9 05:42:47      1468     0.41
         0.64        7769.4         2.440    Nov  9 05:42:47      1468     0.41
         0.64        7772.0         2.570    Nov  9 05:42:48      1469     0.41
         0.64        7775.0         2.950    Nov  9 05:42:48      1469     0.41
         0.64        7777.7         2.760    Nov  9 05:42:49      1470     0.41
         0.64        7780.4         2.630    Nov  9 05:42:49      1470     0.41
         0.64        7783.0         2.610    Nov  9 05:42:50      1471     0.41
         0.64        7785.8         2.800    Nov  9 05:42:51      1472     0.41
         0.65        7788.2         2.440    Nov  9 05:42:51      1472     0.41
         0.65        7791.0         2.770    Nov  9 05:42:52      1473     0.41
         0.65        7793.4         2.430    Nov  9 05:42:52      1473     0.41
         0.65        7796.2         2.780    Nov  9 05:42:53      1474     0.41
         0.65        7798.8         2.610    Nov  9 05:42:54      1475     0.41
         0.65        7801.4         2.620    Nov  9 05:42:54      1475     0.41
         0.65        7804.2         2.800    Nov  9 05:42:55      1476     0.41
         0.65        7806.8         2.570    Nov  9 05:42:55      1476     0.41
         0.65        7809.5         2.750    Nov  9 05:42:56      1477     0.41
         0.65        7812.2         2.640    Nov  9 05:42:57      1478     0.41
         0.66        7814.8         2.650    Nov  9 05:42:57      1478     0.41
         0.66        7817.7         2.850    Nov  9 05:42:58      1479     0.41
         0.66        7820.4         2.770    Nov  9 05:42:58      1479     0.41
         0.66        7822.9         2.470    Nov  9 05:42:59      1480     0.41
         0.66        7825.9         2.940    Nov  9 05:43:00      1481     0.41
         0.66        7828.4         2.550    Nov  9 05:43:00      1481     0.41
         0.66        7830.9         2.500    Nov  9 05:43:01      1482     0.41
         0.66        7833.7         2.780    Nov  9 05:43:01      1482     0.41
         0.66        7836.3         2.650    Nov  9 05:43:02      1483     0.41
         0.66        7839.0         2.620    Nov  9 05:43:02      1483     0.41
         0.67        7841.6         2.630    Nov  9 05:43:03      1484     0.41
         0.67        7844.2         2.640    Nov  9 05:43:04      1485     0.41
         0.67        7846.9         2.720    Nov  9 05:43:04      1485     0.41
         0.67        7849.6         2.630    Nov  9 05:43:05      1486     0.41
         0.67        7852.4         2.800    Nov  9 05:43:05      1486     0.41
         0.67        7855.0         2.650    Nov  9 05:43:06      1487     0.41
         0.67        7857.6         2.580    Nov  9 05:43:07      1488     0.41
         0.67        7860.4         2.780    Nov  9 05:43:07      1488     0.41
         0.67        7862.5         2.120    Nov  9 05:43:08      1489     0.41
         0.67        7865.3         2.820    Nov  9 05:43:08      1489     0.41
         0.68        7868.0         2.650    Nov  9 05:43:09      1490     0.41
         0.68        7870.6         2.670    Nov  9 05:43:09      1490     0.41
         0.68        7873.5         2.830    Nov  9 05:43:10      1491     0.41
         0.68        7876.1         2.630    Nov  9 05:43:11      1492     0.41
         0.68        7878.9         2.760    Nov  9 05:43:11      1492     0.41
         0.68        7881.5         2.650    Nov  9 05:43:12      1493     0.41
         0.68        7884.2         2.660    Nov  9 05:43:12      1493     0.41
         0.68        7886.8         2.640    Nov  9 05:43:13      1494     0.41
         0.68        7889.5         2.640    Nov  9 05:43:14      1495     0.42
         0.68        7892.3         2.810    Nov  9 05:43:14      1495     0.42
         0.69        7894.9         2.650    Nov  9 05:43:15      1496     0.42
         0.69        7897.5         2.620    Nov  9 05:43:15      1496     0.42
         0.69        7900.3         2.800    Nov  9 05:43:16      1497     0.42
         0.69        7903.0         2.640    Nov  9 05:43:17      1498     0.42
         0.69        7905.8         2.790    Nov  9 05:43:17      1498     0.42
         0.69        7908.2         2.470    Nov  9 05:43:18      1499     0.42
         0.69        7910.6         2.380    Nov  9 05:43:18      1499     0.42
         0.69        7913.5         2.890    Nov  9 05:43:19      1500     0.42
         0.69        7916.3         2.750    Nov  9 05:43:19      1500     0.42
         0.69        7919.1         2.820    Nov  9 05:43:20      1501     0.42
         0.70        7921.8         2.730    Nov  9 05:43:21      1502     0.42
         0.70        7924.6         2.750    Nov  9 05:43:21      1502     0.42
         0.70        7927.4         2.800    Nov  9 05:43:22      1503     0.42
         0.70        7930.1         2.730    Nov  9 05:43:23      1504     0.42
         0.70        7932.5         2.410    Nov  9 05:43:23      1504     0.42
         0.70        7935.2         2.680    Nov  9 05:43:24      1505     0.42
         0.70        7937.7         2.470    Nov  9 05:43:24      1505     0.42
         0.70        7940.6         2.910    Nov  9 05:43:25      1506     0.42
         0.70        7943.4         2.890    Nov  9 05:43:25      1506     0.42
         0.70        7946.0         2.570    Nov  9 05:43:26      1507     0.42
         0.71        7948.8         2.750    Nov  9 05:43:27      1508     0.42
         0.71        7951.7         2.920    Nov  9 05:43:27      1508     0.42
         0.71        7954.5         2.790    Nov  9 05:43:28      1509     0.42
         0.71        7957.1         2.610    Nov  9 05:43:28      1509     0.42
         0.71        7959.8         2.720    Nov  9 05:43:29      1510     0.42
         0.71        7962.8         3.010    Nov  9 05:43:30      1511     0.42
         0.71        7965.5         2.680    Nov  9 05:43:30      1511     0.42
         0.71        7968.3         2.820    Nov  9 05:43:31      1512     0.42
         0.71        7971.3         3.020    Nov  9 05:43:31      1512     0.42
         0.71        7974.2         2.820    Nov  9 05:43:32      1513     0.42
         0.72        7977.1         2.970    Nov  9 05:43:33      1514     0.42
         0.72        7982.1         4.950    Nov  9 05:43:34      1515     0.42
         0.72        7987.0         4.910    Nov  9 05:43:34      1515     0.42
         0.72        7991.9         4.900    Nov  9 05:43:35      1516     0.42
         0.72        7996.8         4.910    Nov  9 05:43:36      1517     0.42
         0.72        8001.7         4.900    Nov  9 05:43:37      1518     0.42
         0.72        8006.6         4.850    Nov  9 05:43:38      1519     0.42
         0.72        8010.5         3.950    Nov  9 05:43:39      1520     0.42
         0.72        8015.1         4.650    Nov  9 05:43:40      1521     0.42
         0.72        8019.9         4.780    Nov  9 05:43:41      1522     0.42
         0.73        8024.7         4.780    Nov  9 05:43:41      1522     0.42
         0.73        8027.1         2.380    Nov  9 05:43:42      1523     0.42
         0.73        8030.1         2.970    Nov  9 05:43:42      1523     0.42
         0.73        8032.7         2.660    Nov  9 05:43:43      1524     0.42
         0.73        8034.9         2.200    Nov  9 05:43:43      1524     0.42
         0.73        8037.3         2.350    Nov  9 05:43:44      1525     0.42
         0.73        8039.6         2.300    Nov  9 05:43:45      1526     0.42
         0.73        8041.8         2.210    Nov  9 05:43:45      1526     0.42
         0.73        8044.7         2.920    Nov  9 05:43:46      1527     0.42
         0.73        8047.7         3.030    Nov  9 05:43:46      1527     0.42
         0.74        8050.2         2.450    Nov  9 05:43:47      1528     0.42
         0.74        8053.2         3.000    Nov  9 05:43:48      1529     0.42
         0.74        8056.0         2.860    Nov  9 05:43:48      1529     0.42
         0.74        8058.4         2.340    Nov  9 05:43:49      1530     0.42
         0.74        8060.9         2.540    Nov  9 05:43:49      1530     0.42
         0.74        8064.0         3.060    Nov  9 05:43:50      1531     0.43
         0.74        8066.8         2.790    Nov  9 05:43:51      1532     0.43
         0.74        8069.6         2.820    Nov  9 05:43:51      1532     0.43
         0.74        8072.5         2.880    Nov  9 05:43:52      1533     0.43
         0.74        8075.3         2.860    Nov  9 05:43:53      1534     0.43
         0.75        8078.0         2.680    Nov  9 05:43:53      1534     0.43
         0.75        8080.9         2.860    Nov  9 05:43:54      1535     0.43
         0.75        8083.7         2.840    Nov  9 05:43:54      1535     0.43
         0.75        8086.3         2.550    Nov  9 05:43:55      1536     0.43
         0.75        8089.1         2.810    Nov  9 05:43:55      1536     0.43
         0.75        8091.8         2.700    Nov  9 05:43:56      1537     0.43
         0.75        8094.5         2.720    Nov  9 05:43:57      1538     0.43
         0.75        8097.1         2.630    Nov  9 05:43:57      1538     0.43
         0.75        8100.0         2.870    Nov  9 05:43:58      1539     0.43
         0.75        8102.8         2.850    Nov  9 05:43:58      1539     0.43
         0.76        8105.7         2.860    Nov  9 05:43:59      1540     0.43
         0.76        8108.2         2.550    Nov  9 05:44:00      1541     0.43
         0.76        8111.0         2.730    Nov  9 05:44:00      1541     0.43
         0.76        8113.7         2.750    Nov  9 05:44:01      1542     0.43
         0.76        8116.3         2.590    Nov  9 05:44:01      1542     0.43
         0.76        8119.0         2.700    Nov  9 05:44:02      1543     0.43
         0.76        8121.9         2.900    Nov  9 05:44:03      1544     0.43
         0.76        8124.8         2.840    Nov  9 05:44:03      1544     0.43
         0.76        8127.4         2.650    Nov  9 05:44:04      1545     0.43
         0.76        8129.8         2.370    Nov  9 05:44:04      1545     0.43
         0.77        8132.6         2.870    Nov  9 05:44:05      1546     0.43
         0.77        8135.4         2.720    Nov  9 05:44:05      1546     0.43
         0.77        8138.0         2.640    Nov  9 05:44:06      1547     0.43
         0.77        8140.7         2.680    Nov  9 05:44:07      1548     0.43
         0.77        8143.4         2.700    Nov  9 05:44:07      1548     0.43
         0.77        8146.1         2.700    Nov  9 05:44:08      1549     0.43
         0.77        8148.9         2.820    Nov  9 05:44:08      1549     0.43
         0.77        8151.6         2.680    Nov  9 05:44:09      1550     0.43
         0.77        8154.2         2.610    Nov  9 05:44:10      1551     0.43
         0.77        8156.9         2.670    Nov  9 05:44:10      1551     0.43
         0.78        8159.3         2.470    Nov  9 05:44:11      1552     0.43
         0.78        8162.3         3.000    Nov  9 05:44:11      1552     0.43
         0.78        8165.0         2.650    Nov  9 05:44:12      1553     0.43
         0.78        8167.5         2.500    Nov  9 05:44:12      1553     0.43
         0.78        8170.1         2.620    Nov  9 05:44:13      1554     0.43
         0.78        8172.9         2.840    Nov  9 05:44:14      1555     0.43
         0.78        8175.4         2.500    Nov  9 05:44:14      1555     0.43
         0.78        8178.0         2.570    Nov  9 05:44:15      1556     0.43
         0.78        8180.6         2.580    Nov  9 05:44:15      1556     0.43
         0.78        8183.2         2.640    Nov  9 05:44:16      1557     0.43
         0.79        8185.7         2.470    Nov  9 05:44:16      1557     0.43
         0.79        8188.6         2.870    Nov  9 05:44:17      1558     0.43
         0.79        8191.3         2.740    Nov  9 05:44:18      1559     0.43
         0.79        8193.8         2.490    Nov  9 05:44:18      1559     0.43
         0.79        8196.6         2.790    Nov  9 05:44:19      1560     0.43
         0.79        8198.6         1.990    Nov  9 05:44:19      1560     0.43
         0.79        8200.9         2.320    Nov  9 05:44:20      1561     0.43
         0.79        8203.9         2.950    Nov  9 05:44:20      1561     0.43
         0.79        8206.5         2.640    Nov  9 05:44:21      1562     0.43
         0.79        8208.9         2.380    Nov  9 05:44:21      1562     0.43
         0.80        8211.8         2.930    Nov  9 05:44:22      1563     0.43
         0.80        8214.6         2.780    Nov  9 05:44:23      1564     0.43
         0.80        8217.0         2.450    Nov  9 05:44:23      1564     0.43
         0.80        8219.8         2.710    Nov  9 05:44:24      1565     0.43
         0.80        8221.9         2.130    Nov  9 05:44:24      1565     0.43
         0.80        8224.2         2.350    Nov  9 05:44:25      1566     0.43
         0.80        8227.0         2.740    Nov  9 05:44:26      1567     0.44
         0.80        8229.3         2.290    Nov  9 05:44:26      1567     0.44
         0.80        8231.8         2.560    Nov  9 05:44:27      1568     0.44
         0.80        8234.4         2.550    Nov  9 05:44:27      1568     0.44
         0.81        8236.9         2.530    Nov  9 05:44:28      1569     0.44
         0.81        8239.5         2.650    Nov  9 05:44:28      1569     0.44
         0.81        8242.0         2.420    Nov  9 05:44:29      1570     0.44
         0.81        8244.7         2.750    Nov  9 05:44:29      1570     0.44
         0.81        8247.4         2.630    Nov  9 05:44:30      1571     0.44
         0.81        8249.8         2.400    Nov  9 05:44:30      1571     0.44
         0.81        8252.5         2.750    Nov  9 05:44:31      1572     0.44
         0.81        8255.2         2.740    Nov  9 05:44:32      1573     0.44
         0.81        8258.0         2.740    Nov  9 05:44:32      1573     0.44
         0.81        8260.5         2.560    Nov  9 05:44:33      1574     0.44
         0.82        8263.3         2.740    Nov  9 05:44:34      1575     0.44
         0.82        8265.9         2.580    Nov  9 05:44:34      1575     0.44
         0.82        8268.3         2.440    Nov  9 05:44:35      1576     0.44
         0.82        8271.0         2.660    Nov  9 05:44:35      1576     0.44
         0.82        8273.5         2.580    Nov  9 05:44:36      1577     0.44
         0.82        8276.3         2.790    Nov  9 05:44:36      1577     0.44
         0.82        8278.8         2.500    Nov  9 05:44:37      1578     0.44
         0.82        8281.4         2.610    Nov  9 05:44:38      1579     0.44
         0.82        8284.2         2.730    Nov  9 05:44:38      1579     0.44
         0.82        8286.8         2.620    Nov  9 05:44:39      1580     0.44
         0.83        8289.5         2.730    Nov  9 05:44:39      1580     0.44
         0.83        8291.8         2.300    Nov  9 05:44:40      1581     0.44
         0.83        8294.4         2.560    Nov  9 05:44:40      1581     0.44
         0.83        8297.1         2.750    Nov  9 05:44:41      1582     0.44
         0.83        8299.5         2.380    Nov  9 05:44:42      1583     0.44
         0.83        8302.2         2.730    Nov  9 05:44:42      1583     0.44
         0.83        8304.8         2.560    Nov  9 05:44:43      1584     0.44
         0.83        8307.5         2.710    Nov  9 05:44:43      1584     0.44
         0.83        8310.0         2.510    Nov  9 05:44:44      1585     0.44
         0.83        8312.6         2.540    Nov  9 05:44:44      1585     0.44
         0.84        8314.9         2.300    Nov  9 05:44:45      1586     0.44
         0.84        8317.3         2.400    Nov  9 05:44:46      1587     0.44
         0.84        8319.8         2.490    Nov  9 05:44:46      1587     0.44
         0.84        8322.3         2.580    Nov  9 05:44:47      1588     0.44
         0.84        8324.9         2.570    Nov  9 05:44:47      1588     0.44
         0.84        8327.4         2.510    Nov  9 05:44:48      1589     0.44
         0.84        8329.8         2.400    Nov  9 05:44:48      1589     0.44
         0.84        8332.3         2.490    Nov  9 05:44:49      1590     0.44
         0.84        8335.0         2.650    Nov  9 05:44:49      1590     0.44
         0.84        8337.3         2.340    Nov  9 05:44:50      1591     0.44
         0.85        8339.6         2.350    Nov  9 05:44:50      1591     0.44
         0.85        8342.2         2.610    Nov  9 05:44:51      1592     0.44
         0.85        8344.7         2.490    Nov  9 05:44:52      1593     0.44
         0.85        8347.4         2.640    Nov  9 05:44:52      1593     0.44
         0.85        8349.8         2.450    Nov  9 05:44:53      1594     0.44
         0.85        8352.3         2.460    Nov  9 05:44:53      1594     0.44
         0.85        8354.9         2.660    Nov  9 05:44:54      1595     0.44
         0.85        8357.3         2.340    Nov  9 05:44:54      1595     0.44
         0.85        8359.7         2.440    Nov  9 05:44:55      1596     0.44
         0.85        8362.1         2.410    Nov  9 05:44:55      1596     0.44
         0.86        8364.6         2.490    Nov  9 05:44:56      1597     0.44
         0.86        8367.1         2.470    Nov  9 05:44:57      1598     0.44
         0.86        8369.7         2.610    Nov  9 05:44:57      1598     0.44
         0.86        8372.2         2.490    Nov  9 05:44:58      1599     0.44
         0.86        8374.8         2.630    Nov  9 05:44:58      1599     0.44
         0.86        8377.3         2.480    Nov  9 05:44:59      1600     0.44
         0.86        8379.9         2.600    Nov  9 05:44:59      1600     0.44
         0.86        8382.4         2.450    Nov  9 05:45:00      1601     0.44
         0.86        8384.7         2.310    Nov  9 05:45:00      1601     0.44
         0.86        8387.2         2.530    Nov  9 05:45:01      1602     0.45
         0.87        8389.6         2.450    Nov  9 05:45:02      1603     0.45
         0.87        8392.3         2.630    Nov  9 05:45:02      1603     0.45
         0.87        8394.8         2.500    Nov  9 05:45:03      1604     0.45
         0.87        8397.2         2.400    Nov  9 05:45:03      1604     0.45
         0.87        8399.8         2.630    Nov  9 05:45:04      1605     0.45
         0.87        8402.2         2.360    Nov  9 05:45:04      1605     0.45
         0.87        8404.7         2.500    Nov  9 05:45:05      1606     0.45
         0.87        8407.0         2.300    Nov  9 05:45:06      1607     0.45
         0.87        8409.5         2.490    Nov  9 05:45:06      1607     0.45
         0.87        8412.1         2.690    Nov  9 05:45:07      1608     0.45
         0.88        8414.5         2.370    Nov  9 05:45:07      1608     0.45
         0.88        8417.0         2.470    Nov  9 05:45:08      1609     0.45
         0.88        8419.5         2.490    Nov  9 05:45:08      1609     0.45
         0.88        8422.0         2.520    Nov  9 05:45:09      1610     0.45
         0.88        8424.7         2.660    Nov  9 05:45:09      1610     0.45
         0.88        8427.0         2.340    Nov  9 05:45:10      1611     0.45
         0.88        8429.1         2.120    Nov  9 05:45:10      1611     0.45
         0.88        8431.3         2.150    Nov  9 05:45:11      1612     0.45
         0.88        8433.6         2.380    Nov  9 05:45:12      1613     0.45
         0.88        8436.0         2.370    Nov  9 05:45:12      1613     0.45
         0.89        8438.5         2.480    Nov  9 05:45:13      1614     0.45
         0.89        8441.0         2.530    Nov  9 05:45:13      1614     0.45
         0.89        8443.7         2.650    Nov  9 05:45:14      1615     0.45
         0.89        8446.0         2.350    Nov  9 05:45:14      1615     0.45
         0.89        8448.8         2.760    Nov  9 05:45:15      1616     0.45
         0.89        8451.3         2.470    Nov  9 05:45:15      1616     0.45
         0.89        8453.0         1.770    Nov  9 05:45:16      1617     0.45
         0.89        8455.1         2.020    Nov  9 05:45:16      1617     0.45
         0.89        8457.5         2.410    Nov  9 05:45:17      1618     0.45
         0.89        8459.9         2.480    Nov  9 05:45:17      1618     0.45
         0.90        8462.4         2.490    Nov  9 05:45:18      1619     0.45
         0.90        8464.9         2.490    Nov  9 05:45:18      1619     0.45
         0.90        8467.5         2.610    Nov  9 05:45:19      1620     0.45
         0.90        8469.9         2.320    Nov  9 05:45:20      1621     0.45
         0.90        8472.5         2.630    Nov  9 05:45:20      1621     0.45
         0.90        8474.8         2.310    Nov  9 05:45:21      1622     0.45
         0.90        8477.0         2.210    Nov  9 05:45:21      1622     0.45
         0.90        8479.8         2.820    Nov  9 05:45:22      1623     0.45
         0.90        8482.3         2.500    Nov  9 05:45:22      1623     0.45
         0.90        8484.7         2.360    Nov  9 05:45:23      1624     0.45
         0.91        8487.1         2.450    Nov  9 05:45:23      1624     0.45
         0.91        8489.8         2.670    Nov  9 05:45:24      1625     0.45
         0.91        8492.3         2.510    Nov  9 05:45:25      1626     0.45
         0.91        8494.8         2.530    Nov  9 05:45:25      1626     0.45
         0.91        8497.3         2.500    Nov  9 05:45:26      1627     0.45
         0.91        8499.8         2.420    Nov  9 05:45:26      1627     0.45
         0.91        8502.2         2.470    Nov  9 05:45:27      1628     0.45
         0.91        8504.6         2.370    Nov  9 05:45:27      1628     0.45
         0.91        8507.4         2.800    Nov  9 05:45:28      1629     0.45
         0.91        8510.1         2.670    Nov  9 05:45:29      1630     0.45
         0.92        8512.4         2.360    Nov  9 05:45:29      1630     0.45
         0.92        8515.1         2.690    Nov  9 05:45:30      1631     0.45
         0.92        8517.8         2.650    Nov  9 05:45:30      1631     0.45
         0.92        8520.3         2.520    Nov  9 05:45:31      1632     0.45
         0.92        8522.7         2.450    Nov  9 05:45:31      1632     0.45
         0.92        8525.3         2.520    Nov  9 05:45:32      1633     0.45
         0.92        8527.7         2.480    Nov  9 05:45:32      1633     0.45
         0.92        8530.3         2.530    Nov  9 05:45:33      1634     0.45
         0.92        8532.8         2.540    Nov  9 05:45:34      1635     0.45
         0.92        8535.3         2.530    Nov  9 05:45:34      1635     0.45
         0.93        8537.8         2.420    Nov  9 05:45:35      1636     0.45
         0.93        8540.3         2.530    Nov  9 05:45:35      1636     0.45
         0.93        8542.6         2.350    Nov  9 05:45:36      1637     0.45
         0.93        8545.1         2.510    Nov  9 05:45:36      1637     0.45
         0.93        8547.6         2.470    Nov  9 05:45:37      1638     0.46
         0.93        8550.0         2.360    Nov  9 05:45:37      1638     0.46
         0.93        8552.6         2.660    Nov  9 05:45:38      1639     0.46
         0.93        8555.2         2.520    Nov  9 05:45:38      1639     0.46
         0.93        8557.5         2.330    Nov  9 05:45:39      1640     0.46
         0.93        8560.4         2.880    Nov  9 05:45:40      1641     0.46
         0.94        8563.1         2.730    Nov  9 05:45:40      1641     0.46
         0.94        8565.7         2.610    Nov  9 05:45:41      1642     0.46
         0.94        8568.2         2.500    Nov  9 05:45:41      1642     0.46
         0.94        8570.8         2.540    Nov  9 05:45:42      1643     0.46
         0.94        8573.3         2.550    Nov  9 05:45:43      1644     0.46
         0.94        8575.7         2.440    Nov  9 05:45:43      1644     0.46
         0.94        8578.3         2.530    Nov  9 05:45:44      1645     0.46
         0.94        8580.8         2.540    Nov  9 05:45:44      1645     0.46
         0.94        8583.3         2.500    Nov  9 05:45:45      1646     0.46
         0.94        8585.8         2.480    Nov  9 05:45:45      1646     0.46
         0.95        8588.5         2.680    Nov  9 05:45:46      1647     0.46
         0.95        8591.1         2.670    Nov  9 05:45:47      1648     0.46
         0.95        8593.7         2.560    Nov  9 05:45:47      1648     0.46
         0.95        8596.4         2.710    Nov  9 05:45:48      1649     0.46
         0.95        8599.0         2.580    Nov  9 05:45:48      1649     0.46
         0.95        8601.6         2.570    Nov  9 05:45:49      1650     0.46
         0.95        8604.2         2.690    Nov  9 05:45:49      1650     0.46
         0.95        8606.6         2.380    Nov  9 05:45:50      1651     0.46
         0.95        8609.2         2.550    Nov  9 05:45:51      1652     0.46
         0.95        8611.8         2.590    Nov  9 05:45:51      1652     0.46
         0.96        8614.3         2.490    Nov  9 05:45:52      1653     0.46
         0.96        8616.8         2.530    Nov  9 05:45:52      1653     0.46
         0.96        8619.4         2.610    Nov  9 05:45:53      1654     0.46
         0.96        8622.0         2.610    Nov  9 05:45:53      1654     0.46
         0.96        8624.6         2.590    Nov  9 05:45:54      1655     0.46
         0.96        8627.1         2.540    Nov  9 05:45:54      1655     0.46
         0.96        8629.8         2.670    Nov  9 05:45:55      1656     0.46
         0.96        8632.3         2.500    Nov  9 05:45:56      1657     0.46
         0.96        8634.8         2.520    Nov  9 05:45:56      1657     0.46
         0.96        8636.6         1.810    Nov  9 05:45:57      1658     0.46
         0.97        8639.1         2.440    Nov  9 05:45:57      1658     0.46
         0.97        8641.7         2.640    Nov  9 05:45:58      1659     0.46
         0.97        8644.1         2.340    Nov  9 05:45:58      1659     0.46
         0.97        8646.7         2.610    Nov  9 05:45:59      1660     0.46
         0.97        8649.3         2.630    Nov  9 05:46:00      1661     0.46
         0.97        8651.6         2.310    Nov  9 05:46:00      1661     0.46
         0.97        8654.3         2.650    Nov  9 05:46:01      1662     0.46
         0.97        8656.7         2.440    Nov  9 05:46:01      1662     0.46
         0.97        8659.0         2.310    Nov  9 05:46:02      1663     0.46
         0.97        8661.4         2.430    Nov  9 05:46:02      1663     0.46
         0.98        8663.9         2.490    Nov  9 05:46:03      1664     0.46
         0.98        8666.4         2.470    Nov  9 05:46:03      1664     0.46
         0.98        8669.0         2.630    Nov  9 05:46:04      1665     0.46
         0.98        8671.4         2.340    Nov  9 05:46:04      1665     0.46
         0.98        8673.8         2.450    Nov  9 05:46:05      1666     0.46
         0.98        8676.3         2.490    Nov  9 05:46:05      1666     0.46
         0.98        8678.8         2.470    Nov  9 05:46:06      1667     0.46
         0.98        8681.3         2.490    Nov  9 05:46:07      1668     0.46
         0.98        8683.9         2.580    Nov  9 05:46:07      1668     0.46
         0.98        8686.2         2.330    Nov  9 05:46:08      1669     0.46
         0.99        8688.9         2.690    Nov  9 05:46:08      1669     0.46
         0.99        8691.5         2.670    Nov  9 05:46:09      1670     0.46
         0.99        8693.9         2.360    Nov  9 05:46:09      1670     0.46
         0.99        8696.5         2.640    Nov  9 05:46:10      1671     0.46
         0.99        8698.9         2.360    Nov  9 05:46:10      1671     0.46
         0.99        8701.4         2.500    Nov  9 05:46:11      1672     0.46
         0.99        8704.0         2.560    Nov  9 05:46:12      1673     0.46
         0.99        8706.4         2.470    Nov  9 05:46:12      1673     0.46
         0.99        8709.0         2.570    Nov  9 05:46:13      1674     0.47
         0.99        8711.6         2.560    Nov  9 05:46:13      1674     0.47
         0.99        8714.1         2.550    Nov  9 05:46:14      1675     0.47
         1.00        8716.5         2.350    Nov  9 05:46:14      1675     0.47
         1.00        8719.2         2.700    Nov  9 05:46:15      1676     0.47
         1.00        8721.7         2.540    Nov  9 05:46:15      1676     0.47
         1.00        8724.2         2.540    Nov  9 05:46:16      1677     0.47
         1.00        8726.9         2.640    Nov  9 05:46:17      1678     0.47
