#    Start: ------ Host: "jupiterace" ----------Wed Nov  9 01:36:51 2022

#    Time[fs]   CPU-time[s]     Delta-CPU    Real time        RealT[s]     [h]
#       -0.00           5.3                  Nov  9 01:36:55         0     0.00
         0.00         132.9       127.620    Nov  9 01:37:19        24     0.01
         0.00         318.0       185.020    Nov  9 01:37:56        61     0.02
         0.00         486.7       168.740    Nov  9 01:38:30        95     0.03
         0.00         645.7       159.030    Nov  9 01:39:01       126     0.04
         0.00         798.4       152.670    Nov  9 01:39:32       157     0.04
         0.01         946.0       147.600    Nov  9 01:40:01       186     0.05
         0.01        1088.2       142.190    Nov  9 01:40:29       214     0.06
         0.01        1225.5       137.360    Nov  9 01:40:57       242     0.07
         0.01        1355.0       129.460    Nov  9 01:41:23       268     0.07
         0.01        1481.9       126.860    Nov  9 01:41:48       293     0.08
         0.01        1604.6       122.740    Nov  9 01:42:12       317     0.09
         0.01        1718.7       114.090    Nov  9 01:42:35       340     0.09
         0.01        1827.8       109.110    Nov  9 01:42:57       362     0.10
         0.01        1932.4       104.610    Nov  9 01:43:18       383     0.11
         0.01        2035.0       102.570    Nov  9 01:43:38       403     0.11
         0.02        2134.0        99.020    Nov  9 01:43:58       423     0.12
         0.02        2228.2        94.230    Nov  9 01:44:17       442     0.12
         0.02        2321.2        92.960    Nov  9 01:44:35       460     0.13
         0.02        2411.8        90.560    Nov  9 01:44:53       478     0.13
         0.02        2496.2        84.440    Nov  9 01:45:10       495     0.14
         0.02        2577.8        81.580    Nov  9 01:45:26       511     0.14
         0.02        2654.8        77.050    Nov  9 01:45:42       527     0.15
         0.02        2730.2        75.320    Nov  9 01:45:57       542     0.15
         0.02        2803.9        73.730    Nov  9 01:46:11       556     0.15
         0.02        2875.5        71.610    Nov  9 01:46:26       571     0.16
         0.02        2946.0        70.530    Nov  9 01:46:40       585     0.16
         0.03        3013.5        67.470    Nov  9 01:46:53       598     0.17
         0.03        3079.1        65.620    Nov  9 01:47:06       611     0.17
         0.03        3142.7        63.590    Nov  9 01:47:19       624     0.17
         0.03        3203.8        61.130    Nov  9 01:47:31       636     0.18
         0.03        3261.7        57.870    Nov  9 01:47:43       648     0.18
         0.03        3317.1        55.430    Nov  9 01:47:54       659     0.18
         0.03        3372.8        55.630    Nov  9 01:48:05       670     0.19
         0.03        3426.9        54.140    Nov  9 01:48:16       681     0.19
         0.03        3478.2        51.270    Nov  9 01:48:26       691     0.19
         0.04        3530.4        52.250    Nov  9 01:48:36       701     0.19
         0.04        3580.2        49.830    Nov  9 01:48:46       711     0.20
         0.04        3630.2        49.970    Nov  9 01:48:56       721     0.20
         0.04        3678.2        47.990    Nov  9 01:49:06       731     0.20
         0.04        3723.5        45.280    Nov  9 01:49:15       740     0.21
         0.04        3768.9        45.400    Nov  9 01:49:24       749     0.21
         0.04        3811.1        42.240    Nov  9 01:49:32       757     0.21
         0.04        3853.1        41.950    Nov  9 01:49:40       765     0.21
         0.04        3893.8        40.720    Nov  9 01:49:48       773     0.21
         0.04        3934.9        41.120    Nov  9 01:49:57       782     0.22
         0.05        3973.9        38.950    Nov  9 01:50:04       789     0.22
         0.05        4012.6        38.740    Nov  9 01:50:12       797     0.22
         0.05        4049.2        36.610    Nov  9 01:50:19       804     0.22
         0.05        4084.5        35.330    Nov  9 01:50:26       811     0.23
         0.05        4120.6        36.100    Nov  9 01:50:33       818     0.23
         0.05        4154.7        34.010    Nov  9 01:50:40       825     0.23
         0.05        4187.3        32.610    Nov  9 01:50:47       832     0.23
         0.05        4220.8        33.520    Nov  9 01:50:53       838     0.23
         0.05        4252.0        31.230    Nov  9 01:51:00       845     0.23
         0.05        4283.2        31.180    Nov  9 01:51:06       851     0.24
         0.06        4314.0        30.780    Nov  9 01:51:12       857     0.24
         0.06        4343.1        29.080    Nov  9 01:51:18       863     0.24
         0.06        4371.9        28.820    Nov  9 01:51:24       869     0.24
         0.06        4400.6        28.730    Nov  9 01:51:29       874     0.24
         0.06        4427.0        26.380    Nov  9 01:51:35       880     0.24
         0.06        4453.8        26.780    Nov  9 01:51:40       885     0.25
         0.06        4480.2        26.460    Nov  9 01:51:45       890     0.25
         0.06        4506.2        26.010    Nov  9 01:51:51       896     0.25
         0.06        4530.4        24.130    Nov  9 01:51:55       900     0.25
         0.06        4554.0        23.650    Nov  9 01:52:00       905     0.25
         0.07        4577.9        23.840    Nov  9 01:52:05       910     0.25
         0.07        4602.1        24.280    Nov  9 01:52:10       915     0.25
         0.07        4625.9        23.790    Nov  9 01:52:15       920     0.26
         0.07        4647.4        21.440    Nov  9 01:52:19       924     0.26
         0.07        4669.2        21.790    Nov  9 01:52:23       928     0.26
         0.07        4691.0        21.840    Nov  9 01:52:28       933     0.26
         0.07        4712.8        21.800    Nov  9 01:52:32       937     0.26
         0.07        4734.1        21.250    Nov  9 01:52:36       941     0.26
         0.07        4753.0        18.930    Nov  9 01:52:40       945     0.26
         0.07        4772.2        19.200    Nov  9 01:52:44       949     0.26
         0.08        4792.1        19.930    Nov  9 01:52:48       953     0.26
         0.08        4811.8        19.690    Nov  9 01:52:52       957     0.27
         0.08        4831.6        19.750    Nov  9 01:52:56       961     0.27
         0.08        4850.9        19.360    Nov  9 01:53:00       965     0.27
         0.08        4868.5        17.560    Nov  9 01:53:03       968     0.27
         0.08        4885.6        17.110    Nov  9 01:53:07       972     0.27
         0.08        4903.1        17.500    Nov  9 01:53:10       975     0.27
         0.08        4920.6        17.490    Nov  9 01:53:14       979     0.27
         0.08        4937.8        17.240    Nov  9 01:53:17       982     0.27
         0.08        4954.8        16.970    Nov  9 01:53:21       986     0.27
         0.09        4972.2        17.470    Nov  9 01:53:24       989     0.27
         0.09        4987.6        15.380    Nov  9 01:53:28       993     0.28
         0.09        5002.5        14.880    Nov  9 01:53:31       996     0.28
         0.09        5017.4        14.940    Nov  9 01:53:34       999     0.28
         0.09        5032.5        15.040    Nov  9 01:53:37      1002     0.28
         0.09        5047.7        15.240    Nov  9 01:53:40      1005     0.28
         0.09        5062.9        15.220    Nov  9 01:53:43      1008     0.28
         0.09        5078.3        15.320    Nov  9 01:53:46      1011     0.28
         0.09        5093.6        15.300    Nov  9 01:53:49      1014     0.28
         0.09        5106.2        12.620    Nov  9 01:53:51      1016     0.28
         0.10        5119.0        12.780    Nov  9 01:53:54      1019     0.28
         0.10        5131.7        12.770    Nov  9 01:53:57      1022     0.28
         0.10        5145.0        13.240    Nov  9 01:53:59      1024     0.28
         0.10        5157.3        12.350    Nov  9 01:54:02      1027     0.29
         0.10        5170.1        12.770    Nov  9 01:54:04      1029     0.29
         0.10        5182.7        12.620    Nov  9 01:54:07      1032     0.29
         0.10        5195.4        12.720    Nov  9 01:54:09      1034     0.29
         0.10        5208.2        12.770    Nov  9 01:54:12      1037     0.29
         0.10        5221.1        12.860    Nov  9 01:54:15      1040     0.29
         0.10        5231.5        10.430    Nov  9 01:54:17      1042     0.29
         0.11        5242.3        10.830    Nov  9 01:54:19      1044     0.29
         0.11        5252.6        10.260    Nov  9 01:54:21      1046     0.29
         0.11        5263.1        10.550    Nov  9 01:54:23      1048     0.29
         0.11        5273.9        10.720    Nov  9 01:54:25      1050     0.29
         0.11        5284.3        10.470    Nov  9 01:54:27      1052     0.29
         0.11        5295.1        10.820    Nov  9 01:54:29      1054     0.29
         0.11        5305.7        10.520    Nov  9 01:54:32      1057     0.29
         0.11        5316.4        10.690    Nov  9 01:54:34      1059     0.29
         0.11        5327.2        10.820    Nov  9 01:54:36      1061     0.29
         0.11        5337.3        10.130    Nov  9 01:54:38      1063     0.30
         0.12        5348.0        10.660    Nov  9 01:54:40      1065     0.30
         0.12        5358.2        10.280    Nov  9 01:54:42      1067     0.30
         0.12        5369.1        10.870    Nov  9 01:54:44      1069     0.30
         0.12        5377.8         8.690    Nov  9 01:54:46      1071     0.30
         0.12        5385.9         8.090    Nov  9 01:54:48      1073     0.30
         0.12        5394.5         8.640    Nov  9 01:54:50      1075     0.30
         0.12        5403.2         8.650    Nov  9 01:54:51      1076     0.30
         0.12        5411.3         8.140    Nov  9 01:54:53      1078     0.30
         0.12        5420.2         8.840    Nov  9 01:54:55      1080     0.30
         0.12        5429.0         8.830    Nov  9 01:54:57      1082     0.30
         0.13        5437.8         8.760    Nov  9 01:54:58      1083     0.30
         0.13        5446.6         8.800    Nov  9 01:55:00      1085     0.30
         0.13        5454.9         8.330    Nov  9 01:55:02      1087     0.30
         0.13        5463.4         8.520    Nov  9 01:55:04      1089     0.30
         0.13        5472.2         8.790    Nov  9 01:55:05      1090     0.30
         0.13        5481.0         8.780    Nov  9 01:55:07      1092     0.30
         0.13        5489.7         8.740    Nov  9 01:55:09      1094     0.30
         0.13        5498.6         8.830    Nov  9 01:55:11      1096     0.30
         0.13        5507.4         8.880    Nov  9 01:55:12      1097     0.30
         0.13        5516.4         8.940    Nov  9 01:55:14      1099     0.31
         0.14        5525.3         8.940    Nov  9 01:55:16      1101     0.31
         0.14        5531.5         6.190    Nov  9 01:55:17      1102     0.31
         0.14        5538.0         6.510    Nov  9 01:55:19      1104     0.31
         0.14        5544.5         6.530    Nov  9 01:55:20      1105     0.31
         0.14        5551.2         6.650    Nov  9 01:55:21      1106     0.31
         0.14        5557.7         6.460    Nov  9 01:55:23      1108     0.31
         0.14        5564.3         6.610    Nov  9 01:55:24      1109     0.31
         0.14        5570.9         6.690    Nov  9 01:55:25      1110     0.31
         0.14        5577.6         6.620    Nov  9 01:55:27      1112     0.31
         0.14        5584.0         6.440    Nov  9 01:55:28      1113     0.31
         0.15        5590.6         6.610    Nov  9 01:55:29      1114     0.31
         0.15        5597.2         6.620    Nov  9 01:55:31      1116     0.31
         0.15        5603.9         6.700    Nov  9 01:55:32      1117     0.31
         0.15        5610.4         6.420    Nov  9 01:55:33      1118     0.31
         0.15        5617.0         6.670    Nov  9 01:55:35      1120     0.31
         0.15        5623.7         6.660    Nov  9 01:55:36      1121     0.31
         0.15        5630.3         6.600    Nov  9 01:55:37      1122     0.31
         0.15        5636.6         6.340    Nov  9 01:55:38      1123     0.31
         0.15        5643.2         6.570    Nov  9 01:55:40      1125     0.31
         0.15        5649.9         6.660    Nov  9 01:55:41      1126     0.31
         0.16        5656.5         6.620    Nov  9 01:55:42      1127     0.31
         0.16        5662.6         6.150    Nov  9 01:55:44      1129     0.31
         0.16        5669.2         6.600    Nov  9 01:55:45      1130     0.31
         0.16        5675.8         6.600    Nov  9 01:55:46      1131     0.31
         0.16        5682.4         6.610    Nov  9 01:55:48      1133     0.31
         0.16        5688.5         6.090    Nov  9 01:55:49      1134     0.32
         0.16        5695.1         6.520    Nov  9 01:55:50      1135     0.32
         0.16        5701.7         6.660    Nov  9 01:55:52      1137     0.32
         0.16        5708.3         6.600    Nov  9 01:55:53      1138     0.32
         0.16        5714.9         6.610    Nov  9 01:55:54      1139     0.32
         0.17        5721.5         6.590    Nov  9 01:55:56      1141     0.32
         0.17        5728.1         6.600    Nov  9 01:55:57      1142     0.32
         0.17        5732.6         4.450    Nov  9 01:55:58      1143     0.32
         0.17        5736.7         4.150    Nov  9 01:55:59      1144     0.32
         0.17        5741.0         4.330    Nov  9 01:56:00      1145     0.32
         0.17        5745.4         4.400    Nov  9 01:56:00      1145     0.32
         0.17        5749.8         4.330    Nov  9 01:56:01      1146     0.32
         0.17        5754.2         4.390    Nov  9 01:56:02      1147     0.32
         0.17        5758.6         4.420    Nov  9 01:56:03      1148     0.32
         0.17        5762.8         4.220    Nov  9 01:56:04      1149     0.32
         0.18        5767.1         4.310    Nov  9 01:56:05      1150     0.32
         0.18        5771.4         4.290    Nov  9 01:56:06      1151     0.32
         0.18        5775.8         4.380    Nov  9 01:56:07      1152     0.32
         0.18        5780.1         4.280    Nov  9 01:56:07      1152     0.32
         0.18        5784.2         4.140    Nov  9 01:56:08      1153     0.32
         0.18        5788.5         4.310    Nov  9 01:56:09      1154     0.32
         0.18        5792.8         4.310    Nov  9 01:56:10      1155     0.32
         0.18        5797.3         4.450    Nov  9 01:56:11      1156     0.32
         0.18        5801.7         4.440    Nov  9 01:56:12      1157     0.32
         0.18        5806.1         4.370    Nov  9 01:56:13      1158     0.32
         0.19        5810.0         3.920    Nov  9 01:56:14      1159     0.32
         0.19        5814.2         4.200    Nov  9 01:56:14      1159     0.32
         0.19        5818.6         4.390    Nov  9 01:56:15      1160     0.32
         0.19        5823.0         4.430    Nov  9 01:56:16      1161     0.32
         0.19        5827.4         4.350    Nov  9 01:56:17      1162     0.32
         0.19        5831.8         4.430    Nov  9 01:56:18      1163     0.32
         0.19        5835.6         3.810    Nov  9 01:56:19      1164     0.32
         0.19        5840.1         4.500    Nov  9 01:56:20      1165     0.32
         0.19        5844.7         4.590    Nov  9 01:56:21      1166     0.32
         0.19        5849.1         4.440    Nov  9 01:56:22      1167     0.32
         0.20        5853.6         4.460    Nov  9 01:56:22      1167     0.32
         0.20        5858.0         4.370    Nov  9 01:56:23      1168     0.32
         0.20        5862.1         4.130    Nov  9 01:56:24      1169     0.32
         0.20        5866.5         4.400    Nov  9 01:56:25      1170     0.33
         0.20        5870.8         4.290    Nov  9 01:56:26      1171     0.33
         0.20        5875.2         4.380    Nov  9 01:56:27      1172     0.33
         0.20        5879.5         4.300    Nov  9 01:56:28      1173     0.33
         0.20        5883.9         4.410    Nov  9 01:56:29      1174     0.33
         0.20        5887.8         3.890    Nov  9 01:56:29      1174     0.33
         0.20        5892.0         4.260    Nov  9 01:56:30      1175     0.33
         0.21        5896.4         4.380    Nov  9 01:56:31      1176     0.33
         0.21        5900.7         4.290    Nov  9 01:56:32      1177     0.33
         0.21        5905.1         4.350    Nov  9 01:56:33      1178     0.33
         0.21        5909.4         4.380    Nov  9 01:56:34      1179     0.33
         0.21        5913.1         3.650    Nov  9 01:56:34      1179     0.33
         0.21        5917.5         4.380    Nov  9 01:56:35      1180     0.33
         0.21        5921.9         4.410    Nov  9 01:56:36      1181     0.33
         0.21        5926.3         4.420    Nov  9 01:56:37      1182     0.33
         0.21        5930.8         4.460    Nov  9 01:56:38      1183     0.33
         0.21        5935.1         4.390    Nov  9 01:56:39      1184     0.33
         0.22        5939.5         4.320    Nov  9 01:56:40      1185     0.33
         0.22        5943.9         4.390    Nov  9 01:56:41      1186     0.33
         0.22        5948.2         4.380    Nov  9 01:56:42      1187     0.33
         0.22        5952.6         4.400    Nov  9 01:56:42      1187     0.33
         0.22        5957.0         4.340    Nov  9 01:56:43      1188     0.33
         0.22        5961.3         4.330    Nov  9 01:56:44      1189     0.33
         0.22        5965.7         4.360    Nov  9 01:56:45      1190     0.33
         0.22        5970.1         4.390    Nov  9 01:56:46      1191     0.33
         0.22        5974.5         4.440    Nov  9 01:56:47      1192     0.33
         0.22        5978.9         4.400    Nov  9 01:56:48      1193     0.33
         0.23        5983.3         4.460    Nov  9 01:56:49      1194     0.33
         0.23        5987.3         3.910    Nov  9 01:56:50      1195     0.33
         0.23        5991.7         4.410    Nov  9 01:56:50      1195     0.33
         0.23        5996.1         4.450    Nov  9 01:56:51      1196     0.33
         0.23        6000.5         4.360    Nov  9 01:56:52      1197     0.33
         0.23        6004.9         4.400    Nov  9 01:56:53      1198     0.33
         0.23        6009.3         4.410    Nov  9 01:56:54      1199     0.33
         0.23        6013.5         4.230    Nov  9 01:56:55      1200     0.33
         0.23        6018.0         4.480    Nov  9 01:56:56      1201     0.33
         0.23        6022.4         4.420    Nov  9 01:56:57      1202     0.33
         0.24        6026.9         4.480    Nov  9 01:56:57      1202     0.33
         0.24        6031.3         4.440    Nov  9 01:56:58      1203     0.33
         0.24        6035.8         4.420    Nov  9 01:56:59      1204     0.33
         0.24        6039.5         3.780    Nov  9 01:57:00      1205     0.33
         0.24        6043.7         4.150    Nov  9 01:57:01      1206     0.34
         0.24        6048.0         4.350    Nov  9 01:57:02      1207     0.34
         0.24        6052.4         4.380    Nov  9 01:57:03      1208     0.34
         0.24        6056.8         4.330    Nov  9 01:57:04      1209     0.34
         0.24        6061.1         4.390    Nov  9 01:57:04      1209     0.34
         0.24        6065.1         3.960    Nov  9 01:57:05      1210     0.34
         0.25        6069.5         4.370    Nov  9 01:57:06      1211     0.34
         0.25        6073.9         4.400    Nov  9 01:57:07      1212     0.34
         0.25        6078.2         4.300    Nov  9 01:57:08      1213     0.34
         0.25        6082.6         4.410    Nov  9 01:57:09      1214     0.34
         0.25        6084.8         2.250    Nov  9 01:57:09      1214     0.34
         0.25        6087.2         2.350    Nov  9 01:57:10      1215     0.34
         0.25        6089.4         2.170    Nov  9 01:57:10      1215     0.34
         0.25        6092.0         2.660    Nov  9 01:57:11      1216     0.34
         0.25        6094.5         2.480    Nov  9 01:57:12      1217     0.34
         0.25        6096.8         2.280    Nov  9 01:57:12      1217     0.34
         0.26        6099.3         2.560    Nov  9 01:57:13      1218     0.34
         0.26        6101.8         2.440    Nov  9 01:57:13      1218     0.34
         0.26        6104.1         2.360    Nov  9 01:57:14      1219     0.34
         0.26        6106.8         2.680    Nov  9 01:57:14      1219     0.34
         0.26        6109.1         2.260    Nov  9 01:57:15      1220     0.34
         0.26        6111.2         2.110    Nov  9 01:57:15      1220     0.34
         0.26        6113.7         2.530    Nov  9 01:57:16      1221     0.34
         0.26        6116.0         2.300    Nov  9 01:57:16      1221     0.34
         0.26        6118.6         2.610    Nov  9 01:57:17      1222     0.34
         0.26        6120.9         2.310    Nov  9 01:57:18      1223     0.34
         0.27        6123.4         2.520    Nov  9 01:57:18      1223     0.34
         0.27        6125.8         2.390    Nov  9 01:57:19      1224     0.34
         0.27        6128.3         2.440    Nov  9 01:57:19      1224     0.34
         0.27        6130.7         2.430    Nov  9 01:57:20      1225     0.34
         0.27        6133.1         2.400    Nov  9 01:57:20      1225     0.34
         0.27        6135.5         2.390    Nov  9 01:57:21      1226     0.34
         0.27        6138.0         2.540    Nov  9 01:57:22      1227     0.34
         0.27        6140.5         2.420    Nov  9 01:57:22      1227     0.34
         0.27        6142.8         2.340    Nov  9 01:57:23      1228     0.34
         0.27        6145.3         2.500    Nov  9 01:57:23      1228     0.34
         0.28        6147.8         2.480    Nov  9 01:57:24      1229     0.34
         0.28        6150.4         2.600    Nov  9 01:57:25      1230     0.34
         0.28        6152.8         2.380    Nov  9 01:57:25      1230     0.34
         0.28        6155.1         2.390    Nov  9 01:57:26      1231     0.34
         0.28        6157.8         2.600    Nov  9 01:57:26      1231     0.34
         0.28        6160.2         2.480    Nov  9 01:57:27      1232     0.34
         0.28        6162.8         2.530    Nov  9 01:57:27      1232     0.34
         0.28        6165.2         2.470    Nov  9 01:57:28      1233     0.34
         0.28        6167.7         2.500    Nov  9 01:57:29      1234     0.34
         0.28        6170.3         2.590    Nov  9 01:57:29      1234     0.34
         0.29        6172.8         2.460    Nov  9 01:57:30      1235     0.34
         0.29        6174.8         1.990    Nov  9 01:57:30      1235     0.34
         0.29        6177.1         2.360    Nov  9 01:57:31      1236     0.34
         0.29        6179.6         2.420    Nov  9 01:57:31      1236     0.34
         0.29        6182.0         2.460    Nov  9 01:57:32      1237     0.34
         0.29        6184.4         2.440    Nov  9 01:57:33      1238     0.34
         0.29        6186.9         2.440    Nov  9 01:57:33      1238     0.34
         0.29        6189.2         2.360    Nov  9 01:57:34      1239     0.34
         0.29        6191.6         2.330    Nov  9 01:57:34      1239     0.34
         0.29        6194.2         2.570    Nov  9 01:57:35      1240     0.34
         0.30        6196.5         2.390    Nov  9 01:57:35      1240     0.34
         0.30        6199.1         2.550    Nov  9 01:57:36      1241     0.34
         0.30        6203.7         4.630    Nov  9 01:57:37      1242     0.34
         0.30        6212.2         8.490    Nov  9 01:57:39      1244     0.35
         0.30        6219.0         6.780    Nov  9 01:57:40      1245     0.35
         0.30        6225.6         6.610    Nov  9 01:57:41      1246     0.35
         0.30        6232.3         6.700    Nov  9 01:57:43      1248     0.35
         0.30        6238.9         6.570    Nov  9 01:57:44      1249     0.35
         0.30        6245.3         6.450    Nov  9 01:57:45      1250     0.35
         0.30        6249.6         4.330    Nov  9 01:57:46      1251     0.35
         0.31        6254.0         4.370    Nov  9 01:57:47      1252     0.35
         0.31        6258.3         4.320    Nov  9 01:57:48      1253     0.35
         0.31        6262.8         4.410    Nov  9 01:57:49      1254     0.35
         0.31        6267.2         4.420    Nov  9 01:57:49      1254     0.35
         0.31        6269.4         2.250    Nov  9 01:57:50      1255     0.35
         0.31        6271.9         2.500    Nov  9 01:57:50      1255     0.35
         0.31        6274.2         2.310    Nov  9 01:57:51      1256     0.35
         0.31        6276.7         2.490    Nov  9 01:57:52      1257     0.35
         0.31        6279.1         2.360    Nov  9 01:57:52      1257     0.35
         0.31        6281.6         2.500    Nov  9 01:57:53      1258     0.35
         0.32        6284.1         2.490    Nov  9 01:57:53      1258     0.35
         0.32        6286.5         2.420    Nov  9 01:57:54      1259     0.35
         0.32        6289.0         2.500    Nov  9 01:57:54      1259     0.35
         0.32        6291.5         2.480    Nov  9 01:57:55      1260     0.35
         0.32        6294.1         2.610    Nov  9 01:57:56      1261     0.35
         0.32        6296.2         2.130    Nov  9 01:57:56      1261     0.35
         0.32        6298.7         2.490    Nov  9 01:57:57      1262     0.35
         0.32        6301.2         2.500    Nov  9 01:57:57      1262     0.35
         0.32        6303.7         2.470    Nov  9 01:57:58      1263     0.35
         0.32        6306.1         2.450    Nov  9 01:57:58      1263     0.35
         0.33        6308.5         2.360    Nov  9 01:57:59      1264     0.35
         0.33        6311.1         2.590    Nov  9 01:58:00      1265     0.35
         0.33        6313.4         2.330    Nov  9 01:58:00      1265     0.35
         0.33        6316.0         2.560    Nov  9 01:58:01      1266     0.35
         0.33        6318.1         2.120    Nov  9 01:58:01      1266     0.35
         0.33        6320.5         2.470    Nov  9 01:58:02      1267     0.35
         0.33        6323.1         2.570    Nov  9 01:58:02      1267     0.35
         0.33        6325.5         2.420    Nov  9 01:58:03      1268     0.35
         0.33        6327.9         2.340    Nov  9 01:58:03      1268     0.35
         0.33        6330.5         2.610    Nov  9 01:58:04      1269     0.35
         0.34        6332.9         2.460    Nov  9 01:58:05      1270     0.35
         0.34        6335.4         2.440    Nov  9 01:58:05      1270     0.35
         0.34        6337.9         2.500    Nov  9 01:58:06      1271     0.35
         0.34        6340.4         2.460    Nov  9 01:58:06      1271     0.35
         0.34        6342.7         2.380    Nov  9 01:58:07      1272     0.35
         0.34        6345.3         2.580    Nov  9 01:58:08      1273     0.35
         0.34        6347.8         2.490    Nov  9 01:58:08      1273     0.35
         0.34        6350.3         2.480    Nov  9 01:58:09      1274     0.35
         0.34        6352.8         2.560    Nov  9 01:58:09      1274     0.35
         0.34        6355.3         2.490    Nov  9 01:58:10      1275     0.35
         0.35        6357.9         2.590    Nov  9 01:58:11      1276     0.35
         0.35        6360.4         2.500    Nov  9 01:58:11      1276     0.35
         0.35        6362.7         2.300    Nov  9 01:58:12      1277     0.35
         0.35        6365.2         2.520    Nov  9 01:58:12      1277     0.35
         0.35        6367.6         2.410    Nov  9 01:58:13      1278     0.35
         0.35        6370.1         2.490    Nov  9 01:58:13      1278     0.35
         0.35        6372.5         2.370    Nov  9 01:58:14      1279     0.36
         0.35        6374.9         2.410    Nov  9 01:58:15      1280     0.36
         0.35        6377.4         2.520    Nov  9 01:58:15      1280     0.36
         0.35        6379.8         2.350    Nov  9 01:58:16      1281     0.36
         0.36        6382.2         2.420    Nov  9 01:58:16      1281     0.36
         0.36        6384.5         2.260    Nov  9 01:58:17      1282     0.36
         0.36        6386.9         2.410    Nov  9 01:58:17      1282     0.36
         0.36        6389.3         2.430    Nov  9 01:58:18      1283     0.36
         0.36        6391.7         2.420    Nov  9 01:58:19      1284     0.36
         0.36        6394.3         2.540    Nov  9 01:58:19      1284     0.36
         0.36        6396.7         2.430    Nov  9 01:58:20      1285     0.36
         0.36        6399.0         2.340    Nov  9 01:58:20      1285     0.36
         0.36        6401.6         2.530    Nov  9 01:58:21      1286     0.36
         0.36        6403.9         2.380    Nov  9 01:58:21      1286     0.36
         0.37        6406.5         2.510    Nov  9 01:58:22      1287     0.36
         0.37        6408.8         2.340    Nov  9 01:58:23      1288     0.36
         0.37        6411.2         2.410    Nov  9 01:58:23      1288     0.36
         0.37        6413.7         2.470    Nov  9 01:58:24      1289     0.36
         0.37        6416.0         2.310    Nov  9 01:58:24      1289     0.36
         0.37        6418.4         2.370    Nov  9 01:58:25      1290     0.36
         0.37        6420.7         2.310    Nov  9 01:58:25      1290     0.36
         0.37        6423.4         2.700    Nov  9 01:58:26      1291     0.36
         0.37        6425.8         2.400    Nov  9 01:58:27      1292     0.36
         0.37        6428.0         2.180    Nov  9 01:58:27      1292     0.36
         0.38        6430.6         2.690    Nov  9 01:58:28      1293     0.36
         0.38        6433.2         2.550    Nov  9 01:58:28      1293     0.36
         0.38        6435.5         2.340    Nov  9 01:58:29      1294     0.36
         0.38        6437.8         2.320    Nov  9 01:58:29      1294     0.36
         0.38        6440.2         2.380    Nov  9 01:58:30      1295     0.36
         0.38        6442.6         2.420    Nov  9 01:58:31      1296     0.36
         0.38        6445.1         2.470    Nov  9 01:58:31      1296     0.36
         0.38        6447.4         2.330    Nov  9 01:58:32      1297     0.36
         0.38        6449.7         2.280    Nov  9 01:58:32      1297     0.36
         0.38        6452.1         2.370    Nov  9 01:58:33      1298     0.36
         0.39        6454.4         2.250    Nov  9 01:58:33      1298     0.36
         0.39        6456.6         2.230    Nov  9 01:58:34      1299     0.36
         0.39        6459.0         2.450    Nov  9 01:58:34      1299     0.36
         0.39        6461.5         2.480    Nov  9 01:58:35      1300     0.36
         0.39        6463.7         2.230    Nov  9 01:58:36      1301     0.36
         0.39        6466.2         2.480    Nov  9 01:58:36      1301     0.36
         0.39        6468.8         2.550    Nov  9 01:58:37      1302     0.36
         0.39        6471.1         2.310    Nov  9 01:58:37      1302     0.36
         0.39        6473.4         2.340    Nov  9 01:58:38      1303     0.36
         0.39        6475.8         2.400    Nov  9 01:58:38      1303     0.36
         0.40        6478.2         2.410    Nov  9 01:58:39      1304     0.36
         0.40        6480.7         2.510    Nov  9 01:58:40      1305     0.36
         0.40        6483.1         2.320    Nov  9 01:58:40      1305     0.36
         0.40        6485.6         2.550    Nov  9 01:58:41      1306     0.36
         0.40        6488.1         2.450    Nov  9 01:58:41      1306     0.36
         0.40        6490.5         2.470    Nov  9 01:58:42      1307     0.36
         0.40        6492.9         2.410    Nov  9 01:58:42      1307     0.36
         0.40        6495.4         2.430    Nov  9 01:58:43      1308     0.36
         0.40        6497.7         2.320    Nov  9 01:58:43      1308     0.36
         0.40        6500.3         2.570    Nov  9 01:58:44      1309     0.36
         0.41        6502.7         2.410    Nov  9 01:58:45      1310     0.36
         0.41        6505.2         2.550    Nov  9 01:58:45      1310     0.36
         0.41        6507.7         2.460    Nov  9 01:58:46      1311     0.36
         0.41        6510.1         2.460    Nov  9 01:58:46      1311     0.36
         0.41        6512.5         2.380    Nov  9 01:58:47      1312     0.36
         0.41        6515.0         2.430    Nov  9 01:58:48      1313     0.36
         0.41        6517.4         2.400    Nov  9 01:58:48      1313     0.36
         0.41        6519.9         2.550    Nov  9 01:58:49      1314     0.36
         0.41        6522.3         2.380    Nov  9 01:58:49      1314     0.36
         0.41        6524.7         2.450    Nov  9 01:58:50      1315     0.37
         0.42        6527.3         2.600    Nov  9 01:58:50      1315     0.37
         0.42        6529.6         2.280    Nov  9 01:58:51      1316     0.37
         0.42        6532.1         2.510    Nov  9 01:58:52      1317     0.37
         0.42        6534.6         2.440    Nov  9 01:58:52      1317     0.37
         0.42        6536.7         2.160    Nov  9 01:58:53      1318     0.37
         0.42        6539.3         2.610    Nov  9 01:58:53      1318     0.37
         0.42        6541.5         2.160    Nov  9 01:58:54      1319     0.37
         0.42        6544.2         2.710    Nov  9 01:58:54      1319     0.37
         0.42        6546.8         2.560    Nov  9 01:58:55      1320     0.37
         0.42        6549.0         2.200    Nov  9 01:58:55      1320     0.37
         0.43        6551.7         2.720    Nov  9 01:58:56      1321     0.37
         0.43        6554.2         2.490    Nov  9 01:58:57      1322     0.37
         0.43        6556.5         2.350    Nov  9 01:58:57      1322     0.37
         0.43        6558.9         2.330    Nov  9 01:58:58      1323     0.37
         0.43        6561.2         2.360    Nov  9 01:58:58      1323     0.37
         0.43        6563.8         2.610    Nov  9 01:58:59      1324     0.37
         0.43        6566.2         2.350    Nov  9 01:58:59      1324     0.37
         0.43        6568.7         2.520    Nov  9 01:59:00      1325     0.37
         0.43        6571.0         2.340    Nov  9 01:59:01      1326     0.37
         0.43        6573.6         2.580    Nov  9 01:59:01      1326     0.37
         0.44        6576.0         2.370    Nov  9 01:59:02      1327     0.37
         0.44        6578.5         2.560    Nov  9 01:59:02      1327     0.37
         0.44        6580.8         2.280    Nov  9 01:59:03      1328     0.37
         0.44        6583.3         2.450    Nov  9 01:59:03      1328     0.37
         0.44        6585.6         2.350    Nov  9 01:59:04      1329     0.37
         0.44        6588.1         2.520    Nov  9 01:59:05      1330     0.37
         0.44        6590.6         2.490    Nov  9 01:59:05      1330     0.37
         0.44        6592.9         2.240    Nov  9 01:59:06      1331     0.37
         0.44        6595.6         2.700    Nov  9 01:59:06      1331     0.37
         0.44        6598.0         2.430    Nov  9 01:59:07      1332     0.37
         0.45        6600.5         2.500    Nov  9 01:59:07      1332     0.37
         0.45        6602.9         2.410    Nov  9 01:59:08      1333     0.37
         0.45        6605.3         2.430    Nov  9 01:59:08      1333     0.37
         0.45        6607.8         2.420    Nov  9 01:59:09      1334     0.37
         0.45        6610.3         2.580    Nov  9 01:59:10      1335     0.37
         0.45        6612.8         2.440    Nov  9 01:59:10      1335     0.37
         0.45        6615.1         2.310    Nov  9 01:59:11      1336     0.37
         0.45        6617.7         2.630    Nov  9 01:59:11      1336     0.37
         0.45        6620.2         2.460    Nov  9 01:59:12      1337     0.37
         0.45        6622.5         2.360    Nov  9 01:59:12      1337     0.37
         0.46        6625.0         2.410    Nov  9 01:59:13      1338     0.37
         0.46        6627.4         2.450    Nov  9 01:59:14      1339     0.37
         0.46        6629.9         2.500    Nov  9 01:59:14      1339     0.37
         0.46        6632.5         2.610    Nov  9 01:59:15      1340     0.37
         0.46        6634.9         2.340    Nov  9 01:59:15      1340     0.37
         0.46        6637.2         2.340    Nov  9 01:59:16      1341     0.37
         0.46        6639.9         2.760    Nov  9 01:59:17      1342     0.37
         0.46        6642.4         2.480    Nov  9 01:59:17      1342     0.37
         0.46        6644.7         2.270    Nov  9 01:59:18      1343     0.37
         0.46        6647.1         2.370    Nov  9 01:59:18      1343     0.37
         0.47        6649.4         2.370    Nov  9 01:59:19      1344     0.37
         0.47        6651.9         2.480    Nov  9 01:59:19      1344     0.37
         0.47        6654.3         2.350    Nov  9 01:59:20      1345     0.37
         0.47        6656.9         2.590    Nov  9 01:59:20      1345     0.37
         0.47        6659.4         2.530    Nov  9 01:59:21      1346     0.37
         0.47        6661.9         2.490    Nov  9 01:59:21      1346     0.37
         0.47        6664.6         2.670    Nov  9 01:59:22      1347     0.37
         0.47        6667.1         2.590    Nov  9 01:59:23      1348     0.37
         0.47        6669.5         2.370    Nov  9 01:59:23      1348     0.37
         0.47        6671.9         2.380    Nov  9 01:59:24      1349     0.37
         0.48        6674.4         2.520    Nov  9 01:59:24      1349     0.37
         0.48        6676.8         2.430    Nov  9 01:59:25      1350     0.38
         0.48        6679.3         2.420    Nov  9 01:59:26      1351     0.38
         0.48        6681.7         2.420    Nov  9 01:59:26      1351     0.38
         0.48        6684.1         2.380    Nov  9 01:59:27      1352     0.38
         0.48        6686.5         2.450    Nov  9 01:59:27      1352     0.38
         0.48        6689.1         2.540    Nov  9 01:59:28      1353     0.38
         0.48        6691.4         2.340    Nov  9 01:59:28      1353     0.38
         0.48        6693.8         2.360    Nov  9 01:59:29      1354     0.38
         0.48        6696.3         2.590    Nov  9 01:59:30      1355     0.38
         0.49        6698.8         2.460    Nov  9 01:59:30      1355     0.38
         0.49        6701.3         2.460    Nov  9 01:59:31      1356     0.38
         0.49        6703.8         2.510    Nov  9 01:59:31      1356     0.38
         0.49        6706.1         2.290    Nov  9 01:59:32      1357     0.38
         0.49        6708.5         2.450    Nov  9 01:59:32      1357     0.38
         0.49        6710.8         2.310    Nov  9 01:59:33      1358     0.38
         0.49        6713.3         2.450    Nov  9 01:59:33      1358     0.38
         0.49        6715.7         2.440    Nov  9 01:59:34      1359     0.38
         0.49        6718.2         2.530    Nov  9 01:59:35      1360     0.38
         0.49        6720.6         2.330    Nov  9 01:59:35      1360     0.38
         0.50        6723.0         2.410    Nov  9 01:59:36      1361     0.38
         0.50        6725.5         2.500    Nov  9 01:59:36      1361     0.38
         0.50        6727.9         2.410    Nov  9 01:59:37      1362     0.38
         0.50        6730.3         2.440    Nov  9 01:59:38      1363     0.38
         0.50        6732.8         2.420    Nov  9 01:59:38      1363     0.38
         0.50        6735.1         2.350    Nov  9 01:59:39      1364     0.38
         0.50        6737.6         2.550    Nov  9 01:59:39      1364     0.38
         0.50        6740.0         2.370    Nov  9 01:59:40      1365     0.38
         0.50        6742.6         2.550    Nov  9 01:59:40      1365     0.38
         0.50        6745.0         2.430    Nov  9 01:59:41      1366     0.38
         0.51        6747.4         2.430    Nov  9 01:59:42      1367     0.38
         0.51        6750.0         2.520    Nov  9 01:59:42      1367     0.38
         0.51        6752.4         2.430    Nov  9 01:59:43      1368     0.38
         0.51        6754.8         2.470    Nov  9 01:59:43      1368     0.38
         0.51        6757.2         2.310    Nov  9 01:59:44      1369     0.38
         0.51        6759.5         2.360    Nov  9 01:59:44      1369     0.38
         0.51        6762.0         2.470    Nov  9 01:59:45      1370     0.38
         0.51        6764.4         2.410    Nov  9 01:59:46      1371     0.38
         0.51        6766.9         2.470    Nov  9 01:59:46      1371     0.38
         0.51        6769.2         2.360    Nov  9 01:59:47      1372     0.38
         0.52        6771.7         2.430    Nov  9 01:59:47      1372     0.38
         0.52        6774.2         2.520    Nov  9 01:59:48      1373     0.38
         0.52        6776.5         2.280    Nov  9 01:59:48      1373     0.38
         0.52        6779.0         2.510    Nov  9 01:59:49      1374     0.38
         0.52        6781.4         2.420    Nov  9 01:59:50      1375     0.38
         0.52        6783.8         2.400    Nov  9 01:59:50      1375     0.38
         0.52        6786.3         2.480    Nov  9 01:59:51      1376     0.38
         0.52        6788.6         2.290    Nov  9 01:59:51      1376     0.38
         0.52        6791.0         2.420    Nov  9 01:59:52      1377     0.38
         0.52        6793.3         2.300    Nov  9 01:59:52      1377     0.38
         0.53        6795.9         2.600    Nov  9 01:59:53      1378     0.38
         0.53        6798.3         2.390    Nov  9 01:59:54      1379     0.38
         0.53        6800.6         2.380    Nov  9 01:59:54      1379     0.38
         0.53        6803.0         2.320    Nov  9 01:59:55      1380     0.38
         0.53        6805.4         2.470    Nov  9 01:59:55      1380     0.38
         0.53        6807.9         2.420    Nov  9 01:59:56      1381     0.38
         0.53        6810.2         2.300    Nov  9 01:59:56      1381     0.38
         0.53        6812.6         2.410    Nov  9 01:59:57      1382     0.38
         0.53        6814.8         2.230    Nov  9 01:59:57      1382     0.38
         0.53        6817.4         2.550    Nov  9 01:59:58      1383     0.38
         0.54        6819.8         2.400    Nov  9 01:59:59      1384     0.38
         0.54        6822.1         2.380    Nov  9 01:59:59      1384     0.38
         0.54        6824.5         2.340    Nov  9 02:00:00      1385     0.38
         0.54        6826.9         2.420    Nov  9 02:00:00      1385     0.38
         0.54        6829.3         2.460    Nov  9 02:00:01      1386     0.39
         0.54        6831.8         2.430    Nov  9 02:00:01      1386     0.39
         0.54        6834.1         2.360    Nov  9 02:00:02      1387     0.39
         0.54        6836.6         2.450    Nov  9 02:00:02      1387     0.39
         0.54        6839.2         2.590    Nov  9 02:00:03      1388     0.39
         0.54        6841.7         2.550    Nov  9 02:00:04      1389     0.39
         0.55        6843.8         2.050    Nov  9 02:00:04      1389     0.39
         0.55        6846.4         2.640    Nov  9 02:00:05      1390     0.39
         0.55        6849.0         2.570    Nov  9 02:00:05      1390     0.39
         0.55        6851.3         2.330    Nov  9 02:00:06      1391     0.39
         0.55        6853.7         2.400    Nov  9 02:00:06      1391     0.39
         0.55        6856.1         2.330    Nov  9 02:00:07      1392     0.39
         0.55        6858.7         2.690    Nov  9 02:00:08      1393     0.39
         0.55        6861.2         2.430    Nov  9 02:00:08      1393     0.39
         0.55        6863.4         2.260    Nov  9 02:00:09      1394     0.39
         0.55        6866.0         2.590    Nov  9 02:00:09      1394     0.39
         0.56        6868.6         2.550    Nov  9 02:00:10      1395     0.39
         0.56        6871.0         2.440    Nov  9 02:00:11      1396     0.39
         0.56        6873.3         2.300    Nov  9 02:00:11      1396     0.39
         0.56        6875.8         2.510    Nov  9 02:00:12      1397     0.39
         0.56        6878.3         2.530    Nov  9 02:00:12      1397     0.39
         0.56        6880.5         2.200    Nov  9 02:00:13      1398     0.39
         0.56        6883.1         2.560    Nov  9 02:00:13      1398     0.39
         0.56        6885.5         2.430    Nov  9 02:00:14      1399     0.39
         0.56        6887.9         2.350    Nov  9 02:00:15      1400     0.39
         0.56        6890.1         2.250    Nov  9 02:00:15      1400     0.39
         0.57        6892.6         2.440    Nov  9 02:00:16      1401     0.39
         0.57        6895.0         2.460    Nov  9 02:00:16      1401     0.39
         0.57        6897.5         2.430    Nov  9 02:00:17      1402     0.39
         0.57        6899.7         2.220    Nov  9 02:00:17      1402     0.39
         0.57        6902.2         2.560    Nov  9 02:00:18      1403     0.39
         0.57        6904.7         2.430    Nov  9 02:00:18      1403     0.39
         0.57        6907.1         2.460    Nov  9 02:00:19      1404     0.39
         0.57        6909.2         2.100    Nov  9 02:00:19      1404     0.39
         0.57        6911.5         2.300    Nov  9 02:00:20      1405     0.39
         0.57        6914.1         2.540    Nov  9 02:00:21      1406     0.39
         0.58        6916.5         2.400    Nov  9 02:00:21      1406     0.39
         0.58        6918.8         2.330    Nov  9 02:00:22      1407     0.39
         0.58        6921.2         2.400    Nov  9 02:00:22      1407     0.39
         0.58        6923.8         2.560    Nov  9 02:00:23      1408     0.39
         0.58        6926.2         2.400    Nov  9 02:00:23      1408     0.39
         0.58        6928.4         2.200    Nov  9 02:00:24      1409     0.39
         0.58        6930.5         2.140    Nov  9 02:00:25      1410     0.39
         0.58        6932.9         2.410    Nov  9 02:00:25      1410     0.39
         0.58        6935.2         2.330    Nov  9 02:00:26      1411     0.39
         0.58        6937.7         2.490    Nov  9 02:00:26      1411     0.39
         0.59        6940.3         2.550    Nov  9 02:00:27      1412     0.39
         0.59        6942.8         2.540    Nov  9 02:00:27      1412     0.39
         0.59        6945.1         2.300    Nov  9 02:00:28      1413     0.39
         0.59        6947.5         2.390    Nov  9 02:00:29      1414     0.39
         0.59        6949.9         2.420    Nov  9 02:00:29      1414     0.39
         0.59        6951.9         1.970    Nov  9 02:00:30      1415     0.39
         0.59        6954.2         2.280    Nov  9 02:00:30      1415     0.39
         0.59        6956.5         2.290    Nov  9 02:00:31      1416     0.39
         0.59        6958.9         2.380    Nov  9 02:00:31      1416     0.39
         0.59        6961.2         2.360    Nov  9 02:00:32      1417     0.39
         0.60        6963.6         2.360    Nov  9 02:00:32      1417     0.39
         0.60        6965.9         2.310    Nov  9 02:00:33      1418     0.39
         0.60        6968.4         2.490    Nov  9 02:00:33      1418     0.39
         0.60        6970.7         2.280    Nov  9 02:00:34      1419     0.39
         0.60        6973.1         2.440    Nov  9 02:00:35      1420     0.39
         0.60        6975.2         2.140    Nov  9 02:00:35      1420     0.39
         0.60        6977.7         2.500    Nov  9 02:00:36      1421     0.39
         0.60        6980.1         2.370    Nov  9 02:00:36      1421     0.39
         0.60        6982.6         2.500    Nov  9 02:00:37      1422     0.40
         0.60        6984.8         2.190    Nov  9 02:00:37      1422     0.40
         0.61        6987.4         2.640    Nov  9 02:00:38      1423     0.40
         0.61        6989.8         2.390    Nov  9 02:00:39      1424     0.40
         0.61        6992.1         2.270    Nov  9 02:00:39      1424     0.40
         0.61        6994.6         2.470    Nov  9 02:00:40      1425     0.40
         0.61        6996.8         2.240    Nov  9 02:00:40      1425     0.40
         0.61        6999.2         2.390    Nov  9 02:00:41      1426     0.40
         0.61        7001.6         2.370    Nov  9 02:00:41      1426     0.40
         0.61        7003.9         2.340    Nov  9 02:00:42      1427     0.40
         0.61        7006.4         2.480    Nov  9 02:00:42      1427     0.40
         0.61        7008.9         2.510    Nov  9 02:00:43      1428     0.40
         0.62        7011.3         2.370    Nov  9 02:00:44      1429     0.40
         0.62        7013.6         2.360    Nov  9 02:00:44      1429     0.40
         0.62        7016.0         2.410    Nov  9 02:00:45      1430     0.40
         0.62        7018.4         2.390    Nov  9 02:00:45      1430     0.40
         0.62        7020.9         2.460    Nov  9 02:00:46      1431     0.40
         0.62        7023.3         2.370    Nov  9 02:00:46      1431     0.40
         0.62        7025.5         2.250    Nov  9 02:00:47      1432     0.40
         0.62        7028.0         2.530    Nov  9 02:00:48      1433     0.40
         0.62        7030.3         2.240    Nov  9 02:00:48      1433     0.40
         0.62        7032.5         2.200    Nov  9 02:00:49      1434     0.40
         0.63        7035.1         2.600    Nov  9 02:00:49      1434     0.40
         0.63        7037.4         2.370    Nov  9 02:00:50      1435     0.40
         0.63        7039.5         2.090    Nov  9 02:00:50      1435     0.40
         0.63        7041.9         2.340    Nov  9 02:00:51      1436     0.40
         0.63        7044.1         2.240    Nov  9 02:00:51      1436     0.40
         0.63        7046.6         2.470    Nov  9 02:00:52      1437     0.40
         0.63        7048.8         2.250    Nov  9 02:00:52      1437     0.40
         0.63        7050.9         2.060    Nov  9 02:00:53      1438     0.40
         0.63        7053.5         2.650    Nov  9 02:00:53      1438     0.40
         0.63        7055.9         2.370    Nov  9 02:00:54      1439     0.40
         0.64        7058.2         2.240    Nov  9 02:00:55      1440     0.40
         0.64        7060.5         2.290    Nov  9 02:00:55      1440     0.40
         0.64        7062.5         2.090    Nov  9 02:00:55      1440     0.40
         0.64        7064.9         2.340    Nov  9 02:00:56      1441     0.40
         0.64        7067.1         2.260    Nov  9 02:00:57      1442     0.40
         0.64        7069.4         2.210    Nov  9 02:00:57      1442     0.40
         0.64        7071.8         2.400    Nov  9 02:00:58      1443     0.40
         0.64        7074.1         2.310    Nov  9 02:00:58      1443     0.40
         0.64        7076.4         2.300    Nov  9 02:00:59      1444     0.40
         0.64        7078.8         2.400    Nov  9 02:00:59      1444     0.40
         0.65        7081.0         2.250    Nov  9 02:01:00      1445     0.40
         0.65        7082.7         1.660    Nov  9 02:01:00      1445     0.40
         0.65        7084.9         2.270    Nov  9 02:01:01      1446     0.40
         0.65        7087.1         2.200    Nov  9 02:01:01      1446     0.40
         0.65        7089.4         2.300    Nov  9 02:01:02      1447     0.40
         0.65        7091.8         2.340    Nov  9 02:01:03      1448     0.40
         0.65        7094.1         2.320    Nov  9 02:01:03      1448     0.40
         0.65        7096.5         2.380    Nov  9 02:01:04      1449     0.40
         0.65        7098.8         2.360    Nov  9 02:01:04      1449     0.40
         0.65        7101.2         2.400    Nov  9 02:01:05      1450     0.40
         0.66        7103.6         2.360    Nov  9 02:01:05      1450     0.40
         0.66        7105.8         2.150    Nov  9 02:01:06      1451     0.40
         0.66        7107.9         2.150    Nov  9 02:01:06      1451     0.40
         0.66        7110.4         2.540    Nov  9 02:01:07      1452     0.40
         0.66        7112.8         2.380    Nov  9 02:01:08      1453     0.40
         0.66        7114.9         2.080    Nov  9 02:01:08      1453     0.40
         0.66        7117.3         2.430    Nov  9 02:01:09      1454     0.40
         0.66        7119.7         2.370    Nov  9 02:01:09      1454     0.40
         0.66        7121.9         2.220    Nov  9 02:01:10      1455     0.40
         0.66        7124.5         2.550    Nov  9 02:01:10      1455     0.40
         0.67        7126.9         2.450    Nov  9 02:01:11      1456     0.40
         0.67        7129.3         2.400    Nov  9 02:01:11      1456     0.40
         0.67        7131.6         2.260    Nov  9 02:01:12      1457     0.40
         0.67        7134.2         2.600    Nov  9 02:01:13      1458     0.41
         0.67        7136.5         2.360    Nov  9 02:01:13      1458     0.41
         0.67        7138.8         2.270    Nov  9 02:01:14      1459     0.41
         0.67        7141.2         2.400    Nov  9 02:01:14      1459     0.41
         0.67        7143.4         2.160    Nov  9 02:01:15      1460     0.41
         0.67        7145.7         2.370    Nov  9 02:01:15      1460     0.41
         0.67        7147.6         1.890    Nov  9 02:01:16      1461     0.41
         0.68        7150.1         2.520    Nov  9 02:01:16      1461     0.41
         0.68        7152.5         2.310    Nov  9 02:01:17      1462     0.41
         0.68        7155.0         2.520    Nov  9 02:01:18      1463     0.41
         0.68        7157.4         2.440    Nov  9 02:01:18      1463     0.41
         0.68        7159.9         2.440    Nov  9 02:01:19      1464     0.41
         0.68        7162.4         2.530    Nov  9 02:01:19      1464     0.41
         0.68        7164.8         2.440    Nov  9 02:01:20      1465     0.41
         0.68        7167.4         2.550    Nov  9 02:01:20      1465     0.41
         0.68        7169.8         2.370    Nov  9 02:01:21      1466     0.41
         0.68        7172.1         2.370    Nov  9 02:01:22      1467     0.41
         0.69        7174.6         2.510    Nov  9 02:01:22      1467     0.41
         0.69        7177.0         2.400    Nov  9 02:01:23      1468     0.41
         0.69        7179.5         2.480    Nov  9 02:01:23      1468     0.41
         0.69        7181.9         2.390    Nov  9 02:01:24      1469     0.41
         0.69        7184.3         2.390    Nov  9 02:01:24      1469     0.41
         0.69        7186.8         2.540    Nov  9 02:01:25      1470     0.41
         0.69        7189.1         2.270    Nov  9 02:01:26      1471     0.41
         0.69        7191.6         2.470    Nov  9 02:01:26      1471     0.41
         0.69        7194.0         2.410    Nov  9 02:01:27      1472     0.41
         0.69        7196.4         2.430    Nov  9 02:01:27      1472     0.41
         0.70        7198.9         2.490    Nov  9 02:01:28      1473     0.41
         0.70        7201.3         2.440    Nov  9 02:01:29      1474     0.41
         0.70        7203.8         2.420    Nov  9 02:01:29      1474     0.41
         0.70        7206.3         2.560    Nov  9 02:01:30      1475     0.41
         0.70        7208.7         2.390    Nov  9 02:01:30      1475     0.41
         0.70        7211.1         2.340    Nov  9 02:01:31      1476     0.41
         0.70        7213.6         2.570    Nov  9 02:01:31      1476     0.41
         0.70        7216.2         2.540    Nov  9 02:01:32      1477     0.41
         0.70        7218.4         2.250    Nov  9 02:01:33      1478     0.41
         0.70        7220.8         2.400    Nov  9 02:01:33      1478     0.41
         0.71        7223.3         2.470    Nov  9 02:01:34      1479     0.41
         0.71        7225.8         2.470    Nov  9 02:01:34      1479     0.41
         0.71        7228.2         2.440    Nov  9 02:01:35      1480     0.41
         0.71        7230.6         2.450    Nov  9 02:01:35      1480     0.41
         0.71        7233.1         2.470    Nov  9 02:01:36      1481     0.41
         0.71        7235.6         2.440    Nov  9 02:01:37      1482     0.41
         0.71        7238.0         2.500    Nov  9 02:01:37      1482     0.41
         0.71        7240.7         2.600    Nov  9 02:01:38      1483     0.41
         0.71        7243.3         2.630    Nov  9 02:01:38      1483     0.41
         0.71        7245.9         2.590    Nov  9 02:01:39      1484     0.41
         0.72        7248.5         2.610    Nov  9 02:01:39      1484     0.41
         0.72        7252.9         4.450    Nov  9 02:01:40      1485     0.41
         0.72        7257.2         4.280    Nov  9 02:01:41      1486     0.41
         0.72        7261.6         4.440    Nov  9 02:01:42      1487     0.41
         0.72        7266.2         4.590    Nov  9 02:01:43      1488     0.41
         0.72        7270.6         4.410    Nov  9 02:01:44      1489     0.41
         0.72        7275.2         4.510    Nov  9 02:01:45      1490     0.41
         0.72        7279.5         4.320    Nov  9 02:01:46      1491     0.41
         0.72        7283.4         3.920    Nov  9 02:01:46      1491     0.41
         0.72        7287.8         4.400    Nov  9 02:01:47      1492     0.41
         0.73        7292.2         4.380    Nov  9 02:01:48      1493     0.41
         0.73        7294.6         2.410    Nov  9 02:01:49      1494     0.41
         0.73        7297.3         2.680    Nov  9 02:01:49      1494     0.41
         0.73        7299.7         2.400    Nov  9 02:01:50      1495     0.42
         0.73        7302.4         2.700    Nov  9 02:01:50      1495     0.42
         0.73        7305.1         2.710    Nov  9 02:01:51      1496     0.42
         0.73        7307.7         2.660    Nov  9 02:01:52      1497     0.42
         0.73        7310.0         2.300    Nov  9 02:01:52      1497     0.42
         0.73        7312.3         2.260    Nov  9 02:01:53      1498     0.42
         0.73        7315.1         2.750    Nov  9 02:01:53      1498     0.42
         0.74        7317.7         2.610    Nov  9 02:01:54      1499     0.42
         0.74        7319.9         2.280    Nov  9 02:01:55      1500     0.42
         0.74        7322.1         2.200    Nov  9 02:01:55      1500     0.42
         0.74        7324.8         2.620    Nov  9 02:01:56      1501     0.42
         0.74        7327.4         2.600    Nov  9 02:01:56      1501     0.42
         0.74        7329.5         2.150    Nov  9 02:01:57      1502     0.42
         0.74        7332.0         2.540    Nov  9 02:01:57      1502     0.42
         0.74        7334.5         2.430    Nov  9 02:01:58      1503     0.42
         0.74        7336.7         2.200    Nov  9 02:01:59      1504     0.42
         0.74        7339.1         2.430    Nov  9 02:01:59      1504     0.42
         0.75        7341.3         2.180    Nov  9 02:02:00      1505     0.42
         0.75        7343.6         2.340    Nov  9 02:02:00      1505     0.42
         0.75        7346.1         2.450    Nov  9 02:02:01      1506     0.42
         0.75        7348.3         2.210    Nov  9 02:02:01      1506     0.42
         0.75        7350.1         1.790    Nov  9 02:02:02      1507     0.42
         0.75        7352.4         2.330    Nov  9 02:02:02      1507     0.42
         0.75        7354.7         2.310    Nov  9 02:02:03      1508     0.42
         0.75        7357.0         2.300    Nov  9 02:02:03      1508     0.42
         0.75        7359.2         2.230    Nov  9 02:02:04      1509     0.42
         0.75        7361.7         2.450    Nov  9 02:02:04      1509     0.42
         0.76        7364.2         2.460    Nov  9 02:02:05      1510     0.42
         0.76        7366.6         2.430    Nov  9 02:02:06      1511     0.42
         0.76        7368.8         2.230    Nov  9 02:02:06      1511     0.42
         0.76        7371.2         2.370    Nov  9 02:02:07      1512     0.42
         0.76        7373.6         2.420    Nov  9 02:02:07      1512     0.42
         0.76        7376.2         2.590    Nov  9 02:02:08      1513     0.42
         0.76        7378.8         2.630    Nov  9 02:02:09      1514     0.42
         0.76        7381.4         2.620    Nov  9 02:02:09      1514     0.42
         0.76        7383.8         2.380    Nov  9 02:02:10      1515     0.42
         0.76        7386.4         2.560    Nov  9 02:02:10      1515     0.42
         0.77        7388.9         2.490    Nov  9 02:02:11      1516     0.42
         0.77        7391.4         2.500    Nov  9 02:02:11      1516     0.42
         0.77        7393.6         2.260    Nov  9 02:02:12      1517     0.42
         0.77        7396.2         2.530    Nov  9 02:02:13      1518     0.42
         0.77        7398.7         2.490    Nov  9 02:02:13      1518     0.42
         0.77        7401.2         2.490    Nov  9 02:02:14      1519     0.42
         0.77        7403.6         2.460    Nov  9 02:02:14      1519     0.42
         0.77        7406.1         2.470    Nov  9 02:02:15      1520     0.42
         0.77        7408.6         2.570    Nov  9 02:02:15      1520     0.42
         0.77        7411.2         2.570    Nov  9 02:02:16      1521     0.42
         0.78        7413.7         2.510    Nov  9 02:02:17      1522     0.42
         0.78        7416.0         2.310    Nov  9 02:02:17      1522     0.42
         0.78        7418.5         2.460    Nov  9 02:02:18      1523     0.42
         0.78        7421.0         2.480    Nov  9 02:02:18      1523     0.42
         0.78        7423.3         2.310    Nov  9 02:02:19      1524     0.42
         0.78        7426.0         2.730    Nov  9 02:02:20      1525     0.42
         0.78        7428.5         2.460    Nov  9 02:02:20      1525     0.42
         0.78        7430.8         2.340    Nov  9 02:02:21      1526     0.42
         0.78        7433.4         2.550    Nov  9 02:02:21      1526     0.42
         0.78        7435.8         2.470    Nov  9 02:02:22      1527     0.42
         0.79        7438.3         2.500    Nov  9 02:02:22      1527     0.42
         0.79        7440.7         2.370    Nov  9 02:02:23      1528     0.42
         0.79        7442.9         2.200    Nov  9 02:02:23      1528     0.42
         0.79        7445.5         2.570    Nov  9 02:02:24      1529     0.42
         0.79        7448.0         2.550    Nov  9 02:02:25      1530     0.42
         0.79        7450.3         2.260    Nov  9 02:02:25      1530     0.42
         0.79        7452.4         2.160    Nov  9 02:02:26      1531     0.43
         0.79        7455.2         2.720    Nov  9 02:02:26      1531     0.43
         0.79        7457.7         2.560    Nov  9 02:02:27      1532     0.43
         0.79        7459.8         2.040    Nov  9 02:02:27      1532     0.43
         0.80        7462.1         2.290    Nov  9 02:02:28      1533     0.43
         0.80        7464.8         2.710    Nov  9 02:02:29      1534     0.43
         0.80        7467.3         2.550    Nov  9 02:02:29      1534     0.43
         0.80        7469.7         2.330    Nov  9 02:02:30      1535     0.43
         0.80        7472.1         2.500    Nov  9 02:02:30      1535     0.43
         0.80        7474.4         2.280    Nov  9 02:02:31      1536     0.43
         0.80        7477.0         2.530    Nov  9 02:02:32      1537     0.43
         0.80        7479.4         2.460    Nov  9 02:02:32      1537     0.43
         0.80        7481.9         2.440    Nov  9 02:02:33      1538     0.43
         0.80        7484.1         2.230    Nov  9 02:02:33      1538     0.43
         0.81        7486.8         2.670    Nov  9 02:02:34      1539     0.43
         0.81        7489.2         2.440    Nov  9 02:02:35      1540     0.43
         0.81        7491.5         2.280    Nov  9 02:02:35      1540     0.43
         0.81        7494.0         2.550    Nov  9 02:02:36      1541     0.43
         0.81        7496.5         2.450    Nov  9 02:02:36      1541     0.43
         0.81        7498.9         2.370    Nov  9 02:02:37      1542     0.43
         0.81        7501.1         2.250    Nov  9 02:02:37      1542     0.43
         0.81        7503.6         2.450    Nov  9 02:02:38      1543     0.43
         0.81        7505.9         2.330    Nov  9 02:02:38      1543     0.43
         0.81        7508.2         2.360    Nov  9 02:02:39      1544     0.43
         0.82        7510.8         2.520    Nov  9 02:02:40      1545     0.43
         0.82        7513.1         2.370    Nov  9 02:02:40      1545     0.43
         0.82        7515.3         2.210    Nov  9 02:02:41      1546     0.43
         0.82        7517.7         2.350    Nov  9 02:02:41      1546     0.43
         0.82        7519.9         2.230    Nov  9 02:02:42      1547     0.43
         0.82        7522.4         2.520    Nov  9 02:02:42      1547     0.43
         0.82        7524.3         1.890    Nov  9 02:02:43      1548     0.43
         0.82        7526.6         2.300    Nov  9 02:02:43      1548     0.43
         0.82        7529.0         2.380    Nov  9 02:02:44      1549     0.43
         0.82        7531.4         2.360    Nov  9 02:02:44      1549     0.43
         0.83        7533.8         2.380    Nov  9 02:02:45      1550     0.43
         0.83        7536.0         2.290    Nov  9 02:02:46      1551     0.43
         0.83        7538.4         2.370    Nov  9 02:02:46      1551     0.43
         0.83        7540.6         2.230    Nov  9 02:02:47      1552     0.43
         0.83        7543.3         2.620    Nov  9 02:02:47      1552     0.43
         0.83        7545.4         2.110    Nov  9 02:02:48      1553     0.43
         0.83        7547.5         2.100    Nov  9 02:02:48      1553     0.43
         0.83        7549.9         2.420    Nov  9 02:02:49      1554     0.43
         0.83        7552.1         2.170    Nov  9 02:02:49      1554     0.43
         0.83        7554.0         1.950    Nov  9 02:02:50      1555     0.43
         0.84        7556.5         2.540    Nov  9 02:02:50      1555     0.43
         0.84        7559.0         2.430    Nov  9 02:02:51      1556     0.43
         0.84        7561.1         2.170    Nov  9 02:02:51      1556     0.43
         0.84        7563.6         2.410    Nov  9 02:02:52      1557     0.43
         0.84        7565.7         2.180    Nov  9 02:02:53      1558     0.43
         0.84        7568.0         2.310    Nov  9 02:02:53      1558     0.43
         0.84        7570.2         2.110    Nov  9 02:02:54      1559     0.43
         0.84        7572.5         2.330    Nov  9 02:02:54      1559     0.43
         0.84        7574.9         2.380    Nov  9 02:02:55      1560     0.43
         0.84        7577.1         2.220    Nov  9 02:02:55      1560     0.43
         0.85        7579.3         2.240    Nov  9 02:02:56      1561     0.43
         0.85        7581.5         2.200    Nov  9 02:02:56      1561     0.43
         0.85        7583.8         2.270    Nov  9 02:02:57      1562     0.43
         0.85        7586.2         2.360    Nov  9 02:02:58      1563     0.43
         0.85        7588.2         2.000    Nov  9 02:02:58      1563     0.43
         0.85        7590.1         1.980    Nov  9 02:02:58      1563     0.43
         0.85        7592.3         2.120    Nov  9 02:02:59      1564     0.43
         0.85        7594.4         2.150    Nov  9 02:02:59      1564     0.43
         0.85        7596.6         2.210    Nov  9 02:03:00      1565     0.43
         0.85        7598.9         2.280    Nov  9 02:03:01      1566     0.43
         0.86        7601.1         2.230    Nov  9 02:03:01      1566     0.43
         0.86        7603.2         2.110    Nov  9 02:03:02      1567     0.44
         0.86        7605.4         2.200    Nov  9 02:03:02      1567     0.44
         0.86        7607.5         2.110    Nov  9 02:03:03      1568     0.44
         0.86        7609.6         2.070    Nov  9 02:03:03      1568     0.44
         0.86        7611.7         2.120    Nov  9 02:03:04      1569     0.44
         0.86        7614.0         2.280    Nov  9 02:03:04      1569     0.44
         0.86        7616.2         2.150    Nov  9 02:03:05      1570     0.44
         0.86        7618.3         2.140    Nov  9 02:03:05      1570     0.44
         0.86        7620.6         2.310    Nov  9 02:03:06      1571     0.44
         0.87        7622.7         2.070    Nov  9 02:03:06      1571     0.44
         0.87        7624.9         2.220    Nov  9 02:03:07      1572     0.44
         0.87        7627.1         2.200    Nov  9 02:03:07      1572     0.44
         0.87        7629.4         2.270    Nov  9 02:03:08      1573     0.44
         0.87        7631.2         1.780    Nov  9 02:03:08      1573     0.44
         0.87        7633.3         2.180    Nov  9 02:03:09      1574     0.44
         0.87        7635.5         2.190    Nov  9 02:03:09      1574     0.44
         0.87        7637.9         2.330    Nov  9 02:03:10      1575     0.44
         0.87        7640.1         2.250    Nov  9 02:03:11      1576     0.44
         0.87        7642.4         2.240    Nov  9 02:03:11      1576     0.44
         0.88        7644.6         2.250    Nov  9 02:03:12      1577     0.44
         0.88        7646.8         2.230    Nov  9 02:03:12      1577     0.44
         0.88        7649.1         2.230    Nov  9 02:03:13      1578     0.44
         0.88        7651.3         2.250    Nov  9 02:03:13      1578     0.44
         0.88        7653.4         2.070    Nov  9 02:03:14      1579     0.44
         0.88        7655.8         2.440    Nov  9 02:03:14      1579     0.44
         0.88        7658.2         2.360    Nov  9 02:03:15      1580     0.44
         0.88        7660.5         2.340    Nov  9 02:03:16      1581     0.44
         0.88        7662.6         2.090    Nov  9 02:03:16      1581     0.44
         0.88        7665.1         2.450    Nov  9 02:03:17      1582     0.44
         0.89        7667.4         2.370    Nov  9 02:03:17      1582     0.44
         0.89        7669.8         2.360    Nov  9 02:03:18      1583     0.44
         0.89        7671.8         2.030    Nov  9 02:03:18      1583     0.44
         0.89        7674.1         2.310    Nov  9 02:03:19      1584     0.44
         0.89        7676.4         2.250    Nov  9 02:03:19      1584     0.44
         0.89        7678.8         2.410    Nov  9 02:03:20      1585     0.44
         0.89        7680.9         2.090    Nov  9 02:03:20      1585     0.44
         0.89        7683.4         2.520    Nov  9 02:03:21      1586     0.44
         0.89        7685.7         2.290    Nov  9 02:03:22      1587     0.44
         0.89        7687.8         2.150    Nov  9 02:03:22      1587     0.44
         0.90        7690.0         2.160    Nov  9 02:03:23      1588     0.44
         0.90        7692.3         2.270    Nov  9 02:03:23      1588     0.44
         0.90        7694.2         1.960    Nov  9 02:03:24      1589     0.44
         0.90        7696.5         2.270    Nov  9 02:03:24      1589     0.44
         0.90        7698.9         2.360    Nov  9 02:03:25      1590     0.44
         0.90        7701.1         2.270    Nov  9 02:03:25      1590     0.44
         0.90        7703.5         2.380    Nov  9 02:03:26      1591     0.44
         0.90        7705.9         2.370    Nov  9 02:03:27      1592     0.44
         0.90        7708.1         2.250    Nov  9 02:03:27      1592     0.44
         0.90        7710.4         2.250    Nov  9 02:03:28      1593     0.44
         0.91        7712.6         2.180    Nov  9 02:03:28      1593     0.44
         0.91        7714.3         1.760    Nov  9 02:03:29      1594     0.44
         0.91        7716.3         1.990    Nov  9 02:03:29      1594     0.44
         0.91        7718.5         2.150    Nov  9 02:03:30      1595     0.44
         0.91        7720.7         2.270    Nov  9 02:03:30      1595     0.44
         0.91        7723.0         2.270    Nov  9 02:03:31      1596     0.44
         0.91        7725.4         2.380    Nov  9 02:03:31      1596     0.44
         0.91        7727.5         2.140    Nov  9 02:03:32      1597     0.44
         0.91        7729.9         2.400    Nov  9 02:03:32      1597     0.44
         0.91        7732.2         2.330    Nov  9 02:03:33      1598     0.44
         0.92        7734.6         2.330    Nov  9 02:03:34      1599     0.44
         0.92        7736.8         2.220    Nov  9 02:03:34      1599     0.44
         0.92        7739.0         2.230    Nov  9 02:03:35      1600     0.44
         0.92        7741.3         2.310    Nov  9 02:03:35      1600     0.44
         0.92        7743.7         2.340    Nov  9 02:03:36      1601     0.44
         0.92        7746.0         2.280    Nov  9 02:03:36      1601     0.44
         0.92        7748.4         2.460    Nov  9 02:03:37      1602     0.45
         0.92        7750.6         2.180    Nov  9 02:03:37      1602     0.45
         0.92        7752.9         2.300    Nov  9 02:03:38      1603     0.45
         0.92        7755.2         2.310    Nov  9 02:03:38      1603     0.45
         0.93        7757.4         2.180    Nov  9 02:03:39      1604     0.45
         0.93        7759.8         2.420    Nov  9 02:03:40      1605     0.45
         0.93        7762.0         2.200    Nov  9 02:03:40      1605     0.45
         0.93        7764.4         2.420    Nov  9 02:03:41      1606     0.45
         0.93        7766.9         2.460    Nov  9 02:03:41      1606     0.45
         0.93        7769.4         2.470    Nov  9 02:03:42      1607     0.45
         0.93        7771.6         2.220    Nov  9 02:03:42      1607     0.45
         0.93        7774.0         2.430    Nov  9 02:03:43      1608     0.45
         0.93        7776.3         2.330    Nov  9 02:03:43      1608     0.45
         0.93        7778.5         2.200    Nov  9 02:03:44      1609     0.45
         0.94        7781.0         2.410    Nov  9 02:03:45      1610     0.45
         0.94        7783.2         2.230    Nov  9 02:03:45      1610     0.45
         0.94        7785.4         2.220    Nov  9 02:03:46      1611     0.45
         0.94        7787.8         2.440    Nov  9 02:03:46      1611     0.45
         0.94        7790.2         2.330    Nov  9 02:03:47      1612     0.45
         0.94        7792.3         2.160    Nov  9 02:03:47      1612     0.45
         0.94        7794.9         2.580    Nov  9 02:03:48      1613     0.45
         0.94        7797.4         2.440    Nov  9 02:03:48      1613     0.45
         0.94        7799.8         2.440    Nov  9 02:03:49      1614     0.45
         0.94        7802.0         2.240    Nov  9 02:03:50      1615     0.45
         0.95        7804.4         2.320    Nov  9 02:03:50      1615     0.45
         0.95        7806.7         2.330    Nov  9 02:03:51      1616     0.45
         0.95        7809.0         2.330    Nov  9 02:03:51      1616     0.45
         0.95        7811.3         2.270    Nov  9 02:03:52      1617     0.45
         0.95        7813.6         2.340    Nov  9 02:03:52      1617     0.45
         0.95        7815.9         2.320    Nov  9 02:03:53      1618     0.45
         0.95        7818.4         2.430    Nov  9 02:03:54      1619     0.45
         0.95        7820.8         2.380    Nov  9 02:03:54      1619     0.45
         0.95        7823.0         2.250    Nov  9 02:03:55      1620     0.45
         0.95        7825.3         2.270    Nov  9 02:03:55      1620     0.45
         0.96        7827.5         2.270    Nov  9 02:03:56      1621     0.45
         0.96        7829.8         2.210    Nov  9 02:03:56      1621     0.45
         0.96        7832.0         2.270    Nov  9 02:03:57      1622     0.45
         0.96        7834.3         2.280    Nov  9 02:03:57      1622     0.45
         0.96        7836.8         2.480    Nov  9 02:03:58      1623     0.45
         0.96        7839.2         2.370    Nov  9 02:03:59      1624     0.45
         0.96        7841.4         2.260    Nov  9 02:03:59      1624     0.45
         0.96        7843.4         1.950    Nov  9 02:04:00      1625     0.45
         0.96        7845.7         2.360    Nov  9 02:04:00      1625     0.45
         0.96        7847.9         2.220    Nov  9 02:04:01      1626     0.45
         0.97        7850.3         2.390    Nov  9 02:04:01      1626     0.45
         0.97        7852.6         2.250    Nov  9 02:04:02      1627     0.45
         0.97        7854.8         2.240    Nov  9 02:04:02      1627     0.45
         0.97        7857.2         2.390    Nov  9 02:04:03      1628     0.45
         0.97        7859.5         2.280    Nov  9 02:04:03      1628     0.45
         0.97        7861.9         2.430    Nov  9 02:04:04      1629     0.45
         0.97        7863.8         1.850    Nov  9 02:04:05      1630     0.45
         0.97        7866.0         2.200    Nov  9 02:04:05      1630     0.45
         0.97        7868.3         2.370    Nov  9 02:04:06      1631     0.45
         0.97        7870.6         2.240    Nov  9 02:04:06      1631     0.45
         0.98        7872.9         2.290    Nov  9 02:04:07      1632     0.45
         0.98        7875.1         2.230    Nov  9 02:04:07      1632     0.45
         0.98        7877.3         2.250    Nov  9 02:04:08      1633     0.45
         0.98        7879.7         2.390    Nov  9 02:04:09      1634     0.45
         0.98        7881.8         2.080    Nov  9 02:04:09      1634     0.45
         0.98        7884.1         2.330    Nov  9 02:04:10      1635     0.45
         0.98        7886.4         2.200    Nov  9 02:04:10      1635     0.45
         0.98        7888.6         2.250    Nov  9 02:04:11      1636     0.45
         0.98        7890.8         2.240    Nov  9 02:04:11      1636     0.45
         0.98        7893.0         2.190    Nov  9 02:04:12      1637     0.45
         0.99        7895.3         2.260    Nov  9 02:04:12      1637     0.45
         0.99        7897.8         2.510    Nov  9 02:04:13      1638     0.46
         0.99        7900.1         2.290    Nov  9 02:04:13      1638     0.46
         0.99        7902.2         2.100    Nov  9 02:04:14      1639     0.46
         0.99        7904.4         2.250    Nov  9 02:04:14      1639     0.46
         0.99        7906.7         2.220    Nov  9 02:04:15      1640     0.46
         0.99        7908.9         2.250    Nov  9 02:04:16      1641     0.46
         0.99        7911.2         2.320    Nov  9 02:04:16      1641     0.46
         0.99        7913.5         2.260    Nov  9 02:04:17      1642     0.46
         0.99        7915.9         2.370    Nov  9 02:04:17      1642     0.46
         0.99        7918.1         2.220    Nov  9 02:04:18      1643     0.46
         1.00        7920.3         2.220    Nov  9 02:04:18      1643     0.46
         1.00        7922.6         2.340    Nov  9 02:04:19      1644     0.46
         1.00        7924.9         2.250    Nov  9 02:04:19      1644     0.46
         1.00        7926.9         1.980    Nov  9 02:04:20      1645     0.46
         1.00        7929.1         2.190    Nov  9 02:04:21      1646     0.46
