#Update-step  Updatetime     Error of A        Error of phi      Time in fs
     1 *      0.02500000     0.000000E+000     0.417354E-003        0.0000
     1        0.02500000     0.000000E+000     0.521974E-004        0.0250
     2        0.05000000     0.000000E+000     0.200494E-004        0.0500
     3        0.10000000     0.000000E+000     0.252419E-005        0.1000
     4        0.10000000     0.000000E+000     0.721762E-007        0.2000
     5        0.10000000     0.000000E+000     0.171255E-006        0.3000
     6        0.10000000     0.000000E+000     0.439614E-007        0.4000
     7        0.10000000     0.000000E+000     0.142557E-007        0.5000
     8        0.10000000     0.000000E+000     0.540114E-008        0.6000
     9        0.10000000     0.000000E+000     0.134096E-006        0.7000
    10        0.10000000     0.000000E+000     0.550672E-007        0.8000
    11        0.10000000     0.000000E+000     0.141203E-007        0.9000
