#Update-step  Updatetime     Error of A        Error of phi      Time in fs
     1                                         0.156077E-004
     1        0.00500000     0.000000E+000     0.414873E-006        0.0000
     2        0.00678571     0.000000E+000     0.573738E-006        0.0050
     3        0.00801948     0.000000E+000     0.556785E-006        0.0118
     4        0.00891053     0.000000E+000     0.455417E-006        0.0198
     5        0.01018347     0.000000E+000     0.389576E-006        0.0287
     6        0.01222016     0.000000E+000     0.357187E-006        0.0389
     7        0.01629355     0.000000E+000     0.374055E-006        0.0511
     8        0.01629355     0.000000E+000     0.212983E-006        0.0674
     9        0.01629355     0.000000E+000     0.125377E-006        0.0837
    10        0.02500000     0.000000E+000     0.156842E-006        0.1000
    11        0.03750000     0.000000E+000     0.142217E-006        0.1250
    12        0.03750000     0.000000E+000     0.490607E-007        0.1625
    13        0.05000000     0.000000E+000     0.262566E-007        0.2000
    14        0.05000000     0.000000E+000     0.669139E-008        0.2500
    15        0.10000000     0.000000E+000     0.383611E-008        0.3000
    16        0.10000000     0.000000E+000     0.269715E-009        0.4000
    17        0.10000000     0.000000E+000     0.199001E-010        0.5000
    18        0.10000000     0.000000E+000     0.150908E-011        0.6000
    19        0.10000000     0.000000E+000     0.119016E-012        0.7000
    20        0.10000000     0.000000E+000     0.836722E-014        0.8000
    21        0.10000000     0.000000E+000     0.291677E-014        0.9000
