#    Start: ------ Host: "mendez-famaf" ----------Thu Nov  3 10:50:28 2022

#    Time[fs]   CPU-time[s]     Delta-CPU    Real time        RealT[s]     [h]
#       -0.00           8.4                  Nov  3 10:50:37         0     0.00
         0.00          45.7        37.270    Nov  3 10:50:59        22     0.01
         0.00          97.5        51.880    Nov  3 10:51:31        54     0.01
         0.00         144.6        47.020    Nov  3 10:52:00        83     0.02
         0.00         190.1        45.500    Nov  3 10:52:28       111     0.03
         0.00         233.7        43.610    Nov  3 10:52:55       138     0.04
         0.01         275.1        41.410    Nov  3 10:53:20       163     0.05
         0.01         314.5        39.400    Nov  3 10:53:44       187     0.05
         0.01         352.6        38.130    Nov  3 10:54:07       210     0.06
         0.01         388.9        36.250    Nov  3 10:54:30       233     0.06
         0.01         423.8        34.940    Nov  3 10:54:51       254     0.07
         0.01         457.6        33.750    Nov  3 10:55:12       275     0.08
         0.01         489.5        31.920    Nov  3 10:55:31       294     0.08
         0.01         520.0        30.560    Nov  3 10:55:50       313     0.09
         0.01         549.3        29.280    Nov  3 10:56:08       331     0.09
         0.01         578.0        28.650    Nov  3 10:56:25       348     0.10
         0.02         605.5        27.520    Nov  3 10:56:42       365     0.10
         0.02         631.8        26.300    Nov  3 10:56:58       381     0.11
         0.02         657.4        25.640    Nov  3 10:57:14       397     0.11
         0.02         682.4        25.000    Nov  3 10:57:29       412     0.11
         0.02         706.3        23.840    Nov  3 10:57:44       427     0.12
         0.02         729.4        23.160    Nov  3 10:57:58       441     0.12
         0.02         751.3        21.900    Nov  3 10:58:11       454     0.13
         0.02         772.6        21.260    Nov  3 10:58:24       467     0.13
         0.02         793.2        20.610    Nov  3 10:58:37       480     0.13
         0.02         813.2        20.030    Nov  3 10:58:49       492     0.14
         0.02         832.6        19.360    Nov  3 10:59:01       504     0.14
         0.03         851.4        18.760    Nov  3 10:59:13       516     0.14
         0.03         869.5        18.150    Nov  3 10:59:24       527     0.15
         0.03         887.0        17.530    Nov  3 10:59:35       538     0.15
         0.03         903.9        16.890    Nov  3 10:59:45       548     0.15
         0.03         920.2        16.300    Nov  3 10:59:55       558     0.15
         0.03         935.9        15.650    Nov  3 11:00:04       567     0.16
         0.03         951.5        15.670    Nov  3 11:00:14       577     0.16
         0.03         966.6        15.070    Nov  3 11:00:23       586     0.16
         0.03         981.0        14.390    Nov  3 11:00:32       595     0.17
         0.04         995.4        14.390    Nov  3 11:00:41       604     0.17
         0.04        1009.1        13.760    Nov  3 11:00:49       612     0.17
         0.04        1022.9        13.780    Nov  3 11:00:58       621     0.17
         0.04        1036.1        13.150    Nov  3 11:01:06       629     0.17
         0.04        1048.6        12.530    Nov  3 11:01:13       636     0.18
         0.04        1061.2        12.550    Nov  3 11:01:21       644     0.18
         0.04        1073.0        11.880    Nov  3 11:01:28       651     0.18
         0.04        1084.9        11.890    Nov  3 11:01:36       659     0.18
         0.04        1096.2        11.260    Nov  3 11:01:42       665     0.18
         0.04        1107.5        11.290    Nov  3 11:01:49       672     0.19
         0.05        1118.1        10.630    Nov  3 11:01:56       679     0.19
         0.05        1128.7        10.620    Nov  3 11:02:02       685     0.19
         0.05        1138.8        10.030    Nov  3 11:02:08       691     0.19
         0.05        1148.8        10.010    Nov  3 11:02:15       698     0.19
         0.05        1158.8        10.010    Nov  3 11:02:21       704     0.20
         0.05        1168.2         9.390    Nov  3 11:02:26       709     0.20
         0.05        1177.6         9.390    Nov  3 11:02:32       715     0.20
         0.05        1187.0         9.410    Nov  3 11:02:38       721     0.20
         0.05        1195.8         8.790    Nov  3 11:02:43       726     0.20
         0.05        1204.5         8.770    Nov  3 11:02:49       732     0.20
         0.06        1213.3         8.770    Nov  3 11:02:54       737     0.20
         0.06        1221.5         8.160    Nov  3 11:02:59       742     0.21
         0.06        1229.7         8.250    Nov  3 11:03:04       747     0.21
         0.06        1237.9         8.150    Nov  3 11:03:09       752     0.21
         0.06        1245.5         7.610    Nov  3 11:03:14       757     0.21
         0.06        1253.0         7.570    Nov  3 11:03:18       761     0.21
         0.06        1260.4         7.390    Nov  3 11:03:23       766     0.21
         0.06        1267.7         7.290    Nov  3 11:03:27       770     0.21
         0.06        1274.4         6.700    Nov  3 11:03:31       774     0.21
         0.06        1281.1         6.680    Nov  3 11:03:35       778     0.22
         0.07        1287.8         6.670    Nov  3 11:03:40       783     0.22
         0.07        1294.4         6.670    Nov  3 11:03:44       787     0.22
         0.07        1301.1         6.710    Nov  3 11:03:48       791     0.22
         0.07        1307.2         6.050    Nov  3 11:03:52       795     0.22
         0.07        1313.3         6.070    Nov  3 11:03:55       798     0.22
         0.07        1319.3         6.060    Nov  3 11:03:59       802     0.22
         0.07        1325.5         6.170    Nov  3 11:04:03       806     0.22
         0.07        1331.6         6.070    Nov  3 11:04:07       810     0.23
         0.07        1337.2         5.580    Nov  3 11:04:10       813     0.23
         0.07        1342.6         5.470    Nov  3 11:04:14       817     0.23
         0.08        1348.3         5.650    Nov  3 11:04:17       820     0.23
         0.08        1353.9         5.610    Nov  3 11:04:20       823     0.23
         0.08        1359.3         5.470    Nov  3 11:04:24       827     0.23
         0.08        1364.9         5.580    Nov  3 11:04:27       830     0.23
         0.08        1369.9         4.960    Nov  3 11:04:30       833     0.23
         0.08        1374.8         4.900    Nov  3 11:04:33       836     0.23
         0.08        1379.7         4.900    Nov  3 11:04:36       839     0.23
         0.08        1384.5         4.850    Nov  3 11:04:39       842     0.23
         0.08        1389.5         4.920    Nov  3 11:04:42       845     0.23
         0.08        1394.3         4.880    Nov  3 11:04:45       848     0.24
         0.09        1399.2         4.870    Nov  3 11:04:48       851     0.24
         0.09        1403.5         4.260    Nov  3 11:04:51       854     0.24
         0.09        1407.8         4.360    Nov  3 11:04:53       856     0.24
         0.09        1412.1         4.320    Nov  3 11:04:56       859     0.24
         0.09        1416.4         4.260    Nov  3 11:04:59       862     0.24
         0.09        1420.7         4.250    Nov  3 11:05:01       864     0.24
         0.09        1424.9         4.260    Nov  3 11:05:04       867     0.24
         0.09        1429.2         4.250    Nov  3 11:05:07       870     0.24
         0.09        1433.4         4.260    Nov  3 11:05:09       872     0.24
         0.09        1437.1         3.640    Nov  3 11:05:11       874     0.24
         0.10        1440.8         3.690    Nov  3 11:05:14       877     0.24
         0.10        1444.4         3.670    Nov  3 11:05:16       879     0.24
         0.10        1448.1         3.670    Nov  3 11:05:18       881     0.24
         0.10        1451.7         3.640    Nov  3 11:05:21       884     0.25
         0.10        1455.4         3.660    Nov  3 11:05:23       886     0.25
         0.10        1459.1         3.700    Nov  3 11:05:25       888     0.25
         0.10        1462.8         3.680    Nov  3 11:05:27       890     0.25
         0.10        1466.5         3.680    Nov  3 11:05:30       893     0.25
         0.10        1470.1         3.680    Nov  3 11:05:32       895     0.25
         0.10        1473.2         3.060    Nov  3 11:05:34       897     0.25
         0.11        1476.3         3.060    Nov  3 11:05:36       899     0.25
         0.11        1479.3         3.060    Nov  3 11:05:37       900     0.25
         0.11        1482.4         3.070    Nov  3 11:05:39       902     0.25
         0.11        1485.5         3.060    Nov  3 11:05:41       904     0.25
         0.11        1488.5         3.030    Nov  3 11:05:43       906     0.25
         0.11        1491.5         3.030    Nov  3 11:05:45       908     0.25
         0.11        1494.5         3.030    Nov  3 11:05:47       910     0.25
         0.11        1497.6         3.040    Nov  3 11:05:49       912     0.25
         0.11        1500.6         3.020    Nov  3 11:05:51       914     0.25
         0.11        1503.6         3.030    Nov  3 11:05:52       915     0.25
         0.12        1506.7         3.070    Nov  3 11:05:54       917     0.25
         0.12        1509.8         3.050    Nov  3 11:05:56       919     0.26
         0.12        1512.8         3.060    Nov  3 11:05:58       921     0.26
         0.12        1515.3         2.450    Nov  3 11:06:00       923     0.26
         0.12        1517.7         2.440    Nov  3 11:06:01       924     0.26
         0.12        1520.1         2.420    Nov  3 11:06:03       926     0.26
         0.12        1522.6         2.450    Nov  3 11:06:04       927     0.26
         0.12        1525.0         2.450    Nov  3 11:06:06       929     0.26
         0.12        1527.5         2.460    Nov  3 11:06:07       930     0.26
         0.12        1529.9         2.440    Nov  3 11:06:09       932     0.26
         0.13        1532.4         2.440    Nov  3 11:06:10       933     0.26
         0.13        1534.8         2.440    Nov  3 11:06:12       935     0.26
         0.13        1537.2         2.440    Nov  3 11:06:13       936     0.26
         0.13        1539.7         2.430    Nov  3 11:06:15       938     0.26
         0.13        1542.1         2.440    Nov  3 11:06:16       939     0.26
         0.13        1544.5         2.440    Nov  3 11:06:18       941     0.26
         0.13        1547.0         2.440    Nov  3 11:06:19       942     0.26
         0.13        1549.4         2.430    Nov  3 11:06:21       944     0.26
         0.13        1551.8         2.430    Nov  3 11:06:22       945     0.26
         0.13        1554.3         2.440    Nov  3 11:06:24       947     0.26
         0.14        1556.7         2.430    Nov  3 11:06:25       948     0.26
         0.14        1558.6         1.840    Nov  3 11:06:26       949     0.26
         0.14        1560.4         1.830    Nov  3 11:06:27       950     0.26
         0.14        1562.2         1.820    Nov  3 11:06:28       951     0.26
         0.14        1564.0         1.830    Nov  3 11:06:30       953     0.26
         0.14        1565.9         1.840    Nov  3 11:06:31       954     0.27
         0.14        1567.7         1.860    Nov  3 11:06:32       955     0.27
         0.14        1569.6         1.830    Nov  3 11:06:33       956     0.27
         0.14        1571.4         1.840    Nov  3 11:06:34       957     0.27
         0.14        1573.2         1.840    Nov  3 11:06:35       958     0.27
         0.15        1575.1         1.840    Nov  3 11:06:36       959     0.27
         0.15        1576.9         1.830    Nov  3 11:06:38       961     0.27
         0.15        1578.8         1.840    Nov  3 11:06:39       962     0.27
         0.15        1580.6         1.850    Nov  3 11:06:40       963     0.27
         0.15        1582.5         1.850    Nov  3 11:06:41       964     0.27
         0.15        1584.3         1.850    Nov  3 11:06:42       965     0.27
         0.15        1586.2         1.850    Nov  3 11:06:43       966     0.27
         0.15        1588.0         1.830    Nov  3 11:06:44       967     0.27
         0.15        1589.8         1.830    Nov  3 11:06:46       969     0.27
         0.15        1591.6         1.820    Nov  3 11:06:47       970     0.27
         0.16        1593.5         1.830    Nov  3 11:06:48       971     0.27
         0.16        1595.3         1.820    Nov  3 11:06:49       972     0.27
         0.16        1597.1         1.820    Nov  3 11:06:50       973     0.27
         0.16        1598.9         1.830    Nov  3 11:06:51       974     0.27
         0.16        1600.8         1.860    Nov  3 11:06:52       975     0.27
         0.16        1602.6         1.830    Nov  3 11:06:53       976     0.27
         0.16        1604.5         1.840    Nov  3 11:06:55       978     0.27
         0.16        1606.3         1.820    Nov  3 11:06:56       979     0.27
         0.16        1608.1         1.860    Nov  3 11:06:57       980     0.27
         0.16        1610.0         1.830    Nov  3 11:06:58       981     0.27
         0.17        1611.8         1.840    Nov  3 11:06:59       982     0.27
         0.17        1613.7         1.840    Nov  3 11:07:00       983     0.27
         0.17        1614.9         1.220    Nov  3 11:07:01       984     0.27
         0.17        1616.1         1.230    Nov  3 11:07:02       985     0.27
         0.17        1617.3         1.230    Nov  3 11:07:03       986     0.27
         0.17        1618.6         1.230    Nov  3 11:07:03       986     0.27
         0.17        1619.8         1.220    Nov  3 11:07:04       987     0.27
         0.17        1621.0         1.230    Nov  3 11:07:05       988     0.27
         0.17        1622.2         1.220    Nov  3 11:07:06       989     0.27
         0.17        1623.5         1.230    Nov  3 11:07:06       989     0.27
         0.18        1624.7         1.230    Nov  3 11:07:07       990     0.28
         0.18        1625.9         1.240    Nov  3 11:07:08       991     0.28
         0.18        1627.2         1.230    Nov  3 11:07:09       992     0.28
         0.18        1628.4         1.210    Nov  3 11:07:09       992     0.28
         0.18        1629.6         1.190    Nov  3 11:07:10       993     0.28
         0.18        1630.8         1.230    Nov  3 11:07:11       994     0.28
         0.18        1632.0         1.240    Nov  3 11:07:12       995     0.28
         0.18        1633.3         1.230    Nov  3 11:07:12       995     0.28
         0.18        1634.5         1.250    Nov  3 11:07:13       996     0.28
         0.18        1635.8         1.230    Nov  3 11:07:14       997     0.28
         0.19        1637.0         1.230    Nov  3 11:07:15       998     0.28
         0.19        1638.2         1.220    Nov  3 11:07:16       999     0.28
         0.19        1639.4         1.240    Nov  3 11:07:16       999     0.28
         0.19        1640.7         1.240    Nov  3 11:07:17      1000     0.28
         0.19        1641.9         1.230    Nov  3 11:07:18      1001     0.28
         0.19        1643.1         1.230    Nov  3 11:07:19      1002     0.28
         0.19        1644.4         1.220    Nov  3 11:07:19      1002     0.28
         0.19        1645.6         1.230    Nov  3 11:07:20      1003     0.28
         0.19        1646.8         1.230    Nov  3 11:07:21      1004     0.28
         0.19        1648.0         1.230    Nov  3 11:07:22      1005     0.28
         0.20        1649.3         1.220    Nov  3 11:07:22      1005     0.28
         0.20        1650.5         1.240    Nov  3 11:07:23      1006     0.28
         0.20        1651.7         1.220    Nov  3 11:07:24      1007     0.28
         0.20        1653.0         1.240    Nov  3 11:07:25      1008     0.28
         0.20        1654.2         1.230    Nov  3 11:07:25      1008     0.28
         0.20        1655.4         1.230    Nov  3 11:07:26      1009     0.28
         0.20        1656.7         1.230    Nov  3 11:07:27      1010     0.28
         0.20        1657.9         1.230    Nov  3 11:07:28      1011     0.28
         0.20        1659.1         1.230    Nov  3 11:07:28      1011     0.28
         0.20        1660.3         1.220    Nov  3 11:07:29      1012     0.28
         0.21        1661.6         1.230    Nov  3 11:07:30      1013     0.28
         0.21        1662.8         1.230    Nov  3 11:07:31      1014     0.28
         0.21        1664.0         1.240    Nov  3 11:07:31      1014     0.28
         0.21        1665.3         1.240    Nov  3 11:07:32      1015     0.28
         0.21        1666.5         1.230    Nov  3 11:07:33      1016     0.28
         0.21        1667.7         1.220    Nov  3 11:07:34      1017     0.28
         0.21        1669.0         1.220    Nov  3 11:07:35      1018     0.28
         0.21        1670.2         1.230    Nov  3 11:07:35      1018     0.28
         0.21        1671.4         1.230    Nov  3 11:07:36      1019     0.28
         0.21        1672.6         1.230    Nov  3 11:07:37      1020     0.28
         0.22        1673.9         1.220    Nov  3 11:07:38      1021     0.28
         0.22        1675.1         1.240    Nov  3 11:07:38      1021     0.28
         0.22        1676.3         1.230    Nov  3 11:07:39      1022     0.28
         0.22        1677.6         1.240    Nov  3 11:07:40      1023     0.28
         0.22        1678.8         1.220    Nov  3 11:07:41      1024     0.28
         0.22        1680.0         1.220    Nov  3 11:07:41      1024     0.28
         0.22        1681.2         1.230    Nov  3 11:07:42      1025     0.28
         0.22        1682.5         1.220    Nov  3 11:07:43      1026     0.28
         0.22        1683.7         1.280    Nov  3 11:07:44      1027     0.29
         0.22        1685.0         1.240    Nov  3 11:07:45      1028     0.29
         0.23        1686.2         1.220    Nov  3 11:07:45      1028     0.29
         0.23        1687.4         1.220    Nov  3 11:07:46      1029     0.29
         0.23        1688.7         1.230    Nov  3 11:07:47      1030     0.29
         0.23        1690.0         1.310    Nov  3 11:07:48      1031     0.29
         0.23        1691.2         1.290    Nov  3 11:07:49      1032     0.29
         0.23        1692.5         1.230    Nov  3 11:07:49      1032     0.29
         0.23        1693.8         1.330    Nov  3 11:07:50      1033     0.29
         0.23        1695.2         1.430    Nov  3 11:07:51      1034     0.29
         0.23        1696.5         1.240    Nov  3 11:07:52      1035     0.29
         0.23        1697.7         1.230    Nov  3 11:07:53      1036     0.29
         0.24        1698.9         1.230    Nov  3 11:07:54      1037     0.29
         0.24        1700.2         1.230    Nov  3 11:07:54      1037     0.29
         0.24        1701.4         1.220    Nov  3 11:07:55      1038     0.29
         0.24        1702.6         1.220    Nov  3 11:07:56      1039     0.29
         0.24        1703.8         1.230    Nov  3 11:07:57      1040     0.29
         0.24        1705.1         1.220    Nov  3 11:07:57      1040     0.29
         0.24        1706.3         1.220    Nov  3 11:07:58      1041     0.29
         0.24        1707.5         1.220    Nov  3 11:07:59      1042     0.29
         0.24        1708.7         1.240    Nov  3 11:08:00      1043     0.29
         0.24        1710.0         1.240    Nov  3 11:08:00      1043     0.29
         0.25        1711.2         1.240    Nov  3 11:08:01      1044     0.29
         0.25        1712.5         1.240    Nov  3 11:08:02      1045     0.29
         0.25        1713.7         1.240    Nov  3 11:08:03      1046     0.29
         0.25        1714.9         1.230    Nov  3 11:08:04      1047     0.29
         0.25        1715.6         0.640    Nov  3 11:08:04      1047     0.29
         0.25        1716.4         0.790    Nov  3 11:08:05      1048     0.29
         0.25        1717.1         0.700    Nov  3 11:08:05      1048     0.29
         0.25        1717.7         0.670    Nov  3 11:08:05      1048     0.29
         0.25        1718.5         0.740    Nov  3 11:08:06      1049     0.29
         0.25        1719.2         0.710    Nov  3 11:08:06      1049     0.29
         0.26        1719.8         0.670    Nov  3 11:08:07      1050     0.29
         0.26        1720.6         0.770    Nov  3 11:08:07      1050     0.29
         0.26        1721.2         0.630    Nov  3 11:08:08      1051     0.29
         0.26        1722.0         0.790    Nov  3 11:08:08      1051     0.29
         0.26        1722.7         0.700    Nov  3 11:08:09      1052     0.29
         0.26        1723.4         0.670    Nov  3 11:08:09      1052     0.29
         0.26        1724.2         0.740    Nov  3 11:08:10      1053     0.29
         0.26        1724.9         0.710    Nov  3 11:08:10      1053     0.29
         0.26        1725.6         0.750    Nov  3 11:08:11      1054     0.29
         0.26        1726.3         0.680    Nov  3 11:08:11      1054     0.29
         0.27        1727.0         0.690    Nov  3 11:08:11      1054     0.29
         0.27        1727.7         0.730    Nov  3 11:08:12      1055     0.29
         0.27        1728.4         0.680    Nov  3 11:08:12      1055     0.29
         0.27        1729.1         0.730    Nov  3 11:08:13      1056     0.29
         0.27        1729.8         0.690    Nov  3 11:08:13      1056     0.29
         0.27        1730.5         0.690    Nov  3 11:08:14      1057     0.29
         0.27        1731.2         0.730    Nov  3 11:08:14      1057     0.29
         0.27        1731.9         0.700    Nov  3 11:08:15      1058     0.29
         0.27        1732.7         0.730    Nov  3 11:08:15      1058     0.29
         0.27        1733.4         0.700    Nov  3 11:08:16      1059     0.29
         0.28        1734.1         0.690    Nov  3 11:08:16      1059     0.29
         0.28        1734.8         0.740    Nov  3 11:08:17      1060     0.29
         0.28        1735.5         0.700    Nov  3 11:08:17      1060     0.29
         0.28        1736.2         0.730    Nov  3 11:08:18      1061     0.29
         0.28        1736.9         0.690    Nov  3 11:08:18      1061     0.29
         0.28        1737.6         0.690    Nov  3 11:08:18      1061     0.29
         0.28        1738.3         0.730    Nov  3 11:08:19      1062     0.29
         0.28        1739.0         0.690    Nov  3 11:08:19      1062     0.29
         0.28        1739.7         0.710    Nov  3 11:08:20      1063     0.30
         0.28        1740.4         0.700    Nov  3 11:08:20      1063     0.30
         0.29        1741.1         0.690    Nov  3 11:08:21      1064     0.30
         0.29        1741.8         0.720    Nov  3 11:08:21      1064     0.30
         0.29        1742.5         0.690    Nov  3 11:08:22      1065     0.30
         0.29        1743.3         0.730    Nov  3 11:08:22      1065     0.30
         0.29        1744.0         0.690    Nov  3 11:08:23      1066     0.30
         0.29        1744.6         0.680    Nov  3 11:08:23      1066     0.30
         0.29        1745.4         0.730    Nov  3 11:08:24      1067     0.30
         0.29        1746.1         0.730    Nov  3 11:08:24      1067     0.30
         0.29        1746.8         0.700    Nov  3 11:08:25      1068     0.30
         0.29        1747.5         0.750    Nov  3 11:08:25      1068     0.30
         0.30        1748.2         0.710    Nov  3 11:08:26      1069     0.30
         0.30        1749.0         0.710    Nov  3 11:08:26      1069     0.30
         0.30        1750.2         1.250    Nov  3 11:08:27      1070     0.30
         0.30        1752.5         2.320    Nov  3 11:08:28      1071     0.30
         0.30        1754.4         1.850    Nov  3 11:08:29      1072     0.30
         0.30        1756.2         1.860    Nov  3 11:08:30      1073     0.30
         0.30        1758.1         1.860    Nov  3 11:08:32      1075     0.30
         0.30        1759.9         1.830    Nov  3 11:08:33      1076     0.30
         0.30        1761.7         1.800    Nov  3 11:08:34      1077     0.30
         0.30        1762.9         1.210    Nov  3 11:08:35      1078     0.30
         0.31        1764.2         1.220    Nov  3 11:08:35      1078     0.30
         0.31        1765.4         1.230    Nov  3 11:08:36      1079     0.30
         0.31        1766.6         1.210    Nov  3 11:08:37      1080     0.30
         0.31        1767.8         1.230    Nov  3 11:08:38      1081     0.30
         0.31        1768.4         0.610    Nov  3 11:08:38      1081     0.30
         0.31        1769.1         0.700    Nov  3 11:08:38      1081     0.30
         0.31        1769.8         0.680    Nov  3 11:08:39      1082     0.30
         0.31        1770.5         0.730    Nov  3 11:08:39      1082     0.30
         0.31        1771.2         0.690    Nov  3 11:08:40      1083     0.30
         0.31        1771.9         0.690    Nov  3 11:08:40      1083     0.30
         0.32        1772.7         0.730    Nov  3 11:08:41      1084     0.30
         0.32        1773.4         0.690    Nov  3 11:08:41      1084     0.30
         0.32        1774.1         0.730    Nov  3 11:08:42      1085     0.30
         0.32        1774.8         0.690    Nov  3 11:08:42      1085     0.30
         0.32        1775.5         0.680    Nov  3 11:08:43      1086     0.30
         0.32        1776.2         0.700    Nov  3 11:08:43      1086     0.30
         0.32        1776.8         0.690    Nov  3 11:08:43      1086     0.30
         0.32        1777.6         0.730    Nov  3 11:08:44      1087     0.30
         0.32        1778.2         0.650    Nov  3 11:08:44      1087     0.30
         0.32        1778.9         0.720    Nov  3 11:08:45      1088     0.30
         0.33        1779.6         0.650    Nov  3 11:08:45      1088     0.30
         0.33        1780.3         0.680    Nov  3 11:08:46      1089     0.30
         0.33        1780.9         0.650    Nov  3 11:08:46      1089     0.30
         0.33        1781.7         0.780    Nov  3 11:08:47      1090     0.30
         0.33        1782.4         0.690    Nov  3 11:08:47      1090     0.30
         0.33        1783.0         0.650    Nov  3 11:08:48      1091     0.30
         0.33        1783.8         0.720    Nov  3 11:08:48      1091     0.30
         0.33        1784.5         0.720    Nov  3 11:08:49      1092     0.30
         0.33        1785.2         0.720    Nov  3 11:08:49      1092     0.30
         0.33        1785.9         0.690    Nov  3 11:08:49      1092     0.30
         0.34        1786.5         0.650    Nov  3 11:08:50      1093     0.30
         0.34        1787.3         0.720    Nov  3 11:08:50      1093     0.30
         0.34        1787.9         0.680    Nov  3 11:08:51      1094     0.30
         0.34        1788.6         0.690    Nov  3 11:08:51      1094     0.30
         0.34        1789.3         0.710    Nov  3 11:08:52      1095     0.30
         0.34        1790.0         0.700    Nov  3 11:08:52      1095     0.30
         0.34        1790.8         0.730    Nov  3 11:08:53      1096     0.30
         0.34        1791.4         0.640    Nov  3 11:08:53      1096     0.30
         0.34        1792.1         0.730    Nov  3 11:08:54      1097     0.30
         0.34        1792.8         0.650    Nov  3 11:08:54      1097     0.30
         0.35        1793.5         0.690    Nov  3 11:08:54      1097     0.30
         0.35        1794.1         0.650    Nov  3 11:08:55      1098     0.30
         0.35        1794.9         0.750    Nov  3 11:08:55      1098     0.30
         0.35        1795.5         0.670    Nov  3 11:08:56      1099     0.31
         0.35        1796.2         0.640    Nov  3 11:08:56      1099     0.31
         0.35        1796.9         0.670    Nov  3 11:08:57      1100     0.31
         0.35        1797.5         0.670    Nov  3 11:08:57      1100     0.31
         0.35        1798.2         0.690    Nov  3 11:08:58      1101     0.31
         0.35        1798.9         0.720    Nov  3 11:08:58      1101     0.31
         0.35        1799.6         0.620    Nov  3 11:08:58      1101     0.31
         0.36        1800.3         0.720    Nov  3 11:08:59      1102     0.31
         0.36        1800.9         0.630    Nov  3 11:08:59      1102     0.31
         0.36        1801.7         0.770    Nov  3 11:09:00      1103     0.31
         0.36        1802.4         0.680    Nov  3 11:09:00      1103     0.31
         0.36        1803.1         0.700    Nov  3 11:09:01      1104     0.31
         0.36        1803.7         0.640    Nov  3 11:09:01      1104     0.31
         0.36        1804.4         0.730    Nov  3 11:09:02      1105     0.31
         0.36        1805.1         0.690    Nov  3 11:09:02      1105     0.31
         0.36        1805.8         0.640    Nov  3 11:09:02      1105     0.31
         0.36        1806.5         0.770    Nov  3 11:09:03      1106     0.31
         0.37        1807.2         0.720    Nov  3 11:09:03      1106     0.31
         0.37        1807.9         0.650    Nov  3 11:09:04      1107     0.31
         0.37        1808.6         0.720    Nov  3 11:09:04      1107     0.31
         0.37        1809.3         0.660    Nov  3 11:09:05      1108     0.31
         0.37        1810.0         0.720    Nov  3 11:09:05      1108     0.31
         0.37        1810.7         0.650    Nov  3 11:09:06      1109     0.31
         0.37        1811.4         0.700    Nov  3 11:09:06      1109     0.31
         0.37        1812.0         0.660    Nov  3 11:09:07      1110     0.31
         0.37        1812.8         0.780    Nov  3 11:09:07      1110     0.31
         0.37        1813.5         0.690    Nov  3 11:09:08      1111     0.31
         0.38        1814.1         0.640    Nov  3 11:09:08      1111     0.31
         0.38        1814.9         0.740    Nov  3 11:09:08      1111     0.31
         0.38        1815.6         0.720    Nov  3 11:09:09      1112     0.31
         0.38        1816.3         0.690    Nov  3 11:09:09      1112     0.31
         0.38        1816.9         0.650    Nov  3 11:09:10      1113     0.31
         0.38        1817.7         0.730    Nov  3 11:09:10      1113     0.31
         0.38        1818.3         0.680    Nov  3 11:09:11      1114     0.31
         0.38        1819.0         0.700    Nov  3 11:09:11      1114     0.31
         0.38        1819.8         0.730    Nov  3 11:09:12      1115     0.31
         0.38        1820.5         0.700    Nov  3 11:09:12      1115     0.31
         0.39        1821.2         0.700    Nov  3 11:09:13      1116     0.31
         0.39        1821.9         0.740    Nov  3 11:09:13      1116     0.31
         0.39        1822.6         0.690    Nov  3 11:09:14      1117     0.31
         0.39        1823.3         0.730    Nov  3 11:09:14      1117     0.31
         0.39        1824.0         0.680    Nov  3 11:09:15      1118     0.31
         0.39        1824.7         0.700    Nov  3 11:09:15      1118     0.31
         0.39        1825.4         0.740    Nov  3 11:09:15      1118     0.31
         0.39        1826.1         0.650    Nov  3 11:09:16      1119     0.31
         0.39        1826.8         0.690    Nov  3 11:09:16      1119     0.31
         0.39        1827.4         0.660    Nov  3 11:09:17      1120     0.31
         0.40        1828.2         0.720    Nov  3 11:09:17      1120     0.31
         0.40        1828.8         0.660    Nov  3 11:09:18      1121     0.31
         0.40        1829.6         0.730    Nov  3 11:09:18      1121     0.31
         0.40        1830.2         0.690    Nov  3 11:09:19      1122     0.31
         0.40        1830.9         0.690    Nov  3 11:09:19      1122     0.31
         0.40        1831.6         0.680    Nov  3 11:09:20      1123     0.31
         0.40        1832.4         0.770    Nov  3 11:09:20      1123     0.31
         0.40        1833.1         0.730    Nov  3 11:09:21      1124     0.31
         0.40        1833.8         0.660    Nov  3 11:09:21      1124     0.31
         0.40        1834.6         0.780    Nov  3 11:09:21      1124     0.31
         0.41        1835.2         0.690    Nov  3 11:09:22      1125     0.31
         0.41        1835.9         0.650    Nov  3 11:09:22      1125     0.31
         0.41        1836.6         0.740    Nov  3 11:09:23      1126     0.31
         0.41        1837.3         0.700    Nov  3 11:09:23      1126     0.31
         0.41        1838.0         0.650    Nov  3 11:09:24      1127     0.31
         0.41        1838.7         0.760    Nov  3 11:09:24      1127     0.31
         0.41        1839.4         0.700    Nov  3 11:09:25      1128     0.31
         0.41        1840.1         0.650    Nov  3 11:09:25      1128     0.31
         0.41        1840.8         0.740    Nov  3 11:09:26      1129     0.31
         0.41        1841.5         0.680    Nov  3 11:09:26      1129     0.31
         0.42        1842.2         0.740    Nov  3 11:09:27      1130     0.31
         0.42        1842.9         0.660    Nov  3 11:09:27      1130     0.31
         0.42        1843.6         0.730    Nov  3 11:09:28      1131     0.31
         0.42        1844.4         0.730    Nov  3 11:09:28      1131     0.31
         0.42        1845.1         0.690    Nov  3 11:09:28      1131     0.31
         0.42        1845.8         0.690    Nov  3 11:09:29      1132     0.31
         0.42        1846.4         0.700    Nov  3 11:09:29      1132     0.31
         0.42        1847.1         0.690    Nov  3 11:09:30      1133     0.31
         0.42        1847.8         0.700    Nov  3 11:09:30      1133     0.31
         0.42        1848.5         0.690    Nov  3 11:09:31      1134     0.32
         0.43        1849.2         0.720    Nov  3 11:09:31      1134     0.32
         0.43        1849.9         0.690    Nov  3 11:09:32      1135     0.32
         0.43        1850.6         0.700    Nov  3 11:09:32      1135     0.32
         0.43        1851.4         0.740    Nov  3 11:09:33      1136     0.32
         0.43        1852.0         0.660    Nov  3 11:09:33      1136     0.32
         0.43        1852.8         0.720    Nov  3 11:09:34      1137     0.32
         0.43        1853.4         0.660    Nov  3 11:09:34      1137     0.32
         0.43        1854.2         0.730    Nov  3 11:09:34      1137     0.32
         0.43        1854.8         0.650    Nov  3 11:09:35      1138     0.32
         0.43        1855.6         0.780    Nov  3 11:09:35      1138     0.32
         0.44        1856.3         0.720    Nov  3 11:09:36      1139     0.32
         0.44        1857.0         0.650    Nov  3 11:09:36      1139     0.32
         0.44        1857.7         0.730    Nov  3 11:09:37      1140     0.32
         0.44        1858.4         0.680    Nov  3 11:09:37      1140     0.32
         0.44        1859.1         0.700    Nov  3 11:09:38      1141     0.32
         0.44        1859.8         0.720    Nov  3 11:09:38      1141     0.32
         0.44        1860.5         0.680    Nov  3 11:09:39      1142     0.32
         0.44        1861.1         0.650    Nov  3 11:09:39      1142     0.32
         0.44        1861.8         0.730    Nov  3 11:09:40      1143     0.32
         0.44        1862.5         0.690    Nov  3 11:09:40      1143     0.32
         0.45        1863.2         0.650    Nov  3 11:09:41      1144     0.32
         0.45        1863.9         0.720    Nov  3 11:09:41      1144     0.32
         0.45        1864.6         0.730    Nov  3 11:09:42      1145     0.32
         0.45        1865.4         0.720    Nov  3 11:09:42      1145     0.32
         0.45        1866.0         0.690    Nov  3 11:09:42      1145     0.32
         0.45        1866.8         0.730    Nov  3 11:09:43      1146     0.32
         0.45        1867.5         0.690    Nov  3 11:09:43      1146     0.32
         0.45        1868.1         0.690    Nov  3 11:09:44      1147     0.32
         0.45        1868.9         0.720    Nov  3 11:09:44      1147     0.32
         0.45        1869.5         0.650    Nov  3 11:09:45      1148     0.32
         0.46        1870.2         0.730    Nov  3 11:09:45      1148     0.32
         0.46        1870.9         0.640    Nov  3 11:09:46      1149     0.32
         0.46        1871.7         0.780    Nov  3 11:09:46      1149     0.32
         0.46        1872.4         0.730    Nov  3 11:09:47      1150     0.32
         0.46        1873.1         0.660    Nov  3 11:09:47      1150     0.32
         0.46        1873.8         0.780    Nov  3 11:09:48      1151     0.32
         0.46        1874.5         0.690    Nov  3 11:09:48      1151     0.32
         0.46        1875.2         0.640    Nov  3 11:09:49      1152     0.32
         0.46        1876.0         0.780    Nov  3 11:09:49      1152     0.32
         0.46        1876.6         0.680    Nov  3 11:09:50      1153     0.32
         0.47        1877.3         0.650    Nov  3 11:09:50      1153     0.32
         0.47        1878.0         0.730    Nov  3 11:09:50      1153     0.32
         0.47        1878.7         0.650    Nov  3 11:09:51      1154     0.32
         0.47        1879.3         0.690    Nov  3 11:09:51      1154     0.32
         0.47        1880.0         0.660    Nov  3 11:09:52      1155     0.32
         0.47        1880.8         0.770    Nov  3 11:09:52      1155     0.32
         0.47        1881.5         0.680    Nov  3 11:09:53      1156     0.32
         0.47        1882.1         0.650    Nov  3 11:09:53      1156     0.32
         0.47        1882.9         0.770    Nov  3 11:09:54      1157     0.32
         0.47        1883.6         0.720    Nov  3 11:09:54      1157     0.32
         0.48        1884.3         0.660    Nov  3 11:09:55      1158     0.32
         0.48        1884.9         0.670    Nov  3 11:09:55      1158     0.32
         0.48        1885.6         0.670    Nov  3 11:09:55      1158     0.32
         0.48        1886.3         0.670    Nov  3 11:09:56      1159     0.32
         0.48        1886.9         0.670    Nov  3 11:09:56      1159     0.32
         0.48        1887.6         0.680    Nov  3 11:09:57      1160     0.32
         0.48        1888.3         0.710    Nov  3 11:09:57      1160     0.32
         0.48        1889.0         0.670    Nov  3 11:09:58      1161     0.32
         0.48        1889.7         0.720    Nov  3 11:09:58      1161     0.32
         0.48        1890.4         0.680    Nov  3 11:09:59      1162     0.32
         0.49        1891.1         0.680    Nov  3 11:09:59      1162     0.32
         0.49        1891.8         0.680    Nov  3 11:09:59      1162     0.32
         0.49        1892.5         0.710    Nov  3 11:10:00      1163     0.32
         0.49        1893.2         0.710    Nov  3 11:10:00      1163     0.32
         0.49        1893.8         0.670    Nov  3 11:10:01      1164     0.32
         0.49        1894.6         0.710    Nov  3 11:10:01      1164     0.32
         0.49        1895.2         0.680    Nov  3 11:10:02      1165     0.32
         0.49        1895.9         0.670    Nov  3 11:10:02      1165     0.32
         0.49        1896.6         0.710    Nov  3 11:10:03      1166     0.32
         0.49        1897.3         0.640    Nov  3 11:10:03      1166     0.32
         0.50        1897.9         0.670    Nov  3 11:10:04      1167     0.32
         0.50        1898.6         0.630    Nov  3 11:10:04      1167     0.32
         0.50        1899.3         0.710    Nov  3 11:10:04      1167     0.32
         0.50        1899.9         0.640    Nov  3 11:10:05      1168     0.32
         0.50        1900.6         0.700    Nov  3 11:10:05      1168     0.32
         0.50        1901.3         0.670    Nov  3 11:10:06      1169     0.32
         0.50        1902.0         0.680    Nov  3 11:10:06      1169     0.32
         0.50        1902.6         0.670    Nov  3 11:10:07      1170     0.33
         0.50        1903.3         0.680    Nov  3 11:10:07      1170     0.33
         0.50        1904.0         0.670    Nov  3 11:10:08      1171     0.33
         0.51        1904.7         0.720    Nov  3 11:10:08      1171     0.33
         0.51        1905.3         0.630    Nov  3 11:10:08      1171     0.33
         0.51        1906.0         0.660    Nov  3 11:10:09      1172     0.33
         0.51        1906.6         0.590    Nov  3 11:10:09      1172     0.33
         0.51        1907.3         0.750    Nov  3 11:10:10      1173     0.33
         0.51        1908.0         0.670    Nov  3 11:10:10      1173     0.33
         0.51        1908.6         0.640    Nov  3 11:10:11      1174     0.33
         0.51        1909.3         0.710    Nov  3 11:10:11      1174     0.33
         0.51        1910.0         0.630    Nov  3 11:10:11      1174     0.33
         0.51        1910.7         0.670    Nov  3 11:10:12      1175     0.33
         0.52        1911.3         0.630    Nov  3 11:10:12      1175     0.33
         0.52        1912.0         0.750    Nov  3 11:10:13      1176     0.33
         0.52        1912.7         0.670    Nov  3 11:10:13      1176     0.33
         0.52        1913.3         0.630    Nov  3 11:10:14      1177     0.33
         0.52        1914.0         0.710    Nov  3 11:10:14      1177     0.33
         0.52        1914.7         0.670    Nov  3 11:10:15      1178     0.33
         0.52        1915.4         0.710    Nov  3 11:10:15      1178     0.33
         0.52        1916.1         0.680    Nov  3 11:10:15      1178     0.33
         0.52        1916.8         0.680    Nov  3 11:10:16      1179     0.33
         0.52        1917.5         0.700    Nov  3 11:10:16      1179     0.33
         0.53        1918.1         0.640    Nov  3 11:10:17      1180     0.33
         0.53        1918.8         0.660    Nov  3 11:10:17      1180     0.33
         0.53        1919.5         0.670    Nov  3 11:10:18      1181     0.33
         0.53        1920.1         0.680    Nov  3 11:10:18      1181     0.33
         0.53        1920.8         0.680    Nov  3 11:10:19      1182     0.33
         0.53        1921.5         0.690    Nov  3 11:10:19      1182     0.33
         0.53        1922.2         0.680    Nov  3 11:10:20      1183     0.33
         0.53        1922.9         0.710    Nov  3 11:10:20      1183     0.33
         0.53        1923.6         0.670    Nov  3 11:10:20      1183     0.33
         0.53        1924.2         0.670    Nov  3 11:10:21      1184     0.33
         0.54        1924.9         0.710    Nov  3 11:10:21      1184     0.33
         0.54        1925.6         0.670    Nov  3 11:10:22      1185     0.33
         0.54        1926.2         0.630    Nov  3 11:10:22      1185     0.33
         0.54        1927.0         0.710    Nov  3 11:10:23      1186     0.33
         0.54        1927.7         0.710    Nov  3 11:10:23      1186     0.33
         0.54        1928.4         0.720    Nov  3 11:10:24      1187     0.33
         0.54        1929.1         0.680    Nov  3 11:10:24      1187     0.33
         0.54        1929.7         0.670    Nov  3 11:10:25      1188     0.33
         0.54        1930.4         0.680    Nov  3 11:10:25      1188     0.33
         0.54        1931.1         0.660    Nov  3 11:10:25      1188     0.33
         0.55        1931.8         0.710    Nov  3 11:10:26      1189     0.33
         0.55        1932.5         0.710    Nov  3 11:10:26      1189     0.33
         0.55        1933.2         0.670    Nov  3 11:10:27      1190     0.33
         0.55        1933.8         0.670    Nov  3 11:10:27      1190     0.33
         0.55        1934.5         0.680    Nov  3 11:10:28      1191     0.33
         0.55        1935.2         0.680    Nov  3 11:10:28      1191     0.33
         0.55        1935.9         0.660    Nov  3 11:10:29      1192     0.33
         0.55        1936.5         0.680    Nov  3 11:10:29      1192     0.33
         0.55        1937.2         0.710    Nov  3 11:10:30      1193     0.33
         0.55        1937.9         0.680    Nov  3 11:10:30      1193     0.33
         0.56        1938.6         0.670    Nov  3 11:10:30      1193     0.33
         0.56        1939.3         0.710    Nov  3 11:10:31      1194     0.33
         0.56        1939.9         0.640    Nov  3 11:10:31      1194     0.33
         0.56        1940.6         0.670    Nov  3 11:10:32      1195     0.33
         0.56        1941.3         0.670    Nov  3 11:10:32      1195     0.33
         0.56        1942.0         0.670    Nov  3 11:10:33      1196     0.33
         0.56        1942.6         0.670    Nov  3 11:10:33      1196     0.33
         0.56        1943.3         0.710    Nov  3 11:10:34      1197     0.33
         0.56        1944.0         0.690    Nov  3 11:10:34      1197     0.33
         0.56        1944.7         0.700    Nov  3 11:10:35      1198     0.33
         0.57        1945.4         0.720    Nov  3 11:10:35      1198     0.33
         0.57        1946.1         0.640    Nov  3 11:10:35      1198     0.33
         0.57        1946.8         0.740    Nov  3 11:10:36      1199     0.33
         0.57        1947.5         0.710    Nov  3 11:10:36      1199     0.33
         0.57        1948.2         0.680    Nov  3 11:10:37      1200     0.33
         0.57        1948.9         0.670    Nov  3 11:10:37      1200     0.33
         0.57        1949.6         0.750    Nov  3 11:10:38      1201     0.33
         0.57        1950.3         0.720    Nov  3 11:10:38      1201     0.33
         0.57        1951.0         0.660    Nov  3 11:10:39      1202     0.33
         0.57        1951.6         0.630    Nov  3 11:10:39      1202     0.33
         0.58        1952.3         0.700    Nov  3 11:10:40      1203     0.33
         0.58        1953.0         0.680    Nov  3 11:10:40      1203     0.33
         0.58        1953.7         0.700    Nov  3 11:10:40      1203     0.33
         0.58        1954.4         0.680    Nov  3 11:10:41      1204     0.33
         0.58        1955.1         0.670    Nov  3 11:10:41      1204     0.33
         0.58        1955.8         0.700    Nov  3 11:10:42      1205     0.33
         0.58        1956.4         0.640    Nov  3 11:10:42      1205     0.33
         0.58        1957.1         0.670    Nov  3 11:10:43      1206     0.34
         0.58        1957.7         0.660    Nov  3 11:10:43      1206     0.34
         0.58        1958.4         0.670    Nov  3 11:10:44      1207     0.34
         0.59        1959.1         0.670    Nov  3 11:10:44      1207     0.34
         0.59        1959.8         0.680    Nov  3 11:10:45      1208     0.34
         0.59        1960.4         0.680    Nov  3 11:10:45      1208     0.34
         0.59        1961.1         0.670    Nov  3 11:10:46      1209     0.34
         0.59        1961.8         0.670    Nov  3 11:10:46      1209     0.34
         0.59        1962.5         0.680    Nov  3 11:10:46      1209     0.34
         0.59        1963.2         0.710    Nov  3 11:10:47      1210     0.34
         0.59        1963.9         0.710    Nov  3 11:10:47      1210     0.34
         0.59        1964.5         0.670    Nov  3 11:10:48      1211     0.34
         0.59        1965.2         0.670    Nov  3 11:10:48      1211     0.34
         0.60        1965.9         0.670    Nov  3 11:10:49      1212     0.34
         0.60        1966.6         0.670    Nov  3 11:10:49      1212     0.34
         0.60        1967.3         0.710    Nov  3 11:10:50      1213     0.34
         0.60        1967.9         0.630    Nov  3 11:10:50      1213     0.34
         0.60        1968.6         0.700    Nov  3 11:10:50      1213     0.34
         0.60        1969.3         0.680    Nov  3 11:10:51      1214     0.34
         0.60        1970.0         0.670    Nov  3 11:10:51      1214     0.34
         0.60        1970.6         0.670    Nov  3 11:10:52      1215     0.34
         0.60        1971.3         0.680    Nov  3 11:10:52      1215     0.34
         0.60        1972.0         0.670    Nov  3 11:10:53      1216     0.34
         0.61        1972.7         0.680    Nov  3 11:10:53      1216     0.34
         0.61        1973.4         0.700    Nov  3 11:10:54      1217     0.34
         0.61        1974.0         0.670    Nov  3 11:10:54      1217     0.34
         0.61        1974.7         0.680    Nov  3 11:10:55      1218     0.34
         0.61        1975.4         0.710    Nov  3 11:10:55      1218     0.34
         0.61        1976.1         0.680    Nov  3 11:10:55      1218     0.34
         0.61        1976.8         0.700    Nov  3 11:10:56      1219     0.34
         0.61        1977.5         0.670    Nov  3 11:10:56      1219     0.34
         0.61        1978.1         0.670    Nov  3 11:10:57      1220     0.34
         0.61        1978.8         0.710    Nov  3 11:10:57      1220     0.34
         0.62        1979.5         0.640    Nov  3 11:10:58      1221     0.34
         0.62        1980.1         0.660    Nov  3 11:10:58      1221     0.34
         0.62        1980.8         0.640    Nov  3 11:10:59      1222     0.34
         0.62        1981.5         0.750    Nov  3 11:10:59      1222     0.34
         0.62        1982.2         0.670    Nov  3 11:11:00      1223     0.34
         0.62        1982.8         0.640    Nov  3 11:11:00      1223     0.34
         0.62        1983.5         0.710    Nov  3 11:11:00      1223     0.34
         0.62        1984.2         0.660    Nov  3 11:11:01      1224     0.34
         0.62        1984.8         0.630    Nov  3 11:11:01      1224     0.34
         0.62        1985.6         0.760    Nov  3 11:11:02      1225     0.34
         0.63        1986.3         0.710    Nov  3 11:11:02      1225     0.34
         0.63        1987.0         0.680    Nov  3 11:11:03      1226     0.34
         0.63        1987.7         0.710    Nov  3 11:11:03      1226     0.34
         0.63        1988.4         0.670    Nov  3 11:11:04      1227     0.34
         0.63        1989.0         0.680    Nov  3 11:11:04      1227     0.34
         0.63        1989.8         0.710    Nov  3 11:11:04      1227     0.34
         0.63        1990.4         0.630    Nov  3 11:11:05      1228     0.34
         0.63        1991.1         0.670    Nov  3 11:11:05      1228     0.34
         0.63        1991.7         0.630    Nov  3 11:11:06      1229     0.34
         0.63        1992.5         0.760    Nov  3 11:11:06      1229     0.34
         0.64        1993.1         0.670    Nov  3 11:11:07      1230     0.34
         0.64        1993.8         0.670    Nov  3 11:11:07      1230     0.34
         0.64        1994.4         0.630    Nov  3 11:11:08      1231     0.34
         0.64        1995.1         0.710    Nov  3 11:11:08      1231     0.34
         0.64        1995.8         0.710    Nov  3 11:11:09      1232     0.34
         0.64        1996.5         0.710    Nov  3 11:11:09      1232     0.34
         0.64        1997.2         0.620    Nov  3 11:11:09      1232     0.34
         0.64        1997.9         0.680    Nov  3 11:11:10      1233     0.34
         0.64        1998.6         0.710    Nov  3 11:11:10      1233     0.34
         0.64        1999.3         0.700    Nov  3 11:11:11      1234     0.34
         0.65        1999.9         0.670    Nov  3 11:11:11      1234     0.34
         0.65        2000.6         0.720    Nov  3 11:11:12      1235     0.34
         0.65        2001.3         0.660    Nov  3 11:11:12      1235     0.34
         0.65        2002.0         0.670    Nov  3 11:11:13      1236     0.34
         0.65        2002.7         0.710    Nov  3 11:11:13      1236     0.34
         0.65        2003.3         0.640    Nov  3 11:11:13      1236     0.34
         0.65        2004.0         0.660    Nov  3 11:11:14      1237     0.34
         0.65        2004.6         0.630    Nov  3 11:11:14      1237     0.34
         0.65        2005.4         0.750    Nov  3 11:11:15      1238     0.34
         0.65        2006.0         0.660    Nov  3 11:11:15      1238     0.34
         0.66        2006.7         0.640    Nov  3 11:11:16      1239     0.34
         0.66        2007.4         0.710    Nov  3 11:11:16      1239     0.34
         0.66        2008.0         0.670    Nov  3 11:11:17      1240     0.34
         0.66        2008.7         0.670    Nov  3 11:11:17      1240     0.34
         0.66        2009.4         0.680    Nov  3 11:11:18      1241     0.34
         0.66        2010.1         0.710    Nov  3 11:11:18      1241     0.34
         0.66        2010.8         0.670    Nov  3 11:11:18      1241     0.34
         0.66        2011.5         0.710    Nov  3 11:11:19      1242     0.34
         0.66        2012.2         0.710    Nov  3 11:11:19      1242     0.34
         0.66        2012.8         0.640    Nov  3 11:11:20      1243     0.35
         0.67        2013.5         0.710    Nov  3 11:11:20      1243     0.35
         0.67        2014.2         0.630    Nov  3 11:11:21      1244     0.35
         0.67        2014.8         0.670    Nov  3 11:11:21      1244     0.35
         0.67        2015.5         0.670    Nov  3 11:11:22      1245     0.35
         0.67        2016.2         0.670    Nov  3 11:11:22      1245     0.35
         0.67        2016.9         0.680    Nov  3 11:11:22      1245     0.35
         0.67        2017.6         0.710    Nov  3 11:11:23      1246     0.35
         0.67        2018.2         0.660    Nov  3 11:11:23      1246     0.35
         0.67        2019.0         0.710    Nov  3 11:11:24      1247     0.35
         0.67        2019.6         0.670    Nov  3 11:11:24      1247     0.35
         0.68        2020.3         0.680    Nov  3 11:11:25      1248     0.35
         0.68        2021.0         0.700    Nov  3 11:11:25      1248     0.35
         0.68        2021.7         0.710    Nov  3 11:11:26      1249     0.35
         0.68        2022.3         0.630    Nov  3 11:11:26      1249     0.35
         0.68        2023.1         0.750    Nov  3 11:11:27      1250     0.35
         0.68        2023.8         0.710    Nov  3 11:11:27      1250     0.35
         0.68        2024.4         0.620    Nov  3 11:11:27      1250     0.35
         0.68        2025.2         0.750    Nov  3 11:11:28      1251     0.35
         0.68        2025.8         0.680    Nov  3 11:11:28      1251     0.35
         0.68        2026.5         0.630    Nov  3 11:11:29      1252     0.35
         0.69        2027.2         0.670    Nov  3 11:11:29      1252     0.35
         0.69        2027.8         0.640    Nov  3 11:11:30      1253     0.35
         0.69        2028.5         0.700    Nov  3 11:11:30      1253     0.35
         0.69        2029.2         0.720    Nov  3 11:11:31      1254     0.35
         0.69        2029.9         0.700    Nov  3 11:11:31      1254     0.35
         0.69        2030.5         0.630    Nov  3 11:11:32      1255     0.35
         0.69        2031.2         0.710    Nov  3 11:11:32      1255     0.35
         0.69        2031.9         0.630    Nov  3 11:11:32      1255     0.35
         0.69        2032.6         0.750    Nov  3 11:11:33      1256     0.35
         0.69        2033.3         0.680    Nov  3 11:11:33      1256     0.35
         0.70        2033.9         0.630    Nov  3 11:11:34      1257     0.35
         0.70        2034.7         0.710    Nov  3 11:11:34      1257     0.35
         0.70        2035.3         0.670    Nov  3 11:11:35      1258     0.35
         0.70        2036.0         0.710    Nov  3 11:11:35      1258     0.35
         0.70        2036.7         0.630    Nov  3 11:11:36      1259     0.35
         0.70        2037.4         0.750    Nov  3 11:11:36      1259     0.35
         0.70        2038.1         0.700    Nov  3 11:11:37      1260     0.35
         0.70        2038.8         0.670    Nov  3 11:11:37      1260     0.35
         0.70        2039.5         0.710    Nov  3 11:11:37      1260     0.35
         0.70        2040.1         0.640    Nov  3 11:11:38      1261     0.35
         0.71        2040.9         0.770    Nov  3 11:11:38      1261     0.35
         0.71        2041.6         0.720    Nov  3 11:11:39      1262     0.35
         0.71        2042.3         0.680    Nov  3 11:11:39      1262     0.35
         0.71        2043.0         0.730    Nov  3 11:11:40      1263     0.35
         0.71        2043.7         0.690    Nov  3 11:11:40      1263     0.35
         0.71        2044.4         0.710    Nov  3 11:11:41      1264     0.35
         0.71        2045.2         0.740    Nov  3 11:11:41      1264     0.35
         0.71        2045.9         0.770    Nov  3 11:11:42      1265     0.35
         0.71        2046.7         0.730    Nov  3 11:11:42      1265     0.35
         0.71        2047.4         0.700    Nov  3 11:11:43      1266     0.35
         0.72        2048.1         0.740    Nov  3 11:11:43      1266     0.35
         0.72        2049.3         1.190    Nov  3 11:11:44      1267     0.35
         0.72        2050.5         1.240    Nov  3 11:11:45      1268     0.35
         0.72        2051.8         1.260    Nov  3 11:11:45      1268     0.35
         0.72        2053.0         1.240    Nov  3 11:11:46      1269     0.35
         0.72        2054.3         1.240    Nov  3 11:11:47      1270     0.35
         0.72        2055.5         1.230    Nov  3 11:11:48      1271     0.35
         0.72        2056.7         1.210    Nov  3 11:11:48      1271     0.35
         0.72        2057.9         1.210    Nov  3 11:11:49      1272     0.35
         0.72        2059.1         1.200    Nov  3 11:11:50      1273     0.35
         0.73        2060.3         1.210    Nov  3 11:11:51      1274     0.35
         0.73        2061.0         0.630    Nov  3 11:11:51      1274     0.35
         0.73        2061.7         0.770    Nov  3 11:11:52      1275     0.35
         0.73        2062.4         0.700    Nov  3 11:11:52      1275     0.35
         0.73        2063.1         0.700    Nov  3 11:11:52      1275     0.35
         0.73        2063.9         0.720    Nov  3 11:11:53      1276     0.35
         0.73        2064.6         0.700    Nov  3 11:11:53      1276     0.35
         0.73        2065.3         0.700    Nov  3 11:11:54      1277     0.35
         0.73        2066.0         0.740    Nov  3 11:11:54      1277     0.35
         0.73        2066.7         0.710    Nov  3 11:11:55      1278     0.35
         0.74        2067.5         0.750    Nov  3 11:11:55      1278     0.35
         0.74        2068.2         0.690    Nov  3 11:11:56      1279     0.36
         0.74        2068.8         0.640    Nov  3 11:11:56      1279     0.36
         0.74        2069.6         0.770    Nov  3 11:11:57      1280     0.36
         0.74        2070.3         0.720    Nov  3 11:11:57      1280     0.36
         0.74        2071.0         0.720    Nov  3 11:11:58      1281     0.36
         0.74        2071.7         0.720    Nov  3 11:11:58      1281     0.36
         0.74        2072.4         0.690    Nov  3 11:11:59      1282     0.36
         0.74        2073.1         0.650    Nov  3 11:11:59      1282     0.36
         0.74        2073.8         0.730    Nov  3 11:11:59      1282     0.36
         0.75        2074.5         0.720    Nov  3 11:12:00      1283     0.36
         0.75        2075.2         0.720    Nov  3 11:12:00      1283     0.36
         0.75        2075.9         0.660    Nov  3 11:12:01      1284     0.36
         0.75        2076.6         0.720    Nov  3 11:12:01      1284     0.36
         0.75        2077.3         0.720    Nov  3 11:12:02      1285     0.36
         0.75        2078.1         0.720    Nov  3 11:12:02      1285     0.36
         0.75        2078.7         0.690    Nov  3 11:12:03      1286     0.36
         0.75        2079.4         0.660    Nov  3 11:12:03      1286     0.36
         0.75        2080.2         0.750    Nov  3 11:12:04      1287     0.36
         0.75        2080.9         0.740    Nov  3 11:12:04      1287     0.36
         0.76        2081.6         0.680    Nov  3 11:12:05      1288     0.36
         0.76        2082.2         0.650    Nov  3 11:12:05      1288     0.36
         0.76        2083.0         0.730    Nov  3 11:12:05      1288     0.36
         0.76        2083.7         0.720    Nov  3 11:12:06      1289     0.36
         0.76        2084.4         0.730    Nov  3 11:12:06      1289     0.36
         0.76        2085.0         0.640    Nov  3 11:12:07      1290     0.36
         0.76        2085.7         0.690    Nov  3 11:12:07      1290     0.36
         0.76        2086.4         0.690    Nov  3 11:12:08      1291     0.36
         0.76        2087.1         0.640    Nov  3 11:12:08      1291     0.36
         0.76        2087.8         0.730    Nov  3 11:12:09      1292     0.36
         0.77        2088.5         0.690    Nov  3 11:12:09      1292     0.36
         0.77        2089.1         0.640    Nov  3 11:12:09      1292     0.36
         0.77        2089.8         0.730    Nov  3 11:12:10      1293     0.36
         0.77        2090.5         0.690    Nov  3 11:12:10      1293     0.36
         0.77        2091.2         0.680    Nov  3 11:12:11      1294     0.36
         0.77        2091.9         0.680    Nov  3 11:12:11      1294     0.36
         0.77        2092.6         0.690    Nov  3 11:12:12      1295     0.36
         0.77        2093.2         0.650    Nov  3 11:12:12      1295     0.36
         0.77        2093.9         0.700    Nov  3 11:12:13      1296     0.36
         0.77        2094.7         0.710    Nov  3 11:12:13      1296     0.36
         0.78        2095.3         0.700    Nov  3 11:12:14      1297     0.36
         0.78        2096.1         0.710    Nov  3 11:12:14      1297     0.36
         0.78        2096.7         0.660    Nov  3 11:12:15      1298     0.36
         0.78        2097.4         0.700    Nov  3 11:12:15      1298     0.36
         0.78        2098.1         0.670    Nov  3 11:12:15      1298     0.36
         0.78        2098.8         0.670    Nov  3 11:12:16      1299     0.36
         0.78        2099.4         0.670    Nov  3 11:12:16      1299     0.36
         0.78        2100.1         0.710    Nov  3 11:12:17      1300     0.36
         0.78        2100.8         0.670    Nov  3 11:12:17      1300     0.36
         0.78        2101.5         0.660    Nov  3 11:12:18      1301     0.36
         0.79        2102.2         0.680    Nov  3 11:12:18      1301     0.36
         0.79        2102.8         0.660    Nov  3 11:12:19      1302     0.36
         0.79        2103.5         0.720    Nov  3 11:12:19      1302     0.36
         0.79        2104.2         0.660    Nov  3 11:12:19      1302     0.36
         0.79        2104.9         0.670    Nov  3 11:12:20      1303     0.36
         0.79        2105.6         0.710    Nov  3 11:12:20      1303     0.36
         0.79        2106.3         0.710    Nov  3 11:12:21      1304     0.36
         0.79        2106.9         0.630    Nov  3 11:12:21      1304     0.36
         0.79        2107.6         0.700    Nov  3 11:12:22      1305     0.36
         0.79        2108.2         0.630    Nov  3 11:12:22      1305     0.36
         0.80        2108.9         0.670    Nov  3 11:12:23      1306     0.36
         0.80        2109.6         0.660    Nov  3 11:12:23      1306     0.36
         0.80        2110.2         0.670    Nov  3 11:12:23      1306     0.36
         0.80        2110.9         0.690    Nov  3 11:12:24      1307     0.36
         0.80        2111.6         0.680    Nov  3 11:12:24      1307     0.36
         0.80        2112.2         0.620    Nov  3 11:12:25      1308     0.36
         0.80        2112.9         0.680    Nov  3 11:12:25      1308     0.36
         0.80        2113.5         0.620    Nov  3 11:12:26      1309     0.36
         0.80        2114.2         0.640    Nov  3 11:12:26      1309     0.36
         0.80        2114.8         0.660    Nov  3 11:12:26      1309     0.36
         0.81        2115.5         0.650    Nov  3 11:12:27      1310     0.36
         0.81        2116.2         0.690    Nov  3 11:12:27      1310     0.36
         0.81        2116.8         0.610    Nov  3 11:12:28      1311     0.36
         0.81        2117.5         0.690    Nov  3 11:12:28      1311     0.36
         0.81        2118.1         0.610    Nov  3 11:12:29      1312     0.36
         0.81        2118.8         0.690    Nov  3 11:12:29      1312     0.36
         0.81        2119.4         0.650    Nov  3 11:12:30      1313     0.36
         0.81        2120.0         0.610    Nov  3 11:12:30      1313     0.36
         0.81        2120.7         0.680    Nov  3 11:12:30      1313     0.36
         0.81        2121.3         0.610    Nov  3 11:12:31      1314     0.36
         0.82        2122.0         0.720    Nov  3 11:12:31      1314     0.36
         0.82        2122.7         0.650    Nov  3 11:12:32      1315     0.37
         0.82        2123.3         0.620    Nov  3 11:12:32      1315     0.37
         0.82        2123.9         0.640    Nov  3 11:12:33      1316     0.37
         0.82        2124.6         0.620    Nov  3 11:12:33      1316     0.37
         0.82        2125.2         0.680    Nov  3 11:12:33      1316     0.37
         0.82        2125.9         0.690    Nov  3 11:12:34      1317     0.37
         0.82        2126.6         0.650    Nov  3 11:12:34      1317     0.37
         0.82        2127.2         0.650    Nov  3 11:12:35      1318     0.37
         0.82        2127.9         0.650    Nov  3 11:12:35      1318     0.37
         0.83        2128.5         0.650    Nov  3 11:12:36      1319     0.37
         0.83        2129.2         0.650    Nov  3 11:12:36      1319     0.37
         0.83        2129.8         0.650    Nov  3 11:12:36      1319     0.37
         0.83        2130.5         0.700    Nov  3 11:12:37      1320     0.37
         0.83        2131.2         0.650    Nov  3 11:12:37      1320     0.37
         0.83        2131.9         0.680    Nov  3 11:12:38      1321     0.37
         0.83        2132.5         0.620    Nov  3 11:12:38      1321     0.37
         0.83        2133.2         0.680    Nov  3 11:12:39      1322     0.37
         0.83        2133.9         0.690    Nov  3 11:12:39      1322     0.37
         0.83        2134.5         0.610    Nov  3 11:12:39      1322     0.37
         0.84        2135.2         0.700    Nov  3 11:12:40      1323     0.37
         0.84        2135.8         0.640    Nov  3 11:12:40      1323     0.37
         0.84        2136.5         0.700    Nov  3 11:12:41      1324     0.37
         0.84        2137.2         0.650    Nov  3 11:12:41      1324     0.37
         0.84        2137.8         0.610    Nov  3 11:12:42      1325     0.37
         0.84        2138.5         0.710    Nov  3 11:12:42      1325     0.37
         0.84        2139.1         0.630    Nov  3 11:12:43      1326     0.37
         0.84        2139.7         0.600    Nov  3 11:12:43      1326     0.37
         0.84        2140.4         0.670    Nov  3 11:12:43      1326     0.37
         0.84        2141.0         0.630    Nov  3 11:12:44      1327     0.37
         0.85        2141.6         0.600    Nov  3 11:12:44      1327     0.37
         0.85        2142.3         0.680    Nov  3 11:12:45      1328     0.37
         0.85        2142.9         0.630    Nov  3 11:12:45      1328     0.37
         0.85        2143.6         0.670    Nov  3 11:12:46      1329     0.37
         0.85        2144.2         0.630    Nov  3 11:12:46      1329     0.37
         0.85        2144.9         0.640    Nov  3 11:12:46      1329     0.37
         0.85        2145.5         0.640    Nov  3 11:12:47      1330     0.37
         0.85        2146.1         0.630    Nov  3 11:12:47      1330     0.37
         0.85        2146.8         0.640    Nov  3 11:12:48      1331     0.37
         0.85        2147.4         0.630    Nov  3 11:12:48      1331     0.37
         0.86        2148.0         0.600    Nov  3 11:12:48      1331     0.37
         0.86        2148.7         0.670    Nov  3 11:12:49      1332     0.37
         0.86        2149.3         0.630    Nov  3 11:12:49      1332     0.37
         0.86        2149.9         0.600    Nov  3 11:12:50      1333     0.37
         0.86        2150.6         0.670    Nov  3 11:12:50      1333     0.37
         0.86        2151.2         0.590    Nov  3 11:12:51      1334     0.37
         0.86        2151.8         0.630    Nov  3 11:12:51      1334     0.37
         0.86        2152.4         0.640    Nov  3 11:12:51      1334     0.37
         0.86        2153.1         0.640    Nov  3 11:12:52      1335     0.37
         0.86        2153.7         0.670    Nov  3 11:12:52      1335     0.37
         0.87        2154.3         0.590    Nov  3 11:12:53      1336     0.37
         0.87        2155.0         0.670    Nov  3 11:12:53      1336     0.37
         0.87        2155.7         0.680    Nov  3 11:12:54      1337     0.37
         0.87        2156.3         0.590    Nov  3 11:12:54      1337     0.37
         0.87        2156.9         0.670    Nov  3 11:12:54      1337     0.37
         0.87        2157.6         0.680    Nov  3 11:12:55      1338     0.37
         0.87        2158.2         0.590    Nov  3 11:12:55      1338     0.37
         0.87        2158.9         0.710    Nov  3 11:12:56      1339     0.37
         0.87        2159.6         0.630    Nov  3 11:12:56      1339     0.37
         0.87        2160.1         0.600    Nov  3 11:12:57      1340     0.37
         0.88        2160.8         0.630    Nov  3 11:12:57      1340     0.37
         0.88        2161.4         0.630    Nov  3 11:12:57      1340     0.37
         0.88        2162.0         0.630    Nov  3 11:12:58      1341     0.37
         0.88        2162.7         0.630    Nov  3 11:12:58      1341     0.37
         0.88        2163.3         0.640    Nov  3 11:12:59      1342     0.37
         0.88        2163.9         0.630    Nov  3 11:12:59      1342     0.37
         0.88        2164.6         0.640    Nov  3 11:13:00      1343     0.37
         0.88        2165.2         0.630    Nov  3 11:13:00      1343     0.37
         0.88        2165.8         0.630    Nov  3 11:13:00      1343     0.37
         0.88        2166.5         0.680    Nov  3 11:13:01      1344     0.37
         0.89        2167.2         0.670    Nov  3 11:13:01      1344     0.37
         0.89        2167.8         0.610    Nov  3 11:13:02      1345     0.37
         0.89        2168.5         0.700    Nov  3 11:13:02      1345     0.37
         0.89        2169.1         0.630    Nov  3 11:13:03      1346     0.37
         0.89        2169.7         0.610    Nov  3 11:13:03      1346     0.37
         0.89        2170.4         0.660    Nov  3 11:13:04      1347     0.37
         0.89        2171.0         0.600    Nov  3 11:13:04      1347     0.37
         0.89        2171.7         0.670    Nov  3 11:13:04      1347     0.37
         0.89        2172.3         0.640    Nov  3 11:13:05      1348     0.37
         0.89        2173.0         0.670    Nov  3 11:13:05      1348     0.37
         0.90        2173.6         0.640    Nov  3 11:13:06      1349     0.37
         0.90        2174.2         0.630    Nov  3 11:13:06      1349     0.37
         0.90        2174.9         0.680    Nov  3 11:13:07      1350     0.38
         0.90        2175.5         0.590    Nov  3 11:13:07      1350     0.38
         0.90        2176.1         0.630    Nov  3 11:13:07      1350     0.38
         0.90        2176.8         0.640    Nov  3 11:13:08      1351     0.38
         0.90        2177.4         0.630    Nov  3 11:13:08      1351     0.38
         0.90        2178.1         0.640    Nov  3 11:13:09      1352     0.38
         0.90        2178.7         0.670    Nov  3 11:13:09      1352     0.38
         0.90        2179.4         0.670    Nov  3 11:13:09      1352     0.38
         0.91        2180.0         0.640    Nov  3 11:13:10      1353     0.38
         0.91        2180.7         0.620    Nov  3 11:13:10      1353     0.38
         0.91        2181.4         0.720    Nov  3 11:13:11      1354     0.38
         0.91        2182.0         0.590    Nov  3 11:13:11      1354     0.38
         0.91        2182.7         0.720    Nov  3 11:13:12      1355     0.38
         0.91        2183.3         0.630    Nov  3 11:13:12      1355     0.38
         0.91        2183.9         0.590    Nov  3 11:13:13      1356     0.38
         0.91        2184.6         0.640    Nov  3 11:13:13      1356     0.38
         0.91        2185.2         0.630    Nov  3 11:13:13      1356     0.38
         0.91        2185.8         0.640    Nov  3 11:13:14      1357     0.38
         0.92        2186.4         0.630    Nov  3 11:13:14      1357     0.38
         0.92        2187.1         0.640    Nov  3 11:13:15      1358     0.38
         0.92        2187.8         0.670    Nov  3 11:13:15      1358     0.38
         0.92        2188.4         0.630    Nov  3 11:13:16      1359     0.38
         0.92        2189.0         0.640    Nov  3 11:13:16      1359     0.38
         0.92        2189.7         0.640    Nov  3 11:13:16      1359     0.38
         0.92        2190.3         0.630    Nov  3 11:13:17      1360     0.38
         0.92        2190.9         0.590    Nov  3 11:13:17      1360     0.38
         0.92        2191.6         0.710    Nov  3 11:13:18      1361     0.38
         0.92        2192.3         0.680    Nov  3 11:13:18      1361     0.38
         0.93        2192.9         0.580    Nov  3 11:13:18      1361     0.38
         0.93        2193.5         0.640    Nov  3 11:13:19      1362     0.38
         0.93        2194.1         0.630    Nov  3 11:13:19      1362     0.38
         0.93        2194.8         0.640    Nov  3 11:13:20      1363     0.38
         0.93        2195.4         0.670    Nov  3 11:13:20      1363     0.38
         0.93        2196.0         0.590    Nov  3 11:13:21      1364     0.38
         0.93        2196.7         0.680    Nov  3 11:13:21      1364     0.38
         0.93        2197.3         0.620    Nov  3 11:13:21      1364     0.38
         0.93        2198.0         0.640    Nov  3 11:13:22      1365     0.38
         0.93        2198.6         0.670    Nov  3 11:13:22      1365     0.38
         0.94        2199.3         0.630    Nov  3 11:13:23      1366     0.38
         0.94        2199.9         0.600    Nov  3 11:13:23      1366     0.38
         0.94        2200.5         0.660    Nov  3 11:13:24      1367     0.38
         0.94        2201.1         0.600    Nov  3 11:13:24      1367     0.38
         0.94        2201.8         0.630    Nov  3 11:13:24      1367     0.38
         0.94        2202.4         0.640    Nov  3 11:13:25      1368     0.38
         0.94        2203.0         0.630    Nov  3 11:13:25      1368     0.38
         0.94        2203.7         0.670    Nov  3 11:13:26      1369     0.38
         0.94        2204.3         0.630    Nov  3 11:13:26      1369     0.38
         0.94        2205.0         0.670    Nov  3 11:13:27      1370     0.38
         0.95        2205.6         0.630    Nov  3 11:13:27      1370     0.38
         0.95        2206.3         0.630    Nov  3 11:13:27      1370     0.38
         0.95        2206.9         0.680    Nov  3 11:13:28      1371     0.38
         0.95        2207.5         0.600    Nov  3 11:13:28      1371     0.38
         0.95        2208.2         0.620    Nov  3 11:13:29      1372     0.38
         0.95        2208.8         0.630    Nov  3 11:13:29      1372     0.38
         0.95        2209.4         0.640    Nov  3 11:13:30      1373     0.38
         0.95        2210.1         0.630    Nov  3 11:13:30      1373     0.38
         0.95        2210.7         0.670    Nov  3 11:13:30      1373     0.38
         0.95        2211.3         0.600    Nov  3 11:13:31      1374     0.38
         0.96        2212.0         0.710    Nov  3 11:13:31      1374     0.38
         0.96        2212.7         0.670    Nov  3 11:13:32      1375     0.38
         0.96        2213.3         0.590    Nov  3 11:13:32      1375     0.38
         0.96        2214.0         0.710    Nov  3 11:13:33      1376     0.38
         0.96        2214.7         0.680    Nov  3 11:13:33      1376     0.38
         0.96        2215.4         0.670    Nov  3 11:13:34      1377     0.38
         0.96        2215.9         0.590    Nov  3 11:13:34      1377     0.38
         0.96        2216.6         0.670    Nov  3 11:13:34      1377     0.38
         0.96        2217.2         0.620    Nov  3 11:13:35      1378     0.38
         0.96        2217.8         0.600    Nov  3 11:13:35      1378     0.38
         0.97        2218.5         0.670    Nov  3 11:13:36      1379     0.38
         0.97        2219.1         0.620    Nov  3 11:13:36      1379     0.38
         0.97        2219.7         0.600    Nov  3 11:13:36      1379     0.38
         0.97        2220.4         0.710    Nov  3 11:13:37      1380     0.38
         0.97        2221.1         0.670    Nov  3 11:13:37      1380     0.38
         0.97        2221.7         0.590    Nov  3 11:13:38      1381     0.38
         0.97        2222.4         0.710    Nov  3 11:13:38      1381     0.38
         0.97        2223.1         0.670    Nov  3 11:13:39      1382     0.38
         0.97        2223.7         0.600    Nov  3 11:13:39      1382     0.38
         0.97        2224.3         0.670    Nov  3 11:13:40      1383     0.38
         0.98        2224.9         0.590    Nov  3 11:13:40      1383     0.38
         0.98        2225.6         0.640    Nov  3 11:13:40      1383     0.38
         0.98        2226.2         0.590    Nov  3 11:13:41      1384     0.38
         0.98        2226.9         0.710    Nov  3 11:13:41      1384     0.38
         0.98        2227.5         0.670    Nov  3 11:13:42      1385     0.38
         0.98        2228.1         0.590    Nov  3 11:13:42      1385     0.38
         0.98        2228.8         0.670    Nov  3 11:13:42      1385     0.38
         0.98        2229.4         0.600    Nov  3 11:13:43      1386     0.39
         0.98        2230.1         0.670    Nov  3 11:13:43      1386     0.39
         0.98        2230.7         0.620    Nov  3 11:13:44      1387     0.39
         0.99        2231.3         0.600    Nov  3 11:13:44      1387     0.39
         0.99        2232.0         0.670    Nov  3 11:13:45      1388     0.39
         0.99        2232.6         0.640    Nov  3 11:13:45      1388     0.39
         0.99        2233.2         0.590    Nov  3 11:13:45      1388     0.39
         0.99        2233.9         0.660    Nov  3 11:13:46      1389     0.39
         0.99        2234.5         0.640    Nov  3 11:13:46      1389     0.39
         0.99        2235.2         0.670    Nov  3 11:13:47      1390     0.39
         0.99        2235.8         0.640    Nov  3 11:13:47      1390     0.39
         0.99        2236.4         0.630    Nov  3 11:13:48      1391     0.39
         0.99        2237.1         0.670    Nov  3 11:13:48      1391     0.39
         0.99        2237.7         0.590    Nov  3 11:13:48      1391     0.39
         1.00        2238.3         0.640    Nov  3 11:13:49      1392     0.39
         1.00        2238.9         0.590    Nov  3 11:13:49      1392     0.39
         1.00        2239.6         0.700    Nov  3 11:13:50      1393     0.39
         1.00        2240.3         0.680    Nov  3 11:13:50      1393     0.39
         1.00        2240.9         0.630    Nov  3 11:13:51      1394     0.39
