  -25.000000000000000       -7.7392051811919582E-041
  -24.949999999999999       -1.2142952891183495E-040
  -24.899999999999999       -1.9031566447595484E-040
  -24.850000000000001       -2.9795250230224022E-040
  -24.800000000000001       -4.6595268076836549E-040
  -24.750000000000000       -7.2787846134278874E-040
  -24.699999999999999       -1.1357904117428462E-039
  -24.649999999999999       -1.7703527253167499E-039
  -24.600000000000001       -2.7564091679978452E-039
  -24.550000000000001       -4.2869640706160095E-039
  -24.500000000000000       -6.6600620849413046E-039
  -24.449999999999999       -1.0335440419269365E-038
  -24.399999999999999       -1.6021455722345110E-038
  -24.350000000000001       -2.4808313197369022E-038
  -24.300000000000001       -3.8372029915452266E-038
  -24.250000000000000       -5.9286332958890903E-038
  -24.199999999999999       -9.1499069842321623E-038
  -24.149999999999999       -1.4105907955717479E-037
  -24.100000000000001       -2.1722394078020698E-037
  -24.050000000000001       -3.3414626175621967E-037
  -24.000000000000000       -5.1343775586677355E-037
  -23.949999999999999       -7.8806360733787321E-037
  -23.899999999999999       -1.2082505991071997E-036
  -23.850000000000001       -1.8504401460752493E-036
  -23.800000000000001       -2.8308401137689566E-036
  -23.750000000000000       -4.3259143463036195E-036
  -23.699999999999999       -6.6033264364697663E-036
  -23.649999999999999       -1.0068618700800032E-035
  -23.600000000000001       -1.5335547929702738E-035
  -23.550000000000001       -2.3331946772735661E-035
  -23.500000000000000       -3.5458873345329637E-035
  -23.449999999999999       -5.3829601391246564E-035
  -23.399999999999999       -8.1628096910709101E-035
  -23.350000000000001       -1.2364610924364136E-034
  -23.300000000000001       -1.8708695851992270E-034
  -23.250000000000000       -2.8276708217686403E-034
  -23.199999999999999       -4.2691013209058020E-034
  -23.149999999999999       -6.4382279654092908E-034
  -23.100000000000001       -9.6988113969270617E-034
  -23.050000000000001       -1.4594625457638075E-033
  -23.000000000000000       -2.1937628123618082E-033
  -22.949999999999999       -3.2938867438588317E-033
  -22.899999999999999       -4.9402614189123588E-033
  -22.850000000000001       -7.4013931692698237E-033
  -22.800000000000001       -1.1076416945028459E-032
  -22.750000000000000       -1.6557981453249071E-032
  -22.699999999999999       -2.4725083350565069E-032
  -22.649999999999999       -3.6879957585053419E-032
  -22.600000000000001       -5.4949701499122927E-032
  -22.550000000000001       -8.1782905995271430E-032
  -22.500000000000000       -1.2158556439253426E-031
  -22.449999999999999       -1.8056092376511686E-031
  -22.399999999999999       -2.6784762318487818E-031
  -22.350000000000001       -3.9689360552369554E-031
  -22.300000000000001       -5.8746592750940633E-031
  -22.250000000000000       -8.6858743015223010E-031
  -22.199999999999999       -1.2828228093987169E-030
  -22.149999999999999       -1.8925269934806567E-030
  -22.100000000000001       -2.7889438328397220E-030
  -22.050000000000001       -4.1054401892905790E-030
  -22.000000000000000       -6.0367329882564930E-030
  -21.949999999999999       -8.8667911777621100E-030
  -21.899999999999999       -1.3009280268996766E-029
  -21.850000000000001       -1.9066120603399766E-029
  -21.800000000000001       -2.7912174889916863E-029
  -21.750000000000000       -4.0817584027298465E-029
  -21.699999999999999       -5.9624285721653274E-029
  -21.649999999999999       -8.7000422035511067E-029
  -21.600000000000001       -1.2680658459350090E-028
  -21.550000000000001       -1.8462245750493223E-028
  -21.500000000000000       -2.6850323696872670E-028
  -21.449999999999999       -3.9006483528443575E-028
  -21.399999999999999       -5.6603899388830534E-028
  -21.350000000000001       -8.2049922798825066E-028
  -21.300000000000001       -1.1880433267973373E-027
  -21.250000000000000       -1.7183382509401491E-027
  -21.199999999999999       -2.4826032088714434E-027
  -21.149999999999999       -3.5828468383389093E-027
  -21.100000000000001       -5.1650133674088950E-027
  -21.050000000000001       -7.4376704677563225E-027
  -21.000000000000000       -1.0698544355203017E-026
  -20.949999999999999       -1.5372153996559914E-026
  -20.899999999999999       -2.2063125612017715E-026
  -20.850000000000001       -3.1631633836897202E-026
  -20.800000000000001       -4.5300029814411894E-026
  -20.750000000000000       -6.4803375343994834E-026
  -20.699999999999999       -9.2601717652536020E-026
  -20.649999999999999       -1.3217908275345808E-025
  -20.600000000000001       -1.8846412880145271E-025
  -20.550000000000001       -2.6842128108418275E-025
  -20.500000000000000       -3.8188048403844833E-025
  -20.449999999999999       -5.4270054789619815E-025
  -20.399999999999999       -7.7039832835681194E-025
  -20.350000000000001       -1.0924276392101119E-024
  -20.300000000000001       -1.5473633402507962E-024
  -20.250000000000000       -2.1893449985251920E-024
  -20.199999999999999       -3.0942712304134373E-024
  -20.149999999999999       -4.3684244732432025E-024
  -20.100000000000001       -6.1604659237741105E-024
  -20.050000000000001       -8.6780982727039226E-024
  -20.000000000000000       -1.2211185935999104E-023
  -19.949999999999999       -1.7163798230335656E-023
  -19.899999999999999       -2.4098567807629232E-023
  -19.850000000000001       -3.3798026447647697E-023
  -19.800000000000001       -4.7349317787503270E-023
  -19.750000000000000       -6.6261061148460629E-023
  -19.699999999999999       -9.2624382012245395E-023
  -19.649999999999999       -1.2933454399034375E-022
  -19.600000000000001       -1.8039563510033921E-022
  -19.550000000000001       -2.5133894625282800E-022
  -19.500000000000000       -3.4979679902175247E-022
  -19.449999999999999       -4.8628866654666450E-022
  -19.399999999999999       -6.7529687679917433E-022
  -19.350000000000001       -9.3673686122504429E-022
  -19.300000000000001       -1.2979643241780852E-021
  -19.250000000000000       -1.7965122254178408E-021
  -19.199999999999999       -2.4838185966465703E-021
  -19.149999999999999       -3.4302979821928522E-021
  -19.100000000000001       -4.7322327565409510E-021
  -19.050000000000001       -6.5211264712494468E-021
  -19.000000000000000       -8.9763840364921262E-021
  -18.949999999999999       -1.2342481998827485E-020
  -18.899999999999999       -1.6952191757248311E-020
  -18.850000000000001       -2.3257952874884044E-020
  -18.800000000000001       -3.1874207253130293E-020
  -18.750000000000000       -4.3634456837693767E-020
  -18.699999999999999       -5.9668075741867543E-020
  -18.649999999999999       -8.1503595242543695E-020
  -18.600000000000001       -1.1120742294368413E-019
  -18.550000000000001       -1.5156993455750076E-019
  -18.500000000000000       -2.0635482379317306E-019
  -18.449999999999999       -2.8063282230155774E-019
  -18.399999999999999       -3.8122781370943633E-019
  -18.350000000000001       -5.1731249587891109E-019
  -18.300000000000001       -7.0120279052365044E-019
  -18.250000000000000       -9.4941607021403245E-019
  -18.199999999999999       -1.2840791590233172E-018
  -18.149999999999999       -1.7347995155017967E-018
  -18.100000000000001       -2.3411490449503981E-018
  -18.050000000000001       -3.1559572387415382E-018
  -18.000000000000000       -4.2496722133746263E-018
  -17.949999999999999       -5.7161291466453600E-018
  -17.899999999999999       -7.6801713161192958E-018
  -17.850000000000001       -1.0307706853997985E-017
  -17.800000000000001       -1.3818964027473435E-017
  -17.750000000000000       -1.8505941703791732E-017
  -17.699999999999999       -2.4755355605251636E-017
  -17.649999999999999       -3.3078775518221444E-017
  -17.600000000000001       -4.4152160164316774E-017
  -17.550000000000001       -5.8867658825329743E-017
  -17.500000000000000       -7.8401405437714716E-017
  -17.449999999999999       -1.0430213730520977E-016
  -17.399999999999999       -1.3860689786971296E-016
  -17.350000000000001       -1.8399192185755339E-016
  -17.300000000000001       -2.4396916727879152E-016
  -17.250000000000000       -3.2314199954753817E-016
  -17.199999999999999       -4.2753743581345972E-016
  -17.149999999999999       -5.6503736047632633E-016
  -17.100000000000001       -7.4593752772201041E-016
  -17.050000000000001       -9.8367135623226229E-016
  -17.000000000000000       -1.2957459788111041E-015
  -16.949999999999999       -1.7049513467793018E-015
  -16.899999999999999       -2.2409201767691153E-015
  -16.850000000000001       -2.9421381376031338E-015
  -16.799999999999997       -3.8585311297299617E-015
  -16.750000000000000       -5.0547913452426402E-015
  -16.699999999999999       -6.6146479402035331E-015
  -16.649999999999999       -8.6463440179518742E-015
  -16.600000000000001       -1.1289652234444464E-014
  -16.549999999999997       -1.4724850470996059E-014
  -16.500000000000000       -1.9184191388784969E-014
  -16.449999999999999       -2.4966541156052203E-014
  -16.399999999999999       -3.2456040531430962E-014
  -16.350000000000001       -4.2145864877610978E-014
  -16.299999999999997       -5.4668439839312138E-014
  -16.250000000000000       -7.0833820315494853E-014
  -16.199999999999999       -9.1678379272236052E-014
  -16.149999999999999       -1.1852650123848542E-013
  -16.100000000000001       -1.5306865935932583E-013
  -16.049999999999997       -1.9746010712834208E-013
  -16.000000000000000       -2.5444547634673077E-013
  -15.949999999999999       -3.2751589056750237E-013
  -15.900000000000000       -4.2110683852882255E-013
  -15.850000000000000       -5.4084707868163701E-013
  -15.799999999999999       -6.9387135418542184E-013
  -15.750000000000000       -8.8921279801422047E-013
  -15.699999999999999       -1.1382947346733040E-012
  -15.650000000000000       -1.4555463024174132E-012
  -15.600000000000000       -1.8591721271892903E-012
  -15.549999999999999       -2.3721134189365488E-012
  -15.500000000000000       -3.0232466262049095E-012
  -15.449999999999999       -3.8488765315693029E-012
  -15.399999999999999       -4.8945938285305727E-012
  -15.350000000000000       -6.2175833090734820E-012
  -15.299999999999999       -7.8894884358893667E-012
  -15.250000000000000       -9.9999620274603527E-012
  -15.199999999999999       -1.2661061952890446E-011
  -15.149999999999999       -1.6012686202599426E-011
  -15.100000000000000       -2.0229284771955283E-011
  -15.049999999999999       -2.5528138024064121E-011
  -15.000000000000000       -3.2179554444231286E-011
  -14.949999999999999       -4.0519417178790513E-011
  -14.899999999999999       -5.0964601104239767E-011
  -14.850000000000000       -6.4031893536102435E-011
  -14.799999999999999       -8.0361185783723270E-011
  -14.750000000000000       -1.0074386399864646E-010
  -14.699999999999999       -1.2615752136868070E-010
  -14.649999999999999       -1.5780834583996302E-010
  -14.600000000000000       -1.9718281547168360E-010
  -14.549999999999999       -2.4611066579557415E-010
  -14.500000000000000       -3.0684149021558174E-010
  -14.449999999999999       -3.8213780733341807E-010
  -14.399999999999999       -4.7538799193120378E-010
  -14.350000000000000       -5.9074313532749102E-010
  -14.299999999999999       -7.3328269478846716E-010
  -14.250000000000000       -9.0921473257293866E-010
  -14.199999999999999       -1.1261176585462189E-009
  -14.149999999999999       -1.3932317057489748E-009
  -14.100000000000000       -1.7218099201948096E-009
  -14.049999999999999       -2.1255402742153391E-009
  -14.000000000000000       -2.6210526627342704E-009
  -13.949999999999999       -3.2285270667802940E-009
  -13.899999999999999       -3.9724221291249248E-009
  -13.850000000000000       -4.8823468529367079E-009
  -13.799999999999999       -5.9941021857214970E-009
  -13.750000000000000       -7.3509239789885211E-009
  -13.699999999999999       -9.0049643233666781E-009
  -13.649999999999999       -1.1019054668095417E-008
  -13.600000000000000       -1.3468801577959252E-008
  -13.549999999999999       -1.6445074612938640E-008
  -13.500000000000000       -2.0056955809399774E-008
  -13.449999999999999       -2.4435231792208747E-008
  -13.399999999999999       -2.9736522875159235E-008
  -13.350000000000000       -3.6148158860363391E-008
  -13.299999999999999       -4.3893928903632178E-008
  -13.250000000000000       -5.3240853083271005E-008
  -13.199999999999999       -6.4507146541097111E-008
  -13.149999999999999       -7.8071573643069278E-008
  -13.100000000000000       -9.4384419961600008E-008
  -13.049999999999999       -1.1398034448727698E-007
  -13.000000000000000       -1.3749341385880571E-007
  -12.949999999999999       -1.6567466513412651E-007
  -12.899999999999999       -1.9941259434678743E-007
  -12.850000000000000       -2.3975702549411220E-007
  -12.799999999999999       -2.8794687944460965E-007
  -12.750000000000000       -3.4544243535513984E-007
  -12.699999999999999       -4.1396275944617544E-007
  -12.649999999999999       -4.9552906835954637E-007
  -12.600000000000000       -5.9251489785410173E-007
  -12.549999999999999       -7.0770406339081776E-007
  -12.500000000000000       -8.4435752840388924E-007
  -12.449999999999999       -1.0062904400056748E-006
  -12.399999999999999       -1.1979607518571912E-006
  -12.350000000000000       -1.4245710313476938E-006
  -12.299999999999999       -1.6921852445208775E-006
  -12.250000000000000       -2.0078625288717166E-006
  -12.199999999999999       -2.3798102027710723E-006
  -12.149999999999999       -2.8175585224404898E-006
  -12.100000000000000       -3.3321599847027355E-006
  -12.049999999999999       -3.9364162877779672E-006
  -12.000000000000000       -4.6451364047632802E-006
  -11.949999999999999       -5.4754295966648517E-006
  -11.899999999999999       -6.4470375954040783E-006
  -11.850000000000000       -7.5827106234532731E-006
  -11.799999999999999       -8.9086323868767597E-006
  -11.750000000000000       -1.0454899683585331E-005
  -11.699999999999999       -1.2256062809346541E-005
  -11.649999999999999       -1.4351733521027371E-005
  -11.600000000000000       -1.6787267929848386E-005
  -11.549999999999999       -1.9614532346845400E-005
  -11.500000000000000       -2.2892760787553802E-005
  -11.449999999999999       -2.6689513561892206E-005
  -11.399999999999999       -3.1081747126429940E-005
  -11.350000000000000       -3.6157006157109070E-005
  -11.299999999999999       -4.2014749607665607E-005
  -11.250000000000000       -4.8767823348209011E-005
  -11.199999999999999       -5.6544092824477264E-005
  -11.149999999999999       -6.5488250034876518E-005
  -11.100000000000000       -7.5763809982164307E-005
  -11.049999999999999       -8.7555312610847064E-005
  -11.000000000000000       -1.0107074708006364E-004
  -10.949999999999999       -1.1654421603355431E-004
  -10.899999999999999       -1.3423885830032782E-004
  -10.850000000000000       -1.5445004917750711E-004
  -10.799999999999999       -1.7750889809445478E-004
  -10.750000000000000       -2.0378606401701656E-004
  -10.699999999999999       -2.3369590940330005E-004
  -10.649999999999999       -2.6770101384668244E-004
  -10.600000000000000       -3.0631706871528272E-004
  -10.549999999999999       -3.5011817409547752E-004
  -10.500000000000000       -3.9974255914455262E-004
  -10.449999999999999       -4.5589874652710586E-004
  -10.399999999999999       -5.1937218092267478E-004
  -10.350000000000000       -5.9103234061907560E-004
  -10.299999999999999       -6.7184034991634519E-004
  -10.250000000000000       -7.6285710842915067E-004
  -10.199999999999999       -8.6525195135998519E-004
  -10.149999999999999       -9.8031185238970395E-004
  -10.100000000000000       -1.1094511779660126E-003
  -10.049999999999999       -1.2542219984340939E-003
  -10.000000000000000       -1.4163249576186789E-003
  -9.9499999999999993       -1.5976206981076701E-003
  -9.8999999999999986       -1.8001418345795982E-003
  -9.8499999999999996       -2.0261054620416843E-003
  -9.7999999999999989       -2.2779261797847622E-003
  -9.7500000000000000       -2.5582296052050831E-003
  -9.6999999999999993       -2.8698663443851207E-003
  -9.6499999999999986       -3.2159263784653936E-003
  -9.5999999999999996       -3.5997538163857670E-003
  -9.5499999999999989       -4.0249619555414468E-003
  -9.5000000000000000       -4.4954485823104733E-003
  -9.4499999999999993       -5.0154114342996752E-003
  -9.3999999999999986       -5.5893637355659284E-003
  -9.3499999999999996       -6.2221497050561200E-003
  -9.2999999999999989       -6.9189599271347246E-003
  -9.2500000000000000       -7.6853464614110058E-003
  -9.1999999999999993       -8.5272375572284440E-003
  -9.1499999999999986       -9.4509518262355582E-003
  -9.0999999999999996       -1.0463211714538916E-002
  -9.0499999999999989       -1.1571156104167370E-002
  -9.0000000000000000       -1.2782351862094039E-002
  -8.9499999999999993       -1.4104804144019765E-002
  -8.8999999999999986       -1.5546965249677670E-002
  -8.8499999999999979       -1.7117741816751460E-002
  -8.8000000000000007       -1.8826500131785266E-002
  -8.7500000000000000       -2.0683069328896721E-002
  -8.6999999999999993       -2.2697742240876378E-002
  -8.6499999999999986       -2.4881273662576985E-002
  -8.5999999999999979       -2.7244875783555181E-002
  -8.5500000000000007       -2.9800210545941817E-002
  -8.5000000000000000       -3.2559378684681201E-002
  -8.4499999999999993       -3.5534905210784166E-002
  -8.3999999999999986       -3.8739721104290914E-002
  -8.3499999999999979       -4.2187140992387497E-002
  -8.3000000000000007       -4.5890836599751038E-002
  -8.2500000000000000       -4.9864805772843891E-002
  -8.1999999999999993       -5.4123336897655333E-002
  -8.1499999999999986       -5.8680968551418786E-002
  -8.0999999999999979       -6.3552444253150278E-002
  -8.0500000000000007       -6.8752662205527823E-002
  -8.0000000000000000       -7.4296619951646978E-002
  -7.9499999999999993       -8.0199353904504875E-002
  -7.8999999999999986       -8.6475873744634585E-002
  -7.8499999999999979       -9.3141091721968425E-002
  -7.8000000000000007      -0.10020974694163229     
  -7.7500000000000000      -0.10769632475972747     
  -7.6999999999999993      -0.11561497146397076     
  -7.6499999999999986      -0.12397940446507374     
  -7.5999999999999979      -0.13280281827752491     
  -7.5500000000000007      -0.14209778662265021     
  -7.5000000000000000      -0.15187616104198212     
  -7.4499999999999993      -0.16214896646456689     
  -7.3999999999999986      -0.17292629422738878     
  -7.3499999999999979      -0.18421719310294690     
  -7.3000000000000007      -0.19602955894164659     
  -7.2500000000000000      -0.20837002358839241     
  -7.1999999999999993      -0.22124384378192538     
  -7.1499999999999986      -0.23465479079143309     
  -7.0999999999999979      -0.24860504158699040     
  -7.0500000000000007      -0.26309507237789581     
  -7.0000000000000000      -0.27812355538522116     
  -6.9499999999999993      -0.29368725974123511     
  -6.8999999999999986      -0.30978095742825656     
  -6.8499999999999979      -0.32639733518221981     
  -6.8000000000000007      -0.34352691329138935     
  -6.7500000000000000      -0.36115797221768148     
  -6.6999999999999993      -0.37927648795650970     
  -6.6499999999999986      -0.39786607703072335     
  -6.5999999999999979      -0.41690795198462771     
  -6.5500000000000007      -0.43638088820524606     
  -6.5000000000000000      -0.45626120284973953     
  -6.4499999999999993      -0.47652274660024407     
  -6.3999999999999986      -0.49713690890057555     
  -6.3499999999999979      -0.51807263725332864     
  -6.3000000000000007      -0.53929647107140688     
  -6.2500000000000000      -0.56077259048531070     
  -6.1999999999999993      -0.58246288040716476     
  -6.1499999999999986      -0.60432701004527978     
  -6.0999999999999979      -0.62632252794962118     
  -6.0500000000000007      -0.64840497254999840     
  -6.0000000000000000      -0.67052799802594021     
  -5.9499999999999993      -0.69264351522119150     
  -5.8999999999999986      -0.71470184718779761     
  -5.8499999999999979      -0.73665189881587034     
  -5.7999999999999972      -0.75844133987680584     
  -5.7500000000000000      -0.78001680068113832     
  -5.6999999999999993      -0.80132407942874484     
  -5.6499999999999986      -0.82230836021004294     
  -5.5999999999999979      -0.84291444050360853     
  -5.5499999999999972      -0.86308696690937381     
  -5.5000000000000000      -0.88277067775872642     
  -5.4499999999999993      -0.90191065115448077     
  -5.3999999999999986      -0.92045255691598382     
  -5.3499999999999979      -0.93834291083867838     
  -5.2999999999999972      -0.95552932962404791     
  -5.2500000000000000      -0.97196078479598147     
  -5.1999999999999993      -0.98758785389381698     
  -5.1499999999999986       -1.0023629672211833     
  -5.0999999999999979       -1.0162406484337414     
  -5.0499999999999972       -1.0291777472681076     
  -5.0000000000000000       -1.0411336627488323     
  -4.9499999999999993       -1.0520705552601100     
  -4.8999999999999986       -1.0619535459336498     
  -4.8499999999999979       -1.0707509018834487     
  -4.7999999999999972       -1.0784342059113674     
  -4.7500000000000000       -1.0849785094137485     
  -4.6999999999999993       -1.0903624673378443     
  -4.6499999999999986       -1.0945684541664713     
  -4.5999999999999979       -1.0975826600489400     
  -4.5499999999999972       -1.0993951663445023     
  -4.5000000000000000       -1.1000000000000001     
  -4.4499999999999993       -1.0993951663445023     
  -4.3999999999999986       -1.0975826600489398     
  -4.3499999999999979       -1.0945684541664711     
  -4.2999999999999972       -1.0903624673378438     
  -4.2500000000000000       -1.0849785094137485     
  -4.1999999999999993       -1.0784342059113670     
  -4.1499999999999986       -1.0707509018834482     
  -4.0999999999999979       -1.0619535459336491     
  -4.0499999999999972       -1.0520705552601093     
  -4.0000000000000000       -1.0411336627488323     
  -3.9499999999999993       -1.0291777472681067     
  -3.8999999999999986       -1.0162406484337403     
  -3.8499999999999979       -1.0023629672211825     
  -3.7999999999999972      -0.98758785389381587     
  -3.7500000000000000      -0.97196078479598147     
  -3.6999999999999993      -0.95552932962404669     
  -3.6499999999999986      -0.93834291083867716     
  -3.5999999999999979      -0.92045255691598249     
  -3.5499999999999972      -0.90191065115447944     
  -3.5000000000000000      -0.88277067775872642     
  -3.4499999999999993      -0.86308696690937237     
  -3.3999999999999986      -0.84291444050360709     
  -3.3499999999999979      -0.82230836021004150     
  -3.2999999999999972      -0.80132407942874329     
  -3.2500000000000000      -0.78001680068113832     
  -3.1999999999999993      -0.75844133987680418     
  -3.1499999999999986      -0.73665189881586879     
  -3.0999999999999979      -0.71470184718779606     
  -3.0499999999999972      -0.69264351522118994     
  -3.0000000000000000      -0.67052799802594021     
  -2.9499999999999993      -0.64840497254999840     
  -2.8999999999999986      -0.62632252794961951     
  -2.8499999999999979      -0.60432701004527811     
  -2.7999999999999972      -0.58246288040716332     
  -2.7500000000000000      -0.56077259048531070     
  -2.6999999999999993      -0.53929647107140688     
  -2.6499999999999986      -0.51807263725332720     
  -2.5999999999999979      -0.49713690890057410     
  -2.5499999999999972      -0.47652274660024269     
  -2.5000000000000000      -0.45626120284973953     
  -2.4499999999999993      -0.43638088820524606     
  -2.3999999999999986      -0.41690795198462627     
  -2.3499999999999979      -0.39786607703072208     
  -2.2999999999999972      -0.37927648795650842     
  -2.2500000000000000      -0.36115797221768148     
  -2.1999999999999993      -0.34352691329138935     
  -2.1499999999999986      -0.32639733518221858     
  -2.0999999999999979      -0.30978095742825540     
  -2.0499999999999972      -0.29368725974123400     
  -2.0000000000000000      -0.27812355538522116     
  -1.9499999999999993      -0.26309507237789581     
  -1.8999999999999986      -0.24860504158698943     
  -1.8499999999999979      -0.23465479079143217     
  -1.7999999999999972      -0.22124384378192444     
  -1.7500000000000000      -0.20837002358839241     
  -1.6999999999999993      -0.19602955894164659     
  -1.6499999999999986      -0.18421719310294615     
  -1.5999999999999979      -0.17292629422738801     
  -1.5499999999999972      -0.16214896646456617     
  -1.5000000000000000      -0.15187616104198226     
  -1.4499999999999993      -0.14209778662265046     
  -1.3999999999999986      -0.13280281827752477     
  -1.3499999999999979      -0.12397940446507390     
  -1.2999999999999972      -0.11561497146397161     
  -1.2500000000000000      -0.10769632475973009     
  -1.1999999999999993      -0.10020974694163694     
  -1.1499999999999986       -9.3141091721976141E-002
  -1.0999999999999979       -8.6475873744648532E-002
  -1.0499999999999972       -8.0199353904529577E-002
  -1.0000000000000000       -7.4296619951690707E-002
 -0.94999999999999929       -6.8752662205603429E-002
 -0.89999999999999858       -6.3552444253279980E-002
 -0.84999999999999787       -5.8680968551641066E-002
 -0.79999999999999716       -5.4123336898034176E-002
 -0.75000000000000000       -4.9864805773486447E-002
 -0.69999999999999929       -4.5890836600834539E-002
 -0.64999999999999858       -4.2187140994205161E-002
 -0.59999999999999787       -3.8739721107325618E-002
 -0.54999999999999716       -3.5534905215825405E-002
 -0.50000000000000000       -3.2559378693013966E-002
 -0.44999999999999929       -2.9800210559645924E-002
 -0.39999999999999858       -2.7244875805980416E-002
 -0.34999999999999787       -2.4881273699090819E-002
 -0.29999999999999716       -2.2697742300033248E-002
 -0.25000000000000000       -2.0683069424260181E-002
 -0.19999999999999929       -1.8826500284748179E-002
 -0.14999999999999858       -1.7117742060880025E-002
  -9.9999999999997868E-002  -1.5546965637363479E-002
  -4.9999999999997158E-002  -1.4104804756609433E-002
   0.0000000000000000       -1.2782352825230872E-002
   5.0000000000000711E-002  -1.1571157610895029E-002
  0.10000000000000142       -1.0463214059901929E-002
  0.15000000000000213       -9.4509554588048626E-003
  0.20000000000000284       -8.5272431554009216E-003
  0.25000000000000000       -7.6853550457561572E-003
  0.30000000000000071       -6.9189730248814703E-003
  0.35000000000000142       -6.2221695895497177E-003
  0.40000000000000213       -5.5893937728740128E-003
  0.45000000000000284       -5.0154565820391813E-003
  0.50000000000000000       -4.4955161034153047E-003
  0.55000000000000071       -4.0250624336836214E-003
  0.60000000000000142       -3.5999025921468371E-003
  0.65000000000000213       -3.2161455687458431E-003
  0.70000000000000284       -2.8701876652532654E-003
  0.75000000000000000       -2.5586982945695813E-003
  0.80000000000000071       -2.2786064160680007E-003
  0.85000000000000142       -2.0270878047259928E-003
  0.90000000000000213       -1.8015533796995897E-003
  0.95000000000000284       -1.5996388555425513E-003
   1.0000000000000000       -1.4191960280539562E-003
   1.0500000000000007       -1.2582860684327106E-003
   1.1000000000000014       -1.1151752756898552E-003
   1.1500000000000021       -9.8833382966220231E-004
   1.2000000000000028       -8.7643819675888935E-004
   1.2500000000000000       -7.7837796856274316E-004
   1.3000000000000007       -6.9326805970132280E-004
   1.3500000000000014       -6.2046735509279792E-004
   1.4000000000000021       -5.5960507550435680E-004
   1.4500000000000028       -5.1061632034446241E-004
   1.5000000000000000       -4.7378844159656037E-004
   1.5500000000000007       -4.4982009405984257E-004
   1.6000000000000014       -4.3989498286661619E-004
   1.6500000000000021       -4.4577247452260869E-004
   1.7000000000000028       -4.6989733379634868E-004
   1.7500000000000000       -5.1553087330991965E-004
   1.8000000000000007       -5.8690572974828088E-004
   1.8500000000000014       -6.8940628117464178E-004
   1.9000000000000021       -8.2977636264308858E-004
   1.9500000000000028       -1.0163553896314743E-003
   2.0000000000000000       -1.2593432288166891E-003
   2.0500000000000007       -1.5710931341353671E-003
   2.1000000000000014       -1.9664307690488406E-003
   2.1500000000000021       -2.4629957480856788E-003
   2.2000000000000028       -3.0816002486391040E-003
   2.2500000000000000       -3.8465970798396568E-003
   2.3000000000000007       -4.7862471805637432E-003
   2.3500000000000014       -5.9330739073849541E-003
   2.4000000000000021       -7.3241887450754559E-003
   2.4500000000000028       -9.0015703339084915E-003
   2.5000000000000000       -1.1012276094028061E-002
   2.5500000000000007       -1.3408563398526727E-002
   2.6000000000000014       -1.6247895387740182E-002
   2.6500000000000021       -1.9592805329258799E-002
   2.7000000000000028       -2.3510593122201835E-002
   2.7500000000000000       -2.8072828330058971E-002
   2.8000000000000007       -3.3354636199276796E-002
   2.8500000000000014       -3.9433746647125352E-002
   2.9000000000000021       -4.6389291303575560E-002
   2.9500000000000028       -5.4300340427814696E-002
   3.0000000000000000       -6.3244179873523362E-002
   3.0500000000000007       -7.3294338140281939E-002
   3.1000000000000014       -8.4518384712612027E-002
   3.1500000000000021       -9.6975533037726547E-002
   3.2000000000000028      -0.11071409420599715     
   3.2500000000000000      -0.12576884015318757     
   3.3000000000000007      -0.14215834739451777     
   3.3500000000000014      -0.15988240325914635     
   3.4000000000000021      -0.17891956561868511     
   3.4500000000000028      -0.19922497349723758     
   3.5000000000000000      -0.22072850906039379     
   3.5500000000000007      -0.24333341074205603     
   3.6000000000000014      -0.26691543224866321     
   3.6500000000000021      -0.29132263262151703     
   3.7000000000000028      -0.31637586838859005     
   3.7500000000000000      -0.34187004028098916     
   3.8000000000000007      -0.36757612445752946     
   3.8500000000000014      -0.39324399235313057     
   3.9000000000000021      -0.41860599505521401     
   3.9500000000000028      -0.44338125863003308     
   4.0000000000000000      -0.46728060733625676     
   4.0500000000000007      -0.49001200353921132     
   4.1000000000000014      -0.51128636776414738     
   4.1500000000000021      -0.53082362103766456     
   4.2000000000000028      -0.54835877566988434     
   4.2500000000000000      -0.56364789092893852     
   4.3000000000000007      -0.57647370738532300     
   4.3500000000000014      -0.58665077846416092     
   4.4000000000000021      -0.59402992998602400     
   4.4500000000000028      -0.59850189787370811     
   4.5000000000000000      -0.60000002005695574     
   4.5500000000000007      -0.59850188988355069     
   4.6000000000000014      -0.59402991371830227     
   4.6500000000000021      -0.58665075333505612     
   4.7000000000000028      -0.57647367249635750     
   4.7500000000000000      -0.56364784503900944     
   4.8000000000000007      -0.54835871715683882     
   4.8500000000000014      -0.53082354784843644     
   4.9000000000000021      -0.51128627735214804     
   4.9500000000000028      -0.49001189278739227     
   5.0000000000000000      -0.46728047246389554     
   5.0500000000000007      -0.44338109508090651     
   5.1000000000000014      -0.41860579736442788     
   5.1500000000000021      -0.39324375398933492     
   5.2000000000000028      -0.36757583763676582     
   5.2500000000000000      -0.34186969574776854     
   5.3000000000000007      -0.31637545515911147     
   5.3500000000000014      -0.29132213768319010     
   5.4000000000000021      -0.26691484020915168     
   5.4500000000000028      -0.24333270342012880     
   5.5000000000000000      -0.22072766500970689     
   5.5500000000000007      -0.19922396745290674     
   5.6000000000000014      -0.17891836785511470     
   5.6500000000000021      -0.15988097884592203     
   5.7000000000000028      -0.14215665533542959     
   5.7500000000000000      -0.12576683239140254     
   5.8000000000000007      -0.11071171447615454     
   5.8500000000000014       -9.6972715543235083E-002
   5.9000000000000021       -8.4515052603591101E-002
   5.9500000000000028       -7.3290401764512833E-002
   6.0000000000000000       -6.3239534769298153E-002
   6.0500000000000007       -5.4294865023745573E-002
   6.1000000000000014       -4.6382844286208917E-002
   6.1500000000000021       -3.9426163952514116E-002
   6.2000000000000028       -3.3345727579550587E-002
   6.2500000000000000       -2.8062373440375349E-002
   6.3000000000000007       -2.3498337067281671E-002
   6.3500000000000014       -1.9578453601955096E-002
   6.4000000000000021       -1.6231108124704706E-002
   6.4500000000000028       -1.3388948870028573E-002
   6.5000000000000000       -1.0989383336263753E-002
   6.5500000000000007       -8.9748808227185766E-003
   6.6000000000000014       -7.2931069998080885E-003
   6.6500000000000021       -5.8969169026833025E-003
   6.7000000000000028       -4.7442324320942997E-003
   6.7500000000000000       -3.7978292573806606E-003
   6.8000000000000007       -3.0250561565084476E-003
   6.8500000000000014       -2.3975074985916091E-003
   6.9000000000000021       -1.8906669594877515E-003
   6.9500000000000028       -1.4835378218520112E-003
   7.0000000000000000       -1.1582724819910711E-003
   7.0500000000000043       -8.9981117379534816E-004
   7.1000000000000014       -6.9553750449581782E-004
   7.1499999999999986       -5.3495623211566204E-004
   7.2000000000000028       -4.0939683174549818E-004
   7.2500000000000000       -3.1174480936373687E-004
   7.3000000000000043       -2.3620142444770971E-004
   7.3500000000000014       -1.7807146071807100E-004
   7.3999999999999986       -1.3357791418379061E-004
   7.4500000000000028       -9.9701919989331352E-005
   7.5000000000000000       -7.4045882471191919E-005
   7.5500000000000043       -5.4717573832083018E-005
   7.6000000000000014       -4.0232894592975975E-005
   7.6499999999999986       -2.9435014482371237E-005
   7.7000000000000028       -2.1427709791595389E-005
   7.7500000000000000       -1.5520860138647262E-005
   7.8000000000000043       -1.1186245402768305E-005
   7.8500000000000014       -8.0219772754483475E-006
   7.8999999999999986       -5.7240977260885196E-006
   7.9500000000000028       -4.0640700003271209E-006
   8.0000000000000000       -2.8710704365731514E-006
   8.0500000000000043       -2.0181574358789909E-006
   8.1000000000000014       -1.4115451207517874E-006
   8.1499999999999986       -9.8234268488276497E-007
   8.2000000000000028       -6.8023628367630263E-007
   8.2500000000000000       -4.6868936482141144E-007
   8.3000000000000043       -3.2132086841154482E-007
   8.3500000000000014       -2.1919028065644029E-007
   8.3999999999999986       -1.4877576122131040E-007
   8.4500000000000028       -1.0047814229254925E-007
   8.5000000000000000       -6.7521104909956874E-008
   8.5500000000000043       -4.5147739604735038E-008
   8.6000000000000014       -3.0037308168754022E-008
   8.6499999999999986       -1.9884493658471991E-008
   8.7000000000000028       -1.3097746795507896E-008
   8.7500000000000000       -8.5843451696465530E-009
   8.8000000000000043       -5.5981725585217482E-009
   8.8500000000000014       -3.6325693797985895E-009
   8.8999999999999986       -2.3453630682391145E-009
   8.9500000000000028       -1.5067277056788637E-009
   9.0000000000000000       -9.6313683736103911E-010
   9.0500000000000043       -6.1258977145153381E-010
   9.1000000000000014       -3.8768590872750997E-010
   9.1499999999999986       -2.4412868877415004E-010
   9.2000000000000028       -1.5296291410759293E-010
   9.2500000000000000       -9.5363461516514266E-011
   9.3000000000000043       -5.9157034157149362E-011
   9.3500000000000014       -3.6513991150421963E-011
   9.3999999999999986       -2.2425428348893668E-011
   9.4500000000000028       -1.3704106228594649E-011
   9.5000000000000000       -8.3327665253332361E-012
   9.5500000000000043       -5.0414589894602981E-012
   9.6000000000000014       -3.0349517569136510E-012
   9.6499999999999986       -1.8179246295378117E-012
   9.7000000000000028       -1.0834989221759712E-012
   9.7500000000000000       -6.4255398658494145E-013
   9.8000000000000043       -3.7915718498471179E-013
   9.8500000000000014       -2.2261657024363285E-013
   9.8999999999999986       -1.3005414990933132E-013
   9.9500000000000028       -7.5599595633344063E-014
   10.000000000000000       -4.3726353551302184E-014
   10.050000000000004       -2.5164921738278558E-014
   10.100000000000001       -1.4410413421958265E-014
   10.149999999999999       -8.2108067990570844E-015
   10.200000000000003       -4.6550437292360972E-015
   10.250000000000000       -2.6259728982347354E-015
   10.300000000000004       -1.4739585192395366E-015
   10.350000000000001       -8.2320658852392355E-016
   10.399999999999999       -4.5746826962026990E-016
   10.450000000000003       -2.5295408057911364E-016
   10.500000000000000       -1.3917171961141319E-016
   10.550000000000004       -7.6188409821615070E-017
   10.600000000000001       -4.1500704248883173E-017
   10.649999999999999       -2.2493172081017015E-017
   10.700000000000003       -1.2130387716553660E-017
   10.750000000000000       -6.5091978453187749E-018
   10.800000000000004       -3.4754350805545120E-018
   10.850000000000001       -1.8463751809179169E-018
   10.899999999999999       -9.7602287143977429E-019
   10.950000000000003       -5.1336893761238393E-019
   11.000000000000000       -2.6867615768903410E-019
   11.050000000000004       -1.3991335747303226E-019
   11.100000000000001       -7.2497081659921002E-020
   11.149999999999999       -3.7377847195687760E-020
   11.200000000000003       -1.9175294577719786E-020
   11.250000000000000       -9.7882728810196397E-021
   11.300000000000004       -4.9717535679496840E-021
   11.350000000000001       -2.5127962313267385E-021
   11.399999999999999       -1.2637343853322250E-021
   11.450000000000003       -6.3243350919428059E-022
   11.500000000000000       -3.1495502028584630E-022
   11.550000000000004       -1.5609077623588612E-022
   11.600000000000001       -7.6989383271898596E-023
   11.649999999999999       -3.7796626421237347E-023
   11.700000000000003       -1.8471746905116464E-023
   11.750000000000000       -8.9885564652516173E-024
   11.800000000000004       -4.3565014113554544E-024
   11.850000000000001       -2.1040508080451723E-024
   11.899999999999999       -1.0133181950006020E-024
   11.950000000000003       -4.8713286417561282E-025
   12.000000000000000       -2.3410033166023365E-025
   12.050000000000004       -1.1270171328174303E-025
   12.100000000000001       -5.4516697277047947E-026
   12.149999999999999       -2.6605344270406601E-026
   12.200000000000003       -1.3169003017413474E-026
   12.250000000000000       -6.6539266080264908E-027
   12.300000000000004       -3.4562100336628096E-027
   12.350000000000001       -1.8576443744105869E-027
   12.399999999999999       -1.0379201500343040E-027
   12.450000000000003       -6.0369090867147675E-028
   12.500000000000000       -3.6473189040164499E-028
   12.550000000000004       -2.2775281787464437E-028
   12.600000000000001       -1.4604150053387037E-028
   12.649999999999999       -9.5535864243686190E-029
   12.700000000000003       -6.3392974610215825E-029
   12.750000000000000       -4.2473289467811692E-029
   12.800000000000004       -2.8635951246584705E-029
   12.850000000000001       -1.9380934747207482E-029
   12.899999999999999       -1.3145529044318354E-029
   12.950000000000003       -8.9254643414567443E-030
   13.000000000000000       -6.0618735474234590E-030
   13.050000000000004       -4.1161588096015082E-030
   13.100000000000001       -2.7934909000002930E-030
   13.149999999999999       -1.8944463355306921E-030
   13.200000000000003       -1.2836289335173356E-030
   13.250000000000000       -8.6892431383777343E-031
   13.300000000000004       -5.8760601087639890E-031
   13.350000000000001       -3.9695156463149906E-031
   13.400000000000006       -2.6787148400345038E-031
   13.450000000000003       -1.8057069788167160E-031
   13.500000000000000       -1.2158954819885402E-031
   13.550000000000004       -8.1784521645869379E-032
   13.600000000000001       -5.4950353465507372E-032
   13.650000000000006       -3.6880219362053603E-032
   13.700000000000003       -2.4725187934817813E-032
   13.750000000000000       -1.6558023027998703E-032
   13.800000000000004       -1.1076433389559853E-032
   13.850000000000001       -7.4013996413204560E-033
   13.900000000000006       -4.9402639534034516E-033
   13.950000000000003       -3.2938877314296282E-033
   14.000000000000000       -2.1937631952520152E-033
   14.050000000000004       -1.4594626934733806E-033
   14.100000000000001       -9.6988119639123605E-034
   14.150000000000006       -6.4382281819615028E-034
   14.200000000000003       -4.2691014032025752E-034
   14.250000000000000       -2.8276708528881012E-034
   14.300000000000004       -1.8708695969078880E-034
   14.350000000000001       -1.2364610968198516E-034
   14.400000000000006       -8.1628097073989355E-035
   14.450000000000003       -5.3829601451766831E-035
   14.500000000000000       -3.5458873367650093E-035
   14.550000000000004       -2.3331946780926065E-035
   14.600000000000001       -1.5335547932693425E-035
   14.650000000000006       -1.0068618701886148E-035
   14.700000000000003       -6.6033264368623634E-036
   14.750000000000000       -4.3259143464449018E-036
   14.800000000000004       -2.8308401138194007E-036
   14.850000000000001       -1.8504401460932564E-036
   14.900000000000006       -1.2082505991134944E-036
   14.950000000000003       -7.8806360734008910E-037
   15.000000000000000       -5.1343775586756276E-037
   15.050000000000004       -3.3414626175648561E-037
   15.100000000000001       -2.1722394078030265E-037
   15.150000000000006       -1.4105907955719782E-037
   15.200000000000003       -9.1499069842330393E-038
   15.250000000000000       -5.9286332958894798E-038
   15.300000000000004       -3.8372029915451953E-038
   15.350000000000001       -2.4808313197369471E-038
   15.400000000000006       -1.6021455722344351E-038
   15.450000000000003       -1.0335440419269267E-038
   15.500000000000000       -6.6600620849413216E-039
   15.550000000000004       -4.2869640706158933E-039
   15.600000000000001       -2.7564091679978472E-039
   15.650000000000006       -1.7703527253166497E-039
   15.700000000000003       -1.1357904117428141E-039
   15.750000000000000       -7.2787846134278882E-040
   15.800000000000004       -4.6595268076835220E-040
   15.850000000000001       -2.9795250230224022E-040
   15.900000000000006       -1.9031566447594399E-040
   15.950000000000003       -1.2142952891183149E-040
   16.000000000000000       -7.7392051811919582E-041
   16.050000000000004       -4.9270921800970858E-041
   16.100000000000001       -3.1333383214546168E-041
   16.150000000000006       -1.9904266098303320E-041
   16.200000000000003       -1.2630115554821322E-041
   16.250000000000000       -8.0055422699063218E-042
   16.300000000000004       -5.0686985355831318E-042
   16.350000000000001       -3.2057115735370144E-042
   16.400000000000006       -2.0252316428642595E-042
   16.450000000000003       -1.2780482193369870E-042
   16.500000000000000       -8.0564191092532448E-043
   16.550000000000004       -5.0729331381164239E-043
   16.600000000000001       -3.1907920533015879E-043
   16.650000000000006       -2.0047496268022820E-043
   16.700000000000003       -1.2581837069118117E-043
   16.750000000000000       -7.8876975344600742E-044
   16.800000000000004       -4.9394513957562668E-044
   16.850000000000001       -3.0897935350529768E-044
   16.900000000000006       -1.9306452462839759E-044
   16.950000000000003       -1.2050297694103456E-044
   17.000000000000000       -7.5130338923415116E-045
   17.050000000000004       -4.6790231735173223E-045
   17.100000000000001       -2.9108332038176498E-045
   17.150000000000006       -1.8088465275553476E-045
   17.200000000000003       -1.1228154936586413E-045
   17.250000000000000       -6.9620533858035465E-046
   17.300000000000004       -4.3120975554625217E-046
   17.350000000000001       -2.6678541430318049E-046
   17.400000000000006       -1.6487615948437856E-046
   17.450000000000003       -1.0178315750455362E-046
   17.500000000000000       -6.2764814859110248E-047
   17.550000000000004       -3.8661514331739993E-047
   17.600000000000001       -2.3788318563277649E-047
   17.650000000000006       -1.4620792267523667E-047
   17.700000000000003       -8.9763616928566928E-048
   17.750000000000000       -5.5049332431627585E-048
   17.800000000000004       -3.3722987838299565E-048
   17.850000000000001       -2.0635847565116814E-048
   17.900000000000006       -1.2613652215005438E-048
   17.950000000000003       -7.7016126077676204E-049
   18.000000000000000       -4.6972617686038569E-049
   18.050000000000004       -2.8617397283279348E-049
   18.100000000000001       -1.7415573410307468E-049
   18.150000000000006       -1.0586872915953066E-049
   18.200000000000003       -6.4286517141615606E-050
   18.250000000000000       -3.8993693288455363E-050
   18.300000000000004       -2.3626050133817903E-050
   18.350000000000001       -1.4299147534267326E-050
   18.400000000000006       -8.6447303093000469E-051
   18.450000000000003       -5.2205351849970128E-051
   18.500000000000000       -3.1492046298705911E-051
   18.550000000000004       -1.8976189622030364E-051
   18.600000000000001       -1.1421927987395715E-051
   18.650000000000006       -6.8673961401996707E-052
   18.700000000000003       -4.1244596426909331E-052
   18.750000000000000       -2.4743680139001764E-052
   18.800000000000004       -1.4828041862471914E-052
   18.850000000000001       -8.8761695635611027E-053
   18.900000000000006       -5.3074957215910228E-053
   18.950000000000003       -3.1701221126524212E-053
   19.000000000000000       -1.8914053203066205E-053
   19.050000000000004       -1.1272376794160606E-053
   19.100000000000001       -6.7107129787260601E-054
   19.150000000000006       -3.9906542962593006E-054
   19.200000000000003       -2.3705101887217972E-054
   19.250000000000000       -1.4065715259091235E-054
   19.300000000000004       -8.3368904112581214E-055
   19.350000000000001       -4.9359259994194599E-055
   19.400000000000006       -2.9191436259367660E-055
   19.450000000000003       -1.7245054168044839E-055
   19.500000000000000       -1.0176441453340094E-055
   19.550000000000004       -5.9985956738266437E-056
   19.600000000000001       -3.5320392221211585E-056
   19.650000000000006       -2.0774171919256472E-056
   19.700000000000003       -1.2205180349979280E-056
   19.750000000000000       -7.1628681506735015E-057
   19.800000000000004       -4.1990591171411739E-057
   19.850000000000001       -2.4588911110816964E-057
   19.900000000000006       -1.4382980149131772E-057
   19.950000000000003       -8.4038973917883594E-058
   20.000000000000000       -4.9049533067885007E-058
   20.050000000000004       -2.8596395157939149E-058
   20.100000000000001       -1.6653670897551779E-058
   20.150000000000006       -9.6879288922995544E-059
   20.200000000000003       -5.6295565102852212E-059
   20.250000000000000       -3.2676813510759108E-059
   20.300000000000004       -1.8946434474533840E-059
   20.350000000000001       -1.0973307790804241E-059
   20.400000000000006       -6.3484821919700139E-060
   20.450000000000003       -3.6688041322653715E-060
   20.500000000000000       -2.1178803623623702E-060
   20.550000000000004       -1.2212388073831734E-060
   20.600000000000001       -7.0343187767735793E-061
   20.650000000000006       -4.0473034819353628E-061
   20.700000000000003       -2.3261181599506457E-061
   20.750000000000000       -1.3354266815578707E-061
   20.800000000000004       -7.6582687421612810E-062
   20.850000000000001       -4.3869575483077909E-062
   20.900000000000006       -2.5102590260159257E-062
   20.950000000000003       -1.4348150350023805E-062
   21.000000000000000       -8.1921062520107560E-063
   21.050000000000004       -4.6721578831115431E-063
   21.100000000000001       -2.6617160288780355E-063
   21.150000000000006       -1.5147055118189832E-063
   21.200000000000003       -8.6102739141457404E-064
   21.250000000000000       -4.8890897033478557E-064
   21.300000000000004       -2.7730731105252036E-064
   21.350000000000001       -1.5711473229545248E-064
   21.400000000000006       -8.8919042186953139E-065
   21.450000000000003       -5.0268383328058689E-065
   21.500000000000000       -2.8386858733040865E-065
   21.550000000000004       -1.6012606486496686E-065
   21.600000000000001       -9.0225438483423872E-066
   21.650000000000006       -5.0782987684947581E-066
   21.700000000000003       -2.8551555283720912E-066
   21.750000000000000       -1.6034800802605679E-066
   21.800000000000004       -8.9953826824507373E-067
   21.850000000000001       -5.0407829155462444E-067
   21.900000000000006       -2.8216206272852141E-067
   21.950000000000003       -1.5776894611949537E-067
   22.000000000000000       -8.8118420415513669E-068
   22.050000000000004       -4.9162522547672218E-068
   22.100000000000001       -2.7398317225860521E-068
   22.150000000000006       -1.5252319599828247E-068
   22.200000000000003       -8.4814514472816533E-069
   22.250000000000000       -4.7111479120605268E-069
   22.300000000000004       -2.6139999508342980E-069
   22.350000000000001       -1.4487941596184689E-069
   22.400000000000006       -8.0210287713998977E-070
   22.450000000000003       -4.4358386208091115E-070
   22.500000000000000       -2.4504377679413880E-070
   22.550000000000004       -1.3521780860363342E-070
   22.600000000000001       -7.4532619513335299E-071
   22.650000000000006       -4.1037524316688872E-071
   22.700000000000003       -2.2570344974842615E-071
   22.750000000000000       -1.2399880994852258E-071
   22.800000000000004       -6.8048587247133790E-072
   22.850000000000001       -3.7302933451495837E-072
   22.900000000000006       -2.0426273081384219E-072
   22.950000000000003       -1.1172685091247646E-072
   23.000000000000000       -6.1044741428754646E-073
   23.050000000000004       -3.3316642981368850E-073
   23.100000000000001       -1.8163372410638824E-073
   23.150000000000006       -9.8913146239251936E-074
   23.200000000000003       -5.3806385749765716E-074
   23.250000000000000       -2.9237208282762947E-074
   23.300000000000004       -1.5869390918221932E-074
   23.350000000000001       -8.6041285701218046E-075
   23.400000000000006       -4.6598914522500692E-075
   23.450000000000003       -2.5209659822385356E-075
   23.500000000000000       -1.3623241218709846E-075
   23.550000000000004       -7.3538739864115409E-076
   23.600000000000001       -3.9652830804352909E-076
   23.650000000000006       -2.1357700212596339E-076
   23.700000000000003       -1.1490979546846263E-076
   23.750000000000000       -6.1756388851597059E-077
   23.800000000000004       -3.3153471540630141E-077
   23.850000000000001       -1.7778634606287472E-077
   23.900000000000006       -9.5233571966008732E-078
   23.950000000000003       -5.0957019695118575E-078
   24.000000000000000       -2.7235806590040007E-078
   24.050000000000004       -1.4541149493918340E-078
   24.100000000000001       -7.7549591289733245E-079
   24.150000000000006       -4.1312603352271030E-079
   24.200000000000003       -2.1984059429163754E-079
   24.250000000000000       -1.1685720418081837E-079
   24.300000000000004       -6.2047654595985209E-080
   24.350000000000001       -3.2909215085020002E-080
   24.400000000000006       -1.7435401570932799E-080
   24.450000000000003       -9.2271729499766853E-081
   24.500000000000000       -4.8778410409030339E-081
   24.550000000000004       -2.5757808022362956E-081
   24.600000000000001       -1.3586651526096590E-081
   24.650000000000006       -7.1587673284201975E-082
   24.700000000000003       -3.7677869203570491E-082
   24.750000000000000       -1.9808732945371658E-082
   24.800000000000004       -1.0402778129484333E-082
   24.850000000000001       -5.4571293875823546E-083
   24.900000000000006       -2.8595746737772860E-083
   24.950000000000003       -1.4967901246436510E-083
   25.000000000000000       -7.8260506149433379E-084
