#    Start: ------ Host: "mendez-famaf" ----------Wed Nov  2 18:30:18 2022

#    Time[fs]   CPU-time[s]     Delta-CPU    Real time        RealT[s]     [h]
#       -0.00           8.1                  Nov  2 18:30:26         0     0.00
         0.00          44.8        36.660    Nov  2 18:30:47        21     0.01
         0.00          97.4        52.690    Nov  2 18:31:18        52     0.01
         0.00         145.2        47.800    Nov  2 18:31:46        80     0.02
         0.00         191.0        45.790    Nov  2 18:32:12       106     0.03
         0.00         235.1        44.040    Nov  2 18:32:38       132     0.04
         0.01         277.0        41.910    Nov  2 18:33:02       156     0.04
         0.01         317.1        40.060    Nov  2 18:33:26       180     0.05
         0.01         355.8        38.750    Nov  2 18:33:48       202     0.06
         0.01         392.7        36.880    Nov  2 18:34:10       224     0.06
         0.01         428.3        35.590    Nov  2 18:34:30       244     0.07
         0.01         462.6        34.330    Nov  2 18:34:50       264     0.07
         0.01         495.0        32.420    Nov  2 18:35:09       283     0.08
         0.01         526.1        31.130    Nov  2 18:35:28       302     0.08
         0.01         556.0        29.870    Nov  2 18:35:45       319     0.09
         0.01         585.3        29.240    Nov  2 18:36:02       336     0.09
         0.02         613.2        27.980    Nov  2 18:36:18       352     0.10
         0.02         639.9        26.680    Nov  2 18:36:34       368     0.10
         0.02         666.0        26.040    Nov  2 18:36:49       383     0.11
         0.02         691.4        25.410    Nov  2 18:37:04       398     0.11
         0.02         715.5        24.150    Nov  2 18:37:18       412     0.11
         0.02         739.0        23.510    Nov  2 18:37:32       426     0.12
         0.02         761.3        22.270    Nov  2 18:37:45       439     0.12
         0.02         782.9        21.620    Nov  2 18:37:57       451     0.13
         0.02         803.9        20.970    Nov  2 18:38:09       463     0.13
         0.02         824.2        20.350    Nov  2 18:38:21       475     0.13
         0.02         844.0        19.710    Nov  2 18:38:33       487     0.14
         0.03         863.0        19.050    Nov  2 18:38:44       498     0.14
         0.03         881.4        18.420    Nov  2 18:38:55       509     0.14
         0.03         899.2        17.810    Nov  2 18:39:05       519     0.14
         0.03         916.4        17.140    Nov  2 18:39:15       529     0.15
         0.03         932.9        16.530    Nov  2 18:39:25       539     0.15
         0.03         948.8        15.920    Nov  2 18:39:34       548     0.15
         0.03         964.7        15.870    Nov  2 18:39:43       557     0.15
         0.03         980.0        15.270    Nov  2 18:39:52       566     0.16
         0.03         994.5        14.580    Nov  2 18:40:01       575     0.16
         0.04        1009.1        14.610    Nov  2 18:40:09       583     0.16
         0.04        1023.1        13.970    Nov  2 18:40:17       591     0.16
         0.04        1037.1        13.970    Nov  2 18:40:25       599     0.17
         0.04        1050.5        13.380    Nov  2 18:40:33       607     0.17
         0.04        1063.2        12.700    Nov  2 18:40:41       615     0.17
         0.04        1075.9        12.690    Nov  2 18:40:48       622     0.17
         0.04        1088.0        12.090    Nov  2 18:40:55       629     0.17
         0.04        1100.0        12.090    Nov  2 18:41:02       636     0.18
         0.04        1111.5        11.440    Nov  2 18:41:09       643     0.18
         0.04        1122.9        11.460    Nov  2 18:41:16       650     0.18
         0.05        1133.8        10.810    Nov  2 18:41:22       656     0.18
         0.05        1144.6        10.810    Nov  2 18:41:28       662     0.18
         0.05        1154.7        10.170    Nov  2 18:41:34       668     0.19
         0.05        1164.9        10.160    Nov  2 18:41:40       674     0.19
         0.05        1175.0        10.160    Nov  2 18:41:46       680     0.19
         0.05        1184.6         9.560    Nov  2 18:41:52       686     0.19
         0.05        1194.2         9.540    Nov  2 18:41:57       691     0.19
         0.05        1203.7         9.550    Nov  2 18:42:03       697     0.19
         0.05        1212.6         8.900    Nov  2 18:42:08       702     0.20
         0.05        1221.5         8.920    Nov  2 18:42:13       707     0.20
         0.06        1230.4         8.900    Nov  2 18:42:18       712     0.20
         0.06        1238.7         8.280    Nov  2 18:42:23       717     0.20
         0.06        1247.0         8.280    Nov  2 18:42:28       722     0.20
         0.06        1255.2         8.260    Nov  2 18:42:33       727     0.20
         0.06        1262.9         7.640    Nov  2 18:42:37       731     0.20
         0.06        1270.5         7.610    Nov  2 18:42:42       736     0.20
         0.06        1278.0         7.500    Nov  2 18:42:46       740     0.21
         0.06        1285.4         7.400    Nov  2 18:42:50       744     0.21
         0.06        1292.2         6.820    Nov  2 18:42:54       748     0.21
         0.06        1299.0         6.770    Nov  2 18:42:58       752     0.21
         0.07        1305.8         6.800    Nov  2 18:43:02       756     0.21
         0.07        1312.6         6.810    Nov  2 18:43:06       760     0.21
         0.07        1319.3         6.750    Nov  2 18:43:10       764     0.21
         0.07        1325.5         6.180    Nov  2 18:43:14       768     0.21
         0.07        1331.7         6.170    Nov  2 18:43:17       771     0.21
         0.07        1337.9         6.180    Nov  2 18:43:21       775     0.22
         0.07        1344.0         6.150    Nov  2 18:43:25       779     0.22
         0.07        1350.2         6.180    Nov  2 18:43:28       782     0.22
         0.07        1355.7         5.540    Nov  2 18:43:32       786     0.22
         0.07        1361.3         5.540    Nov  2 18:43:35       789     0.22
         0.08        1366.8         5.560    Nov  2 18:43:38       792     0.22
         0.08        1372.4         5.540    Nov  2 18:43:41       795     0.22
         0.08        1377.9         5.550    Nov  2 18:43:45       799     0.22
         0.08        1383.5         5.540    Nov  2 18:43:48       802     0.22
         0.08        1388.4         4.920    Nov  2 18:43:51       805     0.22
         0.08        1393.3         4.940    Nov  2 18:43:54       808     0.22
         0.08        1398.3         4.930    Nov  2 18:43:56       810     0.23
         0.08        1403.2         4.920    Nov  2 18:43:59       813     0.23
         0.08        1408.1         4.950    Nov  2 18:44:02       816     0.23
         0.08        1413.1         4.920    Nov  2 18:44:05       819     0.23
         0.09        1418.0         4.930    Nov  2 18:44:08       822     0.23
         0.09        1422.3         4.300    Nov  2 18:44:10       824     0.23
         0.09        1426.6         4.300    Nov  2 18:44:13       827     0.23
         0.09        1430.9         4.330    Nov  2 18:44:16       830     0.23
         0.09        1435.2         4.310    Nov  2 18:44:18       832     0.23
         0.09        1439.6         4.330    Nov  2 18:44:21       835     0.23
         0.09        1443.9         4.310    Nov  2 18:44:23       837     0.23
         0.09        1448.2         4.340    Nov  2 18:44:26       840     0.23
         0.09        1452.5         4.310    Nov  2 18:44:28       842     0.23
         0.09        1456.2         3.700    Nov  2 18:44:30       844     0.23
         0.10        1459.9         3.710    Nov  2 18:44:33       847     0.24
         0.10        1463.6         3.700    Nov  2 18:44:35       849     0.24
         0.10        1467.3         3.700    Nov  2 18:44:37       851     0.24
         0.10        1471.0         3.690    Nov  2 18:44:39       853     0.24
         0.10        1474.7         3.710    Nov  2 18:44:41       855     0.24
         0.10        1478.4         3.710    Nov  2 18:44:43       857     0.24
         0.10        1482.1         3.700    Nov  2 18:44:46       860     0.24
         0.10        1485.8         3.700    Nov  2 18:44:48       862     0.24
         0.10        1489.5         3.690    Nov  2 18:44:50       864     0.24
         0.10        1492.6         3.100    Nov  2 18:44:52       866     0.24
         0.11        1495.7         3.090    Nov  2 18:44:53       867     0.24
         0.11        1498.8         3.090    Nov  2 18:44:55       869     0.24
         0.11        1501.9         3.100    Nov  2 18:44:57       871     0.24
         0.11        1505.0         3.080    Nov  2 18:44:59       873     0.24
         0.11        1508.1         3.090    Nov  2 18:45:01       875     0.24
         0.11        1511.2         3.090    Nov  2 18:45:03       877     0.24
         0.11        1514.2         3.090    Nov  2 18:45:04       878     0.24
         0.11        1517.3         3.090    Nov  2 18:45:06       880     0.24
         0.11        1520.4         3.090    Nov  2 18:45:08       882     0.24
         0.11        1523.5         3.080    Nov  2 18:45:10       884     0.25
         0.12        1526.6         3.080    Nov  2 18:45:12       886     0.25
         0.12        1529.7         3.090    Nov  2 18:45:13       887     0.25
         0.12        1532.8         3.100    Nov  2 18:45:15       889     0.25
         0.12        1535.2         2.460    Nov  2 18:45:17       891     0.25
         0.12        1537.7         2.470    Nov  2 18:45:18       892     0.25
         0.12        1540.2         2.460    Nov  2 18:45:20       894     0.25
         0.12        1542.7         2.480    Nov  2 18:45:21       895     0.25
         0.12        1545.1         2.470    Nov  2 18:45:22       896     0.25
         0.12        1547.6         2.480    Nov  2 18:45:24       898     0.25
         0.12        1550.1         2.460    Nov  2 18:45:25       899     0.25
         0.13        1552.5         2.470    Nov  2 18:45:27       901     0.25
         0.13        1555.0         2.460    Nov  2 18:45:28       902     0.25
         0.13        1557.4         2.460    Nov  2 18:45:30       904     0.25
         0.13        1559.9         2.470    Nov  2 18:45:31       905     0.25
         0.13        1562.4         2.470    Nov  2 18:45:33       907     0.25
         0.13        1564.9         2.470    Nov  2 18:45:34       908     0.25
         0.13        1567.3         2.460    Nov  2 18:45:35       909     0.25
         0.13        1569.8         2.480    Nov  2 18:45:37       911     0.25
         0.13        1572.3         2.460    Nov  2 18:45:38       912     0.25
         0.13        1574.7         2.470    Nov  2 18:45:40       914     0.25
         0.14        1577.2         2.480    Nov  2 18:45:41       915     0.25
         0.14        1579.0         1.840    Nov  2 18:45:42       916     0.25
         0.14        1580.9         1.840    Nov  2 18:45:43       917     0.25
         0.14        1582.8         1.870    Nov  2 18:45:45       919     0.26
         0.14        1584.6         1.850    Nov  2 18:45:46       920     0.26
         0.14        1586.5         1.850    Nov  2 18:45:47       921     0.26
         0.14        1588.3         1.860    Nov  2 18:45:48       922     0.26
         0.14        1590.2         1.860    Nov  2 18:45:49       923     0.26
         0.14        1592.0         1.850    Nov  2 18:45:50       924     0.26
         0.14        1593.9         1.860    Nov  2 18:45:51       925     0.26
         0.15        1595.8         1.870    Nov  2 18:45:52       926     0.26
         0.15        1597.6         1.850    Nov  2 18:45:53       927     0.26
         0.15        1599.5         1.850    Nov  2 18:45:54       928     0.26
         0.15        1601.3         1.850    Nov  2 18:45:55       929     0.26
         0.15        1603.2         1.850    Nov  2 18:45:57       931     0.26
         0.15        1605.0         1.870    Nov  2 18:45:58       932     0.26
         0.15        1606.9         1.850    Nov  2 18:45:59       933     0.26
         0.15        1608.7         1.850    Nov  2 18:46:00       934     0.26
         0.15        1610.6         1.860    Nov  2 18:46:01       935     0.26
         0.15        1612.4         1.850    Nov  2 18:46:02       936     0.26
         0.16        1614.3         1.860    Nov  2 18:46:03       937     0.26
         0.16        1616.1         1.840    Nov  2 18:46:04       938     0.26
         0.16        1618.0         1.850    Nov  2 18:46:05       939     0.26
         0.16        1619.9         1.870    Nov  2 18:46:06       940     0.26
         0.16        1621.7         1.840    Nov  2 18:46:07       941     0.26
         0.16        1623.6         1.860    Nov  2 18:46:09       943     0.26
         0.16        1625.4         1.860    Nov  2 18:46:10       944     0.26
         0.16        1627.3         1.860    Nov  2 18:46:11       945     0.26
         0.16        1629.1         1.850    Nov  2 18:46:12       946     0.26
         0.16        1631.0         1.860    Nov  2 18:46:13       947     0.26
         0.17        1632.8         1.850    Nov  2 18:46:14       948     0.26
         0.17        1634.7         1.860    Nov  2 18:46:15       949     0.26
         0.17        1635.9         1.240    Nov  2 18:46:16       950     0.26
         0.17        1637.2         1.240    Nov  2 18:46:17       951     0.26
         0.17        1638.4         1.250    Nov  2 18:46:17       951     0.26
         0.17        1639.7         1.250    Nov  2 18:46:18       952     0.26
         0.17        1640.9         1.240    Nov  2 18:46:19       953     0.26
         0.17        1642.2         1.240    Nov  2 18:46:19       953     0.26
         0.17        1643.4         1.240    Nov  2 18:46:20       954     0.27
         0.17        1644.6         1.230    Nov  2 18:46:21       955     0.27
         0.18        1645.9         1.250    Nov  2 18:46:22       956     0.27
         0.18        1647.1         1.230    Nov  2 18:46:22       956     0.27
         0.18        1648.4         1.240    Nov  2 18:46:23       957     0.27
         0.18        1649.5         1.200    Nov  2 18:46:24       958     0.27
         0.18        1650.7         1.190    Nov  2 18:46:25       959     0.27
         0.18        1652.0         1.220    Nov  2 18:46:25       959     0.27
         0.18        1653.2         1.240    Nov  2 18:46:26       960     0.27
         0.18        1654.4         1.240    Nov  2 18:46:27       961     0.27
         0.18        1655.7         1.240    Nov  2 18:46:27       961     0.27
         0.18        1656.9         1.240    Nov  2 18:46:28       962     0.27
         0.19        1658.2         1.250    Nov  2 18:46:29       963     0.27
         0.19        1659.4         1.230    Nov  2 18:46:30       964     0.27
         0.19        1660.6         1.240    Nov  2 18:46:30       964     0.27
         0.19        1661.9         1.240    Nov  2 18:46:31       965     0.27
         0.19        1663.1         1.230    Nov  2 18:46:32       966     0.27
         0.19        1664.3         1.240    Nov  2 18:46:33       967     0.27
         0.19        1665.6         1.240    Nov  2 18:46:33       967     0.27
         0.19        1666.8         1.230    Nov  2 18:46:34       968     0.27
         0.19        1668.1         1.250    Nov  2 18:46:35       969     0.27
         0.19        1669.3         1.240    Nov  2 18:46:35       969     0.27
         0.20        1670.5         1.230    Nov  2 18:46:36       970     0.27
         0.20        1671.8         1.250    Nov  2 18:46:37       971     0.27
         0.20        1673.0         1.230    Nov  2 18:46:38       972     0.27
         0.20        1674.3         1.240    Nov  2 18:46:38       972     0.27
         0.20        1675.5         1.240    Nov  2 18:46:39       973     0.27
         0.20        1676.7         1.240    Nov  2 18:46:40       974     0.27
         0.20        1678.0         1.250    Nov  2 18:46:41       975     0.27
         0.20        1679.2         1.230    Nov  2 18:46:41       975     0.27
         0.20        1680.5         1.240    Nov  2 18:46:42       976     0.27
         0.20        1681.7         1.240    Nov  2 18:46:43       977     0.27
         0.21        1682.9         1.250    Nov  2 18:46:43       977     0.27
         0.21        1684.2         1.230    Nov  2 18:46:44       978     0.27
         0.21        1685.4         1.240    Nov  2 18:46:45       979     0.27
         0.21        1686.7         1.240    Nov  2 18:46:46       980     0.27
         0.21        1687.9         1.240    Nov  2 18:46:46       980     0.27
         0.21        1689.1         1.230    Nov  2 18:46:47       981     0.27
         0.21        1690.4         1.240    Nov  2 18:46:48       982     0.27
         0.21        1691.6         1.240    Nov  2 18:46:49       983     0.27
         0.21        1692.8         1.240    Nov  2 18:46:49       983     0.27
         0.21        1694.1         1.240    Nov  2 18:46:50       984     0.27
         0.22        1695.3         1.240    Nov  2 18:46:51       985     0.27
         0.22        1696.6         1.230    Nov  2 18:46:51       985     0.27
         0.22        1697.8         1.240    Nov  2 18:46:52       986     0.27
         0.22        1699.0         1.240    Nov  2 18:46:53       987     0.27
         0.22        1700.3         1.250    Nov  2 18:46:54       988     0.27
         0.22        1701.5         1.240    Nov  2 18:46:54       988     0.27
         0.22        1702.8         1.230    Nov  2 18:46:55       989     0.27
         0.22        1704.0         1.240    Nov  2 18:46:56       990     0.28
         0.22        1705.2         1.240    Nov  2 18:46:57       991     0.28
         0.22        1706.5         1.250    Nov  2 18:46:57       991     0.28
         0.23        1707.7         1.230    Nov  2 18:46:58       992     0.28
         0.23        1709.0         1.240    Nov  2 18:46:59       993     0.28
         0.23        1710.2         1.240    Nov  2 18:46:59       993     0.28
         0.23        1711.4         1.240    Nov  2 18:47:00       994     0.28
         0.23        1712.7         1.240    Nov  2 18:47:01       995     0.28
         0.23        1713.9         1.240    Nov  2 18:47:02       996     0.28
         0.23        1715.2         1.240    Nov  2 18:47:02       996     0.28
         0.23        1716.4         1.240    Nov  2 18:47:03       997     0.28
         0.23        1717.6         1.230    Nov  2 18:47:04       998     0.28
         0.23        1718.9         1.260    Nov  2 18:47:05       999     0.28
         0.24        1720.1         1.230    Nov  2 18:47:05       999     0.28
         0.24        1721.4         1.240    Nov  2 18:47:06      1000     0.28
         0.24        1722.6         1.240    Nov  2 18:47:07      1001     0.28
         0.24        1723.8         1.230    Nov  2 18:47:08      1002     0.28
         0.24        1725.1         1.240    Nov  2 18:47:08      1002     0.28
         0.24        1726.3         1.240    Nov  2 18:47:09      1003     0.28
         0.24        1727.6         1.240    Nov  2 18:47:10      1004     0.28
         0.24        1728.8         1.240    Nov  2 18:47:10      1004     0.28
         0.24        1730.0         1.230    Nov  2 18:47:11      1005     0.28
         0.24        1731.3         1.250    Nov  2 18:47:12      1006     0.28
         0.25        1732.5         1.240    Nov  2 18:47:13      1007     0.28
         0.25        1733.8         1.250    Nov  2 18:47:13      1007     0.28
         0.25        1735.0         1.230    Nov  2 18:47:14      1008     0.28
         0.25        1736.2         1.250    Nov  2 18:47:15      1009     0.28
         0.25        1736.9         0.640    Nov  2 18:47:15      1009     0.28
         0.25        1737.7         0.790    Nov  2 18:47:16      1010     0.28
         0.25        1738.3         0.650    Nov  2 18:47:16      1010     0.28
         0.25        1739.1         0.780    Nov  2 18:47:17      1011     0.28
         0.25        1739.8         0.730    Nov  2 18:47:17      1011     0.28
         0.25        1740.5         0.710    Nov  2 18:47:18      1012     0.28
         0.26        1741.3         0.720    Nov  2 18:47:18      1012     0.28
         0.26        1742.0         0.710    Nov  2 18:47:18      1012     0.28
         0.26        1742.7         0.710    Nov  2 18:47:19      1013     0.28
         0.26        1743.4         0.710    Nov  2 18:47:19      1013     0.28
         0.26        1744.1         0.720    Nov  2 18:47:20      1014     0.28
         0.26        1744.8         0.720    Nov  2 18:47:20      1014     0.28
         0.26        1745.6         0.750    Nov  2 18:47:21      1015     0.28
         0.26        1746.3         0.720    Nov  2 18:47:21      1015     0.28
         0.26        1747.0         0.710    Nov  2 18:47:22      1016     0.28
         0.26        1747.7         0.690    Nov  2 18:47:22      1016     0.28
         0.27        1748.4         0.700    Nov  2 18:47:22      1016     0.28
         0.27        1749.1         0.730    Nov  2 18:47:23      1017     0.28
         0.27        1749.8         0.690    Nov  2 18:47:23      1017     0.28
         0.27        1750.5         0.730    Nov  2 18:47:24      1018     0.28
         0.27        1751.3         0.750    Nov  2 18:47:24      1018     0.28
         0.27        1752.0         0.690    Nov  2 18:47:25      1019     0.28
         0.27        1752.7         0.690    Nov  2 18:47:25      1019     0.28
         0.27        1753.3         0.660    Nov  2 18:47:26      1020     0.28
         0.27        1754.1         0.730    Nov  2 18:47:26      1020     0.28
         0.27        1754.8         0.730    Nov  2 18:47:27      1021     0.28
         0.28        1755.5         0.730    Nov  2 18:47:27      1021     0.28
         0.28        1756.2         0.650    Nov  2 18:47:27      1021     0.28
         0.28        1756.9         0.750    Nov  2 18:47:28      1022     0.28
         0.28        1757.6         0.690    Nov  2 18:47:28      1022     0.28
         0.28        1758.3         0.660    Nov  2 18:47:29      1023     0.28
         0.28        1759.0         0.690    Nov  2 18:47:29      1023     0.28
         0.28        1759.6         0.620    Nov  2 18:47:30      1024     0.28
         0.28        1760.3         0.760    Nov  2 18:47:30      1024     0.28
         0.28        1761.0         0.700    Nov  2 18:47:30      1024     0.28
         0.28        1761.7         0.660    Nov  2 18:47:31      1025     0.28
         0.29        1762.5         0.760    Nov  2 18:47:31      1025     0.28
         0.29        1763.2         0.690    Nov  2 18:47:32      1026     0.28
         0.29        1763.8         0.650    Nov  2 18:47:32      1026     0.28
         0.29        1764.5         0.690    Nov  2 18:47:33      1027     0.29
         0.29        1765.2         0.660    Nov  2 18:47:33      1027     0.29
         0.29        1765.9         0.730    Nov  2 18:47:34      1028     0.29
         0.29        1766.5         0.650    Nov  2 18:47:34      1028     0.29
         0.29        1767.3         0.770    Nov  2 18:47:34      1028     0.29
         0.29        1768.0         0.720    Nov  2 18:47:35      1029     0.29
         0.29        1768.7         0.670    Nov  2 18:47:35      1029     0.29
         0.30        1769.4         0.710    Nov  2 18:47:36      1030     0.29
         0.30        1770.2         0.750    Nov  2 18:47:36      1030     0.29
         0.30        1771.5         1.330    Nov  2 18:47:37      1031     0.29
         0.30        1773.9         2.370    Nov  2 18:47:38      1032     0.29
         0.30        1775.8         1.890    Nov  2 18:47:39      1033     0.29
         0.30        1777.6         1.890    Nov  2 18:47:41      1035     0.29
         0.30        1779.5         1.900    Nov  2 18:47:42      1036     0.29
         0.30        1781.4         1.850    Nov  2 18:47:43      1037     0.29
         0.30        1783.2         1.830    Nov  2 18:47:44      1038     0.29
         0.30        1784.5         1.230    Nov  2 18:47:45      1039     0.29
         0.31        1785.7         1.230    Nov  2 18:47:45      1039     0.29
         0.31        1786.9         1.240    Nov  2 18:47:46      1040     0.29
         0.31        1788.1         1.220    Nov  2 18:47:47      1041     0.29
         0.31        1789.4         1.220    Nov  2 18:47:47      1041     0.29
         0.31        1790.0         0.620    Nov  2 18:47:48      1042     0.29
         0.31        1790.7         0.700    Nov  2 18:47:48      1042     0.29
         0.31        1791.4         0.720    Nov  2 18:47:49      1043     0.29
         0.31        1792.1         0.710    Nov  2 18:47:49      1043     0.29
         0.31        1792.8         0.720    Nov  2 18:47:50      1044     0.29
         0.31        1793.6         0.740    Nov  2 18:47:50      1044     0.29
         0.32        1794.2         0.680    Nov  2 18:47:50      1044     0.29
         0.32        1795.0         0.700    Nov  2 18:47:51      1045     0.29
         0.32        1795.7         0.730    Nov  2 18:47:51      1045     0.29
         0.32        1796.4         0.700    Nov  2 18:47:52      1046     0.29
         0.32        1797.1         0.690    Nov  2 18:47:52      1046     0.29
         0.32        1797.8         0.710    Nov  2 18:47:53      1047     0.29
         0.32        1798.4         0.650    Nov  2 18:47:53      1047     0.29
         0.32        1799.2         0.740    Nov  2 18:47:54      1048     0.29
         0.32        1799.9         0.700    Nov  2 18:47:54      1048     0.29
         0.32        1800.5         0.650    Nov  2 18:47:54      1048     0.29
         0.33        1801.2         0.730    Nov  2 18:47:55      1049     0.29
         0.33        1802.0         0.700    Nov  2 18:47:55      1049     0.29
         0.33        1802.6         0.690    Nov  2 18:47:56      1050     0.29
         0.33        1803.3         0.690    Nov  2 18:47:56      1050     0.29
         0.33        1804.1         0.740    Nov  2 18:47:57      1051     0.29
         0.33        1804.8         0.700    Nov  2 18:47:57      1051     0.29
         0.33        1805.4         0.650    Nov  2 18:47:58      1052     0.29
         0.33        1806.1         0.700    Nov  2 18:47:58      1052     0.29
         0.33        1806.8         0.690    Nov  2 18:47:58      1052     0.29
         0.33        1807.5         0.690    Nov  2 18:47:59      1053     0.29
         0.34        1808.2         0.700    Nov  2 18:47:59      1053     0.29
         0.34        1808.9         0.700    Nov  2 18:48:00      1054     0.29
         0.34        1809.6         0.690    Nov  2 18:48:00      1054     0.29
         0.34        1810.3         0.720    Nov  2 18:48:01      1055     0.29
         0.34        1811.0         0.710    Nov  2 18:48:01      1055     0.29
         0.34        1811.7         0.690    Nov  2 18:48:01      1055     0.29
         0.34        1812.4         0.730    Nov  2 18:48:02      1056     0.29
         0.34        1813.1         0.690    Nov  2 18:48:02      1056     0.29
         0.34        1813.9         0.740    Nov  2 18:48:03      1057     0.29
         0.34        1814.6         0.700    Nov  2 18:48:03      1057     0.29
         0.35        1815.3         0.690    Nov  2 18:48:04      1058     0.29
         0.35        1816.0         0.730    Nov  2 18:48:04      1058     0.29
         0.35        1816.7         0.680    Nov  2 18:48:05      1059     0.29
         0.35        1817.4         0.710    Nov  2 18:48:05      1059     0.29
         0.35        1818.1         0.680    Nov  2 18:48:06      1060     0.29
         0.35        1818.7         0.680    Nov  2 18:48:06      1060     0.29
         0.35        1819.4         0.700    Nov  2 18:48:06      1060     0.29
         0.35        1820.1         0.670    Nov  2 18:48:07      1061     0.29
         0.35        1820.8         0.710    Nov  2 18:48:07      1061     0.29
         0.35        1821.5         0.680    Nov  2 18:48:08      1062     0.29
         0.36        1822.2         0.670    Nov  2 18:48:08      1062     0.29
         0.36        1822.9         0.720    Nov  2 18:48:09      1063     0.30
         0.36        1823.6         0.690    Nov  2 18:48:09      1063     0.30
         0.36        1824.3         0.740    Nov  2 18:48:10      1064     0.30
         0.36        1825.0         0.680    Nov  2 18:48:10      1064     0.30
         0.36        1825.7         0.710    Nov  2 18:48:10      1064     0.30
         0.36        1826.4         0.720    Nov  2 18:48:11      1065     0.30
         0.36        1827.1         0.700    Nov  2 18:48:11      1065     0.30
         0.36        1827.9         0.730    Nov  2 18:48:12      1066     0.30
         0.36        1828.6         0.690    Nov  2 18:48:12      1066     0.30
         0.37        1829.2         0.690    Nov  2 18:48:13      1067     0.30
         0.37        1830.0         0.740    Nov  2 18:48:13      1067     0.30
         0.37        1830.7         0.700    Nov  2 18:48:14      1068     0.30
         0.37        1831.4         0.720    Nov  2 18:48:14      1068     0.30
         0.37        1832.1         0.700    Nov  2 18:48:14      1068     0.30
         0.37        1832.8         0.700    Nov  2 18:48:15      1069     0.30
         0.37        1833.5         0.730    Nov  2 18:48:15      1069     0.30
         0.37        1834.2         0.680    Nov  2 18:48:16      1070     0.30
         0.37        1835.0         0.740    Nov  2 18:48:16      1070     0.30
         0.37        1835.7         0.700    Nov  2 18:48:17      1071     0.30
         0.38        1836.3         0.700    Nov  2 18:48:17      1071     0.30
         0.38        1837.1         0.730    Nov  2 18:48:18      1072     0.30
         0.38        1837.8         0.690    Nov  2 18:48:18      1072     0.30
         0.38        1838.5         0.730    Nov  2 18:48:19      1073     0.30
         0.38        1839.2         0.700    Nov  2 18:48:19      1073     0.30
         0.38        1839.9         0.700    Nov  2 18:48:19      1073     0.30
         0.38        1840.6         0.730    Nov  2 18:48:20      1074     0.30
         0.38        1841.3         0.650    Nov  2 18:48:20      1074     0.30
         0.38        1842.0         0.690    Nov  2 18:48:21      1075     0.30
         0.38        1842.6         0.650    Nov  2 18:48:21      1075     0.30
         0.39        1843.4         0.790    Nov  2 18:48:22      1076     0.30
         0.39        1844.1         0.680    Nov  2 18:48:22      1076     0.30
         0.39        1844.8         0.660    Nov  2 18:48:22      1076     0.30
         0.39        1845.4         0.690    Nov  2 18:48:23      1077     0.30
         0.39        1846.1         0.660    Nov  2 18:48:23      1077     0.30
         0.39        1846.8         0.730    Nov  2 18:48:24      1078     0.30
         0.39        1847.5         0.660    Nov  2 18:48:24      1078     0.30
         0.39        1848.2         0.760    Nov  2 18:48:25      1079     0.30
         0.39        1848.9         0.680    Nov  2 18:48:25      1079     0.30
         0.39        1849.6         0.660    Nov  2 18:48:26      1080     0.30
         0.40        1850.3         0.700    Nov  2 18:48:26      1080     0.30
         0.40        1850.9         0.650    Nov  2 18:48:26      1080     0.30
         0.40        1851.7         0.730    Nov  2 18:48:27      1081     0.30
         0.40        1852.3         0.670    Nov  2 18:48:27      1081     0.30
         0.40        1853.1         0.730    Nov  2 18:48:28      1082     0.30
         0.40        1853.8         0.700    Nov  2 18:48:28      1082     0.30
         0.40        1854.5         0.680    Nov  2 18:48:29      1083     0.30
         0.40        1855.2         0.700    Nov  2 18:48:29      1083     0.30
         0.40        1855.9         0.730    Nov  2 18:48:29      1083     0.30
         0.40        1856.5         0.650    Nov  2 18:48:30      1084     0.30
         0.41        1857.3         0.740    Nov  2 18:48:30      1084     0.30
         0.41        1857.9         0.660    Nov  2 18:48:31      1085     0.30
         0.41        1858.7         0.730    Nov  2 18:48:31      1085     0.30
         0.41        1859.3         0.650    Nov  2 18:48:32      1086     0.30
         0.41        1860.1         0.740    Nov  2 18:48:32      1086     0.30
         0.41        1860.7         0.650    Nov  2 18:48:32      1086     0.30
         0.41        1861.4         0.730    Nov  2 18:48:33      1087     0.30
         0.41        1862.0         0.620    Nov  2 18:48:33      1087     0.30
         0.41        1862.8         0.770    Nov  2 18:48:34      1088     0.30
         0.41        1863.6         0.770    Nov  2 18:48:34      1088     0.30
         0.42        1864.2         0.650    Nov  2 18:48:35      1089     0.30
         0.42        1865.0         0.750    Nov  2 18:48:35      1089     0.30
         0.42        1865.7         0.700    Nov  2 18:48:36      1090     0.30
         0.42        1866.4         0.690    Nov  2 18:48:36      1090     0.30
         0.42        1867.1         0.690    Nov  2 18:48:37      1091     0.30
         0.42        1867.8         0.700    Nov  2 18:48:37      1091     0.30
         0.42        1868.5         0.690    Nov  2 18:48:37      1091     0.30
         0.42        1869.2         0.690    Nov  2 18:48:38      1092     0.30
         0.42        1869.8         0.700    Nov  2 18:48:38      1092     0.30
         0.42        1870.5         0.660    Nov  2 18:48:39      1093     0.30
         0.43        1871.3         0.760    Nov  2 18:48:39      1093     0.30
         0.43        1872.0         0.740    Nov  2 18:48:40      1094     0.30
         0.43        1872.7         0.650    Nov  2 18:48:40      1094     0.30
         0.43        1873.4         0.730    Nov  2 18:48:41      1095     0.30
         0.43        1874.0         0.660    Nov  2 18:48:41      1095     0.30
         0.43        1874.8         0.700    Nov  2 18:48:41      1095     0.30
         0.43        1875.4         0.650    Nov  2 18:48:42      1096     0.30
         0.43        1876.1         0.730    Nov  2 18:48:42      1096     0.30
         0.43        1876.8         0.690    Nov  2 18:48:43      1097     0.30
         0.43        1877.5         0.660    Nov  2 18:48:43      1097     0.30
         0.44        1878.3         0.780    Nov  2 18:48:44      1098     0.30
         0.44        1878.9         0.610    Nov  2 18:48:44      1098     0.30
         0.44        1879.6         0.770    Nov  2 18:48:44      1098     0.30
         0.44        1880.3         0.700    Nov  2 18:48:45      1099     0.31
         0.44        1881.0         0.650    Nov  2 18:48:45      1099     0.31
         0.44        1881.7         0.700    Nov  2 18:48:46      1100     0.31
         0.44        1882.3         0.650    Nov  2 18:48:46      1100     0.31
         0.44        1883.0         0.690    Nov  2 18:48:47      1101     0.31
         0.44        1883.7         0.660    Nov  2 18:48:47      1101     0.31
         0.44        1884.4         0.680    Nov  2 18:48:47      1101     0.31
         0.45        1885.0         0.670    Nov  2 18:48:48      1102     0.31
         0.45        1885.8         0.730    Nov  2 18:48:48      1102     0.31
         0.45        1886.4         0.610    Nov  2 18:48:49      1103     0.31
         0.45        1887.2         0.780    Nov  2 18:48:49      1103     0.31
         0.45        1887.9         0.730    Nov  2 18:48:50      1104     0.31
         0.45        1888.6         0.730    Nov  2 18:48:50      1104     0.31
         0.45        1889.3         0.680    Nov  2 18:48:51      1105     0.31
         0.45        1890.0         0.710    Nov  2 18:48:51      1105     0.31
         0.45        1890.7         0.690    Nov  2 18:48:51      1105     0.31
         0.45        1891.4         0.690    Nov  2 18:48:52      1106     0.31
         0.46        1892.1         0.710    Nov  2 18:48:52      1106     0.31
         0.46        1892.8         0.650    Nov  2 18:48:53      1107     0.31
         0.46        1893.5         0.720    Nov  2 18:48:53      1107     0.31
         0.46        1894.1         0.660    Nov  2 18:48:54      1108     0.31
         0.46        1894.8         0.690    Nov  2 18:48:54      1108     0.31
         0.46        1895.5         0.650    Nov  2 18:48:54      1108     0.31
         0.46        1896.2         0.740    Nov  2 18:48:55      1109     0.31
         0.46        1896.9         0.690    Nov  2 18:48:55      1109     0.31
         0.46        1897.5         0.620    Nov  2 18:48:56      1110     0.31
         0.46        1898.3         0.760    Nov  2 18:48:56      1110     0.31
         0.47        1899.0         0.700    Nov  2 18:48:57      1111     0.31
         0.47        1899.7         0.690    Nov  2 18:48:57      1111     0.31
         0.47        1900.4         0.700    Nov  2 18:48:57      1111     0.31
         0.47        1901.1         0.700    Nov  2 18:48:58      1112     0.31
         0.47        1901.8         0.770    Nov  2 18:48:58      1112     0.31
         0.47        1902.5         0.690    Nov  2 18:48:59      1113     0.31
         0.47        1903.2         0.660    Nov  2 18:48:59      1113     0.31
         0.47        1904.0         0.770    Nov  2 18:49:00      1114     0.31
         0.47        1904.6         0.690    Nov  2 18:49:00      1114     0.31
         0.47        1905.3         0.660    Nov  2 18:49:01      1115     0.31
         0.48        1906.0         0.720    Nov  2 18:49:01      1115     0.31
         0.48        1906.7         0.670    Nov  2 18:49:01      1115     0.31
         0.48        1907.4         0.720    Nov  2 18:49:02      1116     0.31
         0.48        1908.1         0.680    Nov  2 18:49:02      1116     0.31
         0.48        1908.8         0.670    Nov  2 18:49:03      1117     0.31
         0.48        1909.5         0.710    Nov  2 18:49:03      1117     0.31
         0.48        1910.1         0.640    Nov  2 18:49:04      1118     0.31
         0.48        1910.8         0.690    Nov  2 18:49:04      1118     0.31
         0.48        1911.4         0.630    Nov  2 18:49:04      1118     0.31
         0.48        1912.1         0.710    Nov  2 18:49:05      1119     0.31
         0.49        1912.8         0.640    Nov  2 18:49:05      1119     0.31
         0.49        1913.5         0.660    Nov  2 18:49:06      1120     0.31
         0.49        1914.2         0.720    Nov  2 18:49:06      1120     0.31
         0.49        1914.9         0.720    Nov  2 18:49:07      1121     0.31
         0.49        1915.5         0.630    Nov  2 18:49:07      1121     0.31
         0.49        1916.3         0.750    Nov  2 18:49:08      1122     0.31
         0.49        1916.9         0.670    Nov  2 18:49:08      1122     0.31
         0.49        1917.6         0.640    Nov  2 18:49:08      1122     0.31
         0.49        1918.3         0.750    Nov  2 18:49:09      1123     0.31
         0.49        1919.0         0.720    Nov  2 18:49:09      1123     0.31
         0.50        1919.7         0.670    Nov  2 18:49:10      1124     0.31
         0.50        1920.3         0.630    Nov  2 18:49:10      1124     0.31
         0.50        1921.1         0.750    Nov  2 18:49:11      1125     0.31
         0.50        1921.8         0.680    Nov  2 18:49:11      1125     0.31
         0.50        1922.4         0.620    Nov  2 18:49:11      1125     0.31
         0.50        1923.1         0.720    Nov  2 18:49:12      1126     0.31
         0.50        1923.8         0.630    Nov  2 18:49:12      1126     0.31
         0.50        1924.5         0.720    Nov  2 18:49:13      1127     0.31
         0.50        1925.1         0.630    Nov  2 18:49:13      1127     0.31
         0.50        1925.8         0.670    Nov  2 18:49:14      1128     0.31
         0.51        1926.5         0.690    Nov  2 18:49:14      1128     0.31
         0.51        1927.1         0.670    Nov  2 18:49:14      1128     0.31
         0.51        1927.8         0.670    Nov  2 18:49:15      1129     0.31
         0.51        1928.5         0.680    Nov  2 18:49:15      1129     0.31
         0.51        1929.2         0.670    Nov  2 18:49:16      1130     0.31
         0.51        1929.8         0.680    Nov  2 18:49:16      1130     0.31
         0.51        1930.5         0.620    Nov  2 18:49:17      1131     0.31
         0.51        1931.2         0.720    Nov  2 18:49:17      1131     0.31
         0.51        1931.9         0.710    Nov  2 18:49:17      1131     0.31
         0.51        1932.5         0.630    Nov  2 18:49:18      1132     0.31
         0.52        1933.2         0.710    Nov  2 18:49:18      1132     0.31
         0.52        1933.9         0.710    Nov  2 18:49:19      1133     0.31
         0.52        1934.6         0.720    Nov  2 18:49:19      1133     0.31
         0.52        1935.3         0.630    Nov  2 18:49:20      1134     0.32
         0.52        1936.0         0.710    Nov  2 18:49:20      1134     0.32
         0.52        1936.6         0.590    Nov  2 18:49:20      1134     0.32
         0.52        1937.3         0.750    Nov  2 18:49:21      1135     0.32
         0.52        1938.0         0.720    Nov  2 18:49:21      1135     0.32
         0.52        1938.7         0.630    Nov  2 18:49:22      1136     0.32
         0.52        1939.4         0.710    Nov  2 18:49:22      1136     0.32
         0.53        1940.1         0.670    Nov  2 18:49:23      1137     0.32
         0.53        1940.7         0.640    Nov  2 18:49:23      1137     0.32
         0.53        1941.4         0.700    Nov  2 18:49:23      1137     0.32
         0.53        1942.1         0.670    Nov  2 18:49:24      1138     0.32
         0.53        1942.7         0.670    Nov  2 18:49:24      1138     0.32
         0.53        1943.4         0.630    Nov  2 18:49:25      1139     0.32
         0.53        1944.1         0.710    Nov  2 18:49:25      1139     0.32
         0.53        1944.8         0.710    Nov  2 18:49:26      1140     0.32
         0.53        1945.5         0.700    Nov  2 18:49:26      1140     0.32
         0.53        1946.1         0.650    Nov  2 18:49:26      1140     0.32
         0.54        1946.8         0.710    Nov  2 18:49:27      1141     0.32
         0.54        1947.5         0.670    Nov  2 18:49:27      1141     0.32
         0.54        1948.1         0.630    Nov  2 18:49:28      1142     0.32
         0.54        1948.9         0.720    Nov  2 18:49:28      1142     0.32
         0.54        1949.6         0.710    Nov  2 18:49:29      1143     0.32
         0.54        1950.3         0.710    Nov  2 18:49:29      1143     0.32
         0.54        1951.0         0.710    Nov  2 18:49:30      1144     0.32
         0.54        1951.7         0.680    Nov  2 18:49:30      1144     0.32
         0.54        1952.3         0.670    Nov  2 18:49:30      1144     0.32
         0.54        1953.0         0.660    Nov  2 18:49:31      1145     0.32
         0.55        1953.7         0.710    Nov  2 18:49:31      1145     0.32
         0.55        1954.4         0.670    Nov  2 18:49:32      1146     0.32
         0.55        1955.1         0.680    Nov  2 18:49:32      1146     0.32
         0.55        1955.7         0.670    Nov  2 18:49:33      1147     0.32
         0.55        1956.4         0.670    Nov  2 18:49:33      1147     0.32
         0.55        1957.1         0.680    Nov  2 18:49:33      1147     0.32
         0.55        1957.8         0.680    Nov  2 18:49:34      1148     0.32
         0.55        1958.4         0.630    Nov  2 18:49:34      1148     0.32
         0.55        1959.1         0.750    Nov  2 18:49:35      1149     0.32
         0.55        1959.8         0.670    Nov  2 18:49:35      1149     0.32
         0.56        1960.5         0.640    Nov  2 18:49:36      1150     0.32
         0.56        1961.2         0.770    Nov  2 18:49:36      1150     0.32
         0.56        1961.9         0.670    Nov  2 18:49:37      1151     0.32
         0.56        1962.6         0.710    Nov  2 18:49:37      1151     0.32
         0.56        1963.3         0.670    Nov  2 18:49:37      1151     0.32
         0.56        1963.9         0.670    Nov  2 18:49:38      1152     0.32
         0.56        1964.7         0.730    Nov  2 18:49:38      1152     0.32
         0.56        1965.3         0.630    Nov  2 18:49:39      1153     0.32
         0.56        1966.0         0.680    Nov  2 18:49:39      1153     0.32
         0.56        1966.6         0.630    Nov  2 18:49:40      1154     0.32
         0.57        1967.4         0.760    Nov  2 18:49:40      1154     0.32
         0.57        1968.1         0.700    Nov  2 18:49:40      1154     0.32
         0.57        1968.7         0.640    Nov  2 18:49:41      1155     0.32
         0.57        1969.4         0.720    Nov  2 18:49:41      1155     0.32
         0.57        1970.1         0.640    Nov  2 18:49:42      1156     0.32
         0.57        1970.8         0.700    Nov  2 18:49:42      1156     0.32
         0.57        1971.4         0.630    Nov  2 18:49:43      1157     0.32
         0.57        1972.1         0.720    Nov  2 18:49:43      1157     0.32
         0.57        1972.8         0.680    Nov  2 18:49:43      1157     0.32
         0.57        1973.4         0.630    Nov  2 18:49:44      1158     0.32
         0.58        1974.2         0.760    Nov  2 18:49:44      1158     0.32
         0.58        1974.9         0.670    Nov  2 18:49:45      1159     0.32
         0.58        1975.5         0.640    Nov  2 18:49:45      1159     0.32
         0.58        1976.2         0.670    Nov  2 18:49:46      1160     0.32
         0.58        1976.8         0.640    Nov  2 18:49:46      1160     0.32
         0.58        1977.5         0.710    Nov  2 18:49:46      1160     0.32
         0.58        1978.2         0.630    Nov  2 18:49:47      1161     0.32
         0.58        1978.8         0.670    Nov  2 18:49:47      1161     0.32
         0.58        1979.5         0.670    Nov  2 18:49:48      1162     0.32
         0.58        1980.2         0.680    Nov  2 18:49:48      1162     0.32
         0.59        1980.9         0.680    Nov  2 18:49:49      1163     0.32
         0.59        1981.5         0.670    Nov  2 18:49:49      1163     0.32
         0.59        1982.2         0.670    Nov  2 18:49:49      1163     0.32
         0.59        1982.9         0.690    Nov  2 18:49:50      1164     0.32
         0.59        1983.6         0.670    Nov  2 18:49:50      1164     0.32
         0.59        1984.3         0.700    Nov  2 18:49:51      1165     0.32
         0.59        1984.9         0.680    Nov  2 18:49:51      1165     0.32
         0.59        1985.6         0.630    Nov  2 18:49:51      1165     0.32
         0.59        1986.2         0.670    Nov  2 18:49:52      1166     0.32
         0.59        1986.9         0.650    Nov  2 18:49:52      1166     0.32
         0.60        1987.6         0.710    Nov  2 18:49:53      1167     0.32
         0.60        1988.2         0.630    Nov  2 18:49:53      1167     0.32
         0.60        1988.9         0.680    Nov  2 18:49:54      1168     0.32
         0.60        1989.5         0.640    Nov  2 18:49:54      1168     0.32
         0.60        1990.3         0.740    Nov  2 18:49:54      1168     0.32
         0.60        1991.0         0.670    Nov  2 18:49:55      1169     0.32
         0.60        1991.6         0.680    Nov  2 18:49:55      1169     0.32
         0.60        1992.3         0.670    Nov  2 18:49:56      1170     0.33
         0.60        1993.0         0.690    Nov  2 18:49:56      1170     0.33
         0.60        1993.7         0.700    Nov  2 18:49:57      1171     0.33
         0.61        1994.4         0.670    Nov  2 18:49:57      1171     0.33
         0.61        1995.1         0.720    Nov  2 18:49:58      1172     0.33
         0.61        1995.8         0.670    Nov  2 18:49:58      1172     0.33
         0.61        1996.4         0.680    Nov  2 18:49:58      1172     0.33
         0.61        1997.2         0.710    Nov  2 18:49:59      1173     0.33
         0.61        1997.8         0.660    Nov  2 18:49:59      1173     0.33
         0.61        1998.5         0.710    Nov  2 18:50:00      1174     0.33
         0.61        1999.2         0.680    Nov  2 18:50:00      1174     0.33
         0.61        1999.9         0.670    Nov  2 18:50:01      1175     0.33
         0.61        2000.6         0.720    Nov  2 18:50:01      1175     0.33
         0.62        2001.3         0.680    Nov  2 18:50:01      1175     0.33
         0.62        2002.0         0.700    Nov  2 18:50:02      1176     0.33
         0.62        2002.7         0.680    Nov  2 18:50:02      1176     0.33
         0.62        2003.3         0.670    Nov  2 18:50:03      1177     0.33
         0.62        2004.0         0.720    Nov  2 18:50:03      1177     0.33
         0.62        2004.7         0.670    Nov  2 18:50:04      1178     0.33
         0.62        2005.4         0.720    Nov  2 18:50:04      1178     0.33
         0.62        2006.1         0.670    Nov  2 18:50:05      1179     0.33
         0.62        2006.8         0.670    Nov  2 18:50:05      1179     0.33
         0.62        2007.5         0.710    Nov  2 18:50:05      1179     0.33
         0.63        2008.1         0.640    Nov  2 18:50:06      1180     0.33
         0.63        2008.8         0.670    Nov  2 18:50:06      1180     0.33
         0.63        2009.5         0.670    Nov  2 18:50:07      1181     0.33
         0.63        2010.1         0.680    Nov  2 18:50:07      1181     0.33
         0.63        2010.8         0.670    Nov  2 18:50:08      1182     0.33
         0.63        2011.5         0.710    Nov  2 18:50:08      1182     0.33
         0.63        2012.2         0.640    Nov  2 18:50:08      1182     0.33
         0.63        2012.9         0.710    Nov  2 18:50:09      1183     0.33
         0.63        2013.6         0.710    Nov  2 18:50:09      1183     0.33
         0.63        2014.2         0.640    Nov  2 18:50:10      1184     0.33
         0.64        2015.0         0.750    Nov  2 18:50:10      1184     0.33
         0.64        2015.6         0.670    Nov  2 18:50:11      1185     0.33
         0.64        2016.3         0.630    Nov  2 18:50:11      1185     0.33
         0.64        2017.0         0.720    Nov  2 18:50:11      1185     0.33
         0.64        2017.7         0.660    Nov  2 18:50:12      1186     0.33
         0.64        2018.3         0.640    Nov  2 18:50:12      1186     0.33
         0.64        2019.0         0.710    Nov  2 18:50:13      1187     0.33
         0.64        2019.7         0.670    Nov  2 18:50:13      1187     0.33
         0.64        2020.3         0.650    Nov  2 18:50:14      1188     0.33
         0.64        2021.1         0.740    Nov  2 18:50:14      1188     0.33
         0.65        2021.8         0.720    Nov  2 18:50:15      1189     0.33
         0.65        2022.4         0.630    Nov  2 18:50:15      1189     0.33
         0.65        2023.1         0.710    Nov  2 18:50:15      1189     0.33
         0.65        2023.8         0.680    Nov  2 18:50:16      1190     0.33
         0.65        2024.4         0.630    Nov  2 18:50:16      1190     0.33
         0.65        2025.1         0.710    Nov  2 18:50:17      1191     0.33
         0.65        2025.8         0.680    Nov  2 18:50:17      1191     0.33
         0.65        2026.5         0.660    Nov  2 18:50:17      1191     0.33
         0.65        2027.2         0.680    Nov  2 18:50:18      1192     0.33
         0.65        2027.8         0.690    Nov  2 18:50:18      1192     0.33
         0.66        2028.5         0.670    Nov  2 18:50:19      1193     0.33
         0.66        2029.2         0.700    Nov  2 18:50:19      1193     0.33
         0.66        2029.9         0.690    Nov  2 18:50:20      1194     0.33
         0.66        2030.6         0.700    Nov  2 18:50:20      1194     0.33
         0.66        2031.3         0.670    Nov  2 18:50:21      1195     0.33
         0.66        2032.0         0.680    Nov  2 18:50:21      1195     0.33
         0.66        2032.7         0.710    Nov  2 18:50:21      1195     0.33
         0.66        2033.3         0.670    Nov  2 18:50:22      1196     0.33
         0.66        2034.0         0.710    Nov  2 18:50:22      1196     0.33
         0.66        2034.7         0.680    Nov  2 18:50:23      1197     0.33
         0.67        2035.4         0.680    Nov  2 18:50:23      1197     0.33
         0.67        2036.1         0.710    Nov  2 18:50:24      1198     0.33
         0.67        2036.8         0.670    Nov  2 18:50:24      1198     0.33
         0.67        2037.5         0.710    Nov  2 18:50:24      1198     0.33
         0.67        2038.2         0.680    Nov  2 18:50:25      1199     0.33
         0.67        2038.8         0.660    Nov  2 18:50:25      1199     0.33
         0.67        2039.6         0.720    Nov  2 18:50:26      1200     0.33
         0.67        2040.2         0.670    Nov  2 18:50:26      1200     0.33
         0.67        2040.9         0.700    Nov  2 18:50:27      1201     0.33
         0.67        2041.6         0.670    Nov  2 18:50:27      1201     0.33
         0.68        2042.3         0.690    Nov  2 18:50:28      1202     0.33
         0.68        2043.0         0.710    Nov  2 18:50:28      1202     0.33
         0.68        2043.7         0.680    Nov  2 18:50:28      1202     0.33
         0.68        2044.4         0.710    Nov  2 18:50:29      1203     0.33
         0.68        2045.1         0.670    Nov  2 18:50:29      1203     0.33
         0.68        2045.7         0.680    Nov  2 18:50:30      1204     0.33
         0.68        2046.4         0.700    Nov  2 18:50:30      1204     0.33
         0.68        2047.1         0.680    Nov  2 18:50:31      1205     0.33
         0.68        2047.8         0.710    Nov  2 18:50:31      1205     0.33
         0.68        2048.5         0.680    Nov  2 18:50:32      1206     0.34
         0.69        2049.2         0.670    Nov  2 18:50:32      1206     0.34
         0.69        2049.9         0.720    Nov  2 18:50:32      1206     0.34
         0.69        2050.6         0.670    Nov  2 18:50:33      1207     0.34
         0.69        2051.3         0.700    Nov  2 18:50:33      1207     0.34
         0.69        2052.0         0.690    Nov  2 18:50:34      1208     0.34
         0.69        2052.6         0.670    Nov  2 18:50:34      1208     0.34
         0.69        2053.3         0.710    Nov  2 18:50:35      1209     0.34
         0.69        2054.0         0.680    Nov  2 18:50:35      1209     0.34
         0.69        2054.7         0.700    Nov  2 18:50:35      1209     0.34
         0.69        2055.4         0.680    Nov  2 18:50:36      1210     0.34
         0.70        2056.1         0.670    Nov  2 18:50:36      1210     0.34
         0.70        2056.8         0.710    Nov  2 18:50:37      1211     0.34
         0.70        2057.4         0.670    Nov  2 18:50:37      1211     0.34
         0.70        2058.1         0.680    Nov  2 18:50:38      1212     0.34
         0.70        2058.8         0.700    Nov  2 18:50:38      1212     0.34
         0.70        2059.5         0.670    Nov  2 18:50:39      1213     0.34
         0.70        2060.1         0.630    Nov  2 18:50:39      1213     0.34
         0.70        2060.8         0.710    Nov  2 18:50:39      1213     0.34
         0.70        2061.5         0.680    Nov  2 18:50:40      1214     0.34
         0.70        2062.2         0.640    Nov  2 18:50:40      1214     0.34
         0.71        2062.9         0.770    Nov  2 18:50:41      1215     0.34
         0.71        2063.7         0.730    Nov  2 18:50:41      1215     0.34
         0.71        2064.4         0.700    Nov  2 18:50:42      1216     0.34
         0.71        2065.1         0.690    Nov  2 18:50:42      1216     0.34
         0.71        2065.8         0.730    Nov  2 18:50:42      1216     0.34
         0.71        2066.5         0.710    Nov  2 18:50:43      1217     0.34
         0.71        2067.2         0.750    Nov  2 18:50:43      1217     0.34
         0.71        2068.0         0.770    Nov  2 18:50:44      1218     0.34
         0.71        2068.8         0.770    Nov  2 18:50:44      1218     0.34
         0.71        2069.5         0.730    Nov  2 18:50:45      1219     0.34
         0.72        2070.2         0.740    Nov  2 18:50:45      1219     0.34
         0.72        2071.4         1.180    Nov  2 18:50:46      1220     0.34
         0.72        2072.7         1.270    Nov  2 18:50:47      1221     0.34
         0.72        2074.0         1.270    Nov  2 18:50:47      1221     0.34
         0.72        2075.2         1.270    Nov  2 18:50:48      1222     0.34
         0.72        2076.5         1.270    Nov  2 18:50:49      1223     0.34
         0.72        2077.8         1.250    Nov  2 18:50:50      1224     0.34
         0.72        2079.0         1.220    Nov  2 18:50:50      1224     0.34
         0.72        2080.2         1.230    Nov  2 18:50:51      1225     0.34
         0.72        2081.4         1.210    Nov  2 18:50:52      1226     0.34
         0.73        2082.6         1.220    Nov  2 18:50:53      1227     0.34
         0.73        2083.3         0.640    Nov  2 18:50:53      1227     0.34
         0.73        2084.1         0.790    Nov  2 18:50:53      1227     0.34
         0.73        2084.8         0.720    Nov  2 18:50:54      1228     0.34
         0.73        2085.5         0.670    Nov  2 18:50:54      1228     0.34
         0.73        2086.2         0.770    Nov  2 18:50:55      1229     0.34
         0.73        2087.0         0.760    Nov  2 18:50:55      1229     0.34
         0.73        2087.7         0.740    Nov  2 18:50:56      1230     0.34
         0.73        2088.4         0.670    Nov  2 18:50:56      1230     0.34
         0.73        2089.2         0.800    Nov  2 18:50:57      1231     0.34
         0.74        2089.9         0.740    Nov  2 18:50:57      1231     0.34
         0.74        2090.6         0.690    Nov  2 18:50:58      1232     0.34
         0.74        2091.3         0.670    Nov  2 18:50:58      1232     0.34
         0.74        2092.0         0.720    Nov  2 18:50:58      1232     0.34
         0.74        2092.8         0.730    Nov  2 18:50:59      1233     0.34
         0.74        2093.5         0.730    Nov  2 18:50:59      1233     0.34
         0.74        2094.2         0.770    Nov  2 18:51:00      1234     0.34
         0.74        2095.0         0.730    Nov  2 18:51:00      1234     0.34
         0.74        2095.7         0.730    Nov  2 18:51:01      1235     0.34
         0.74        2096.4         0.660    Nov  2 18:51:01      1235     0.34
         0.75        2097.1         0.720    Nov  2 18:51:02      1236     0.34
         0.75        2097.8         0.670    Nov  2 18:51:02      1236     0.34
         0.75        2098.4         0.690    Nov  2 18:51:03      1237     0.34
         0.75        2099.1         0.690    Nov  2 18:51:03      1237     0.34
         0.75        2099.9         0.730    Nov  2 18:51:03      1237     0.34
         0.75        2100.6         0.730    Nov  2 18:51:04      1238     0.34
         0.75        2101.2         0.650    Nov  2 18:51:04      1238     0.34
         0.75        2101.9         0.690    Nov  2 18:51:05      1239     0.34
         0.75        2102.7         0.740    Nov  2 18:51:05      1239     0.34
         0.75        2103.4         0.720    Nov  2 18:51:06      1240     0.34
         0.76        2104.1         0.730    Nov  2 18:51:06      1240     0.34
         0.76        2104.9         0.750    Nov  2 18:51:07      1241     0.34
         0.76        2105.5         0.650    Nov  2 18:51:07      1241     0.34
         0.76        2106.3         0.730    Nov  2 18:51:08      1242     0.34
         0.76        2107.0         0.730    Nov  2 18:51:08      1242     0.34
         0.76        2107.7         0.710    Nov  2 18:51:08      1242     0.34
         0.76        2108.4         0.690    Nov  2 18:51:09      1243     0.35
         0.76        2109.1         0.690    Nov  2 18:51:09      1243     0.35
         0.76        2109.7         0.650    Nov  2 18:51:10      1244     0.35
         0.76        2110.5         0.730    Nov  2 18:51:10      1244     0.35
         0.77        2111.1         0.660    Nov  2 18:51:11      1245     0.35
         0.77        2111.7         0.620    Nov  2 18:51:11      1245     0.35
         0.77        2112.5         0.730    Nov  2 18:51:11      1245     0.35
         0.77        2113.2         0.700    Nov  2 18:51:12      1246     0.35
         0.77        2113.9         0.690    Nov  2 18:51:12      1246     0.35
         0.77        2114.6         0.690    Nov  2 18:51:13      1247     0.35
         0.77        2115.3         0.730    Nov  2 18:51:13      1247     0.35
         0.77        2116.0         0.730    Nov  2 18:51:14      1248     0.35
         0.77        2116.7         0.690    Nov  2 18:51:14      1248     0.35
         0.77        2117.4         0.660    Nov  2 18:51:15      1249     0.35
         0.78        2118.0         0.650    Nov  2 18:51:15      1249     0.35
         0.78        2118.7         0.660    Nov  2 18:51:15      1249     0.35
         0.78        2119.3         0.680    Nov  2 18:51:16      1250     0.35
         0.78        2120.1         0.710    Nov  2 18:51:16      1250     0.35
         0.78        2120.8         0.720    Nov  2 18:51:17      1251     0.35
         0.78        2121.5         0.700    Nov  2 18:51:17      1251     0.35
         0.78        2122.2         0.720    Nov  2 18:51:18      1252     0.35
         0.78        2122.9         0.700    Nov  2 18:51:18      1252     0.35
         0.78        2123.6         0.710    Nov  2 18:51:19      1253     0.35
         0.78        2124.3         0.720    Nov  2 18:51:19      1253     0.35
         0.79        2125.0         0.670    Nov  2 18:51:19      1253     0.35
         0.79        2125.7         0.670    Nov  2 18:51:20      1254     0.35
         0.79        2126.3         0.680    Nov  2 18:51:20      1254     0.35
         0.79        2127.0         0.640    Nov  2 18:51:21      1255     0.35
         0.79        2127.7         0.710    Nov  2 18:51:21      1255     0.35
         0.79        2128.4         0.670    Nov  2 18:51:22      1256     0.35
         0.79        2129.0         0.640    Nov  2 18:51:22      1256     0.35
         0.79        2129.7         0.710    Nov  2 18:51:22      1256     0.35
         0.79        2130.4         0.710    Nov  2 18:51:23      1257     0.35
         0.79        2131.1         0.630    Nov  2 18:51:23      1257     0.35
         0.80        2131.7         0.680    Nov  2 18:51:24      1258     0.35
         0.80        2132.4         0.680    Nov  2 18:51:24      1258     0.35
         0.80        2133.1         0.660    Nov  2 18:51:25      1259     0.35
         0.80        2133.7         0.660    Nov  2 18:51:25      1259     0.35
         0.80        2134.4         0.660    Nov  2 18:51:25      1259     0.35
         0.80        2135.1         0.660    Nov  2 18:51:26      1260     0.35
         0.80        2135.8         0.690    Nov  2 18:51:26      1260     0.35
         0.80        2136.4         0.660    Nov  2 18:51:27      1261     0.35
         0.80        2137.0         0.610    Nov  2 18:51:27      1261     0.35
         0.80        2137.7         0.690    Nov  2 18:51:28      1262     0.35
         0.81        2138.3         0.620    Nov  2 18:51:28      1262     0.35
         0.81        2139.1         0.720    Nov  2 18:51:28      1262     0.35
         0.81        2139.7         0.690    Nov  2 18:51:29      1263     0.35
         0.81        2140.4         0.620    Nov  2 18:51:29      1263     0.35
         0.81        2141.0         0.680    Nov  2 18:51:30      1264     0.35
         0.81        2141.7         0.700    Nov  2 18:51:30      1264     0.35
         0.81        2142.4         0.640    Nov  2 18:51:30      1264     0.35
         0.81        2143.0         0.660    Nov  2 18:51:31      1265     0.35
         0.81        2143.6         0.600    Nov  2 18:51:31      1265     0.35
         0.81        2144.4         0.710    Nov  2 18:51:32      1266     0.35
         0.82        2145.0         0.690    Nov  2 18:51:32      1266     0.35
         0.82        2145.7         0.620    Nov  2 18:51:33      1267     0.35
         0.82        2146.3         0.680    Nov  2 18:51:33      1267     0.35
         0.82        2147.0         0.660    Nov  2 18:51:33      1267     0.35
         0.82        2147.6         0.610    Nov  2 18:51:34      1268     0.35
         0.82        2148.3         0.730    Nov  2 18:51:34      1268     0.35
         0.82        2149.0         0.650    Nov  2 18:51:35      1269     0.35
         0.82        2149.6         0.620    Nov  2 18:51:35      1269     0.35
         0.82        2150.3         0.690    Nov  2 18:51:36      1270     0.35
         0.82        2150.9         0.620    Nov  2 18:51:36      1270     0.35
         0.83        2151.6         0.640    Nov  2 18:51:36      1270     0.35
         0.83        2152.2         0.660    Nov  2 18:51:37      1271     0.35
         0.83        2152.9         0.650    Nov  2 18:51:37      1271     0.35
         0.83        2153.5         0.660    Nov  2 18:51:38      1272     0.35
         0.83        2154.2         0.660    Nov  2 18:51:38      1272     0.35
         0.83        2154.8         0.650    Nov  2 18:51:38      1272     0.35
         0.83        2155.5         0.650    Nov  2 18:51:39      1273     0.35
         0.83        2156.1         0.620    Nov  2 18:51:39      1273     0.35
         0.83        2156.8         0.730    Nov  2 18:51:40      1274     0.35
         0.83        2157.5         0.690    Nov  2 18:51:40      1274     0.35
         0.84        2158.2         0.650    Nov  2 18:51:41      1275     0.35
         0.84        2158.9         0.690    Nov  2 18:51:41      1275     0.35
         0.84        2159.5         0.660    Nov  2 18:51:41      1275     0.35
         0.84        2160.2         0.650    Nov  2 18:51:42      1276     0.35
         0.84        2160.8         0.650    Nov  2 18:51:42      1276     0.35
         0.84        2161.5         0.640    Nov  2 18:51:43      1277     0.35
         0.84        2162.1         0.630    Nov  2 18:51:43      1277     0.35
         0.84        2162.7         0.600    Nov  2 18:51:43      1277     0.35
         0.84        2163.4         0.670    Nov  2 18:51:44      1278     0.35
         0.84        2164.0         0.630    Nov  2 18:51:44      1278     0.35
         0.85        2164.7         0.670    Nov  2 18:51:45      1279     0.36
         0.85        2165.3         0.640    Nov  2 18:51:45      1279     0.36
         0.85        2165.9         0.630    Nov  2 18:51:46      1280     0.36
         0.85        2166.6         0.680    Nov  2 18:51:46      1280     0.36
         0.85        2167.2         0.590    Nov  2 18:51:46      1280     0.36
         0.85        2167.8         0.640    Nov  2 18:51:47      1281     0.36
         0.85        2168.5         0.630    Nov  2 18:51:47      1281     0.36
         0.85        2169.1         0.630    Nov  2 18:51:48      1282     0.36
         0.85        2169.8         0.640    Nov  2 18:51:48      1282     0.36
         0.85        2170.4         0.640    Nov  2 18:51:48      1282     0.36
         0.86        2171.1         0.670    Nov  2 18:51:49      1283     0.36
         0.86        2171.7         0.590    Nov  2 18:51:49      1283     0.36
         0.86        2172.3         0.670    Nov  2 18:51:50      1284     0.36
         0.86        2172.9         0.630    Nov  2 18:51:50      1284     0.36
         0.86        2173.6         0.600    Nov  2 18:51:50      1284     0.36
         0.86        2174.2         0.670    Nov  2 18:51:51      1285     0.36
         0.86        2174.9         0.640    Nov  2 18:51:51      1285     0.36
         0.86        2175.5         0.630    Nov  2 18:51:52      1286     0.36
         0.86        2176.2         0.670    Nov  2 18:51:52      1286     0.36
         0.86        2176.8         0.630    Nov  2 18:51:52      1286     0.36
         0.87        2177.4         0.590    Nov  2 18:51:53      1287     0.36
         0.87        2178.1         0.680    Nov  2 18:51:53      1287     0.36
         0.87        2178.7         0.680    Nov  2 18:51:54      1288     0.36
         0.87        2179.4         0.630    Nov  2 18:51:54      1288     0.36
         0.87        2180.0         0.630    Nov  2 18:51:55      1289     0.36
         0.87        2180.6         0.640    Nov  2 18:51:55      1289     0.36
         0.87        2181.3         0.630    Nov  2 18:51:55      1289     0.36
         0.87        2181.9         0.630    Nov  2 18:51:56      1290     0.36
         0.87        2182.6         0.670    Nov  2 18:51:56      1290     0.36
         0.87        2183.2         0.590    Nov  2 18:51:57      1291     0.36
         0.88        2183.8         0.680    Nov  2 18:51:57      1291     0.36
         0.88        2184.5         0.630    Nov  2 18:51:57      1291     0.36
         0.88        2185.1         0.630    Nov  2 18:51:58      1292     0.36
         0.88        2185.7         0.640    Nov  2 18:51:58      1292     0.36
         0.88        2186.4         0.630    Nov  2 18:51:59      1293     0.36
         0.88        2187.0         0.640    Nov  2 18:51:59      1293     0.36
         0.88        2187.7         0.660    Nov  2 18:51:59      1293     0.36
         0.88        2188.3         0.600    Nov  2 18:52:00      1294     0.36
         0.88        2188.9         0.640    Nov  2 18:52:00      1294     0.36
         0.88        2189.5         0.630    Nov  2 18:52:01      1295     0.36
         0.89        2190.2         0.640    Nov  2 18:52:01      1295     0.36
         0.89        2190.8         0.630    Nov  2 18:52:01      1295     0.36
         0.89        2191.4         0.630    Nov  2 18:52:02      1296     0.36
         0.89        2192.1         0.640    Nov  2 18:52:02      1296     0.36
         0.89        2192.8         0.670    Nov  2 18:52:03      1297     0.36
         0.89        2193.4         0.640    Nov  2 18:52:03      1297     0.36
         0.89        2194.0         0.630    Nov  2 18:52:04      1298     0.36
         0.89        2194.7         0.670    Nov  2 18:52:04      1298     0.36
         0.89        2195.3         0.630    Nov  2 18:52:04      1298     0.36
         0.89        2196.0         0.670    Nov  2 18:52:05      1299     0.36
         0.90        2196.6         0.640    Nov  2 18:52:05      1299     0.36
         0.90        2197.3         0.640    Nov  2 18:52:06      1300     0.36
         0.90        2197.9         0.680    Nov  2 18:52:06      1300     0.36
         0.90        2198.6         0.630    Nov  2 18:52:06      1300     0.36
         0.90        2199.2         0.670    Nov  2 18:52:07      1301     0.36
         0.90        2199.9         0.640    Nov  2 18:52:07      1301     0.36
         0.90        2200.5         0.620    Nov  2 18:52:08      1302     0.36
         0.90        2201.2         0.680    Nov  2 18:52:08      1302     0.36
         0.90        2201.8         0.640    Nov  2 18:52:09      1303     0.36
         0.90        2202.5         0.670    Nov  2 18:52:09      1303     0.36
         0.91        2203.1         0.640    Nov  2 18:52:09      1303     0.36
         0.91        2203.8         0.630    Nov  2 18:52:10      1304     0.36
         0.91        2204.4         0.670    Nov  2 18:52:10      1304     0.36
         0.91        2205.0         0.590    Nov  2 18:52:11      1305     0.36
         0.91        2205.7         0.680    Nov  2 18:52:11      1305     0.36
         0.91        2206.3         0.590    Nov  2 18:52:11      1305     0.36
         0.91        2206.9         0.630    Nov  2 18:52:12      1306     0.36
         0.91        2207.5         0.600    Nov  2 18:52:12      1306     0.36
         0.91        2208.2         0.700    Nov  2 18:52:13      1307     0.36
         0.91        2208.9         0.640    Nov  2 18:52:13      1307     0.36
         0.92        2209.5         0.590    Nov  2 18:52:13      1307     0.36
         0.92        2210.1         0.630    Nov  2 18:52:14      1308     0.36
         0.92        2210.7         0.640    Nov  2 18:52:14      1308     0.36
         0.92        2211.4         0.640    Nov  2 18:52:15      1309     0.36
         0.92        2212.0         0.630    Nov  2 18:52:15      1309     0.36
         0.92        2212.6         0.630    Nov  2 18:52:15      1309     0.36
         0.92        2213.3         0.630    Nov  2 18:52:16      1310     0.36
         0.92        2213.9         0.680    Nov  2 18:52:16      1310     0.36
         0.92        2214.6         0.630    Nov  2 18:52:17      1311     0.36
         0.92        2215.2         0.640    Nov  2 18:52:17      1311     0.36
         0.93        2215.9         0.670    Nov  2 18:52:18      1312     0.36
         0.93        2216.5         0.630    Nov  2 18:52:18      1312     0.36
         0.93        2217.2         0.680    Nov  2 18:52:18      1312     0.36
         0.93        2217.8         0.630    Nov  2 18:52:19      1313     0.36
         0.93        2218.5         0.640    Nov  2 18:52:19      1313     0.36
         0.93        2219.1         0.670    Nov  2 18:52:20      1314     0.36
         0.93        2219.7         0.600    Nov  2 18:52:20      1314     0.36
         0.93        2220.4         0.630    Nov  2 18:52:20      1314     0.36
         0.93        2221.0         0.630    Nov  2 18:52:21      1315     0.37
         0.93        2221.6         0.640    Nov  2 18:52:21      1315     0.37
         0.94        2222.3         0.640    Nov  2 18:52:22      1316     0.37
         0.94        2222.9         0.630    Nov  2 18:52:22      1316     0.37
         0.94        2223.6         0.650    Nov  2 18:52:22      1316     0.37
         0.94        2224.2         0.630    Nov  2 18:52:23      1317     0.37
         0.94        2224.8         0.640    Nov  2 18:52:23      1317     0.37
         0.94        2225.5         0.630    Nov  2 18:52:24      1318     0.37
         0.94        2226.1         0.640    Nov  2 18:52:24      1318     0.37
         0.94        2226.8         0.660    Nov  2 18:52:25      1319     0.37
         0.94        2227.4         0.610    Nov  2 18:52:25      1319     0.37
         0.94        2228.0         0.670    Nov  2 18:52:25      1319     0.37
         0.95        2228.7         0.620    Nov  2 18:52:26      1320     0.37
         0.95        2229.3         0.680    Nov  2 18:52:26      1320     0.37
         0.95        2230.0         0.630    Nov  2 18:52:27      1321     0.37
         0.95        2230.6         0.630    Nov  2 18:52:27      1321     0.37
         0.95        2231.2         0.630    Nov  2 18:52:27      1321     0.37
         0.95        2231.9         0.640    Nov  2 18:52:28      1322     0.37
         0.95        2232.5         0.640    Nov  2 18:52:28      1322     0.37
         0.95        2233.1         0.640    Nov  2 18:52:29      1323     0.37
         0.95        2233.8         0.630    Nov  2 18:52:29      1323     0.37
         0.95        2234.4         0.630    Nov  2 18:52:29      1323     0.37
         0.96        2235.0         0.590    Nov  2 18:52:30      1324     0.37
         0.96        2235.7         0.670    Nov  2 18:52:30      1324     0.37
         0.96        2236.3         0.600    Nov  2 18:52:31      1325     0.37
         0.96        2236.9         0.630    Nov  2 18:52:31      1325     0.37
         0.96        2237.5         0.640    Nov  2 18:52:31      1325     0.37
         0.96        2238.2         0.640    Nov  2 18:52:32      1326     0.37
         0.96        2238.8         0.670    Nov  2 18:52:32      1326     0.37
         0.96        2239.4         0.590    Nov  2 18:52:33      1327     0.37
         0.96        2240.1         0.640    Nov  2 18:52:33      1327     0.37
         0.96        2240.7         0.630    Nov  2 18:52:33      1327     0.37
         0.97        2241.3         0.640    Nov  2 18:52:34      1328     0.37
         0.97        2242.0         0.640    Nov  2 18:52:34      1328     0.37
         0.97        2242.6         0.630    Nov  2 18:52:35      1329     0.37
         0.97        2243.2         0.640    Nov  2 18:52:35      1329     0.37
         0.97        2243.8         0.590    Nov  2 18:52:35      1329     0.37
         0.97        2244.5         0.680    Nov  2 18:52:36      1330     0.37
         0.97        2245.1         0.590    Nov  2 18:52:36      1330     0.37
         0.97        2245.7         0.630    Nov  2 18:52:37      1331     0.37
         0.97        2246.4         0.640    Nov  2 18:52:37      1331     0.37
         0.97        2247.0         0.630    Nov  2 18:52:37      1331     0.37
         0.98        2247.7         0.640    Nov  2 18:52:38      1332     0.37
         0.98        2248.3         0.630    Nov  2 18:52:38      1332     0.37
         0.98        2248.9         0.640    Nov  2 18:52:39      1333     0.37
         0.98        2249.6         0.670    Nov  2 18:52:39      1333     0.37
         0.98        2250.2         0.640    Nov  2 18:52:40      1334     0.37
         0.98        2250.9         0.630    Nov  2 18:52:40      1334     0.37
         0.98        2251.5         0.640    Nov  2 18:52:40      1334     0.37
         0.98        2252.1         0.630    Nov  2 18:52:41      1335     0.37
         0.98        2252.8         0.630    Nov  2 18:52:41      1335     0.37
         0.98        2253.3         0.590    Nov  2 18:52:41      1335     0.37
         0.99        2254.0         0.670    Nov  2 18:52:42      1336     0.37
         0.99        2254.7         0.680    Nov  2 18:52:42      1336     0.37
         0.99        2255.3         0.590    Nov  2 18:52:43      1337     0.37
         0.99        2256.0         0.680    Nov  2 18:52:43      1337     0.37
         0.99        2256.6         0.630    Nov  2 18:52:44      1338     0.37
         0.99        2257.3         0.670    Nov  2 18:52:44      1338     0.37
         0.99        2257.9         0.640    Nov  2 18:52:44      1338     0.37
         0.99        2258.5         0.620    Nov  2 18:52:45      1339     0.37
         0.99        2259.2         0.680    Nov  2 18:52:45      1339     0.37
         0.99        2259.8         0.600    Nov  2 18:52:46      1340     0.37
         0.99        2260.5         0.660    Nov  2 18:52:46      1340     0.37
         1.00        2261.1         0.640    Nov  2 18:52:46      1340     0.37
         1.00        2261.7         0.590    Nov  2 18:52:47      1341     0.37
         1.00        2262.4         0.670    Nov  2 18:52:47      1341     0.37
         1.00        2263.0         0.670    Nov  2 18:52:48      1342     0.37
         1.00        2263.7         0.640    Nov  2 18:52:48      1342     0.37
