#Update-step  Updatetime     Error of A        Error of phi      Time in fs
     1        0.05000000     0.000000E+000     0.113961E-003        0.0000
     2 *      0.02500000     0.000000E+000     0.313550E-003        0.0500
     2        0.02500000     0.000000E+000     0.812848E-004        0.0750
     3        0.03333333     0.000000E+000     0.204813E-003        0.1000
     4 *      0.01666667     0.000000E+000     0.286081E-003        0.1333
     4        0.01666667     0.000000E+000     0.484623E-003        0.1500
     5        0.01111111     0.000000E+000     0.207076E-004        0.1667
     6        0.02222222     0.000000E+000     0.407132E-004        0.1778
     7        0.03333333     0.000000E+000     0.205437E-003        0.2000
     8        0.03333333     0.000000E+000     0.134141E-003        0.2333
     9 *      0.01666667     0.000000E+000     0.361706E-003        0.2667
     9        0.01666667     0.000000E+000     0.168504E-002        0.2833
    10 *      0.00416667     0.000000E+000     0.803706E-004        0.3000
    10        0.00416667     0.000000E+000     0.234873E-004        0.3042
    11 *      0.00572917     0.000000E+000     0.172338E-003        0.3083
    11        0.00572917     0.000000E+000     0.514596E-004        0.3141
    12        0.01145833     0.000000E+000     0.155847E-003        0.3198
    13 *      0.00687500     0.000000E+000     0.147459E-003        0.3312
    13        0.00687500     0.000000E+000     0.312848E-003        0.3381
    14        0.00687500     0.000000E+000     0.230500E-003        0.3450
    15        0.00687500     0.000000E+000     0.196525E-003        0.3519
    16        0.00687500     0.000000E+000     0.238514E-003        0.3588
    17 *      0.00343750     0.000000E+000     0.849719E-004        0.3656
    17        0.00343750     0.000000E+000     0.443780E-004        0.3691
    18 *      0.00343750     0.000000E+000     0.892700E-004        0.3725
    18        0.00343750     0.000000E+000     0.530873E-004        0.3759
    19        0.00687500     0.000000E+000     0.270197E-003        0.3794
    20        0.00687500     0.000000E+000     0.142682E-003        0.3862
    21        0.00687500     0.000000E+000     0.142728E-003        0.3931
    22        0.00833333     0.000000E+000     0.249343E-003        0.4000
    23 *      0.00416667     0.000000E+000     0.938755E-004        0.4083
    23        0.00416667     0.000000E+000     0.656017E-004        0.4125
    24 *      0.00378788     0.000000E+000     0.167825E-003        0.4167
    24        0.00378788     0.000000E+000     0.223778E-004        0.4205
    25        0.00946970     0.000000E+000     0.160062E-003        0.4242
    26 *      0.00552399     0.000000E+000     0.366094E-003        0.4337
    26        0.00552399     0.000000E+000     0.132673E-003        0.4392
    27        0.00789141     0.000000E+000     0.235621E-003        0.4448
    28        0.00789141     0.000000E+000     0.554335E-004        0.4527
    29        0.01315236     0.000000E+000     0.130621E-003        0.4605
    30        0.01315236     0.000000E+000     0.129473E-003        0.4737
    31        0.01315236     0.000000E+000     0.198406E-003        0.4868
    32        0.01428571     0.000000E+000     0.124907E-003        0.5000
    33 *      0.00857143     0.000000E+000     0.103023E-003        0.5143
    33        0.00857143     0.000000E+000     0.107343E-003        0.5229
    34 *      0.00571429     0.000000E+000     0.153797E-003        0.5314
    34        0.00571429     0.000000E+000     0.781228E-004        0.5371
    35        0.00952381     0.000000E+000     0.372164E-004        0.5429
    36        0.01587302     0.000000E+000     0.134625E-003        0.5524
    37                                         0.228633E-002
    37        0.00096200     0.000000E+000     0.473597E-004        0.5683
    38        0.00171022     0.000000E+000     0.298060E-004        0.5692
    39        0.00363423     0.000000E+000     0.159319E-003        0.5709
    40        0.00423993     0.000000E+000     0.341111E-004        0.5746
    41        0.00706655     0.000000E+000     0.365140E-004        0.5788
    42        0.01413310     0.000000E+000     0.111306E-003        0.5859
    43        0.02000000     0.000000E+000     0.114434E-003        0.6000
    44 *      0.01333333     0.000000E+000     0.772122E-004        0.6200
    44        0.01333333     0.000000E+000     0.963889E-004        0.6333
    45        0.01777778     0.000000E+000     0.986127E-004        0.6467
    46        0.01777778     0.000000E+000     0.596427E-004        0.6644
    47        0.01777778     0.000000E+000     0.565501E-004        0.6822
    48        0.02500000     0.000000E+000     0.936280E-004        0.7000
    49                                         0.291048E-002
    49        0.00214286     0.000000E+000     0.320771E-004        0.7250
    50        0.00428571     0.000000E+000     0.221388E-003        0.7271
    51        0.00457143     0.000000E+000     0.196589E-004        0.7314
    52 *      0.00533333     0.000000E+000     0.710849E-003        0.7360
    52        0.00533333     0.000000E+000     0.450640E-004        0.7413
    53        0.01066667     0.000000E+000     0.847247E-004        0.7467
    54        0.01422222     0.000000E+000     0.855878E-004        0.7573
    55        0.01422222     0.000000E+000     0.162063E-004        0.7716
    56        0.01422222     0.000000E+000     0.100998E-003        0.7858
    57 *      0.01000000     0.000000E+000     0.101282E-003        0.8000
    57        0.01000000     0.000000E+000     0.852926E-003        0.8100
    58        0.00666667     0.000000E+000     0.619968E-005        0.8200
    59        0.01833333     0.000000E+000     0.379559E-004        0.8267
    60 *      0.01375000     0.000000E+000     0.679047E-003        0.8450
    60        0.01375000     0.000000E+000     0.684300E-005        0.8587
    61        0.02750000     0.000000E+000     0.515865E-004        0.8725
    62        0.05000000     0.000000E+000     0.104885E-003        0.9000
    63 *      0.02500000     0.000000E+000     0.452813E-003        0.9500
    63        0.02500000     0.000000E+000     0.298465E-003        0.9750
