#Update-step  Updatetime     Error of A        Error of phi      Time in fs
     1                                         0.775064E-005
     1        0.00588235     0.000000E+000     0.444839E-006        0.0000
     2        0.00723982     0.000000E+000     0.443681E-006        0.0059
     3        0.00868778     0.000000E+000     0.367981E-006        0.0131
     4 *      0.00558500     0.000000E+000     0.219529E-005        0.0218
     4        0.00558500     0.000000E+000     0.387719E-006        0.0274
     5        0.00837750     0.000000E+000     0.401132E-006        0.0330
     6        0.00977376     0.000000E+000     0.287617E-006        0.0414
     7        0.01221719     0.000000E+000     0.198784E-006        0.0511
     8        0.01832579     0.000000E+000     0.668182E-006        0.0633
     9        0.01832579     0.000000E+000     0.877077E-006        0.0817
    10 *      0.00833333     0.000000E+000     0.404771E-006        0.1000
    10        0.00833333     0.000000E+000     0.217279E-005        0.1083
    11        0.00641026     0.000000E+000     0.364570E-006        0.1167
    12 *      0.00427350     0.000000E+000     0.273457E-006        0.1231
    12        0.00427350     0.000000E+000     0.521175E-006        0.1274
    13 *      0.00284900     0.000000E+000     0.643676E-006        0.1316
    13        0.00284900     0.000000E+000     0.667665E-005        0.1345
    14        0.00139285     0.000000E+000     0.200009E-006        0.1373
    15        0.00235712     0.000000E+000     0.214672E-006        0.1387
    16        0.00392854     0.000000E+000     0.239558E-006        0.1411
    17        0.00611106     0.000000E+000     0.295356E-006        0.1450
    18        0.00814808     0.000000E+000     0.534084E-006        0.1511
    19        0.00814808     0.000000E+000     0.489821E-006        0.1593
    20 *      0.00407404     0.000000E+000     0.377283E-006        0.1674
    20        0.00407404     0.000000E+000     0.496828E-005        0.1715
    21        0.00222220     0.000000E+000     0.265313E-006        0.1756
    22        0.00317458     0.000000E+000     0.308235E-006        0.1778
    23        0.00476187     0.000000E+000     0.381083E-006        0.1810
    24        0.00476187     0.000000E+000     0.207737E-006        0.1857
    25        0.00476187     0.000000E+000     0.132636E-006        0.1905
    26        0.00476187     0.000000E+000     0.933579E-007        0.1952
    27        0.01000000     0.000000E+000     0.287480E-006        0.2000
    28        0.01500000     0.000000E+000     0.412959E-006        0.2100
    29                                         0.164867E-004
    29        0.00092593     0.000000E+000     0.213256E-006        0.2250
    30        0.00157604     0.000000E+000     0.227448E-006        0.2259
    31        0.00258922     0.000000E+000     0.223287E-006        0.2275
    32        0.00411228     0.000000E+000     0.213599E-006        0.2301
    33        0.00657965     0.000000E+000     0.226241E-006        0.2342
    34        0.00986948     0.000000E+000     0.244002E-006        0.2408
    35        0.01233685     0.000000E+000     0.303229E-006        0.2507
    36 *      0.00925264     0.000000E+000     0.156768E-005        0.2630
    36        0.00925264     0.000000E+000     0.348876E-006        0.2722
    37        0.00925264     0.000000E+000     0.187949E-006        0.2815
    38        0.00925264     0.000000E+000     0.212350E-006        0.2907
    39        0.01428571     0.000000E+000     0.443982E-006        0.3000
    40        0.01714286     0.000000E+000     0.762768E-006        0.3143
    41        0.01714286     0.000000E+000     0.618718E-006        0.3314
    42 *      0.00857143     0.000000E+000     0.302837E-006        0.3486
    42        0.00857143     0.000000E+000     0.155036E-006        0.3571
    43 *      0.00857143     0.000000E+000     0.539500E-006        0.3657
    43        0.00857143     0.000000E+000     0.204869E-006        0.3743
    44        0.00857143     0.000000E+000     0.138623E-006        0.3829
    45        0.00857143     0.000000E+000     0.256121E-006        0.3914
    46        0.01250000     0.000000E+000     0.249453E-006        0.4000
    47 *      0.00875000     0.000000E+000     0.404656E-006        0.4125
    47        0.00875000     0.000000E+000     0.164186E-006        0.4212
    48        0.01750000     0.000000E+000     0.411568E-006        0.4300
    49 *      0.00875000     0.000000E+000     0.287211E-005        0.4475
    49        0.00875000     0.000000E+000     0.357270E-006        0.4562
    50        0.01166667     0.000000E+000     0.286835E-006        0.4650
    51        0.01166667     0.000000E+000     0.224778E-006        0.4767
    52 *      0.00583333     0.000000E+000     0.165458E-005        0.4883
    52        0.00583333     0.000000E+000     0.336253E-006        0.4942
    53        0.00909091     0.000000E+000     0.354230E-006        0.5000
    54        0.01298701     0.000000E+000     0.367437E-006        0.5091
    55        0.01558442     0.000000E+000     0.360278E-006        0.5221
    56                                         0.462120E-005
    56        0.00141677     0.000000E+000     0.114190E-006        0.5377
    57        0.00290100     0.000000E+000     0.172895E-006        0.5391
    58        0.00527454     0.000000E+000     0.189076E-006        0.5420
    59        0.00879089     0.000000E+000     0.203370E-006        0.5473
    60        0.01465149     0.000000E+000     0.309760E-006        0.5560
    61 *      0.00732575     0.000000E+000     0.169459E-005        0.5707
    61        0.00732575     0.000000E+000     0.334188E-004        0.5780
    62        0.00183144     0.000000E+000     0.568060E-007        0.5853
    63        0.00427335     0.000000E+000     0.197117E-006        0.5872
    64        0.00427335     0.000000E+000     0.106239E-006        0.5915
    65        0.00427335     0.000000E+000     0.686020E-007        0.5957
    66        0.01000000     0.000000E+000     0.240456E-006        0.6000
    67        0.01500000     0.000000E+000     0.361952E-006        0.6100
    68        0.01875000     0.000000E+000     0.407231E-006        0.6250
    69 *      0.00937500     0.000000E+000     0.252868E-006        0.6437
    69        0.00937500     0.000000E+000     0.136636E-006        0.6531
    70        0.01875000     0.000000E+000     0.438946E-006        0.6625
    71 *      0.00937500     0.000000E+000     0.556809E-006        0.6812
    71        0.00937500     0.000000E+000     0.194259E-006        0.6906
    72        0.01666667     0.000000E+000     0.351390E-006        0.7000
    73                                         0.990455E-005
    73        0.00117371     0.000000E+000     0.166058E-006        0.7167
    74        0.00216210     0.000000E+000     0.238206E-006        0.7178
    75        0.00347815     0.000000E+000     0.236707E-006        0.7200
    76        0.00546567     0.000000E+000     0.238438E-006        0.7235
    77        0.00888171     0.000000E+000     0.281248E-006        0.7289
    78        0.01243440     0.000000E+000     0.275988E-006        0.7378
    79 *      0.00828960     0.000000E+000     0.296363E-006        0.7503
    79        0.00828960     0.000000E+000     0.143411E-006        0.7586
    80        0.01657920     0.000000E+000     0.516073E-006        0.7668
    81 *      0.00828960     0.000000E+000     0.421114E-006        0.7834
    81        0.00828960     0.000000E+000     0.183747E-006        0.7917
    82        0.01666667     0.000000E+000     0.401301E-006        0.8000
    83 *      0.01041667     0.000000E+000     0.151010E-005        0.8167
    83        0.01041667     0.000000E+000     0.338071E-004        0.8271
    84        0.00260417     0.000000E+000     0.664692E-007        0.8375
    85        0.00598958     0.000000E+000     0.220382E-006        0.8401
    86        0.00898438     0.000000E+000     0.260366E-006        0.8461
    87        0.01123047     0.000000E+000     0.226486E-006        0.8551
    88 *      0.00842285     0.000000E+000     0.947239E-006        0.8663
    88        0.00842285     0.000000E+000     0.240925E-006        0.8747
    89        0.00842285     0.000000E+000     0.138187E-006        0.8832
    90        0.00842285     0.000000E+000     0.254944E-006        0.8916
    91        0.01250000     0.000000E+000     0.263641E-006        0.9000
    92 *      0.00875000     0.000000E+000     0.394629E-006        0.9125
    92        0.00875000     0.000000E+000     0.166895E-006        0.9212
    93        0.01750000     0.000000E+000     0.441941E-006        0.9300
    94        0.01750000     0.000000E+000     0.326400E-006        0.9475
    95 *      0.00875000     0.000000E+000     0.263893E-005        0.9650
    95        0.00875000     0.000000E+000     0.138398E-004        0.9737
    96        0.00291667     0.000000E+000     0.101199E-006        0.9825
    97        0.00486111     0.000000E+000     0.171032E-006        0.9854
    98        0.00486111     0.000000E+000     0.101452E-006        0.9903
    99        0.00486111     0.000000E+000     0.698080E-007        0.9951
