#Update-step  Updatetime     Error of A        Error of phi      Time in fs
     1                                         0.594650E-003
     1                                         0.452428E-005
     1        0.00013986     0.000000E+000     0.913678E-007        0.0000
     2        0.00030538     0.000000E+000     0.426676E-006        0.0001
     3        0.00040969     0.000000E+000     0.728585E-006        0.0004
     4        0.00045272     0.000000E+000     0.848964E-006        0.0009
     5        0.00047221     0.000000E+000     0.844216E-006        0.0013
     6        0.00049357     0.000000E+000     0.891177E-006        0.0018
     7        0.00050375     0.000000E+000     0.901762E-006        0.0023
     8        0.00051170     0.000000E+000     0.905886E-006        0.0028
     9        0.00051995     0.000000E+000     0.913046E-006        0.0033
    10        0.00052563     0.000000E+000     0.917753E-006        0.0038
    11        0.00053148     0.000000E+000     0.933143E-006        0.0043
    12        0.00053446     0.000000E+000     0.942035E-006        0.0049
    13        0.00053446     0.000000E+000     0.937386E-006        0.0054
    14        0.00053446     0.000000E+000     0.971145E-006        0.0059
    15        0.00052842     0.000000E+000     0.902600E-006        0.0065
    16        0.00053759     0.000000E+000     0.938213E-006        0.0070
    17 *      0.00026879     0.000000E+000     0.257502E-005        0.0075
    17        0.00026879     0.000000E+000     0.970292E-006        0.0078
    18        0.00028460     0.000000E+000     0.715580E-006        0.0081
    19        0.00031601     0.000000E+000     0.691118E-006        0.0084
    20        0.00035536     0.000000E+000     0.736058E-006        0.0087
    21        0.00039043     0.000000E+000     0.776193E-006        0.0090
    22        0.00042131     0.000000E+000     0.808635E-006        0.0094
    23        0.00044633     0.000000E+000     0.825893E-006        0.0098
    24        0.00046970     0.000000E+000     0.842722E-006        0.0103
    25        0.00049035     0.000000E+000     0.854063E-006        0.0108
    26        0.00051007     0.000000E+000     0.865422E-006        0.0112
    27        0.00052840     0.000000E+000     0.874372E-006        0.0118
    28        0.00054481     0.000000E+000     0.878822E-006        0.0123
    29        0.00055878     0.000000E+000     0.877016E-006        0.0128
    30        0.00057358     0.000000E+000     0.878921E-006        0.0134
    31        0.00058930     0.000000E+000     0.884069E-006        0.0140
    32        0.00060175     0.000000E+000     0.879921E-006        0.0146
    33        0.00061932     0.000000E+000     0.890731E-006        0.0152
    34        0.00063329     0.000000E+000     0.891153E-006        0.0158
    35        0.00064801     0.000000E+000     0.893850E-006        0.0164
    36        0.00065830     0.000000E+000     0.884941E-006        0.0171
    37        0.00067449     0.000000E+000     0.892369E-006        0.0177
    38        0.00068582     0.000000E+000     0.887641E-006        0.0184
    39        0.00070371     0.000000E+000     0.900482E-006        0.0191
    40        0.00071628     0.000000E+000     0.900545E-006        0.0198
    41        0.00072942     0.000000E+000     0.903273E-006        0.0205
    42        0.00074319     0.000000E+000     0.908827E-006        0.0212
    43        0.00075033     0.000000E+000     0.900016E-006        0.0220
    44        0.00076519     0.000000E+000     0.911435E-006        0.0227
    45        0.00077292     0.000000E+000     0.907731E-006        0.0235
    46        0.00078089     0.000000E+000     0.906665E-006        0.0243
    47        0.00078911     0.000000E+000     0.908218E-006        0.0250
    48        0.00079759     0.000000E+000     0.912383E-006        0.0258
    49        0.00080636     0.000000E+000     0.919169E-006        0.0266
    50        0.00081542     0.000000E+000     0.928604E-006        0.0274
    51        0.00081542     0.000000E+000     0.919566E-006        0.0282
    52        0.00082490     0.000000E+000     0.933915E-006        0.0291
    53        0.00082490     0.000000E+000     0.928805E-006        0.0299
    54        0.00082490     0.000000E+000     0.925578E-006        0.0307
    55        0.00082490     0.000000E+000     0.924092E-006        0.0315
    56        0.00082490     0.000000E+000     0.924219E-006        0.0324
    57        0.00082490     0.000000E+000     0.925846E-006        0.0332
    58        0.00082490     0.000000E+000     0.928874E-006        0.0340
    59        0.00082490     0.000000E+000     0.933215E-006        0.0348
    60        0.00082490     0.000000E+000     0.938795E-006        0.0357
    61        0.00082490     0.000000E+000     0.945546E-006        0.0365
    62        0.00082490     0.000000E+000     0.953414E-006        0.0373
    63        0.00081404     0.000000E+000     0.937212E-006        0.0381
    64        0.00081404     0.000000E+000     0.946780E-006        0.0389
    65        0.00081404     0.000000E+000     0.957295E-006        0.0398
    66        0.00080304     0.000000E+000     0.942740E-006        0.0406
    67        0.00080304     0.000000E+000     0.954579E-006        0.0414
    68        0.00079204     0.000000E+000     0.940951E-006        0.0422
    69        0.00079204     0.000000E+000     0.953913E-006        0.0430
    70        0.00078104     0.000000E+000     0.940973E-006        0.0438
    71        0.00078104     0.000000E+000     0.954901E-006        0.0445
    72        0.00077004     0.000000E+000     0.942455E-006        0.0453
    73        0.00077004     0.000000E+000     0.957225E-006        0.0461
    74        0.00075904     0.000000E+000     0.945115E-006        0.0469
    75        0.00075904     0.000000E+000     0.960628E-006        0.0476
    76        0.00074804     0.000000E+000     0.948721E-006        0.0484
    77        0.00074804     0.000000E+000     0.964894E-006        0.0491
    78        0.00073704     0.000000E+000     0.953077E-006        0.0499
    79        0.00072620     0.000000E+000     0.941526E-006        0.0506
    80        0.00072620     0.000000E+000     0.958191E-006        0.0513
    81        0.00071536     0.000000E+000     0.946589E-006        0.0521
    82        0.00071536     0.000000E+000     0.963748E-006        0.0528
    83        0.00070452     0.000000E+000     0.952017E-006        0.0535
    84        0.00069385     0.000000E+000     0.940462E-006        0.0542
    85        0.00069385     0.000000E+000     0.957875E-006        0.0549
    86        0.00068317     0.000000E+000     0.946095E-006        0.0556
    87        0.00068317     0.000000E+000     0.963885E-006        0.0563
    88        0.00067250     0.000000E+000     0.951820E-006        0.0570
    89        0.00066199     0.000000E+000     0.939877E-006        0.0576
    90        0.00066199     0.000000E+000     0.957742E-006        0.0583
    91        0.00065148     0.000000E+000     0.945445E-006        0.0590
    92        0.00065148     0.000000E+000     0.963596E-006        0.0596
    93        0.00064098     0.000000E+000     0.950896E-006        0.0603
    94        0.00063064     0.000000E+000     0.938290E-006        0.0609
    95        0.00063064     0.000000E+000     0.956370E-006        0.0615
    96        0.00062030     0.000000E+000     0.943309E-006        0.0622
    97        0.00062030     0.000000E+000     0.961597E-006        0.0628
    98        0.00060996     0.000000E+000     0.948041E-006        0.0634
    99        0.00060996     0.000000E+000     0.966510E-006        0.0640
   100        0.00059962     0.000000E+000     0.952420E-006        0.0646
   101        0.00058946     0.000000E+000     0.938412E-006        0.0652
   102        0.00058946     0.000000E+000     0.956632E-006        0.0658
   103        0.00057930     0.000000E+000     0.942055E-006        0.0664
   104        0.00057930     0.000000E+000     0.960385E-006        0.0670
   105        0.00056913     0.000000E+000     0.945204E-006        0.0676
   106        0.00056913     0.000000E+000     0.963619E-006        0.0681
   107        0.00055897     0.000000E+000     0.947801E-006        0.0687
   108        0.00055897     0.000000E+000     0.966273E-006        0.0693
   109        0.00054881     0.000000E+000     0.949788E-006        0.0698
   110        0.00054881     0.000000E+000     0.968289E-006        0.0704
   111        0.00053864     0.000000E+000     0.951105E-006        0.0709
   112        0.00052867     0.000000E+000     0.934045E-006        0.0715
   113        0.00052867     0.000000E+000     0.952030E-006        0.0720
   114        0.00051869     0.000000E+000     0.934256E-006        0.0725
   115        0.00051869     0.000000E+000     0.952200E-006        0.0730
   116        0.00050872     0.000000E+000     0.933687E-006        0.0735
   117        0.00050872     0.000000E+000     0.951561E-006        0.0741
   118        0.00049874     0.000000E+000     0.932283E-006        0.0746
   119        0.00049874     0.000000E+000     0.950059E-006        0.0751
   120        0.00049874     0.000000E+000     0.968315E-006        0.0756
   121        0.00048857     0.000000E+000     0.947217E-006        0.0761
   122        0.00048857     0.000000E+000     0.965323E-006        0.0765
   123        0.00047839     0.000000E+000     0.943374E-006        0.0770
   124        0.00047839     0.000000E+000     0.961297E-006        0.0775
   125        0.00046821     0.000000E+000     0.938481E-006        0.0780
   126        0.00046821     0.000000E+000     0.956187E-006        0.0785
   127        0.00045803     0.000000E+000     0.932489E-006        0.0789
   128        0.00045803     0.000000E+000     0.949946E-006        0.0794
   129        0.00045803     0.000000E+000     0.967854E-006        0.0798
   130        0.00044762     0.000000E+000     0.941948E-006        0.0803
   131        0.00044762     0.000000E+000     0.959543E-006        0.0808
   132        0.00043721     0.000000E+000     0.932688E-006        0.0812
   133        0.00043721     0.000000E+000     0.949935E-006        0.0816
   134        0.00043721     0.000000E+000     0.967616E-006        0.0821
   135        0.00042655     0.000000E+000     0.938292E-006        0.0825
   136        0.00042655     0.000000E+000     0.955553E-006        0.0829
   137        0.00041588     0.000000E+000     0.925237E-006        0.0834
   138        0.00041588     0.000000E+000     0.942041E-006        0.0838
   139        0.00041588     0.000000E+000     0.959256E-006        0.0842
   140        0.00040494     0.000000E+000     0.926207E-006        0.0846
   141        0.00040494     0.000000E+000     0.942887E-006        0.0850
   142        0.00040494     0.000000E+000     0.959968E-006        0.0854
   143        0.00039369     0.000000E+000     0.923969E-006        0.0858
   144        0.00039369     0.000000E+000     0.940432E-006        0.0862
   145        0.00039369     0.000000E+000     0.957282E-006        0.0866
   146        0.00038211     0.000000E+000     0.918112E-006        0.0870
   147        0.00038211     0.000000E+000     0.934255E-006        0.0874
   148        0.00038211     0.000000E+000     0.950771E-006        0.0878
   149        0.00038211     0.000000E+000     0.967669E-006        0.0882
   150        0.00036979     0.000000E+000     0.922511E-006        0.0885
   151        0.00036979     0.000000E+000     0.938542E-006        0.0889
   152        0.00036979     0.000000E+000     0.954935E-006        0.0893
   153        0.00035703     0.000000E+000     0.905917E-006        0.0896
   154        0.00035703     0.000000E+000     0.921343E-006        0.0900
   155        0.00035703     0.000000E+000     0.937106E-006        0.0904
   156        0.00035703     0.000000E+000     0.953214E-006        0.0907
   157        0.00034330     0.000000E+000     0.896609E-006        0.0911
   158        0.00034330     0.000000E+000     0.911561E-006        0.0914
   159        0.00034330     0.000000E+000     0.926828E-006        0.0918
   160        0.00034330     0.000000E+000     0.942418E-006        0.0921
   161        0.00034330     0.000000E+000     0.958337E-006        0.0924
   162        0.00032770     0.000000E+000     0.888117E-006        0.0928
   163        0.00032770     0.000000E+000     0.902551E-006        0.0931
   164        0.00032770     0.000000E+000     0.917277E-006        0.0934
   165        0.00032770     0.000000E+000     0.932300E-006        0.0938
   166        0.00032770     0.000000E+000     0.947626E-006        0.0941
   167        0.00032770     0.000000E+000     0.963261E-006        0.0944
   168        0.00030842     0.000000E+000     0.867541E-006        0.0948
   169        0.00030842     0.000000E+000     0.881104E-006        0.0951
   170        0.00030842     0.000000E+000     0.894923E-006        0.0954
   171        0.00030842     0.000000E+000     0.909003E-006        0.0957
   172        0.00030842     0.000000E+000     0.923349E-006        0.0960
   173        0.00030842     0.000000E+000     0.937965E-006        0.0963
   174        0.00030842     0.000000E+000     0.952856E-006        0.0966
   175        0.00030842     0.000000E+000     0.968027E-006        0.0969
   176        0.00027758     0.000000E+000     0.796855E-006        0.0972
   177        0.00027758     0.000000E+000     0.808329E-006        0.0975
   178        0.00027758     0.000000E+000     0.819996E-006        0.0978
   179        0.00027758     0.000000E+000     0.831858E-006        0.0981
   180        0.00027758     0.000000E+000     0.843918E-006        0.0983
   181        0.00027758     0.000000E+000     0.856178E-006        0.0986
   182        0.00027758     0.000000E+000     0.868642E-006        0.0989
   183        0.00027758     0.000000E+000     0.881312E-006        0.0992
   184        0.00027758     0.000000E+000     0.894190E-006        0.0994
   185        0.00027758     0.000000E+000     0.907279E-006        0.0997
   186        0.00028169     0.000000E+000     0.948008E-006        0.1000
   187        0.00028169     0.000000E+000     0.962137E-006        0.1003
   188        0.00028010     0.000000E+000     0.965543E-006        0.1006
   189        0.00027775     0.000000E+000     0.963518E-006        0.1008
   190        0.00027620     0.000000E+000     0.966858E-006        0.1011
   191        0.00027390     0.000000E+000     0.964803E-006        0.1014
   192        0.00027163     0.000000E+000     0.962740E-006        0.1017
   193        0.00027013     0.000000E+000     0.965960E-006        0.1019
   194        0.00026791     0.000000E+000     0.963859E-006        0.1022
   195        0.00026645     0.000000E+000     0.967002E-006        0.1025
   196        0.00026427     0.000000E+000     0.964860E-006        0.1027
   197        0.00026213     0.000000E+000     0.962704E-006        0.1030
   198        0.00026072     0.000000E+000     0.965710E-006        0.1033
   199        0.00025862     0.000000E+000     0.963506E-006        0.1035
   200        0.00025724     0.000000E+000     0.966425E-006        0.1038
   201        0.00025519     0.000000E+000     0.964169E-006        0.1041
   202        0.00025316     0.000000E+000     0.961895E-006        0.1043
   203        0.00025182     0.000000E+000     0.964664E-006        0.1046
   204        0.00024984     0.000000E+000     0.962332E-006        0.1048
   205        0.00024853     0.000000E+000     0.965004E-006        0.1051
   206        0.00024659     0.000000E+000     0.962611E-006        0.1053
   207        0.00024531     0.000000E+000     0.965183E-006        0.1056
   208        0.00024341     0.000000E+000     0.962726E-006        0.1058
   209        0.00024215     0.000000E+000     0.965194E-006        0.1060
   210        0.00024029     0.000000E+000     0.962670E-006        0.1063
   211        0.00023906     0.000000E+000     0.965031E-006        0.1065
   212        0.00023724     0.000000E+000     0.962437E-006        0.1068
   213        0.00023603     0.000000E+000     0.964689E-006        0.1070
   214        0.00023424     0.000000E+000     0.962023E-006        0.1072
   215        0.00023306     0.000000E+000     0.964162E-006        0.1075
   216        0.00023131     0.000000E+000     0.961422E-006        0.1077
   217        0.00023016     0.000000E+000     0.963447E-006        0.1079
   218        0.00022844     0.000000E+000     0.960631E-006        0.1082
   219        0.00022730     0.000000E+000     0.962539E-006        0.1084
   220        0.00022618     0.000000E+000     0.964395E-006        0.1086
   221        0.00022451     0.000000E+000     0.961452E-006        0.1088
   222        0.00022340     0.000000E+000     0.963188E-006        0.1091
   223        0.00022177     0.000000E+000     0.960165E-006        0.1093
   224        0.00022068     0.000000E+000     0.961780E-006        0.1095
   225        0.00021961     0.000000E+000     0.963340E-006        0.1097
   226        0.00021802     0.000000E+000     0.960185E-006        0.1100
   227        0.00021696     0.000000E+000     0.961622E-006        0.1102
   228        0.00021592     0.000000E+000     0.963003E-006        0.1104
   229        0.00021436     0.000000E+000     0.959714E-006        0.1106
   230        0.00021334     0.000000E+000     0.960970E-006        0.1108
   231        0.00021232     0.000000E+000     0.962169E-006        0.1110
   232        0.00021081     0.000000E+000     0.958745E-006        0.1113
   233        0.00020981     0.000000E+000     0.959819E-006        0.1115
   234        0.00020882     0.000000E+000     0.960833E-006        0.1117
   235        0.00020783     0.000000E+000     0.961789E-006        0.1119
   236        0.00020685     0.000000E+000     0.962685E-006        0.1121
   237        0.00020540     0.000000E+000     0.959021E-006        0.1123
   238        0.00020444     0.000000E+000     0.959792E-006        0.1125
   239        0.00020349     0.000000E+000     0.960503E-006        0.1127
   240        0.00020254     0.000000E+000     0.961154E-006        0.1129
   241        0.00020160     0.000000E+000     0.961745E-006        0.1131
   242        0.00020067     0.000000E+000     0.962275E-006        0.1133
   243        0.00019928     0.000000E+000     0.958321E-006        0.1135
   244        0.00019836     0.000000E+000     0.958728E-006        0.1137
   245        0.00019745     0.000000E+000     0.959075E-006        0.1139
   246        0.00019655     0.000000E+000     0.959362E-006        0.1141
   247        0.00019565     0.000000E+000     0.959589E-006        0.1143
   248        0.00019476     0.000000E+000     0.959756E-006        0.1145
   249        0.00019388     0.000000E+000     0.959863E-006        0.1147
   250        0.00019300     0.000000E+000     0.959911E-006        0.1149
   251        0.00019212     0.000000E+000     0.959899E-006        0.1151
   252        0.00019126     0.000000E+000     0.959828E-006        0.1153
   253        0.00019039     0.000000E+000     0.959697E-006        0.1155
   254        0.00018954     0.000000E+000     0.959508E-006        0.1157
   255        0.00018869     0.000000E+000     0.959261E-006        0.1158
   256        0.00018784     0.000000E+000     0.958955E-006        0.1160
   257        0.00018701     0.000000E+000     0.958591E-006        0.1162
   258        0.00018617     0.000000E+000     0.958170E-006        0.1164
   259        0.00018534     0.000000E+000     0.957692E-006        0.1166
   260        0.00018452     0.000000E+000     0.957156E-006        0.1168
   261        0.00018371     0.000000E+000     0.956565E-006        0.1170
   262        0.00018290     0.000000E+000     0.955918E-006        0.1171
   263        0.00018209     0.000000E+000     0.955215E-006        0.1173
   264        0.00018169     0.000000E+000     0.958661E-006        0.1175
   265        0.00018089     0.000000E+000     0.957844E-006        0.1177
   266        0.00018010     0.000000E+000     0.956973E-006        0.1179
   267        0.00017931     0.000000E+000     0.956048E-006        0.1181
   268        0.00017853     0.000000E+000     0.955070E-006        0.1182
   269        0.00017814     0.000000E+000     0.958204E-006        0.1184
   270        0.00017736     0.000000E+000     0.957116E-006        0.1186
   271        0.00017659     0.000000E+000     0.955975E-006        0.1188
   272        0.00017582     0.000000E+000     0.954784E-006        0.1189
   273        0.00017544     0.000000E+000     0.957678E-006        0.1191
   274        0.00017468     0.000000E+000     0.956379E-006        0.1193
   275        0.00017393     0.000000E+000     0.955030E-006        0.1195
   276        0.00017355     0.000000E+000     0.957751E-006        0.1196
   277        0.00017280     0.000000E+000     0.956297E-006        0.1198
   278        0.00017206     0.000000E+000     0.954797E-006        0.1200
   279        0.00017169     0.000000E+000     0.957347E-006        0.1202
   280        0.00017095     0.000000E+000     0.955744E-006        0.1203
   281        0.00017022     0.000000E+000     0.954095E-006        0.1205
   282        0.00016986     0.000000E+000     0.956479E-006        0.1207
   283        0.00016913     0.000000E+000     0.954732E-006        0.1208
   284        0.00016877     0.000000E+000     0.957011E-006        0.1210
   285        0.00016805     0.000000E+000     0.955166E-006        0.1212
   286        0.00016769     0.000000E+000     0.957343E-006        0.1214
   287        0.00016698     0.000000E+000     0.955403E-006        0.1215
   288        0.00016662     0.000000E+000     0.957478E-006        0.1217
   289        0.00016591     0.000000E+000     0.955445E-006        0.1219
   290        0.00016521     0.000000E+000     0.953374E-006        0.1220
   291        0.00016486     0.000000E+000     0.955293E-006        0.1222
   292        0.00016451     0.000000E+000     0.957170E-006        0.1224
   293        0.00016382     0.000000E+000     0.954959E-006        0.1225
   294        0.00016347     0.000000E+000     0.956739E-006        0.1227
   295        0.00016278     0.000000E+000     0.954443E-006        0.1228
   296        0.00016244     0.000000E+000     0.956128E-006        0.1230
   297        0.00016175     0.000000E+000     0.953750E-006        0.1232
   298        0.00016141     0.000000E+000     0.955342E-006        0.1233
   299        0.00016107     0.000000E+000     0.956894E-006        0.1235
   300        0.00016040     0.000000E+000     0.954388E-006        0.1237
   301        0.00016006     0.000000E+000     0.955850E-006        0.1238
   302        0.00015939     0.000000E+000     0.953269E-006        0.1240
   303        0.00015905     0.000000E+000     0.954642E-006        0.1241
   304        0.00015872     0.000000E+000     0.955977E-006        0.1243
   305        0.00015806     0.000000E+000     0.953278E-006        0.1244
   306        0.00015773     0.000000E+000     0.954528E-006        0.1246
   307        0.00015740     0.000000E+000     0.955740E-006        0.1248
   308        0.00015674     0.000000E+000     0.952931E-006        0.1249
   309        0.00015641     0.000000E+000     0.954061E-006        0.1251
   310        0.00015608     0.000000E+000     0.955156E-006        0.1252
   311        0.00015576     0.000000E+000     0.956214E-006        0.1254
   312        0.00015511     0.000000E+000     0.953259E-006        0.1255
   313        0.00015479     0.000000E+000     0.954240E-006        0.1257
   314        0.00015446     0.000000E+000     0.955187E-006        0.1259
   315        0.00015414     0.000000E+000     0.956100E-006        0.1260
   316        0.00015350     0.000000E+000     0.953010E-006        0.1262
   317        0.00015318     0.000000E+000     0.953850E-006        0.1263
   318        0.00015286     0.000000E+000     0.954658E-006        0.1265
   319        0.00015255     0.000000E+000     0.955434E-006        0.1266
   320        0.00015191     0.000000E+000     0.952221E-006        0.1268
   321        0.00015160     0.000000E+000     0.952929E-006        0.1269
   322        0.00015128     0.000000E+000     0.953607E-006        0.1271
   323        0.00015097     0.000000E+000     0.954255E-006        0.1272
   324        0.00015066     0.000000E+000     0.954873E-006        0.1274
   325        0.00015034     0.000000E+000     0.955463E-006        0.1275
   326        0.00014972     0.000000E+000     0.952076E-006        0.1277
   327        0.00014941     0.000000E+000     0.952607E-006        0.1278
   328        0.00014910     0.000000E+000     0.953110E-006        0.1280
   329        0.00014879     0.000000E+000     0.953587E-006        0.1281
   330        0.00014849     0.000000E+000     0.954039E-006        0.1283
   331        0.00014818     0.000000E+000     0.954465E-006        0.1284
   332        0.00014787     0.000000E+000     0.954867E-006        0.1286
   333        0.00014756     0.000000E+000     0.955246E-006        0.1287
   334        0.00014726     0.000000E+000     0.955601E-006        0.1289
   335        0.00014665     0.000000E+000     0.951995E-006        0.1290
   336        0.00014635     0.000000E+000     0.952304E-006        0.1292
   337        0.00014605     0.000000E+000     0.952593E-006        0.1293
   338        0.00014574     0.000000E+000     0.952862E-006        0.1295
   339        0.00014544     0.000000E+000     0.953112E-006        0.1296
   340        0.00014514     0.000000E+000     0.953344E-006        0.1298
   341        0.00014484     0.000000E+000     0.953559E-006        0.1299
   342        0.00014454     0.000000E+000     0.953757E-006        0.1300
   343        0.00014424     0.000000E+000     0.953940E-006        0.1302
   344        0.00014395     0.000000E+000     0.954108E-006        0.1303
   345        0.00014365     0.000000E+000     0.954263E-006        0.1305
   346        0.00014335     0.000000E+000     0.954406E-006        0.1306
   347        0.00014306     0.000000E+000     0.954537E-006        0.1308
   348        0.00014276     0.000000E+000     0.954658E-006        0.1309
   349        0.00014247     0.000000E+000     0.954770E-006        0.1310
   350        0.00014217     0.000000E+000     0.954875E-006        0.1312
   351        0.00014188     0.000000E+000     0.954973E-006        0.1313
   352        0.00014158     0.000000E+000     0.955067E-006        0.1315
   353        0.00014129     0.000000E+000     0.955157E-006        0.1316
   354        0.00014100     0.000000E+000     0.955245E-006        0.1318
   355        0.00014071     0.000000E+000     0.955334E-006        0.1319
   356        0.00014013     0.000000E+000     0.951495E-006        0.1320
   357        0.00013984     0.000000E+000     0.951588E-006        0.1322
   358        0.00013955     0.000000E+000     0.951687E-006        0.1323
   359        0.00013926     0.000000E+000     0.951793E-006        0.1325
   360        0.00013898     0.000000E+000     0.951908E-006        0.1326
   361        0.00013869     0.000000E+000     0.952037E-006        0.1327
   362        0.00013840     0.000000E+000     0.952179E-006        0.1329
   363        0.00013812     0.000000E+000     0.952340E-006        0.1330
   364        0.00013783     0.000000E+000     0.952521E-006        0.1332
   365        0.00013755     0.000000E+000     0.952725E-006        0.1333
   366        0.00013727     0.000000E+000     0.952957E-006        0.1334
   367        0.00013698     0.000000E+000     0.953220E-006        0.1336
   368        0.00013670     0.000000E+000     0.953518E-006        0.1337
   369        0.00013642     0.000000E+000     0.953856E-006        0.1338
   370        0.00013614     0.000000E+000     0.954239E-006        0.1340
   371        0.00013586     0.000000E+000     0.954672E-006        0.1341
   372        0.00013558     0.000000E+000     0.955160E-006        0.1342
   373        0.00013530     0.000000E+000     0.955711E-006        0.1344
   374        0.00013474     0.000000E+000     0.952409E-006        0.1345
   375        0.00013446     0.000000E+000     0.953104E-006        0.1347
   376        0.00013419     0.000000E+000     0.953885E-006        0.1348
   377        0.00013391     0.000000E+000     0.954762E-006        0.1349
   378        0.00013363     0.000000E+000     0.955746E-006        0.1351
   379        0.00013309     0.000000E+000     0.952932E-006        0.1352
   380        0.00013281     0.000000E+000     0.954161E-006        0.1353
   381        0.00013254     0.000000E+000     0.955537E-006        0.1355
   382        0.00013200     0.000000E+000     0.953167E-006        0.1356
   383        0.00013173     0.000000E+000     0.954880E-006        0.1357
   384        0.00013146     0.000000E+000     0.956795E-006        0.1358
   385        0.00013092     0.000000E+000     0.955026E-006        0.1360
   386        0.00013065     0.000000E+000     0.957400E-006        0.1361
   387        0.00013012     0.000000E+000     0.956142E-006        0.1362
   388        0.00012959     0.000000E+000     0.955177E-006        0.1364
   389        0.00012932     0.000000E+000     0.958406E-006        0.1365
   390        0.00012880     0.000000E+000     0.958079E-006        0.1366
   391        0.00012828     0.000000E+000     0.958092E-006        0.1368
   392        0.00012776     0.000000E+000     0.958445E-006        0.1369
   393        0.00012724     0.000000E+000     0.959125E-006        0.1370
   394        0.00012673     0.000000E+000     0.960102E-006        0.1371
   395        0.00012622     0.000000E+000     0.961327E-006        0.1373
   396        0.00012546     0.000000E+000     0.958890E-006        0.1374
   397        0.00012496     0.000000E+000     0.960381E-006        0.1375
   398        0.00012421     0.000000E+000     0.958049E-006        0.1376
   399        0.00012372     0.000000E+000     0.959415E-006        0.1378
   400        0.00012322     0.000000E+000     0.960578E-006        0.1379
   401        0.00012249     0.000000E+000     0.957698E-006        0.1380
   402        0.00012201     0.000000E+000     0.958323E-006        0.1381
   403        0.00012153     0.000000E+000     0.958689E-006        0.1383
   404        0.00012105     0.000000E+000     0.958805E-006        0.1384
   405        0.00012058     0.000000E+000     0.958668E-006        0.1385
   406        0.00012011     0.000000E+000     0.958252E-006        0.1386
   407        0.00011964     0.000000E+000     0.957517E-006        0.1387
   408        0.00011917     0.000000E+000     0.956417E-006        0.1389
   409        0.00011871     0.000000E+000     0.954902E-006        0.1390
   410        0.00011848     0.000000E+000     0.956622E-006        0.1391
   411        0.00011802     0.000000E+000     0.954131E-006        0.1392
   412        0.00011779     0.000000E+000     0.954788E-006        0.1393
   413        0.00011756     0.000000E+000     0.954875E-006        0.1395
   414        0.00011733     0.000000E+000     0.954377E-006        0.1396
   415        0.00011710     0.000000E+000     0.953292E-006        0.1397
   416        0.00011687     0.000000E+000     0.951628E-006        0.1398
   417        0.00011665     0.000000E+000     0.949402E-006        0.1399
   418        0.00011665     0.000000E+000     0.950310E-006        0.1400
   419        0.00011642     0.000000E+000     0.947021E-006        0.1402
   420        0.00011642     0.000000E+000     0.946919E-006        0.1403
   421        0.00011642     0.000000E+000     0.946356E-006        0.1404
   422        0.00011642     0.000000E+000     0.945363E-006        0.1405
   423        0.00011642     0.000000E+000     0.943972E-006        0.1406
   424        0.00011665     0.000000E+000     0.945910E-006        0.1407
   425        0.00011665     0.000000E+000     0.943807E-006        0.1409
   426        0.00011688     0.000000E+000     0.945116E-006        0.1410
   427        0.00011711     0.000000E+000     0.946156E-006        0.1411
   428        0.00011711     0.000000E+000     0.943205E-006        0.1412
   429        0.00011735     0.000000E+000     0.943784E-006        0.1413
   430        0.00011758     0.000000E+000     0.944174E-006        0.1414
   431        0.00011782     0.000000E+000     0.944397E-006        0.1416
   432        0.00011806     0.000000E+000     0.944476E-006        0.1417
   433        0.00011830     0.000000E+000     0.944430E-006        0.1418
   434        0.00011854     0.000000E+000     0.944279E-006        0.1419
   435        0.00011878     0.000000E+000     0.944042E-006        0.1420
   436        0.00011903     0.000000E+000     0.943735E-006        0.1422
   437        0.00011927     0.000000E+000     0.943375E-006        0.1423
   438        0.00011952     0.000000E+000     0.942975E-006        0.1424
   439        0.00011977     0.000000E+000     0.942551E-006        0.1425
   440        0.00012002     0.000000E+000     0.942115E-006        0.1426
   441        0.00012027     0.000000E+000     0.941680E-006        0.1428
   442        0.00012053     0.000000E+000     0.941256E-006        0.1429
   443        0.00012078     0.000000E+000     0.940853E-006        0.1430
   444        0.00012104     0.000000E+000     0.940483E-006        0.1431
   445        0.00012130     0.000000E+000     0.940152E-006        0.1432
   446        0.00012156     0.000000E+000     0.939871E-006        0.1434
   447        0.00012182     0.000000E+000     0.939646E-006        0.1435
   448        0.00012208     0.000000E+000     0.939486E-006        0.1436
   449        0.00012235     0.000000E+000     0.939398E-006        0.1437
   450        0.00012262     0.000000E+000     0.939389E-006        0.1438
   451        0.00012288     0.000000E+000     0.939466E-006        0.1440
   452        0.00012315     0.000000E+000     0.939638E-006        0.1441
   453        0.00012343     0.000000E+000     0.939910E-006        0.1442
   454        0.00012370     0.000000E+000     0.940293E-006        0.1443
   455        0.00012398     0.000000E+000     0.940793E-006        0.1445
   456        0.00012426     0.000000E+000     0.941421E-006        0.1446
   457        0.00012454     0.000000E+000     0.942185E-006        0.1447
   458        0.00012482     0.000000E+000     0.943095E-006        0.1448
   459        0.00012510     0.000000E+000     0.944162E-006        0.1450
   460        0.00012539     0.000000E+000     0.945395E-006        0.1451
   461        0.00012539     0.000000E+000     0.942495E-006        0.1452
   462        0.00012567     0.000000E+000     0.944079E-006        0.1453
   463        0.00012597     0.000000E+000     0.945855E-006        0.1455
   464        0.00012597     0.000000E+000     0.943466E-006        0.1456
   465        0.00012626     0.000000E+000     0.945632E-006        0.1457
   466        0.00012626     0.000000E+000     0.943606E-006        0.1458
   467        0.00012655     0.000000E+000     0.946164E-006        0.1460
   468        0.00012655     0.000000E+000     0.944491E-006        0.1461
   469        0.00012655     0.000000E+000     0.942987E-006        0.1462
   470        0.00012685     0.000000E+000     0.946081E-006        0.1463
   471        0.00012685     0.000000E+000     0.944869E-006        0.1465
   472        0.00012685     0.000000E+000     0.943786E-006        0.1466
   473        0.00012716     0.000000E+000     0.947302E-006        0.1467
   474        0.00012716     0.000000E+000     0.946417E-006        0.1468
   475        0.00012716     0.000000E+000     0.945611E-006        0.1470
   476        0.00012716     0.000000E+000     0.944867E-006        0.1471
   477        0.00012716     0.000000E+000     0.944174E-006        0.1472
   478        0.00012716     0.000000E+000     0.943520E-006        0.1474
   479        0.00012746     0.000000E+000     0.947460E-006        0.1475
   480        0.00012746     0.000000E+000     0.946852E-006        0.1476
   481        0.00012746     0.000000E+000     0.946260E-006        0.1477
   482        0.00012746     0.000000E+000     0.945680E-006        0.1479
   483        0.00012746     0.000000E+000     0.945109E-006        0.1480
   484        0.00012746     0.000000E+000     0.944547E-006        0.1481
   485        0.00012746     0.000000E+000     0.943995E-006        0.1482
   486        0.00012746     0.000000E+000     0.943453E-006        0.1484
   487        0.00012778     0.000000E+000     0.947593E-006        0.1485
   488        0.00012778     0.000000E+000     0.947078E-006        0.1486
   489        0.00012778     0.000000E+000     0.946584E-006        0.1488
   490        0.00012778     0.000000E+000     0.946114E-006        0.1489
   491        0.00012778     0.000000E+000     0.945671E-006        0.1490
   492        0.00012778     0.000000E+000     0.945256E-006        0.1491
   493        0.00012778     0.000000E+000     0.944872E-006        0.1493
   494        0.00012778     0.000000E+000     0.944515E-006        0.1494
   495        0.00012778     0.000000E+000     0.944183E-006        0.1495
   496        0.00012778     0.000000E+000     0.943868E-006        0.1497
   497        0.00012778     0.000000E+000     0.943562E-006        0.1498
   498        0.00012811     0.000000E+000     0.948065E-006        0.1499
   499        0.00012811     0.000000E+000     0.947738E-006        0.1500
   500        0.00012811     0.000000E+000     0.947379E-006        0.1502
   501        0.00012811     0.000000E+000     0.946974E-006        0.1503
   502        0.00012811     0.000000E+000     0.946507E-006        0.1504
   503        0.00012811     0.000000E+000     0.945964E-006        0.1506
   504        0.00012811     0.000000E+000     0.945336E-006        0.1507
   505        0.00012811     0.000000E+000     0.944615E-006        0.1508
   506        0.00012811     0.000000E+000     0.943798E-006        0.1509
   507        0.00012811     0.000000E+000     0.942885E-006        0.1511
   508        0.00012844     0.000000E+000     0.946828E-006        0.1512
   509        0.00012844     0.000000E+000     0.945743E-006        0.1513
   510        0.00012844     0.000000E+000     0.944597E-006        0.1514
   511        0.00012844     0.000000E+000     0.943411E-006        0.1516
   512        0.00012879     0.000000E+000     0.947219E-006        0.1517
   513        0.00012879     0.000000E+000     0.946016E-006        0.1518
   514        0.00012879     0.000000E+000     0.944851E-006        0.1520
   515        0.00012879     0.000000E+000     0.943751E-006        0.1521
   516        0.00012879     0.000000E+000     0.942743E-006        0.1522
   517        0.00012914     0.000000E+000     0.946943E-006        0.1523
   518        0.00012914     0.000000E+000     0.946183E-006        0.1525
   519        0.00012914     0.000000E+000     0.945580E-006        0.1526
   520        0.00012914     0.000000E+000     0.945144E-006        0.1527
   521        0.00012914     0.000000E+000     0.944882E-006        0.1529
   522        0.00012914     0.000000E+000     0.944795E-006        0.1530
   523        0.00012914     0.000000E+000     0.944875E-006        0.1531
   524        0.00012914     0.000000E+000     0.945112E-006        0.1533
   525        0.00012914     0.000000E+000     0.945486E-006        0.1534
   526        0.00012914     0.000000E+000     0.945975E-006        0.1535
   527        0.00012914     0.000000E+000     0.946554E-006        0.1536
   528        0.00012914     0.000000E+000     0.947193E-006        0.1538
   529        0.00012914     0.000000E+000     0.947864E-006        0.1539
   530        0.00012914     0.000000E+000     0.948537E-006        0.1540
   531        0.00012914     0.000000E+000     0.949185E-006        0.1542
   532        0.00012914     0.000000E+000     0.949785E-006        0.1543
   533        0.00012914     0.000000E+000     0.950316E-006        0.1544
   534        0.00012877     0.000000E+000     0.945404E-006        0.1545
   535        0.00012877     0.000000E+000     0.945755E-006        0.1547
   536        0.00012877     0.000000E+000     0.946008E-006        0.1548
   537        0.00012877     0.000000E+000     0.946163E-006        0.1549
   538        0.00012877     0.000000E+000     0.946226E-006        0.1551
   539        0.00012877     0.000000E+000     0.946205E-006        0.1552
   540        0.00012877     0.000000E+000     0.946114E-006        0.1553
   541        0.00012877     0.000000E+000     0.945968E-006        0.1554
   542        0.00012877     0.000000E+000     0.945787E-006        0.1556
   543        0.00012877     0.000000E+000     0.945593E-006        0.1557
   544        0.00012877     0.000000E+000     0.945407E-006        0.1558
   545        0.00012877     0.000000E+000     0.945255E-006        0.1560
   546        0.00012877     0.000000E+000     0.945161E-006        0.1561
   547        0.00012877     0.000000E+000     0.945150E-006        0.1562
   548        0.00012877     0.000000E+000     0.945245E-006        0.1563
   549        0.00012877     0.000000E+000     0.945469E-006        0.1565
   550        0.00012877     0.000000E+000     0.945844E-006        0.1566
   551        0.00012877     0.000000E+000     0.946387E-006        0.1567
   552        0.00012877     0.000000E+000     0.947115E-006        0.1569
   553        0.00012877     0.000000E+000     0.948040E-006        0.1570
   554        0.00012877     0.000000E+000     0.949170E-006        0.1571
   555        0.00012877     0.000000E+000     0.950508E-006        0.1572
   556        0.00012838     0.000000E+000     0.946346E-006        0.1574
   557        0.00012838     0.000000E+000     0.948074E-006        0.1575
   558        0.00012838     0.000000E+000     0.949988E-006        0.1576
   559        0.00012838     0.000000E+000     0.952072E-006        0.1578
   560        0.00012799     0.000000E+000     0.948531E-006        0.1579
   561        0.00012799     0.000000E+000     0.950863E-006        0.1580
   562        0.00012760     0.000000E+000     0.947506E-006        0.1581
   563        0.00012760     0.000000E+000     0.949976E-006        0.1583
   564        0.00012760     0.000000E+000     0.952482E-006        0.1584
   565        0.00012721     0.000000E+000     0.949169E-006        0.1585
   566        0.00012721     0.000000E+000     0.951644E-006        0.1587
   567        0.00012682     0.000000E+000     0.948239E-006        0.1588
   568        0.00012682     0.000000E+000     0.950594E-006        0.1589
   569        0.00012643     0.000000E+000     0.947025E-006        0.1590
   570        0.00012643     0.000000E+000     0.949200E-006        0.1592
   571        0.00012643     0.000000E+000     0.951282E-006        0.1593
   572        0.00012604     0.000000E+000     0.947377E-006        0.1594
   573        0.00012604     0.000000E+000     0.949243E-006        0.1595
   574        0.00012604     0.000000E+000     0.951012E-006        0.1597
   575        0.00012564     0.000000E+000     0.946765E-006        0.1598
   576        0.00012564     0.000000E+000     0.948337E-006        0.1599
   577        0.00012564     0.000000E+000     0.949830E-006        0.1600
   578        0.00012564     0.000000E+000     0.951252E-006        0.1602
   579        0.00012524     0.000000E+000     0.946638E-006        0.1603
   580        0.00012524     0.000000E+000     0.947940E-006        0.1604
   581        0.00012524     0.000000E+000     0.949209E-006        0.1605
   582        0.00012524     0.000000E+000     0.950456E-006        0.1607
   583        0.00012485     0.000000E+000     0.945670E-006        0.1608
   584        0.00012485     0.000000E+000     0.946907E-006        0.1609
   585        0.00012485     0.000000E+000     0.948167E-006        0.1610
   586        0.00012485     0.000000E+000     0.949463E-006        0.1612
   587        0.00012485     0.000000E+000     0.950810E-006        0.1613
   588        0.00012444     0.000000E+000     0.946112E-006        0.1614
   589        0.00012444     0.000000E+000     0.947583E-006        0.1615
   590        0.00012444     0.000000E+000     0.949137E-006        0.1617
   591        0.00012444     0.000000E+000     0.950782E-006        0.1618
   592        0.00012404     0.000000E+000     0.946351E-006        0.1619
   593        0.00012404     0.000000E+000     0.948166E-006        0.1620
   594        0.00012404     0.000000E+000     0.950070E-006        0.1622
   595        0.00012404     0.000000E+000     0.952054E-006        0.1623
   596        0.00012363     0.000000E+000     0.947867E-006        0.1624
   597        0.00012363     0.000000E+000     0.949951E-006        0.1625
   598        0.00012363     0.000000E+000     0.952067E-006        0.1627
   599        0.00012322     0.000000E+000     0.947914E-006        0.1628
   600        0.00012322     0.000000E+000     0.950011E-006        0.1629
   601        0.00012322     0.000000E+000     0.952075E-006        0.1630
   602        0.00012281     0.000000E+000     0.947765E-006        0.1632
   603        0.00012281     0.000000E+000     0.949687E-006        0.1633
   604        0.00012281     0.000000E+000     0.951524E-006        0.1634
   605        0.00012240     0.000000E+000     0.946908E-006        0.1635
   606        0.00012240     0.000000E+000     0.948530E-006        0.1636
   607        0.00012240     0.000000E+000     0.950047E-006        0.1638
   608        0.00012240     0.000000E+000     0.951458E-006        0.1639
   609        0.00012198     0.000000E+000     0.946347E-006        0.1640
   610        0.00012198     0.000000E+000     0.947541E-006        0.1641
   611        0.00012198     0.000000E+000     0.948641E-006        0.1643
   612        0.00012198     0.000000E+000     0.949652E-006        0.1644
   613        0.00012198     0.000000E+000     0.950576E-006        0.1645
   614        0.00012156     0.000000E+000     0.944920E-006        0.1646
   615        0.00012156     0.000000E+000     0.945667E-006        0.1647
   616        0.00012156     0.000000E+000     0.946330E-006        0.1649
   617        0.00012156     0.000000E+000     0.946901E-006        0.1650
   618        0.00012156     0.000000E+000     0.947377E-006        0.1651
   619        0.00012156     0.000000E+000     0.947748E-006        0.1652
   620        0.00012156     0.000000E+000     0.948006E-006        0.1654
   621        0.00012156     0.000000E+000     0.948143E-006        0.1655
   622        0.00012156     0.000000E+000     0.948151E-006        0.1656
   623        0.00012156     0.000000E+000     0.948022E-006        0.1657
   624        0.00012156     0.000000E+000     0.947753E-006        0.1658
   625        0.00012156     0.000000E+000     0.947341E-006        0.1660
   626        0.00012156     0.000000E+000     0.946786E-006        0.1661
   627        0.00012156     0.000000E+000     0.946092E-006        0.1662
   628        0.00012156     0.000000E+000     0.945261E-006        0.1663
   629        0.00012156     0.000000E+000     0.944304E-006        0.1664
   630        0.00012156     0.000000E+000     0.943228E-006        0.1666
   631        0.00012156     0.000000E+000     0.942042E-006        0.1667
   632        0.00012156     0.000000E+000     0.940757E-006        0.1668
   633        0.00012201     0.000000E+000     0.946290E-006        0.1669
   634        0.00012201     0.000000E+000     0.944818E-006        0.1671
   635        0.00012201     0.000000E+000     0.943272E-006        0.1672
   636        0.00012201     0.000000E+000     0.941660E-006        0.1673
   637        0.00012201     0.000000E+000     0.939989E-006        0.1674
   638        0.00012247     0.000000E+000     0.945322E-006        0.1675
   639        0.00012247     0.000000E+000     0.943528E-006        0.1677
   640        0.00012247     0.000000E+000     0.941689E-006        0.1678
   641        0.00012247     0.000000E+000     0.939809E-006        0.1679
   642        0.00012294     0.000000E+000     0.945081E-006        0.1680
   643        0.00012294     0.000000E+000     0.943105E-006        0.1682
   644        0.00012294     0.000000E+000     0.941099E-006        0.1683
   645        0.00012294     0.000000E+000     0.939067E-006        0.1684
   646        0.00012343     0.000000E+000     0.944329E-006        0.1685
   647        0.00012343     0.000000E+000     0.942226E-006        0.1686
   648        0.00012343     0.000000E+000     0.940106E-006        0.1688
   649        0.00012392     0.000000E+000     0.945422E-006        0.1689
   650        0.00012392     0.000000E+000     0.943257E-006        0.1690
   651        0.00012392     0.000000E+000     0.941088E-006        0.1691
   652        0.00012392     0.000000E+000     0.938919E-006        0.1693
   653        0.00012442     0.000000E+000     0.944346E-006        0.1694
   654        0.00012442     0.000000E+000     0.942166E-006        0.1695
   655        0.00012442     0.000000E+000     0.939999E-006        0.1696
   656        0.00012442     0.000000E+000     0.937850E-006        0.1698
   657        0.00012494     0.000000E+000     0.943461E-006        0.1699
   658        0.00012494     0.000000E+000     0.941331E-006        0.1700
   659        0.00012494     0.000000E+000     0.939229E-006        0.1701
   660        0.00012546     0.000000E+000     0.945039E-006        0.1703
   661        0.00012546     0.000000E+000     0.942975E-006        0.1704
   662        0.00012546     0.000000E+000     0.940946E-006        0.1705
   663        0.00012546     0.000000E+000     0.938954E-006        0.1706
   664        0.00012601     0.000000E+000     0.945049E-006        0.1708
   665        0.00012601     0.000000E+000     0.943107E-006        0.1709
   666        0.00012601     0.000000E+000     0.941203E-006        0.1710
   667        0.00012601     0.000000E+000     0.939334E-006        0.1711
   668        0.00012601     0.000000E+000     0.937500E-006        0.1713
   669        0.00012656     0.000000E+000     0.943947E-006        0.1714
   670        0.00012656     0.000000E+000     0.942145E-006        0.1715
   671        0.00012656     0.000000E+000     0.940365E-006        0.1716
   672        0.00012656     0.000000E+000     0.938598E-006        0.1718
   673        0.00012714     0.000000E+000     0.945286E-006        0.1719
   674        0.00012714     0.000000E+000     0.943499E-006        0.1720
   675        0.00012714     0.000000E+000     0.941698E-006        0.1722
   676        0.00012714     0.000000E+000     0.939870E-006        0.1723
   677        0.00012714     0.000000E+000     0.938001E-006        0.1724
   678        0.00012773     0.000000E+000     0.944754E-006        0.1725
   679        0.00012773     0.000000E+000     0.942730E-006        0.1727
   680        0.00012773     0.000000E+000     0.940615E-006        0.1728
   681        0.00012773     0.000000E+000     0.938389E-006        0.1729
   682        0.00012834     0.000000E+000     0.944919E-006        0.1730
   683        0.00012834     0.000000E+000     0.942381E-006        0.1732
   684        0.00012834     0.000000E+000     0.939673E-006        0.1733
   685        0.00012834     0.000000E+000     0.936776E-006        0.1734
   686        0.00012896     0.000000E+000     0.942750E-006        0.1736
   687        0.00012896     0.000000E+000     0.939376E-006        0.1737
   688        0.00012896     0.000000E+000     0.935762E-006        0.1738
   689        0.00012960     0.000000E+000     0.941137E-006        0.1739
   690        0.00012960     0.000000E+000     0.936952E-006        0.1741
   691        0.00013026     0.000000E+000     0.941884E-006        0.1742
   692        0.00013026     0.000000E+000     0.937087E-006        0.1743
   693        0.00013093     0.000000E+000     0.941544E-006        0.1745
   694        0.00013093     0.000000E+000     0.936124E-006        0.1746
   695        0.00013161     0.000000E+000     0.940100E-006        0.1747
   696        0.00013161     0.000000E+000     0.934071E-006        0.1749
   697        0.00013230     0.000000E+000     0.937587E-006        0.1750
   698        0.00013230     0.000000E+000     0.930990E-006        0.1751
   699        0.00013302     0.000000E+000     0.934092E-006        0.1753
   700        0.00013374     0.000000E+000     0.937035E-006        0.1754
   701        0.00013374     0.000000E+000     0.929648E-006        0.1755
   702        0.00013448     0.000000E+000     0.932280E-006        0.1757
   703        0.00013523     0.000000E+000     0.934812E-006        0.1758
   704        0.00013599     0.000000E+000     0.937268E-006        0.1759
   705        0.00013599     0.000000E+000     0.929083E-006        0.1761
   706        0.00013677     0.000000E+000     0.931429E-006        0.1762
   707        0.00013757     0.000000E+000     0.933789E-006        0.1763
   708        0.00013838     0.000000E+000     0.936200E-006        0.1765
   709        0.00013838     0.000000E+000     0.927679E-006        0.1766
   710        0.00013921     0.000000E+000     0.930261E-006        0.1768
   711        0.00014005     0.000000E+000     0.933018E-006        0.1769
   712        0.00014091     0.000000E+000     0.935993E-006        0.1770
   713        0.00014091     0.000000E+000     0.927729E-006        0.1772
   714        0.00014179     0.000000E+000     0.931217E-006        0.1773
   715        0.00014269     0.000000E+000     0.935056E-006        0.1775
   716        0.00014269     0.000000E+000     0.927411E-006        0.1776
   717        0.00014361     0.000000E+000     0.931977E-006        0.1777
   718        0.00014455     0.000000E+000     0.936989E-006        0.1779
   719        0.00014455     0.000000E+000     0.930160E-006        0.1780
   720        0.00014551     0.000000E+000     0.935999E-006        0.1782
   721        0.00014551     0.000000E+000     0.929755E-006        0.1783
   722        0.00014650     0.000000E+000     0.936395E-006        0.1785
   723        0.00014650     0.000000E+000     0.930649E-006        0.1786
   724        0.00014752     0.000000E+000     0.938001E-006        0.1788
   725        0.00014752     0.000000E+000     0.932611E-006        0.1789
   726        0.00014856     0.000000E+000     0.940539E-006        0.1791
   727        0.00014856     0.000000E+000     0.935326E-006        0.1792
   728        0.00014856     0.000000E+000     0.930183E-006        0.1793
   729        0.00014965     0.000000E+000     0.938560E-006        0.1795
   730        0.00014965     0.000000E+000     0.933288E-006        0.1796
   731        0.00014965     0.000000E+000     0.927926E-006        0.1798
   732        0.00015077     0.000000E+000     0.936293E-006        0.1799
   733        0.00015077     0.000000E+000     0.930460E-006        0.1801
   734        0.00015193     0.000000E+000     0.938585E-006        0.1802
   735        0.00015193     0.000000E+000     0.932008E-006        0.1804
   736        0.00015193     0.000000E+000     0.925016E-006        0.1806
   737        0.00015314     0.000000E+000     0.932094E-006        0.1807
   738        0.00015314     0.000000E+000     0.923812E-006        0.1809
   739        0.00015438     0.000000E+000     0.929673E-006        0.1810
   740        0.00015566     0.000000E+000     0.934729E-006        0.1812
   741        0.00015566     0.000000E+000     0.923195E-006        0.1813
   742        0.00015698     0.000000E+000     0.925744E-006        0.1815
   743        0.00015833     0.000000E+000     0.926642E-006        0.1816
   744        0.00015972     0.000000E+000     0.925676E-006        0.1818
   745        0.00016115     0.000000E+000     0.922959E-006        0.1820
   746        0.00016261     0.000000E+000     0.919062E-006        0.1821
   747        0.00016412     0.000000E+000     0.914725E-006        0.1823
   748        0.00016567     0.000000E+000     0.910425E-006        0.1824
   749        0.00016726     0.000000E+000     0.906296E-006        0.1826
   750        0.00016890     0.000000E+000     0.902310E-006        0.1828
   751        0.00017059     0.000000E+000     0.898410E-006        0.1829
   752        0.00017411     0.000000E+000     0.913043E-006        0.1831
   753        0.00017594     0.000000E+000     0.909123E-006        0.1833
   754        0.00017783     0.000000E+000     0.905282E-006        0.1835
   755        0.00017978     0.000000E+000     0.901586E-006        0.1836
   756        0.00018180     0.000000E+000     0.898127E-006        0.1838
   757        0.00018389     0.000000E+000     0.895030E-006        0.1840
   758        0.00018606     0.000000E+000     0.892443E-006        0.1842
   759        0.00018830     0.000000E+000     0.890539E-006        0.1844
   760        0.00019301     0.000000E+000     0.911825E-006        0.1846
   761        0.00019548     0.000000E+000     0.911891E-006        0.1848
   762        0.00019805     0.000000E+000     0.913327E-006        0.1849
   763        0.00020073     0.000000E+000     0.916373E-006        0.1851
   764        0.00020352     0.000000E+000     0.921272E-006        0.1853
   765        0.00020352     0.000000E+000     0.902364E-006        0.1856
   766        0.00020647     0.000000E+000     0.911276E-006        0.1858
   767        0.00020955     0.000000E+000     0.922601E-006        0.1860
   768        0.00020955     0.000000E+000     0.908445E-006        0.1862
   769        0.00021282     0.000000E+000     0.924432E-006        0.1864
   770        0.00021282     0.000000E+000     0.913610E-006        0.1866
   771        0.00021282     0.000000E+000     0.904557E-006        0.1868
   772        0.00021637     0.000000E+000     0.927176E-006        0.1870
   773        0.00021637     0.000000E+000     0.920815E-006        0.1872
   774        0.00021637     0.000000E+000     0.915754E-006        0.1875
   775        0.00021637     0.000000E+000     0.911806E-006        0.1877
   776        0.00021637     0.000000E+000     0.908797E-006        0.1879
   777        0.00021637     0.000000E+000     0.906566E-006        0.1881
   778        0.00021637     0.000000E+000     0.904967E-006        0.1883
   779        0.00021637     0.000000E+000     0.903871E-006        0.1885
   780        0.00021637     0.000000E+000     0.903164E-006        0.1887
   781        0.00021637     0.000000E+000     0.902745E-006        0.1890
   782        0.00021637     0.000000E+000     0.902530E-006        0.1892
   783        0.00021637     0.000000E+000     0.902446E-006        0.1894
   784        0.00021637     0.000000E+000     0.902432E-006        0.1896
   785        0.00021637     0.000000E+000     0.902438E-006        0.1898
   786        0.00021637     0.000000E+000     0.902423E-006        0.1900
   787        0.00021637     0.000000E+000     0.902354E-006        0.1903
   788        0.00021637     0.000000E+000     0.902204E-006        0.1905
   789        0.00021637     0.000000E+000     0.901953E-006        0.1907
   790        0.00021637     0.000000E+000     0.901588E-006        0.1909
   791        0.00021637     0.000000E+000     0.901097E-006        0.1911
   792        0.00021637     0.000000E+000     0.900472E-006        0.1913
   793        0.00021637     0.000000E+000     0.899711E-006        0.1916
   794        0.00021637     0.000000E+000     0.898810E-006        0.1918
   795        0.00021637     0.000000E+000     0.897771E-006        0.1920
   796        0.00021637     0.000000E+000     0.896595E-006        0.1922
   797        0.00021637     0.000000E+000     0.895286E-006        0.1924
   798        0.00021637     0.000000E+000     0.893846E-006        0.1926
   799        0.00021637     0.000000E+000     0.892281E-006        0.1929
   800        0.00021637     0.000000E+000     0.890595E-006        0.1931
   801        0.00021637     0.000000E+000     0.888795E-006        0.1933
   802        0.00021637     0.000000E+000     0.886885E-006        0.1935
   803        0.00021637     0.000000E+000     0.884872E-006        0.1937
   804        0.00021637     0.000000E+000     0.882761E-006        0.1939
   805        0.00021637     0.000000E+000     0.880558E-006        0.1942
   806        0.00021637     0.000000E+000     0.878269E-006        0.1944
   807        0.00021637     0.000000E+000     0.875899E-006        0.1946
   808        0.00021637     0.000000E+000     0.873453E-006        0.1948
   809        0.00021637     0.000000E+000     0.870936E-006        0.1950
   810        0.00021637     0.000000E+000     0.868354E-006        0.1952
   811        0.00021637     0.000000E+000     0.865710E-006        0.1955
   812        0.00021637     0.000000E+000     0.863011E-006        0.1957
   813        0.00021637     0.000000E+000     0.860259E-006        0.1959
   814        0.00021637     0.000000E+000     0.857458E-006        0.1961
   815        0.00021637     0.000000E+000     0.854614E-006        0.1963
   816        0.00021637     0.000000E+000     0.851729E-006        0.1965
   817        0.00021637     0.000000E+000     0.848806E-006        0.1968
   818        0.00021637     0.000000E+000     0.845849E-006        0.1970
   819        0.00021637     0.000000E+000     0.842861E-006        0.1972
   820        0.00021637     0.000000E+000     0.839845E-006        0.1974
   821        0.00021637     0.000000E+000     0.836803E-006        0.1976
   822        0.00021637     0.000000E+000     0.833739E-006        0.1978
   823        0.00021637     0.000000E+000     0.830653E-006        0.1981
   824        0.00021637     0.000000E+000     0.827550E-006        0.1983
   825        0.00021637     0.000000E+000     0.824429E-006        0.1985
   826        0.00021637     0.000000E+000     0.821295E-006        0.1987
   827        0.00021637     0.000000E+000     0.818148E-006        0.1989
   828        0.00021637     0.000000E+000     0.814990E-006        0.1991
   829        0.00021637     0.000000E+000     0.811822E-006        0.1994
   830        0.00021637     0.000000E+000     0.808647E-006        0.1996
   831        0.00021637     0.000000E+000     0.805465E-006        0.1998
   832        0.00022989     0.000000E+000     0.905487E-006        0.2000
   833        0.00023365     0.000000E+000     0.931423E-006        0.2002
   834        0.00023531     0.000000E+000     0.940585E-006        0.2005
   835        0.00023587     0.000000E+000     0.940924E-006        0.2007
   836        0.00023643     0.000000E+000     0.941256E-006        0.2009
   837        0.00023700     0.000000E+000     0.941582E-006        0.2012
   838        0.00023757     0.000000E+000     0.941903E-006        0.2014
   839        0.00023815     0.000000E+000     0.942221E-006        0.2016
   840        0.00023873     0.000000E+000     0.942536E-006        0.2019
   841        0.00023931     0.000000E+000     0.942850E-006        0.2021
   842        0.00023990     0.000000E+000     0.943164E-006        0.2024
   843        0.00024049     0.000000E+000     0.943478E-006        0.2026
   844        0.00024109     0.000000E+000     0.943794E-006        0.2028
   845        0.00024169     0.000000E+000     0.944112E-006        0.2031
   846        0.00024169     0.000000E+000     0.939724E-006        0.2033
   847        0.00024229     0.000000E+000     0.940048E-006        0.2036
   848        0.00024291     0.000000E+000     0.940376E-006        0.2038
   849        0.00024352     0.000000E+000     0.940709E-006        0.2041
   850        0.00024414     0.000000E+000     0.941050E-006        0.2043
   851        0.00024477     0.000000E+000     0.941397E-006        0.2045
   852        0.00024540     0.000000E+000     0.941752E-006        0.2048
   853        0.00024604     0.000000E+000     0.942115E-006        0.2050
   854        0.00024668     0.000000E+000     0.942488E-006        0.2053
   855        0.00024732     0.000000E+000     0.942871E-006        0.2055
   856        0.00024797     0.000000E+000     0.943264E-006        0.2058
   857        0.00024863     0.000000E+000     0.943667E-006        0.2060
   858        0.00024863     0.000000E+000     0.939089E-006        0.2063
   859        0.00024929     0.000000E+000     0.939513E-006        0.2065
   860        0.00024996     0.000000E+000     0.939951E-006        0.2068
   861        0.00025064     0.000000E+000     0.940400E-006        0.2070
   862        0.00025131     0.000000E+000     0.940863E-006        0.2073
   863        0.00025200     0.000000E+000     0.941342E-006        0.2075
   864        0.00025269     0.000000E+000     0.941834E-006        0.2078
   865        0.00025339     0.000000E+000     0.942342E-006        0.2080
   866        0.00025409     0.000000E+000     0.942865E-006        0.2083
   867        0.00025480     0.000000E+000     0.943405E-006        0.2085
   868        0.00025480     0.000000E+000     0.938702E-006        0.2088
   869        0.00025551     0.000000E+000     0.939271E-006        0.2090
   870        0.00025623     0.000000E+000     0.939858E-006        0.2093
   871        0.00025696     0.000000E+000     0.940461E-006        0.2095
   872        0.00025770     0.000000E+000     0.941082E-006        0.2098
   873        0.00025844     0.000000E+000     0.941724E-006        0.2101
   874        0.00025918     0.000000E+000     0.942382E-006        0.2103
   875        0.00025994     0.000000E+000     0.943062E-006        0.2106
   876        0.00025994     0.000000E+000     0.938274E-006        0.2108
   877        0.00026070     0.000000E+000     0.938988E-006        0.2111
   878        0.00026147     0.000000E+000     0.939703E-006        0.2114
   879        0.00026224     0.000000E+000     0.940470E-006        0.2116
   880        0.00026303     0.000000E+000     0.941242E-006        0.2119
   881        0.00026382     0.000000E+000     0.942038E-006        0.2121
   882        0.00026461     0.000000E+000     0.942854E-006        0.2124
   883        0.00026461     0.000000E+000     0.937987E-006        0.2127
   884        0.00026542     0.000000E+000     0.938843E-006        0.2129
   885        0.00026623     0.000000E+000     0.939716E-006        0.2132
   886        0.00026706     0.000000E+000     0.940613E-006        0.2135
   887        0.00026788     0.000000E+000     0.941527E-006        0.2137
   888        0.00026872     0.000000E+000     0.942468E-006        0.2140
   889        0.00026872     0.000000E+000     0.937533E-006        0.2143
   890        0.00026957     0.000000E+000     0.938504E-006        0.2145
   891        0.00027043     0.000000E+000     0.939498E-006        0.2148
   892        0.00027129     0.000000E+000     0.940513E-006        0.2151
   893        0.00027216     0.000000E+000     0.941550E-006        0.2154
   894        0.00027304     0.000000E+000     0.942606E-006        0.2156
   895        0.00027304     0.000000E+000     0.937578E-006        0.2159
   896        0.00027393     0.000000E+000     0.938664E-006        0.2162
   897        0.00027484     0.000000E+000     0.939770E-006        0.2164
   898        0.00027575     0.000000E+000     0.940893E-006        0.2167
   899        0.00027667     0.000000E+000     0.942034E-006        0.2170
   900        0.00027667     0.000000E+000     0.936908E-006        0.2173
   901        0.00027760     0.000000E+000     0.938070E-006        0.2176
   902        0.00027854     0.000000E+000     0.939247E-006        0.2178
   903        0.00027949     0.000000E+000     0.940438E-006        0.2181
   904        0.00028045     0.000000E+000     0.941641E-006        0.2184
   905        0.00028045     0.000000E+000     0.936379E-006        0.2187
   906        0.00028142     0.000000E+000     0.937591E-006        0.2190
   907        0.00028241     0.000000E+000     0.938811E-006        0.2192
   908        0.00028340     0.000000E+000     0.940039E-006        0.2195
   909        0.00028441     0.000000E+000     0.941274E-006        0.2198
   910        0.00028542     0.000000E+000     0.942513E-006        0.2201
   911        0.00028542     0.000000E+000     0.937018E-006        0.2204
   912        0.00028645     0.000000E+000     0.938251E-006        0.2207
   913        0.00028749     0.000000E+000     0.939485E-006        0.2209
   914        0.00028855     0.000000E+000     0.940722E-006        0.2212
   915        0.00028961     0.000000E+000     0.941960E-006        0.2215
   916        0.00028961     0.000000E+000     0.936241E-006        0.2218
   917        0.00029069     0.000000E+000     0.937469E-006        0.2221
   918        0.00029178     0.000000E+000     0.938701E-006        0.2224
   919        0.00029289     0.000000E+000     0.939937E-006        0.2227
   920        0.00029401     0.000000E+000     0.941179E-006        0.2230
   921        0.00029401     0.000000E+000     0.935239E-006        0.2233
   922        0.00029514     0.000000E+000     0.936488E-006        0.2236
   923        0.00029629     0.000000E+000     0.937752E-006        0.2239
   924        0.00029745     0.000000E+000     0.939036E-006        0.2241
   925        0.00029863     0.000000E+000     0.940341E-006        0.2244
   926        0.00029863     0.000000E+000     0.934233E-006        0.2247
   927        0.00029982     0.000000E+000     0.935581E-006        0.2250
   928        0.00030103     0.000000E+000     0.936966E-006        0.2253
   929        0.00030226     0.000000E+000     0.938392E-006        0.2256
   930        0.00030350     0.000000E+000     0.939863E-006        0.2259
   931        0.00030475     0.000000E+000     0.941385E-006        0.2263
   932        0.00030475     0.000000E+000     0.935170E-006        0.2266
   933        0.00030602     0.000000E+000     0.936785E-006        0.2269
   934        0.00030732     0.000000E+000     0.938463E-006        0.2272
   935        0.00030862     0.000000E+000     0.940207E-006        0.2275
   936        0.00030862     0.000000E+000     0.934005E-006        0.2278
   937        0.00030995     0.000000E+000     0.935868E-006        0.2281
   938        0.00031130     0.000000E+000     0.937807E-006        0.2284
   939        0.00031267     0.000000E+000     0.939825E-006        0.2287
   940        0.00031267     0.000000E+000     0.933661E-006        0.2290
   941        0.00031406     0.000000E+000     0.935814E-006        0.2293
   942        0.00031546     0.000000E+000     0.938050E-006        0.2297
   943        0.00031689     0.000000E+000     0.940374E-006        0.2300
   944        0.00031689     0.000000E+000     0.934253E-006        0.2303
   945        0.00031835     0.000000E+000     0.936721E-006        0.2306
   946        0.00031982     0.000000E+000     0.939278E-006        0.2309
   947        0.00031982     0.000000E+000     0.933205E-006        0.2312
   948        0.00032132     0.000000E+000     0.935909E-006        0.2316
   949        0.00032284     0.000000E+000     0.938706E-006        0.2319
   950        0.00032284     0.000000E+000     0.932673E-006        0.2322
   951        0.00032440     0.000000E+000     0.935619E-006        0.2325
   952        0.00032597     0.000000E+000     0.938660E-006        0.2329
   953        0.00032597     0.000000E+000     0.932656E-006        0.2332
   954        0.00032758     0.000000E+000     0.935848E-006        0.2335
   955        0.00032921     0.000000E+000     0.939138E-006        0.2338
   956        0.00032921     0.000000E+000     0.933154E-006        0.2342
   957        0.00033087     0.000000E+000     0.936597E-006        0.2345
   958        0.00033256     0.000000E+000     0.940146E-006        0.2348
   959        0.00033256     0.000000E+000     0.934169E-006        0.2352
   960        0.00033428     0.000000E+000     0.937876E-006        0.2355
   961        0.00033428     0.000000E+000     0.931931E-006        0.2358
   962        0.00033604     0.000000E+000     0.935797E-006        0.2362
   963        0.00033783     0.000000E+000     0.939775E-006        0.2365
   964        0.00033783     0.000000E+000     0.933829E-006        0.2368
   965        0.00033965     0.000000E+000     0.937975E-006        0.2372
   966        0.00033965     0.000000E+000     0.932055E-006        0.2375
   967        0.00034152     0.000000E+000     0.936373E-006        0.2378
   968        0.00034342     0.000000E+000     0.940816E-006        0.2382
   969        0.00034342     0.000000E+000     0.934885E-006        0.2385
   970        0.00034536     0.000000E+000     0.939511E-006        0.2389
   971        0.00034536     0.000000E+000     0.933604E-006        0.2392
   972        0.00034734     0.000000E+000     0.938420E-006        0.2396
   973        0.00034734     0.000000E+000     0.932537E-006        0.2399
   974        0.00034937     0.000000E+000     0.937551E-006        0.2403
   975        0.00034937     0.000000E+000     0.931691E-006        0.2406
   976        0.00035145     0.000000E+000     0.936913E-006        0.2410
   977        0.00035145     0.000000E+000     0.931077E-006        0.2413
   978        0.00035358     0.000000E+000     0.936516E-006        0.2417
   979        0.00035358     0.000000E+000     0.930704E-006        0.2420
   980        0.00035577     0.000000E+000     0.936371E-006        0.2424
   981        0.00035577     0.000000E+000     0.930583E-006        0.2427
   982        0.00035800     0.000000E+000     0.936490E-006        0.2431
   983        0.00035800     0.000000E+000     0.930728E-006        0.2434
   984        0.00036030     0.000000E+000     0.936887E-006        0.2438
   985        0.00036030     0.000000E+000     0.931150E-006        0.2442
   986        0.00036265     0.000000E+000     0.937574E-006        0.2445
   987        0.00036265     0.000000E+000     0.931864E-006        0.2449
   988        0.00036507     0.000000E+000     0.938567E-006        0.2452
   989        0.00036507     0.000000E+000     0.932885E-006        0.2456
   990        0.00036755     0.000000E+000     0.939881E-006        0.2460
   991        0.00036755     0.000000E+000     0.934226E-006        0.2463
   992        0.00036755     0.000000E+000     0.928641E-006        0.2467
   993        0.00037012     0.000000E+000     0.936029E-006        0.2471
   994        0.00037012     0.000000E+000     0.930470E-006        0.2474
   995        0.00037277     0.000000E+000     0.938186E-006        0.2478
   996        0.00037277     0.000000E+000     0.932649E-006        0.2482
   997        0.00037277     0.000000E+000     0.927182E-006        0.2486
   998        0.00037551     0.000000E+000     0.935329E-006        0.2489
   999        0.00037551     0.000000E+000     0.929879E-006        0.2493
  1000        0.00037833     0.000000E+000     0.938387E-006        0.2497
  1001        0.00037833     0.000000E+000     0.932948E-006        0.2501
  1002        0.00037833     0.000000E+000     0.927573E-006        0.2504
  1003        0.00038126     0.000000E+000     0.936547E-006        0.2508
  1004        0.00038126     0.000000E+000     0.931171E-006        0.2512
  1005        0.00038126     0.000000E+000     0.925853E-006        0.2516
  1006        0.00038431     0.000000E+000     0.935306E-006        0.2520
  1007        0.00038431     0.000000E+000     0.929968E-006        0.2523
  1008        0.00038746     0.000000E+000     0.939824E-006        0.2527
  1009        0.00038746     0.000000E+000     0.934452E-006        0.2531
  1010        0.00038746     0.000000E+000     0.929122E-006        0.2535
  1011        0.00039075     0.000000E+000     0.939475E-006        0.2539
  1012        0.00039075     0.000000E+000     0.934083E-006        0.2543
  1013        0.00039075     0.000000E+000     0.928721E-006        0.2547
  1014        0.00039418     0.000000E+000     0.939569E-006        0.2551
  1015        0.00039418     0.000000E+000     0.934112E-006        0.2555
  1016        0.00039418     0.000000E+000     0.928669E-006        0.2559
  1017        0.00039418     0.000000E+000     0.923237E-006        0.2562
  1018        0.00039779     0.000000E+000     0.934635E-006        0.2566
  1019        0.00039779     0.000000E+000     0.929056E-006        0.2570
  1020        0.00039779     0.000000E+000     0.923472E-006        0.2574
  1021        0.00040158     0.000000E+000     0.935344E-006        0.2578
  1022        0.00040158     0.000000E+000     0.929569E-006        0.2582
  1023        0.00040158     0.000000E+000     0.923772E-006        0.2586
  1024        0.00040556     0.000000E+000     0.936110E-006        0.2590
  1025        0.00040556     0.000000E+000     0.930078E-006        0.2594
  1026        0.00040556     0.000000E+000     0.924007E-006        0.2598
  1027        0.00040974     0.000000E+000     0.936807E-006        0.2603
  1028        0.00040974     0.000000E+000     0.930456E-006        0.2607
  1029        0.00040974     0.000000E+000     0.924054E-006        0.2611
  1030        0.00041414     0.000000E+000     0.937320E-006        0.2615
  1031        0.00041414     0.000000E+000     0.930594E-006        0.2619
  1032        0.00041414     0.000000E+000     0.923807E-006        0.2623
  1033        0.00041414     0.000000E+000     0.916956E-006        0.2627
  1034        0.00041885     0.000000E+000     0.930717E-006        0.2631
  1035        0.00041885     0.000000E+000     0.923498E-006        0.2636
  1036        0.00041885     0.000000E+000     0.916212E-006        0.2640
  1037        0.00042384     0.000000E+000     0.930496E-006        0.2644
  1038        0.00042384     0.000000E+000     0.922810E-006        0.2648
  1039        0.00042384     0.000000E+000     0.915058E-006        0.2652
  1040        0.00042913     0.000000E+000     0.929926E-006        0.2657
  1041        0.00042913     0.000000E+000     0.921751E-006        0.2661
  1042        0.00042913     0.000000E+000     0.913514E-006        0.2665
  1043        0.00043478     0.000000E+000     0.929053E-006        0.2670
  1044        0.00043478     0.000000E+000     0.920376E-006        0.2674
  1045        0.00043478     0.000000E+000     0.911648E-006        0.2678
  1046        0.00044082     0.000000E+000     0.927976E-006        0.2683
  1047        0.00044082     0.000000E+000     0.918794E-006        0.2687
  1048        0.00044082     0.000000E+000     0.909576E-006        0.2691
  1049        0.00044730     0.000000E+000     0.926843E-006        0.2696
  1050        0.00044730     0.000000E+000     0.917163E-006        0.2700
  1051        0.00044730     0.000000E+000     0.907465E-006        0.2705
  1052        0.00045429     0.000000E+000     0.925860E-006        0.2709
  1053        0.00045429     0.000000E+000     0.915692E-006        0.2714
  1054        0.00045429     0.000000E+000     0.905527E-006        0.2718
  1055        0.00046186     0.000000E+000     0.925286E-006        0.2723
  1056        0.00046186     0.000000E+000     0.914640E-006        0.2728
  1057        0.00046186     0.000000E+000     0.904022E-006        0.2732
  1058        0.00047011     0.000000E+000     0.925436E-006        0.2737
  1059        0.00047011     0.000000E+000     0.914323E-006        0.2741
  1060        0.00047011     0.000000E+000     0.903261E-006        0.2746
  1061        0.00047915     0.000000E+000     0.926695E-006        0.2751
  1062        0.00047915     0.000000E+000     0.915119E-006        0.2756
  1063        0.00047915     0.000000E+000     0.903618E-006        0.2760
  1064        0.00047915     0.000000E+000     0.892198E-006        0.2765
  1065        0.00048935     0.000000E+000     0.918520E-006        0.2770
  1066        0.00048935     0.000000E+000     0.906556E-006        0.2775
  1067        0.00048935     0.000000E+000     0.894699E-006        0.2780
  1068        0.00050073     0.000000E+000     0.924246E-006        0.2785
  1069        0.00050073     0.000000E+000     0.911794E-006        0.2790
  1070        0.00050073     0.000000E+000     0.899472E-006        0.2795
  1071        0.00050073     0.000000E+000     0.887286E-006        0.2800
  1072        0.00051390     0.000000E+000     0.921625E-006        0.2805
  1073        0.00051390     0.000000E+000     0.908763E-006        0.2810
  1074        0.00051390     0.000000E+000     0.896059E-006        0.2815
  1075        0.00051390     0.000000E+000     0.883514E-006        0.2820
  1076        0.00051390     0.000000E+000     0.871128E-006        0.2825
  1077        0.00052996     0.000000E+000     0.913083E-006        0.2830
  1078        0.00052996     0.000000E+000     0.899851E-006        0.2836
  1079        0.00052996     0.000000E+000     0.886782E-006        0.2841
  1080        0.00052996     0.000000E+000     0.873860E-006        0.2846
  1081        0.00052996     0.000000E+000     0.861057E-006        0.2852
  1082        0.00055035     0.000000E+000     0.914414E-006        0.2857
  1083        0.00055035     0.000000E+000     0.900154E-006        0.2862
  1084        0.00055035     0.000000E+000     0.885698E-006        0.2868
  1085        0.00055035     0.000000E+000     0.870685E-006        0.2873
  1086        0.00055035     0.000000E+000     0.854364E-006        0.2879
  1087        0.00055035     0.000000E+000     0.835131E-006        0.2884
  1088        0.00055035     0.000000E+000     0.809975E-006        0.2890
  1089        0.00058092     0.000000E+000     0.864611E-006        0.2895
  1090        0.00058092     0.000000E+000     0.823292E-006        0.2901
  1091        0.00058092     0.000000E+000     0.791250E-006        0.2907
  1092        0.00062241     0.000000E+000     0.880002E-006        0.2913
  1093        0.00062241     0.000000E+000     0.857077E-006        0.2919
  1094        0.00062241     0.000000E+000     0.837758E-006        0.2925
  1095        0.00062241     0.000000E+000     0.820493E-006        0.2932
  1096        0.00062241     0.000000E+000     0.804557E-006        0.2938
  1097        0.00062241     0.000000E+000     0.789574E-006        0.2944
  1098        0.00062241     0.000000E+000     0.775322E-006        0.2950
  1099        0.00062241     0.000000E+000     0.761660E-006        0.2956
  1100        0.00062241     0.000000E+000     0.748491E-006        0.2963
  1101        0.00062241     0.000000E+000     0.735743E-006        0.2969
  1102        0.00062241     0.000000E+000     0.723364E-006        0.2975
  1103        0.00062241     0.000000E+000     0.711313E-006        0.2981
  1104        0.00062241     0.000000E+000     0.699559E-006        0.2988
  1105        0.00062241     0.000000E+000     0.688075E-006        0.2994
  1106        0.00069930     0.000000E+000     0.853192E-006        0.3000
  1107        0.00072482     0.000000E+000     0.899483E-006        0.3007
  1108        0.00073564     0.000000E+000     0.908937E-006        0.3014
  1109        0.00074687     0.000000E+000     0.918907E-006        0.3022
  1110        0.00075266     0.000000E+000     0.915161E-006        0.3029
  1111        0.00075859     0.000000E+000     0.911558E-006        0.3037
  1112        0.00076466     0.000000E+000     0.908093E-006        0.3044
  1113        0.00077719     0.000000E+000     0.919557E-006        0.3052
  1114        0.00078367     0.000000E+000     0.916289E-006        0.3060
  1115        0.00079031     0.000000E+000     0.913162E-006        0.3067
  1116        0.00079712     0.000000E+000     0.910180E-006        0.3075
  1117        0.00080412     0.000000E+000     0.907347E-006        0.3083
  1118        0.00081130     0.000000E+000     0.904666E-006        0.3091
  1119        0.00082618     0.000000E+000     0.918658E-006        0.3099
  1120        0.00083390     0.000000E+000     0.916241E-006        0.3108
  1121        0.00084184     0.000000E+000     0.913998E-006        0.3116
  1122        0.00085002     0.000000E+000     0.911967E-006        0.3124
  1123        0.00085843     0.000000E+000     0.910121E-006        0.3133
  1124        0.00086710     0.000000E+000     0.908494E-006        0.3142
  1125        0.00087604     0.000000E+000     0.907097E-006        0.3150
  1126        0.00088527     0.000000E+000     0.905944E-006        0.3159
  1127        0.00089478     0.000000E+000     0.905049E-006        0.3168
  1128        0.00090462     0.000000E+000     0.904426E-006        0.3177
  1129        0.00091478     0.000000E+000     0.904091E-006        0.3186
  1130        0.00092530     0.000000E+000     0.904061E-006        0.3195
  1131        0.00093618     0.000000E+000     0.904355E-006        0.3204
  1132        0.00094746     0.000000E+000     0.904968E-006        0.3214
  1133        0.00095916     0.000000E+000     0.905970E-006        0.3223
  1134        0.00097130     0.000000E+000     0.907357E-006        0.3233
  1135        0.00098391     0.000000E+000     0.909151E-006        0.3242
  1136        0.00099703     0.000000E+000     0.911380E-006        0.3252
  1137        0.00101069     0.000000E+000     0.914055E-006        0.3262
  1138        0.00102493     0.000000E+000     0.917239E-006        0.3272
  1139        0.00102493     0.000000E+000     0.895010E-006        0.3283
  1140        0.00104000     0.000000E+000     0.899091E-006        0.3293
  1141        0.00105576     0.000000E+000     0.903753E-006        0.3303
  1142        0.00107225     0.000000E+000     0.909028E-006        0.3314
  1143        0.00108955     0.000000E+000     0.914977E-006        0.3324
  1144        0.00108955     0.000000E+000     0.891891E-006        0.3335
  1145        0.00110801     0.000000E+000     0.898984E-006        0.3346
  1146        0.00112745     0.000000E+000     0.906874E-006        0.3357
  1147        0.00112745     0.000000E+000     0.883487E-006        0.3369
  1148        0.00114833     0.000000E+000     0.892706E-006        0.3380
  1149        0.00117041     0.000000E+000     0.902928E-006        0.3391
  1150        0.00117041     0.000000E+000     0.879023E-006        0.3403
  1151        0.00119430     0.000000E+000     0.890844E-006        0.3415
  1152        0.00121971     0.000000E+000     0.903938E-006        0.3427
  1153        0.00121971     0.000000E+000     0.879267E-006        0.3439
  1154        0.00124743     0.000000E+000     0.894354E-006        0.3451
  1155        0.00124743     0.000000E+000     0.869561E-006        0.3464
  1156        0.00127786     0.000000E+000     0.886940E-006        0.3476
  1157        0.00131062     0.000000E+000     0.906316E-006        0.3489
  1158        0.00131062     0.000000E+000     0.880187E-006        0.3502
  1159        0.00134703     0.000000E+000     0.902635E-006        0.3515
  1160        0.00134703     0.000000E+000     0.876065E-006        0.3529
  1161        0.00138785     0.000000E+000     0.902219E-006        0.3542
  1162        0.00138785     0.000000E+000     0.875034E-006        0.3556
  1163        0.00138785     0.000000E+000     0.848746E-006        0.3570
  1164        0.00143570     0.000000E+000     0.880571E-006        0.3584
  1165        0.00143570     0.000000E+000     0.853381E-006        0.3598
  1166        0.00149092     0.000000E+000     0.891363E-006        0.3612
  1167        0.00149092     0.000000E+000     0.862967E-006        0.3627
  1168        0.00149092     0.000000E+000     0.835558E-006        0.3642
  1169        0.00155869     0.000000E+000     0.883613E-006        0.3657
  1170        0.00155869     0.000000E+000     0.854469E-006        0.3673
  1171        0.00155869     0.000000E+000     0.826371E-006        0.3688
  1172        0.00155869     0.000000E+000     0.799277E-006        0.3704
  1173        0.00165038     0.000000E+000     0.865862E-006        0.3719
  1174        0.00165038     0.000000E+000     0.836018E-006        0.3736
  1175        0.00165038     0.000000E+000     0.807293E-006        0.3752
  1176        0.00165038     0.000000E+000     0.779641E-006        0.3769
  1177        0.00165038     0.000000E+000     0.753019E-006        0.3785
  1178        0.00180042     0.000000E+000     0.864181E-006        0.3802
  1179        0.00180042     0.000000E+000     0.832253E-006        0.3820
  1180        0.00180042     0.000000E+000     0.801607E-006        0.3838
  1181        0.00180042     0.000000E+000     0.772190E-006        0.3856
  1182        0.00180042     0.000000E+000     0.743947E-006        0.3874
  1183        0.00180042     0.000000E+000     0.716830E-006        0.3892
  1184        0.00180042     0.000000E+000     0.690788E-006        0.3910
  1185        0.00180042     0.000000E+000     0.665776E-006        0.3928
  1186        0.00180042     0.000000E+000     0.641751E-006        0.3946
  1187        0.00180042     0.000000E+000     0.618670E-006        0.3964
  1188        0.00180042     0.000000E+000     0.596492E-006        0.3982
  1189        0.00212766     0.000000E+000     0.800481E-006        0.4000
  1190        0.00222437     0.000000E+000     0.837380E-006        0.4021
  1191        0.00233288     0.000000E+000     0.879908E-006        0.4044
  1192        0.00239269     0.000000E+000     0.882956E-006        0.4067
  1193        0.00245736     0.000000E+000     0.887489E-006        0.4091
  1194        0.00245736     0.000000E+000     0.845369E-006        0.4115
  1195        0.00252964     0.000000E+000     0.852854E-006        0.4140
  1196        0.00260869     0.000000E+000     0.862375E-006        0.4165
  1197        0.00269564     0.000000E+000     0.874294E-006        0.4191
  1198        0.00269564     0.000000E+000     0.829612E-006        0.4218
  1199        0.00279548     0.000000E+000     0.845939E-006        0.4245
  1200        0.00290730     0.000000E+000     0.865933E-006        0.4273
  1201        0.00290730     0.000000E+000     0.818840E-006        0.4302
  1202        0.00303945     0.000000E+000     0.845377E-006        0.4331
  1203        0.00303945     0.000000E+000     0.797702E-006        0.4362
  1204        0.00319942     0.000000E+000     0.832900E-006        0.4392
  1205        0.00319942     0.000000E+000     0.783832E-006        0.4424
  1206        0.00339939     0.000000E+000     0.831289E-006        0.4456
  1207        0.00339939     0.000000E+000     0.779619E-006        0.4490
  1208        0.00366088     0.000000E+000     0.845993E-006        0.4524
  1209        0.00366088     0.000000E+000     0.789727E-006        0.4561
  1210        0.00366088     0.000000E+000     0.737276E-006        0.4597
  1211        0.00366088     0.000000E+000     0.688358E-006        0.4634
  1212        0.00411849     0.000000E+000     0.809978E-006        0.4671
  1213        0.00411849     0.000000E+000     0.749839E-006        0.4712
  1214        0.00411849     0.000000E+000     0.694157E-006        0.4753
  1215        0.00411849     0.000000E+000     0.642583E-006        0.4794
  1216        0.00411849     0.000000E+000     0.594801E-006        0.4835
  1217        0.00411849     0.000000E+000     0.550524E-006        0.4876
  1218        0.00411849     0.000000E+000     0.509492E-006        0.4918
  1219        0.00411849     0.000000E+000     0.471468E-006        0.4959
  1220        0.00526316     0.000000E+000     0.704984E-006        0.5000
  1221        0.00557276     0.000000E+000     0.713551E-006        0.5053
  1222        0.00594427     0.000000E+000     0.728157E-006        0.5108
  1223        0.00640152     0.000000E+000     0.751422E-006        0.5168
  1224        0.00698348     0.000000E+000     0.787870E-006        0.5232
  1225        0.00698348     0.000000E+000     0.690205E-006        0.5302
  1226        0.00785642     0.000000E+000     0.759252E-006        0.5371
  1227        0.00785642     0.000000E+000     0.654560E-006        0.5450
  1228        0.00785642     0.000000E+000     0.564610E-006        0.5529
  1229        0.00785642     0.000000E+000     0.487350E-006        0.5607
  1230        0.00785642     0.000000E+000     0.420984E-006        0.5686
  1231        0.00785642     0.000000E+000     0.363953E-006        0.5764
  1232        0.00785642     0.000000E+000     0.314909E-006        0.5843
  1233        0.00785642     0.000000E+000     0.272695E-006        0.5921
  1234        0.01111111     0.000000E+000     0.458593E-006        0.6000
  1235        0.01269841     0.000000E+000     0.482798E-006        0.6111
  1236        0.01523810     0.000000E+000     0.540835E-006        0.6238
  1237        0.01523810     0.000000E+000     0.412405E-006        0.6390
  1238        0.01523810     0.000000E+000     0.315119E-006        0.6543
  1239        0.01523810     0.000000E+000     0.241224E-006        0.6695
  1240        0.01523810     0.000000E+000     0.184963E-006        0.6848
  1241        0.02500000     0.000000E+000     0.350746E-006        0.7000
  1242        0.02500000     0.000000E+000     0.228169E-006        0.7250
  1243        0.02500000     0.000000E+000     0.148716E-006        0.7500
  1244        0.02500000     0.000000E+000     0.974358E-007        0.7750
  1245        0.05000000     0.000000E+000     0.203558E-006        0.8000
  1246        0.05000000     0.000000E+000     0.866069E-007        0.8500
  1247        0.10000000     0.000000E+000     0.933792E-007        0.9000
