#Update-step  Updatetime     Error of A        Error of phi      Time in fs
     1        0.05000000     0.000000E+000     0.127170E-003        0.0000
     2        0.05000000     0.000000E+000     0.211608E-004        0.0500
     3        0.10000000     0.000000E+000     0.970209E-005        0.1000
     4        0.10000000     0.000000E+000     0.700539E-005        0.2000
     5 *      0.05000000     0.000000E+000     0.164502E-003        0.3000
     5        0.05000000     0.000000E+000     0.867958E-006        0.3500
     6        0.10000000     0.000000E+000     0.161045E-005        0.4000
     7        0.10000000     0.000000E+000     0.320811E-005        0.5000
     8 *      0.05000000     0.000000E+000     0.151283E-003        0.6000
     8        0.05000000     0.000000E+000     0.157833E-005        0.6500
     9        0.10000000     0.000000E+000     0.186922E-005        0.7000
    10        0.10000000     0.000000E+000     0.162012E-005        0.8000
    11        0.10000000     0.000000E+000     0.218543E-005        0.9000
