#Update-step  Updatetime     Error of A        Error of phi      Time in fs
     1                                         0.305106E-003
     1 *      0.00119048     0.000000E+000     0.128617E-005        0.0000
     1        0.00119048     0.000000E+000     0.117965E-005        0.0012
     2 *      0.00058107     0.000000E+000     0.494188E-006        0.0024
     2        0.00058107     0.000000E+000     0.306532E-005        0.0030
     3        0.00038894     0.000000E+000     0.419290E-006        0.0035
     4        0.00052496     0.000000E+000     0.521208E-006        0.0039
     5        0.00065440     0.000000E+000     0.616408E-006        0.0045
     6        0.00076523     0.000000E+000     0.691380E-006        0.0051
     7        0.00085567     0.000000E+000     0.744878E-006        0.0059
     8        0.00093268     0.000000E+000     0.786169E-006        0.0067
     9        0.00099285     0.000000E+000     0.806145E-006        0.0077
    10        0.00104991     0.000000E+000     0.825093E-006        0.0087
    11        0.00110113     0.000000E+000     0.836457E-006        0.0097
    12        0.00114348     0.000000E+000     0.835295E-006        0.0108
    13        0.00118983     0.000000E+000     0.840187E-006        0.0120
    14        0.00124083     0.000000E+000     0.850621E-006        0.0131
    15        0.00127787     0.000000E+000     0.841485E-006        0.0144
    16        0.00131780     0.000000E+000     0.836486E-006        0.0157
    17        0.00136101     0.000000E+000     0.835718E-006        0.0170
    18        0.00140794     0.000000E+000     0.839517E-006        0.0183
    19        0.00145913     0.000000E+000     0.848431E-006        0.0197
    20        0.00151526     0.000000E+000     0.863234E-006        0.0212
    21        0.00154556     0.000000E+000     0.850476E-006        0.0227
    22        0.00161133     0.000000E+000     0.878621E-006        0.0243
    23        0.00164714     0.000000E+000     0.876419E-006        0.0259
    24        0.00168544     0.000000E+000     0.880313E-006        0.0275
    25        0.00172655     0.000000E+000     0.890718E-006        0.0292
    26        0.00172655     0.000000E+000     0.863861E-006        0.0309
    27        0.00177199     0.000000E+000     0.887273E-006        0.0327
    28        0.00177199     0.000000E+000     0.870242E-006        0.0344
    29        0.00182261     0.000000E+000     0.907825E-006        0.0362
    30        0.00182261     0.000000E+000     0.900382E-006        0.0380
    31        0.00182261     0.000000E+000     0.897973E-006        0.0399
    32        0.00182261     0.000000E+000     0.900331E-006        0.0417
    33        0.00182261     0.000000E+000     0.907269E-006        0.0435
    34        0.00182261     0.000000E+000     0.918676E-006        0.0453
    35        0.00182261     0.000000E+000     0.934510E-006        0.0471
    36        0.00182261     0.000000E+000     0.954790E-006        0.0490
    37        0.00175752     0.000000E+000     0.911031E-006        0.0508
    38        0.00175752     0.000000E+000     0.937392E-006        0.0525
    39        0.00175752     0.000000E+000     0.967984E-006        0.0543
    40        0.00168992     0.000000E+000     0.927511E-006        0.0561
    41        0.00168992     0.000000E+000     0.962874E-006        0.0578
    42        0.00162233     0.000000E+000     0.924217E-006        0.0594
    43        0.00162233     0.000000E+000     0.963717E-006        0.0611
    44        0.00155473     0.000000E+000     0.925826E-006        0.0627
    45        0.00155473     0.000000E+000     0.969446E-006        0.0642
    46        0.00148713     0.000000E+000     0.932162E-006        0.0658
    47        0.00148713     0.000000E+000     0.981447E-006        0.0673
    48        0.00141954     0.000000E+000     0.947338E-006        0.0688
    49 *      0.00070977     0.000000E+000     0.253233E-006        0.0702
    49        0.00070977     0.000000E+000     0.264069E-006        0.0709
    50        0.00123438     0.000000E+000     0.840282E-006        0.0716
    51 *      0.00064658     0.000000E+000     0.254670E-006        0.0728
    51        0.00064658     0.000000E+000     0.264809E-006        0.0735
    52        0.00112449     0.000000E+000     0.824305E-006        0.0741
    53        0.00117803     0.000000E+000     0.950193E-006        0.0753
    54 *      0.00058902     0.000000E+000     0.250952E-006        0.0764
    54        0.00058902     0.000000E+000     0.256619E-006        0.0770
    55        0.00101739     0.000000E+000     0.777000E-006        0.0776
    56        0.00106826     0.000000E+000     0.886689E-006        0.0786
    57        0.00106826     0.000000E+000     0.918734E-006        0.0797
    58        0.00106826     0.000000E+000     0.950816E-006        0.0808
    59        0.00106826     0.000000E+000     0.983151E-006        0.0818
    60        0.00100542     0.000000E+000     0.901027E-006        0.0829
    61        0.00100542     0.000000E+000     0.928929E-006        0.0839
    62        0.00100542     0.000000E+000     0.957456E-006        0.0849
    63        0.00093839     0.000000E+000     0.860754E-006        0.0859
    64        0.00093839     0.000000E+000     0.885298E-006        0.0869
    65        0.00093839     0.000000E+000     0.910589E-006        0.0878
    66        0.00093839     0.000000E+000     0.936712E-006        0.0887
    67        0.00093839     0.000000E+000     0.963751E-006        0.0897
    68        0.00085309     0.000000E+000     0.821239E-006        0.0906
    69        0.00085309     0.000000E+000     0.843166E-006        0.0915
    70        0.00085309     0.000000E+000     0.865901E-006        0.0923
    71        0.00085309     0.000000E+000     0.889502E-006        0.0932
    72        0.00085309     0.000000E+000     0.914030E-006        0.0940
    73        0.00085309     0.000000E+000     0.939548E-006        0.0949
    74        0.00085309     0.000000E+000     0.966122E-006        0.0957
    75        0.00068247     0.000000E+000     0.638725E-006        0.0966
    76        0.00068247     0.000000E+000     0.653578E-006        0.0973
    77        0.00068247     0.000000E+000     0.668956E-006        0.0980
    78        0.00068247     0.000000E+000     0.684887E-006        0.0986
    79        0.00068247     0.000000E+000     0.701400E-006        0.0993
    80        0.00076336     0.000000E+000     0.897068E-006        0.1000
    81        0.00077529     0.000000E+000     0.950623E-006        0.1008
    82        0.00076923     0.000000E+000     0.962656E-006        0.1015
    83        0.00076322     0.000000E+000     0.975031E-006        0.1023
    84        0.00075139     0.000000E+000     0.972662E-006        0.1031
    85        0.00073983     0.000000E+000     0.970516E-006        0.1038
    86        0.00072853     0.000000E+000     0.968589E-006        0.1046
    87        0.00072297     0.000000E+000     0.981547E-006        0.1053
    88        0.00071202     0.000000E+000     0.980018E-006        0.1060
    89        0.00070131     0.000000E+000     0.978707E-006        0.1067
    90        0.00069084     0.000000E+000     0.977611E-006        0.1074
    91        0.00068061     0.000000E+000     0.976729E-006        0.1081
    92        0.00067060     0.000000E+000     0.976057E-006        0.1088
    93        0.00066081     0.000000E+000     0.975593E-006        0.1095
    94        0.00065123     0.000000E+000     0.975334E-006        0.1101
    95        0.00064186     0.000000E+000     0.975278E-006        0.1108
    96        0.00063269     0.000000E+000     0.975423E-006        0.1114
    97        0.00062372     0.000000E+000     0.975767E-006        0.1121
    98        0.00061493     0.000000E+000     0.976307E-006        0.1127
    99        0.00060633     0.000000E+000     0.977042E-006        0.1133
   100        0.00059791     0.000000E+000     0.977970E-006        0.1139
   101        0.00058966     0.000000E+000     0.979090E-006        0.1145
   102        0.00058159     0.000000E+000     0.980399E-006        0.1151
   103        0.00057367     0.000000E+000     0.981895E-006        0.1157
   104        0.00056592     0.000000E+000     0.983579E-006        0.1162
   105        0.00055833     0.000000E+000     0.985448E-006        0.1168
   106        0.00054723     0.000000E+000     0.974584E-006        0.1174
   107        0.00054003     0.000000E+000     0.976776E-006        0.1179
   108        0.00053297     0.000000E+000     0.979146E-006        0.1185
   109        0.00052605     0.000000E+000     0.981691E-006        0.1190
   110        0.00051926     0.000000E+000     0.984412E-006        0.1195
   111        0.00050934     0.000000E+000     0.974880E-006        0.1200
   112        0.00050289     0.000000E+000     0.977891E-006        0.1205
   113        0.00049657     0.000000E+000     0.981070E-006        0.1210
   114        0.00049036     0.000000E+000     0.984416E-006        0.1215
   115        0.00048128     0.000000E+000     0.975874E-006        0.1220
   116        0.00047538     0.000000E+000     0.979485E-006        0.1225
   117        0.00046958     0.000000E+000     0.983257E-006        0.1230
   118        0.00046109     0.000000E+000     0.975431E-006        0.1235
   119        0.00045557     0.000000E+000     0.979450E-006        0.1239
   120        0.00045015     0.000000E+000     0.983624E-006        0.1244
   121        0.00044220     0.000000E+000     0.976458E-006        0.1248
   122        0.00043703     0.000000E+000     0.980861E-006        0.1253
   123        0.00042945     0.000000E+000     0.974145E-006        0.1257
   124        0.00042452     0.000000E+000     0.978764E-006        0.1261
   125        0.00041966     0.000000E+000     0.983527E-006        0.1266
   126        0.00041255     0.000000E+000     0.977382E-006        0.1270
   127        0.00040792     0.000000E+000     0.982343E-006        0.1274
   128        0.00040112     0.000000E+000     0.976585E-006        0.1278
   129        0.00039668     0.000000E+000     0.981732E-006        0.1282
   130        0.00039018     0.000000E+000     0.976334E-006        0.1286
   131        0.00038594     0.000000E+000     0.981654E-006        0.1290
   132        0.00037972     0.000000E+000     0.976593E-006        0.1294
   133        0.00037565     0.000000E+000     0.982073E-006        0.1298
   134        0.00036969     0.000000E+000     0.977324E-006        0.1301
   135        0.00036389     0.000000E+000     0.972759E-006        0.1305
   136        0.00036009     0.000000E+000     0.978408E-006        0.1309
   137        0.00035453     0.000000E+000     0.974117E-006        0.1312
   138        0.00035089     0.000000E+000     0.979889E-006        0.1316
   139        0.00034555     0.000000E+000     0.975850E-006        0.1319
   140        0.00034206     0.000000E+000     0.981731E-006        0.1323
   141        0.00033693     0.000000E+000     0.977921E-006        0.1326
   142        0.00033192     0.000000E+000     0.974245E-006        0.1330
   143        0.00032865     0.000000E+000     0.980216E-006        0.1333
   144        0.00032384     0.000000E+000     0.976733E-006        0.1336
   145        0.00031915     0.000000E+000     0.973364E-006        0.1339
   146        0.00031608     0.000000E+000     0.979387E-006        0.1343
   147        0.00031156     0.000000E+000     0.976175E-006        0.1346
   148        0.00030716     0.000000E+000     0.973057E-006        0.1349
   149        0.00030427     0.000000E+000     0.979094E-006        0.1352
   150        0.00030003     0.000000E+000     0.976099E-006        0.1355
   151        0.00029588     0.000000E+000     0.973177E-006        0.1358
   152        0.00029316     0.000000E+000     0.979188E-006        0.1361
   153        0.00028917     0.000000E+000     0.976354E-006        0.1364
   154        0.00028526     0.000000E+000     0.973576E-006        0.1367
   155        0.00028144     0.000000E+000     0.970845E-006        0.1370
   156        0.00027894     0.000000E+000     0.976729E-006        0.1372
   157        0.00027525     0.000000E+000     0.974041E-006        0.1375
   158        0.00027164     0.000000E+000     0.971383E-006        0.1378
   159        0.00026928     0.000000E+000     0.977141E-006        0.1381
   160        0.00026580     0.000000E+000     0.974491E-006        0.1383
   161        0.00026239     0.000000E+000     0.971854E-006        0.1386
   162        0.00025906     0.000000E+000     0.969224E-006        0.1389
   163        0.00025687     0.000000E+000     0.974722E-006        0.1391
   164        0.00025365     0.000000E+000     0.972056E-006        0.1394
   165        0.00025049     0.000000E+000     0.969380E-006        0.1396
   166        0.00024842     0.000000E+000     0.974651E-006        0.1399
   167        0.00024536     0.000000E+000     0.971907E-006        0.1401
   168        0.00024237     0.000000E+000     0.969138E-006        0.1404
   169        0.00024041     0.000000E+000     0.974136E-006        0.1406
   170        0.00023751     0.000000E+000     0.971268E-006        0.1409
   171        0.00023467     0.000000E+000     0.968360E-006        0.1411
   172        0.00023281     0.000000E+000     0.973044E-006        0.1413
   173        0.00023006     0.000000E+000     0.970008E-006        0.1416
   174        0.00022826     0.000000E+000     0.974478E-006        0.1418
   175        0.00022559     0.000000E+000     0.971295E-006        0.1420
   176        0.00022298     0.000000E+000     0.968050E-006        0.1422
   177        0.00022126     0.000000E+000     0.972138E-006        0.1425
   178        0.00021873     0.000000E+000     0.968721E-006        0.1427
   179        0.00021707     0.000000E+000     0.972549E-006        0.1429
   180        0.00021461     0.000000E+000     0.968944E-006        0.1431
   181        0.00021300     0.000000E+000     0.972495E-006        0.1433
   182        0.00021061     0.000000E+000     0.968688E-006        0.1436
   183        0.00020905     0.000000E+000     0.971946E-006        0.1438
   184        0.00020673     0.000000E+000     0.967923E-006        0.1440
   185        0.00020521     0.000000E+000     0.970875E-006        0.1442
   186        0.00020297     0.000000E+000     0.966624E-006        0.1444
   187        0.00020149     0.000000E+000     0.969258E-006        0.1446
   188        0.00019931     0.000000E+000     0.964770E-006        0.1448
   189        0.00019787     0.000000E+000     0.967074E-006        0.1450
   190        0.00019645     0.000000E+000     0.969221E-006        0.1452
   191        0.00019436     0.000000E+000     0.964339E-006        0.1454
   192        0.00019298     0.000000E+000     0.966141E-006        0.1456
   193        0.00019162     0.000000E+000     0.967778E-006        0.1458
   194        0.00019027     0.000000E+000     0.969245E-006        0.1460
   195        0.00018827     0.000000E+000     0.963796E-006        0.1462
   196        0.00018696     0.000000E+000     0.964904E-006        0.1463
   197        0.00018566     0.000000E+000     0.965837E-006        0.1465
   198        0.00018437     0.000000E+000     0.966593E-006        0.1467
   199        0.00018310     0.000000E+000     0.967169E-006        0.1469
   200        0.00018184     0.000000E+000     0.967564E-006        0.1471
   201        0.00017998     0.000000E+000     0.961209E-006        0.1473
   202        0.00017876     0.000000E+000     0.961237E-006        0.1474
   203        0.00017755     0.000000E+000     0.961083E-006        0.1476
   204        0.00017635     0.000000E+000     0.960745E-006        0.1478
   205        0.00017516     0.000000E+000     0.960225E-006        0.1480
   206        0.00017398     0.000000E+000     0.959521E-006        0.1482
   207        0.00017282     0.000000E+000     0.958634E-006        0.1483
   208        0.00017167     0.000000E+000     0.957564E-006        0.1485
   209        0.00017110     0.000000E+000     0.962672E-006        0.1487
   210        0.00016996     0.000000E+000     0.961225E-006        0.1488
   211        0.00016883     0.000000E+000     0.959596E-006        0.1490
   212        0.00016772     0.000000E+000     0.957787E-006        0.1492
   213        0.00016717     0.000000E+000     0.962092E-006        0.1493
   214        0.00016607     0.000000E+000     0.959906E-006        0.1495
   215        0.00016498     0.000000E+000     0.957544E-006        0.1497
   216        0.00016444     0.000000E+000     0.961255E-006        0.1498
   217        0.00016336     0.000000E+000     0.958520E-006        0.1500
   218        0.00016230     0.000000E+000     0.955615E-006        0.1502
   219        0.00016177     0.000000E+000     0.958734E-006        0.1503
   220        0.00016072     0.000000E+000     0.955467E-006        0.1505
   221        0.00016020     0.000000E+000     0.958204E-006        0.1507
   222        0.00015968     0.000000E+000     0.960765E-006        0.1508
   223        0.00015864     0.000000E+000     0.956948E-006        0.1510
   224        0.00015813     0.000000E+000     0.959130E-006        0.1511
   225        0.00015711     0.000000E+000     0.954968E-006        0.1513
   226        0.00015660     0.000000E+000     0.956778E-006        0.1515
   227        0.00015610     0.000000E+000     0.958412E-006        0.1516
   228        0.00015509     0.000000E+000     0.953731E-006        0.1518
   229        0.00015459     0.000000E+000     0.955002E-006        0.1519
   230        0.00015410     0.000000E+000     0.956100E-006        0.1521
   231        0.00015360     0.000000E+000     0.957026E-006        0.1522
   232        0.00015311     0.000000E+000     0.957781E-006        0.1524
   233        0.00015262     0.000000E+000     0.958365E-006        0.1525
   234        0.00015164     0.000000E+000     0.952667E-006        0.1527
   235        0.00015115     0.000000E+000     0.952912E-006        0.1528
   236        0.00015067     0.000000E+000     0.952993E-006        0.1530
   237        0.00015018     0.000000E+000     0.952911E-006        0.1531
   238        0.00014970     0.000000E+000     0.952669E-006        0.1533
   239        0.00014922     0.000000E+000     0.952267E-006        0.1534
   240        0.00014874     0.000000E+000     0.951709E-006        0.1536
   241        0.00014827     0.000000E+000     0.950996E-006        0.1537
   242        0.00014779     0.000000E+000     0.950130E-006        0.1539
   243        0.00014779     0.000000E+000     0.955205E-006        0.1540
   244        0.00014732     0.000000E+000     0.954030E-006        0.1542
   245        0.00014684     0.000000E+000     0.952708E-006        0.1543
   246        0.00014637     0.000000E+000     0.951241E-006        0.1545
   247        0.00014590     0.000000E+000     0.949634E-006        0.1546
   248        0.00014590     0.000000E+000     0.953990E-006        0.1548
   249        0.00014543     0.000000E+000     0.952089E-006        0.1549
   250        0.00014496     0.000000E+000     0.950054E-006        0.1551
   251        0.00014496     0.000000E+000     0.954011E-006        0.1552
   252        0.00014449     0.000000E+000     0.951693E-006        0.1554
   253        0.00014402     0.000000E+000     0.949249E-006        0.1555
   254        0.00014402     0.000000E+000     0.952817E-006        0.1556
   255        0.00014356     0.000000E+000     0.950102E-006        0.1558
   256        0.00014356     0.000000E+000     0.953428E-006        0.1559
   257        0.00014309     0.000000E+000     0.950451E-006        0.1561
   258        0.00014262     0.000000E+000     0.947361E-006        0.1562
   259        0.00014262     0.000000E+000     0.950320E-006        0.1564
   260        0.00014216     0.000000E+000     0.946980E-006        0.1565
   261        0.00014216     0.000000E+000     0.949711E-006        0.1566
   262        0.00014216     0.000000E+000     0.952344E-006        0.1568
   263        0.00014169     0.000000E+000     0.948629E-006        0.1569
   264        0.00014169     0.000000E+000     0.951041E-006        0.1571
   265        0.00014122     0.000000E+000     0.947097E-006        0.1572
   266        0.00014122     0.000000E+000     0.949296E-006        0.1574
   267        0.00014122     0.000000E+000     0.951400E-006        0.1575
   268        0.00014075     0.000000E+000     0.947109E-006        0.1576
   269        0.00014075     0.000000E+000     0.949008E-006        0.1578
   270        0.00014075     0.000000E+000     0.950816E-006        0.1579
   271        0.00014028     0.000000E+000     0.946195E-006        0.1581
   272        0.00014028     0.000000E+000     0.947807E-006        0.1582
   273        0.00014028     0.000000E+000     0.949331E-006        0.1583
   274        0.00014028     0.000000E+000     0.950767E-006        0.1585
   275        0.00013981     0.000000E+000     0.945717E-006        0.1586
   276        0.00013981     0.000000E+000     0.946969E-006        0.1588
   277        0.00013981     0.000000E+000     0.948137E-006        0.1589
   278        0.00013981     0.000000E+000     0.949223E-006        0.1590
   279        0.00013981     0.000000E+000     0.950226E-006        0.1592
   280        0.00013933     0.000000E+000     0.944668E-006        0.1593
   281        0.00013933     0.000000E+000     0.945501E-006        0.1595
   282        0.00013933     0.000000E+000     0.946257E-006        0.1596
   283        0.00013933     0.000000E+000     0.946934E-006        0.1597
   284        0.00013933     0.000000E+000     0.947536E-006        0.1599
   285        0.00013933     0.000000E+000     0.948062E-006        0.1600
   286        0.00013933     0.000000E+000     0.948514E-006        0.1602
   287        0.00013933     0.000000E+000     0.948891E-006        0.1603
   288        0.00013933     0.000000E+000     0.949197E-006        0.1604
   289        0.00013933     0.000000E+000     0.949430E-006        0.1606
   290        0.00013933     0.000000E+000     0.949593E-006        0.1607
   291        0.00013933     0.000000E+000     0.949686E-006        0.1608
   292        0.00013933     0.000000E+000     0.949711E-006        0.1610
   293        0.00013933     0.000000E+000     0.949668E-006        0.1611
   294        0.00013933     0.000000E+000     0.949558E-006        0.1613
   295        0.00013933     0.000000E+000     0.949382E-006        0.1614
   296        0.00013933     0.000000E+000     0.949142E-006        0.1615
   297        0.00013933     0.000000E+000     0.948838E-006        0.1617
   298        0.00013933     0.000000E+000     0.948471E-006        0.1618
   299        0.00013933     0.000000E+000     0.948043E-006        0.1620
   300        0.00013933     0.000000E+000     0.947554E-006        0.1621
   301        0.00013933     0.000000E+000     0.947005E-006        0.1622
   302        0.00013933     0.000000E+000     0.946397E-006        0.1624
   303        0.00013933     0.000000E+000     0.945732E-006        0.1625
   304        0.00013933     0.000000E+000     0.945010E-006        0.1627
   305        0.00013933     0.000000E+000     0.944233E-006        0.1628
   306        0.00013933     0.000000E+000     0.943400E-006        0.1629
   307        0.00013933     0.000000E+000     0.942514E-006        0.1631
   308        0.00013933     0.000000E+000     0.941575E-006        0.1632
   309        0.00013933     0.000000E+000     0.940585E-006        0.1634
   310        0.00013986     0.000000E+000     0.946730E-006        0.1635
   311        0.00013986     0.000000E+000     0.945626E-006        0.1636
   312        0.00013986     0.000000E+000     0.944472E-006        0.1638
   313        0.00013986     0.000000E+000     0.943270E-006        0.1639
   314        0.00013986     0.000000E+000     0.942019E-006        0.1641
   315        0.00013986     0.000000E+000     0.940722E-006        0.1642
   316        0.00013986     0.000000E+000     0.939379E-006        0.1643
   317        0.00014042     0.000000E+000     0.945394E-006        0.1645
   318        0.00014042     0.000000E+000     0.943945E-006        0.1646
   319        0.00014042     0.000000E+000     0.942452E-006        0.1648
   320        0.00014042     0.000000E+000     0.940916E-006        0.1649
   321        0.00014042     0.000000E+000     0.939339E-006        0.1650
   322        0.00014098     0.000000E+000     0.945301E-006        0.1652
   323        0.00014098     0.000000E+000     0.943622E-006        0.1653
   324        0.00014098     0.000000E+000     0.941903E-006        0.1655
   325        0.00014098     0.000000E+000     0.940146E-006        0.1656
   326        0.00014098     0.000000E+000     0.938350E-006        0.1657
   327        0.00014157     0.000000E+000     0.944277E-006        0.1659
   328        0.00014157     0.000000E+000     0.942385E-006        0.1660
   329        0.00014157     0.000000E+000     0.940457E-006        0.1662
   330        0.00014157     0.000000E+000     0.938494E-006        0.1663
   331        0.00014217     0.000000E+000     0.944420E-006        0.1664
   332        0.00014217     0.000000E+000     0.942363E-006        0.1666
   333        0.00014217     0.000000E+000     0.940274E-006        0.1667
   334        0.00014217     0.000000E+000     0.938153E-006        0.1669
   335        0.00014278     0.000000E+000     0.944091E-006        0.1670
   336        0.00014278     0.000000E+000     0.941880E-006        0.1672
   337        0.00014278     0.000000E+000     0.939638E-006        0.1673
   338        0.00014278     0.000000E+000     0.937368E-006        0.1674
   339        0.00014342     0.000000E+000     0.943331E-006        0.1676
   340        0.00014342     0.000000E+000     0.940973E-006        0.1677
   341        0.00014342     0.000000E+000     0.938589E-006        0.1679
   342        0.00014406     0.000000E+000     0.944599E-006        0.1680
   343        0.00014406     0.000000E+000     0.942129E-006        0.1682
   344        0.00014406     0.000000E+000     0.939635E-006        0.1683
   345        0.00014406     0.000000E+000     0.937117E-006        0.1685
   346        0.00014473     0.000000E+000     0.943175E-006        0.1686
   347        0.00014473     0.000000E+000     0.940575E-006        0.1687
   348        0.00014473     0.000000E+000     0.937953E-006        0.1689
   349        0.00014541     0.000000E+000     0.944077E-006        0.1690
   350        0.00014541     0.000000E+000     0.941375E-006        0.1692
   351        0.00014541     0.000000E+000     0.938653E-006        0.1693
   352        0.00014541     0.000000E+000     0.935911E-006        0.1695
   353        0.00014610     0.000000E+000     0.942109E-006        0.1696
   354        0.00014610     0.000000E+000     0.939291E-006        0.1698
   355        0.00014610     0.000000E+000     0.936455E-006        0.1699
   356        0.00014682     0.000000E+000     0.942741E-006        0.1700
   357        0.00014682     0.000000E+000     0.939830E-006        0.1702
   358        0.00014682     0.000000E+000     0.936904E-006        0.1703
   359        0.00014755     0.000000E+000     0.943287E-006        0.1705
   360        0.00014755     0.000000E+000     0.940288E-006        0.1706
   361        0.00014755     0.000000E+000     0.937274E-006        0.1708
   362        0.00014831     0.000000E+000     0.943766E-006        0.1709
   363        0.00014831     0.000000E+000     0.940681E-006        0.1711
   364        0.00014831     0.000000E+000     0.937585E-006        0.1712
   365        0.00014831     0.000000E+000     0.934477E-006        0.1714
   366        0.00014908     0.000000E+000     0.941096E-006        0.1715
   367        0.00014908     0.000000E+000     0.937919E-006        0.1717
   368        0.00014908     0.000000E+000     0.934733E-006        0.1718
   369        0.00014988     0.000000E+000     0.941486E-006        0.1720
   370        0.00014988     0.000000E+000     0.938231E-006        0.1721
   371        0.00014988     0.000000E+000     0.934970E-006        0.1723
   372        0.00015070     0.000000E+000     0.941868E-006        0.1724
   373        0.00015070     0.000000E+000     0.938539E-006        0.1726
   374        0.00015070     0.000000E+000     0.935204E-006        0.1727
   375        0.00015154     0.000000E+000     0.942260E-006        0.1729
   376        0.00015154     0.000000E+000     0.938859E-006        0.1730
   377        0.00015154     0.000000E+000     0.935454E-006        0.1732
   378        0.00015241     0.000000E+000     0.942681E-006        0.1733
   379        0.00015241     0.000000E+000     0.939210E-006        0.1735
   380        0.00015241     0.000000E+000     0.935736E-006        0.1736
   381        0.00015330     0.000000E+000     0.943147E-006        0.1738
   382        0.00015330     0.000000E+000     0.939607E-006        0.1739
   383        0.00015330     0.000000E+000     0.936066E-006        0.1741
   384        0.00015330     0.000000E+000     0.932525E-006        0.1742
   385        0.00015422     0.000000E+000     0.940157E-006        0.1744
   386        0.00015422     0.000000E+000     0.936550E-006        0.1746
   387        0.00015422     0.000000E+000     0.932942E-006        0.1747
   388        0.00015517     0.000000E+000     0.940790E-006        0.1749
   389        0.00015517     0.000000E+000     0.937116E-006        0.1750
   390        0.00015517     0.000000E+000     0.933443E-006        0.1752
   391        0.00015616     0.000000E+000     0.941522E-006        0.1753
   392        0.00015616     0.000000E+000     0.937781E-006        0.1755
   393        0.00015616     0.000000E+000     0.934041E-006        0.1756
   394        0.00015717     0.000000E+000     0.942366E-006        0.1758
   395        0.00015717     0.000000E+000     0.938556E-006        0.1760
   396        0.00015717     0.000000E+000     0.934747E-006        0.1761
   397        0.00015717     0.000000E+000     0.930941E-006        0.1763
   398        0.00015823     0.000000E+000     0.939561E-006        0.1764
   399        0.00015823     0.000000E+000     0.935680E-006        0.1766
   400        0.00015823     0.000000E+000     0.931801E-006        0.1767
   401        0.00015932     0.000000E+000     0.940702E-006        0.1769
   402        0.00015932     0.000000E+000     0.936744E-006        0.1771
   403        0.00015932     0.000000E+000     0.932787E-006        0.1772
   404        0.00016045     0.000000E+000     0.941984E-006        0.1774
   405        0.00016045     0.000000E+000     0.937942E-006        0.1775
   406        0.00016045     0.000000E+000     0.933899E-006        0.1777
   407        0.00016045     0.000000E+000     0.929855E-006        0.1779
   408        0.00016163     0.000000E+000     0.939403E-006        0.1780
   409        0.00016163     0.000000E+000     0.935263E-006        0.1782
   410        0.00016163     0.000000E+000     0.931120E-006        0.1783
   411        0.00016285     0.000000E+000     0.940995E-006        0.1785
   412        0.00016285     0.000000E+000     0.936745E-006        0.1787
   413        0.00016285     0.000000E+000     0.932486E-006        0.1788
   414        0.00016285     0.000000E+000     0.928217E-006        0.1790
   415        0.00016413     0.000000E+000     0.938464E-006        0.1792
   416        0.00016413     0.000000E+000     0.934066E-006        0.1793
   417        0.00016413     0.000000E+000     0.929650E-006        0.1795
   418        0.00016547     0.000000E+000     0.940233E-006        0.1796
   419        0.00016547     0.000000E+000     0.935660E-006        0.1798
   420        0.00016547     0.000000E+000     0.931058E-006        0.1800
   421        0.00016547     0.000000E+000     0.926429E-006        0.1801
   422        0.00016687     0.000000E+000     0.937347E-006        0.1803
   423        0.00016687     0.000000E+000     0.932504E-006        0.1805
   424        0.00016687     0.000000E+000     0.927602E-006        0.1806
   425        0.00016833     0.000000E+000     0.938796E-006        0.1808
   426        0.00016833     0.000000E+000     0.933619E-006        0.1810
   427        0.00016833     0.000000E+000     0.928356E-006        0.1811
   428        0.00016833     0.000000E+000     0.922994E-006        0.1813
   429        0.00016988     0.000000E+000     0.934334E-006        0.1815
   430        0.00016988     0.000000E+000     0.928588E-006        0.1817
   431        0.00016988     0.000000E+000     0.922705E-006        0.1818
   432        0.00017150     0.000000E+000     0.934106E-006        0.1820
   433        0.00017150     0.000000E+000     0.927738E-006        0.1822
   434        0.00017150     0.000000E+000     0.921183E-006        0.1823
   435        0.00017319     0.000000E+000     0.932528E-006        0.1825
   436        0.00017319     0.000000E+000     0.925397E-006        0.1827
   437        0.00017496     0.000000E+000     0.936776E-006        0.1829
   438        0.00017496     0.000000E+000     0.929017E-006        0.1830
   439        0.00017496     0.000000E+000     0.921057E-006        0.1832
   440        0.00017682     0.000000E+000     0.932304E-006        0.1834
   441        0.00017682     0.000000E+000     0.923717E-006        0.1836
   442        0.00017682     0.000000E+000     0.914981E-006        0.1837
   443        0.00017879     0.000000E+000     0.926244E-006        0.1839
   444        0.00017879     0.000000E+000     0.917022E-006        0.1841
   445        0.00018084     0.000000E+000     0.928586E-006        0.1843
   446        0.00018084     0.000000E+000     0.918922E-006        0.1844
   447        0.00018300     0.000000E+000     0.930794E-006        0.1846
   448        0.00018300     0.000000E+000     0.920578E-006        0.1848
   449        0.00018300     0.000000E+000     0.910244E-006        0.1850
   450        0.00018528     0.000000E+000     0.922277E-006        0.1852
   451        0.00018528     0.000000E+000     0.911332E-006        0.1854
   452        0.00018769     0.000000E+000     0.923642E-006        0.1855
   453        0.00018769     0.000000E+000     0.912022E-006        0.1857
   454        0.00019023     0.000000E+000     0.924589E-006        0.1859
   455        0.00019023     0.000000E+000     0.912222E-006        0.1861
   456        0.00019290     0.000000E+000     0.925080E-006        0.1863
   457        0.00019290     0.000000E+000     0.911978E-006        0.1865
   458        0.00019574     0.000000E+000     0.925257E-006        0.1867
   459        0.00019574     0.000000E+000     0.911492E-006        0.1869
   460        0.00019875     0.000000E+000     0.925375E-006        0.1871
   461        0.00019875     0.000000E+000     0.911036E-006        0.1873
   462        0.00020196     0.000000E+000     0.925737E-006        0.1875
   463        0.00020196     0.000000E+000     0.910919E-006        0.1877
   464        0.00020196     0.000000E+000     0.896260E-006        0.1879
   465        0.00020544     0.000000E+000     0.912237E-006        0.1881
   466        0.00020544     0.000000E+000     0.897230E-006        0.1883
   467        0.00020918     0.000000E+000     0.914616E-006        0.1885
   468        0.00020918     0.000000E+000     0.899312E-006        0.1887
   469        0.00021320     0.000000E+000     0.918390E-006        0.1889
   470        0.00021320     0.000000E+000     0.902814E-006        0.1891
   471        0.00021320     0.000000E+000     0.887562E-006        0.1893
   472        0.00021764     0.000000E+000     0.909121E-006        0.1896
   473        0.00021764     0.000000E+000     0.893607E-006        0.1898
   474        0.00022248     0.000000E+000     0.917649E-006        0.1900
   475        0.00022248     0.000000E+000     0.901849E-006        0.1902
   476        0.00022248     0.000000E+000     0.886430E-006        0.1904
   477        0.00022790     0.000000E+000     0.914116E-006        0.1907
   478        0.00022790     0.000000E+000     0.898360E-006        0.1909
   479        0.00022790     0.000000E+000     0.883005E-006        0.1911
   480        0.00023406     0.000000E+000     0.915269E-006        0.1913
   481        0.00023406     0.000000E+000     0.899491E-006        0.1916
   482        0.00023406     0.000000E+000     0.884128E-006        0.1918
   483        0.00023406     0.000000E+000     0.869170E-006        0.1920
   484        0.00024138     0.000000E+000     0.908483E-006        0.1923
   485        0.00024138     0.000000E+000     0.892947E-006        0.1925
   486        0.00024138     0.000000E+000     0.877828E-006        0.1928
   487        0.00024138     0.000000E+000     0.863112E-006        0.1930
   488        0.00025032     0.000000E+000     0.912387E-006        0.1932
   489        0.00025032     0.000000E+000     0.896848E-006        0.1935
   490        0.00025032     0.000000E+000     0.881724E-006        0.1937
   491        0.00025032     0.000000E+000     0.866999E-006        0.1940
   492        0.00025032     0.000000E+000     0.852654E-006        0.1942
   493        0.00025032     0.000000E+000     0.838673E-006        0.1945
   494        0.00025032     0.000000E+000     0.825039E-006        0.1947
   495        0.00026349     0.000000E+000     0.898837E-006        0.1950
   496        0.00026349     0.000000E+000     0.883715E-006        0.1953
   497        0.00026349     0.000000E+000     0.868956E-006        0.1955
   498        0.00026349     0.000000E+000     0.854542E-006        0.1958
   499        0.00026349     0.000000E+000     0.840455E-006        0.1960
   500        0.00026349     0.000000E+000     0.826677E-006        0.1963
   501        0.00026349     0.000000E+000     0.813191E-006        0.1966
   502        0.00026349     0.000000E+000     0.799985E-006        0.1968
   503        0.00026349     0.000000E+000     0.787043E-006        0.1971
   504        0.00026349     0.000000E+000     0.774353E-006        0.1974
   505        0.00026349     0.000000E+000     0.761907E-006        0.1976
   506        0.00026349     0.000000E+000     0.749692E-006        0.1979
   507        0.00026349     0.000000E+000     0.737702E-006        0.1982
   508        0.00026349     0.000000E+000     0.725927E-006        0.1984
   509        0.00026349     0.000000E+000     0.714361E-006        0.1987
   510        0.00026349     0.000000E+000     0.702998E-006        0.1989
   511        0.00026349     0.000000E+000     0.691833E-006        0.1992
   512        0.00026349     0.000000E+000     0.680861E-006        0.1995
   513        0.00026349     0.000000E+000     0.670078E-006        0.1997
   514        0.00030030     0.000000E+000     0.855253E-006        0.2000
   515        0.00031156     0.000000E+000     0.903636E-006        0.2003
   516        0.00031753     0.000000E+000     0.920939E-006        0.2006
   517        0.00032062     0.000000E+000     0.921056E-006        0.2009
   518        0.00032377     0.000000E+000     0.921283E-006        0.2013
   519        0.00032700     0.000000E+000     0.921637E-006        0.2016
   520        0.00033030     0.000000E+000     0.922136E-006        0.2019
   521        0.00033368     0.000000E+000     0.922801E-006        0.2022
   522        0.00033715     0.000000E+000     0.923659E-006        0.2026
   523        0.00034070     0.000000E+000     0.924736E-006        0.2029
   524        0.00034311     0.000000E+000     0.919550E-006        0.2032
   525        0.00034681     0.000000E+000     0.921139E-006        0.2036
   526        0.00035061     0.000000E+000     0.923034E-006        0.2039
   527        0.00035320     0.000000E+000     0.918497E-006        0.2043
   528        0.00035717     0.000000E+000     0.921068E-006        0.2046
   529        0.00036124     0.000000E+000     0.924029E-006        0.2050
   530        0.00036402     0.000000E+000     0.920338E-006        0.2054
   531        0.00036829     0.000000E+000     0.924119E-006        0.2057
   532        0.00037120     0.000000E+000     0.921095E-006        0.2061
   533        0.00037417     0.000000E+000     0.918447E-006        0.2065
   534        0.00037873     0.000000E+000     0.923604E-006        0.2068
   535        0.00038185     0.000000E+000     0.921754E-006        0.2072
   536        0.00038503     0.000000E+000     0.920387E-006        0.2076
   537        0.00038828     0.000000E+000     0.919587E-006        0.2080
   538        0.00039160     0.000000E+000     0.919498E-006        0.2084
   539        0.00039499     0.000000E+000     0.920362E-006        0.2088
   540        0.00039845     0.000000E+000     0.922562E-006        0.2092
   541        0.00040199     0.000000E+000     0.926636E-006        0.2096
   542        0.00040562     0.000000E+000     0.933085E-006        0.2100
   543        0.00040746     0.000000E+000     0.933273E-006        0.2104
   544        0.00040933     0.000000E+000     0.933963E-006        0.2108
   545        0.00041122     0.000000E+000     0.933045E-006        0.2112
   546        0.00041315     0.000000E+000     0.929369E-006        0.2116
   547        0.00041509     0.000000E+000     0.922976E-006        0.2120
   548        0.00041907     0.000000E+000     0.923092E-006        0.2124
   549        0.00042313     0.000000E+000     0.921536E-006        0.2128
   550        0.00042730     0.000000E+000     0.918710E-006        0.2133
   551        0.00043158     0.000000E+000     0.914933E-006        0.2137
   552        0.00043596     0.000000E+000     0.910456E-006        0.2141
   553        0.00044273     0.000000E+000     0.914802E-006        0.2146
   554        0.00044739     0.000000E+000     0.909397E-006        0.2150
   555        0.00045461     0.000000E+000     0.913420E-006        0.2154
   556        0.00045958     0.000000E+000     0.907567E-006        0.2159
   557        0.00046728     0.000000E+000     0.911669E-006        0.2164
   558        0.00047259     0.000000E+000     0.905670E-006        0.2168
   559        0.00048083     0.000000E+000     0.910118E-006        0.2173
   560        0.00048653     0.000000E+000     0.904161E-006        0.2178
   561        0.00049537     0.000000E+000     0.909140E-006        0.2183
   562        0.00050149     0.000000E+000     0.903340E-006        0.2188
   563        0.00051101     0.000000E+000     0.908987E-006        0.2193
   564        0.00051760     0.000000E+000     0.903415E-006        0.2198
   565        0.00052441     0.000000E+000     0.898029E-006        0.2203
   566        0.00053504     0.000000E+000     0.904818E-006        0.2208
   567        0.00054242     0.000000E+000     0.899724E-006        0.2213
   568        0.00055006     0.000000E+000     0.894840E-006        0.2219
   569        0.00056202     0.000000E+000     0.902985E-006        0.2224
   570        0.00057035     0.000000E+000     0.898446E-006        0.2230
   571        0.00057899     0.000000E+000     0.894142E-006        0.2236
   572        0.00058796     0.000000E+000     0.890084E-006        0.2242
   573        0.00060208     0.000000E+000     0.900361E-006        0.2247
   574        0.00061195     0.000000E+000     0.896740E-006        0.2253
   575        0.00062223     0.000000E+000     0.893406E-006        0.2260
   576        0.00063296     0.000000E+000     0.890376E-006        0.2266
   577        0.00064416     0.000000E+000     0.887668E-006        0.2272
   578        0.00065587     0.000000E+000     0.885303E-006        0.2279
   579        0.00066813     0.000000E+000     0.883308E-006        0.2285
   580        0.00068098     0.000000E+000     0.881711E-006        0.2292
   581        0.00069447     0.000000E+000     0.880550E-006        0.2299
   582        0.00070864     0.000000E+000     0.879866E-006        0.2306
   583        0.00072356     0.000000E+000     0.879711E-006        0.2313
   584        0.00073929     0.000000E+000     0.880149E-006        0.2320
   585        0.00075590     0.000000E+000     0.881256E-006        0.2327
   586        0.00077348     0.000000E+000     0.883134E-006        0.2335
   587        0.00079212     0.000000E+000     0.885908E-006        0.2343
   588        0.00081192     0.000000E+000     0.889747E-006        0.2350
   589        0.00082233     0.000000E+000     0.872381E-006        0.2359
   590        0.00084426     0.000000E+000     0.878852E-006        0.2367
   591        0.00086771     0.000000E+000     0.887282E-006        0.2375
   592        0.00088011     0.000000E+000     0.873174E-006        0.2384
   593        0.00090638     0.000000E+000     0.887065E-006        0.2393
   594        0.00092032     0.000000E+000     0.878231E-006        0.2402
   595        0.00093493     0.000000E+000     0.873352E-006        0.2411
   596        0.00095026     0.000000E+000     0.872047E-006        0.2420
   597        0.00096636     0.000000E+000     0.871970E-006        0.2430
   598        0.00098332     0.000000E+000     0.869534E-006        0.2440
   599        0.00100120     0.000000E+000     0.862349E-006        0.2449
   600        0.00102009     0.000000E+000     0.850320E-006        0.2459
   601        0.00106089     0.000000E+000     0.867765E-006        0.2470
   602        0.00108299     0.000000E+000     0.849260E-006        0.2480
   603        0.00110653     0.000000E+000     0.830314E-006        0.2491
   604        0.00115800     0.000000E+000     0.849575E-006        0.2502
   605        0.00118625     0.000000E+000     0.832144E-006        0.2514
   606        0.00121666     0.000000E+000     0.817424E-006        0.2526
   607        0.00128425     0.000000E+000     0.850309E-006        0.2538
   608        0.00132203     0.000000E+000     0.841859E-006        0.2551
   609        0.00136334     0.000000E+000     0.837634E-006        0.2564
   610        0.00140878     0.000000E+000     0.837632E-006        0.2577
   611        0.00145910     0.000000E+000     0.841623E-006        0.2591
   612        0.00151522     0.000000E+000     0.849208E-006        0.2606
   613        0.00157835     0.000000E+000     0.860025E-006        0.2621
   614        0.00157835     0.000000E+000     0.801573E-006        0.2637
   615        0.00165351     0.000000E+000     0.817049E-006        0.2653
   616        0.00174054     0.000000E+000     0.836883E-006        0.2669
   617        0.00174054     0.000000E+000     0.772258E-006        0.2687
   618        0.00184932     0.000000E+000     0.801782E-006        0.2704
   619        0.00184932     0.000000E+000     0.736563E-006        0.2723
   620        0.00199158     0.000000E+000     0.782174E-006        0.2741
   621        0.00199158     0.000000E+000     0.715512E-006        0.2761
   622        0.00219074     0.000000E+000     0.788641E-006        0.2781
   623        0.00219074     0.000000E+000     0.717349E-006        0.2803
   624        0.00219074     0.000000E+000     0.653521E-006        0.2825
   625        0.00219074     0.000000E+000     0.596232E-006        0.2847
   626        0.00219074     0.000000E+000     0.544676E-006        0.2869
   627        0.00219074     0.000000E+000     0.498165E-006        0.2890
   628        0.00219074     0.000000E+000     0.456107E-006        0.2912
   629        0.00219074     0.000000E+000     0.417998E-006        0.2934
   630        0.00219074     0.000000E+000     0.383403E-006        0.2956
   631        0.00219074     0.000000E+000     0.351948E-006        0.2978
   632        0.00312500     0.000000E+000     0.643237E-006        0.3000
   633        0.00358796     0.000000E+000     0.744393E-006        0.3031
   634        0.00388696     0.000000E+000     0.757950E-006        0.3067
   635        0.00406364     0.000000E+000     0.714175E-006        0.3106
   636        0.00449139     0.000000E+000     0.744667E-006        0.3147
   637        0.00475559     0.000000E+000     0.705887E-006        0.3192
   638        0.00507263     0.000000E+000     0.673728E-006        0.3239
   639        0.00546283     0.000000E+000     0.649077E-006        0.3290
   640        0.00595945     0.000000E+000     0.633698E-006        0.3344
   641        0.00662162     0.000000E+000     0.631176E-006        0.3404
   642        0.00756756     0.000000E+000     0.649508E-006        0.3470
   643        0.00756756     0.000000E+000     0.506931E-006        0.3546
   644        0.00945945     0.000000E+000     0.599549E-006        0.3622
   645        0.00945945     0.000000E+000     0.443862E-006        0.3716
   646        0.00945945     0.000000E+000     0.329750E-006        0.3811
   647        0.00945945     0.000000E+000     0.245710E-006        0.3905
   648        0.01428571     0.000000E+000     0.386735E-006        0.4000
   649        0.01714286     0.000000E+000     0.344974E-006        0.4143
   650        0.02285714     0.000000E+000     0.336026E-006        0.4314
   651        0.02285714     0.000000E+000     0.171283E-006        0.4543
   652        0.02285714     0.000000E+000     0.878018E-007        0.4771
   653        0.05000000     0.000000E+000     0.146261E-006        0.5000
   654        0.05000000     0.000000E+000     0.350436E-007        0.5500
   655        0.10000000     0.000000E+000     0.175822E-007        0.6000
   656        0.10000000     0.000000E+000     0.110584E-008        0.7000
   657        0.10000000     0.000000E+000     0.749801E-010        0.8000
   658        0.10000000     0.000000E+000     0.544970E-011        0.9000
