#Update-step  Updatetime     Error of A        Error of phi      Time in fs
     1 *      0.02500000     0.000000E+000     0.163450E-003        0.0000
     1        0.02500000     0.000000E+000     0.617498E-004        0.0250
     2 *      0.01250000     0.000000E+000     0.854490E-004        0.0500
     2        0.01250000     0.000000E+000     0.187770E-004        0.0625
     3        0.02500000     0.000000E+000     0.231637E-004        0.0750
     4        0.05000000     0.000000E+000     0.858261E-005        0.1000
     5        0.05000000     0.000000E+000     0.340537E-005        0.1500
     6        0.10000000     0.000000E+000     0.239909E-005        0.2000
     7        0.10000000     0.000000E+000     0.787851E-006        0.3000
     8        0.10000000     0.000000E+000     0.290321E-004        0.4000
     9        0.10000000     0.000000E+000     0.106332E-005        0.5000
    10        0.10000000     0.000000E+000     0.366814E-005        0.6000
    11        0.10000000     0.000000E+000     0.205604E-006        0.7000
    12        0.10000000     0.000000E+000     0.996997E-006        0.8000
    13        0.10000000     0.000000E+000     0.205684E-005        0.9000
