#    Start: ------ Host: "mendez-famaf" ----------Thu Jun  2 20:48:11 2022

#    Time[fs]   CPU-time[s]     Delta-CPU    Real time        RealT[s]     [h]
#       -0.00           7.3                  Jun  2 20:48:19         0     0.00
         0.00          52.2        44.930    Jun  2 20:49:04        45     0.01
         0.00         260.7       208.450    Jun  2 20:52:32       253     0.07
         0.00         414.5       153.760    Jun  2 20:55:06       407     0.11
         0.00         537.8       123.290    Jun  2 20:57:09       530     0.15
         0.00         656.5       118.760    Jun  2 20:59:08       649     0.18
         0.01         762.8       106.290    Jun  2 21:00:54       755     0.21
         0.01         877.9       115.130    Jun  2 21:02:49       870     0.24
         0.01         990.5       112.530    Jun  2 21:04:42       983     0.27
         0.01        1090.1        99.650    Jun  2 21:06:22      1083     0.30
         0.01        1191.5       101.420    Jun  2 21:08:03      1184     0.33
         0.01        1301.0       109.500    Jun  2 21:09:53      1294     0.36
         0.01        1443.3       142.230    Jun  2 21:12:15      1436     0.40
         0.01        1588.3       145.070    Jun  2 21:14:40      1581     0.44
         0.01        1734.7       146.340    Jun  2 21:17:06      1727     0.48
         0.01        1909.2       174.510    Jun  2 21:20:01      1902     0.53
         0.02        2069.3       160.110    Jun  2 21:22:41      2062     0.57
         0.02        2229.8       160.520    Jun  2 21:25:21      2222     0.62
         0.02        2382.2       152.340    Jun  2 21:27:54      2375     0.66
         0.02        2530.9       148.760    Jun  2 21:30:23      2524     0.70
         0.02        2678.9       147.990    Jun  2 21:32:50      2671     0.74
         0.02        2826.1       147.160    Jun  2 21:35:18      2819     0.78
         0.02        2944.9       118.890    Jun  2 21:37:17      2938     0.82
         0.02        3039.1        94.170    Jun  2 21:38:51      3032     0.84
         0.02        3129.5        90.380    Jun  2 21:40:21      3122     0.87
         0.02        3216.5        86.980    Jun  2 21:41:48      3209     0.89
         0.03        3303.7        87.170    Jun  2 21:43:15      3296     0.92
         0.03        3390.2        86.520    Jun  2 21:44:42      3383     0.94
         0.03        3475.5        85.370    Jun  2 21:46:07      3468     0.96
         0.03        3560.8        85.260    Jun  2 21:47:32      3553     0.99
         0.03        3644.4        83.610    Jun  2 21:48:56      3637     1.01
         0.03        3728.2        83.760    Jun  2 21:50:20      3721     1.03
         0.03        3807.9        79.760    Jun  2 21:51:40      3801     1.06
         0.03        3888.2        80.260    Jun  2 21:53:00      3881     1.08
         0.03        3967.4        79.230    Jun  2 21:54:19      3960     1.10
         0.03        4046.0        78.630    Jun  2 21:55:38      4039     1.12
         0.04        4121.5        75.470    Jun  2 21:56:53      4114     1.14
         0.04        4194.9        73.420    Jun  2 21:58:07      4188     1.16
         0.04        4267.2        72.250    Jun  2 21:59:19      4260     1.18
         0.04        4339.1        71.870    Jun  2 22:00:31      4332     1.20
         0.04        4409.4        70.320    Jun  2 22:01:41      4402     1.22
         0.04        4479.0        69.630    Jun  2 22:02:51      4472     1.24
         0.04        4549.0        70.000    Jun  2 22:04:01      4542     1.26
         0.04        4614.1        65.060    Jun  2 22:05:06      4607     1.28
         0.04        4677.2        63.180    Jun  2 22:06:09      4670     1.30
         0.04        4738.6        61.330    Jun  2 22:07:10      4731     1.31
         0.05        4795.5        56.880    Jun  2 22:08:07      4788     1.33
         0.05        4854.0        58.520    Jun  2 22:09:06      4847     1.35
         0.05        4910.1        56.130    Jun  2 22:10:02      4903     1.36
         0.05        4964.8        54.740    Jun  2 22:10:57      4958     1.38
         0.05        5016.6        51.760    Jun  2 22:11:48      5009     1.39
         0.05        5067.4        50.770    Jun  2 22:12:39      5060     1.41
         0.05        5118.6        51.250    Jun  2 22:13:30      5111     1.42
         0.05        5170.3        51.680    Jun  2 22:14:22      5163     1.43
         0.05        5221.1        50.810    Jun  2 22:15:13      5214     1.45
         0.05        5270.9        49.750    Jun  2 22:16:03      5264     1.46
         0.06        5319.7        48.830    Jun  2 22:16:51      5312     1.48
         0.06        5367.3        47.630    Jun  2 22:17:39      5360     1.49
         0.06        5413.8        46.500    Jun  2 22:18:26      5407     1.50
         0.06        5460.2        46.390    Jun  2 22:19:12      5453     1.51
         0.06        5505.6        45.420    Jun  2 22:19:57      5498     1.53
         0.06        5549.7        44.080    Jun  2 22:20:42      5543     1.54
         0.06        5592.4        42.630    Jun  2 22:21:24      5585     1.55
         0.06        5635.5        43.170    Jun  2 22:22:07      5628     1.56
         0.06        5678.1        42.560    Jun  2 22:22:50      5671     1.58
         0.06        5720.7        42.620    Jun  2 22:23:33      5714     1.59
         0.07        5762.4        41.680    Jun  2 22:24:14      5755     1.60
         0.07        5803.1        40.740    Jun  2 22:24:55      5796     1.61
         0.07        5843.5        40.420    Jun  2 22:25:35      5836     1.62
         0.07        5883.0        39.420    Jun  2 22:26:15      5876     1.63
         0.07        5921.2        38.210    Jun  2 22:26:53      5914     1.64
         0.07        5958.6        37.420    Jun  2 22:27:30      5951     1.65
         0.07        5995.3        36.700    Jun  2 22:28:07      5988     1.66
         0.07        6030.8        35.490    Jun  2 22:28:43      6024     1.67
         0.07        6066.0        35.240    Jun  2 22:29:18      6059     1.68
         0.07        6100.4        34.360    Jun  2 22:29:52      6093     1.69
         0.08        6134.5        34.120    Jun  2 22:30:26      6127     1.70
         0.08        6167.4        32.900    Jun  2 22:30:59      6160     1.71
         0.08        6199.3        31.950    Jun  2 22:31:31      6192     1.72
         0.08        6231.0        31.600    Jun  2 22:32:03      6224     1.73
         0.08        6261.8        30.840    Jun  2 22:32:34      6255     1.74
         0.08        6292.2        30.370    Jun  2 22:33:04      6285     1.75
         0.08        6320.9        28.770    Jun  2 22:33:33      6314     1.75
         0.08        6348.7        27.730    Jun  2 22:34:01      6342     1.76
         0.08        6376.5        27.810    Jun  2 22:34:28      6369     1.77
         0.08        6403.6        27.090    Jun  2 22:34:55      6396     1.78
         0.09        6430.7        27.130    Jun  2 22:35:23      6424     1.78
         0.09        6456.8        26.110    Jun  2 22:35:49      6450     1.79
         0.09        6483.0        26.240    Jun  2 22:36:15      6476     1.80
         0.09        6508.6        25.590    Jun  2 22:36:40      6501     1.81
         0.09        6533.6        24.960    Jun  2 22:37:05      6526     1.81
         0.09        6558.2        24.610    Jun  2 22:37:30      6551     1.82
         0.09        6583.0        24.790    Jun  2 22:37:55      6576     1.83
         0.09        6607.0        24.020    Jun  2 22:38:19      6600     1.83
         0.09        6630.6        23.630    Jun  2 22:38:43      6624     1.84
         0.09        6653.5        22.830    Jun  2 22:39:05      6646     1.85
         0.10        6676.3        22.840    Jun  2 22:39:28      6669     1.85
         0.10        6698.4        22.110    Jun  2 22:39:50      6691     1.86
         0.10        6720.6        22.230    Jun  2 22:40:13      6714     1.86
         0.10        6742.1        21.410    Jun  2 22:40:34      6735     1.87
         0.10        6763.3        21.250    Jun  2 22:40:55      6756     1.88
         0.10        6784.6        21.320    Jun  2 22:41:17      6778     1.88
         0.10        6805.2        20.590    Jun  2 22:41:37      6798     1.89
         0.10        6826.1        20.850    Jun  2 22:41:58      6819     1.89
         0.10        6845.7        19.650    Jun  2 22:42:18      6839     1.90
         0.10        6865.4        19.700    Jun  2 22:42:37      6858     1.91
         0.11        6885.2        19.820    Jun  2 22:42:57      6878     1.91
         0.11        6904.3        19.020    Jun  2 22:43:16      6897     1.92
         0.11        6923.1        18.800    Jun  2 22:43:35      6916     1.92
         0.11        6941.9        18.880    Jun  2 22:43:54      6935     1.93
         0.11        6960.2        18.270    Jun  2 22:44:12      6953     1.93
         0.11        6978.5        18.280    Jun  2 22:44:30      6971     1.94
         0.11        6996.5        18.030    Jun  2 22:44:48      6989     1.94
         0.11        7013.8        17.260    Jun  2 22:45:06      7007     1.95
         0.11        7031.2        17.460    Jun  2 22:45:23      7024     1.95
         0.11        7048.6        17.400    Jun  2 22:45:41      7042     1.96
         0.12        7066.1        17.470    Jun  2 22:45:58      7059     1.96
         0.12        7082.8        16.660    Jun  2 22:46:15      7076     1.97
         0.12        7099.4        16.650    Jun  2 22:46:31      7092     1.97
         0.12        7115.9        16.470    Jun  2 22:46:48      7109     1.97
         0.12        7131.6        15.680    Jun  2 22:47:03      7124     1.98
         0.12        7147.5        15.900    Jun  2 22:47:19      7140     1.98
         0.12        7163.1        15.580    Jun  2 22:47:35      7156     1.99
         0.12        7178.7        15.620    Jun  2 22:47:51      7172     1.99
         0.12        7193.8        15.120    Jun  2 22:48:06      7187     2.00
         0.12        7208.7        14.890    Jun  2 22:48:21      7202     2.00
         0.13        7223.6        14.930    Jun  2 22:48:36      7217     2.00
         0.13        7238.6        15.030    Jun  2 22:48:51      7232     2.01
         0.13        7252.7        14.090    Jun  2 22:49:05      7246     2.01
         0.13        7267.0        14.300    Jun  2 22:49:19      7260     2.02
         0.13        7281.1        14.070    Jun  2 22:49:33      7274     2.02
         0.13        7295.3        14.160    Jun  2 22:49:47      7288     2.02
         0.13        7309.6        14.300    Jun  2 22:50:01      7302     2.03
         0.13        7322.8        13.210    Jun  2 22:50:15      7316     2.03
         0.13        7336.0        13.220    Jun  2 22:50:28      7329     2.04
         0.13        7349.2        13.240    Jun  2 22:50:41      7342     2.04
         0.14        7362.6        13.380    Jun  2 22:50:55      7356     2.04
         0.14        7375.8        13.210    Jun  2 22:51:08      7369     2.05
         0.14        7388.2        12.390    Jun  2 22:51:20      7381     2.05
         0.14        7400.8        12.560    Jun  2 22:51:33      7394     2.05
         0.14        7413.2        12.380    Jun  2 22:51:45      7406     2.06
         0.14        7425.6        12.400    Jun  2 22:51:57      7418     2.06
         0.14        7438.1        12.500    Jun  2 22:52:10      7431     2.06
         0.14        7449.6        11.550    Jun  2 22:52:22      7443     2.07
         0.14        7461.2        11.560    Jun  2 22:52:33      7454     2.07
         0.14        7472.8        11.670    Jun  2 22:52:45      7466     2.07
         0.15        7484.2        11.380    Jun  2 22:52:56      7477     2.08
         0.15        7495.6        11.340    Jun  2 22:53:07      7488     2.08
         0.15        7507.2        11.620    Jun  2 22:53:19      7500     2.08
         0.15        7517.7        10.520    Jun  2 22:53:30      7511     2.09
         0.15        7528.2        10.530    Jun  2 22:53:40      7521     2.09
         0.15        7539.0        10.790    Jun  2 22:53:51      7532     2.09
         0.15        7549.5        10.530    Jun  2 22:54:01      7542     2.10
         0.15        7560.2        10.670    Jun  2 22:54:12      7553     2.10
         0.15        7571.0        10.820    Jun  2 22:54:23      7564     2.10
         0.15        7581.7        10.680    Jun  2 22:54:34      7575     2.10
         0.16        7591.6         9.910    Jun  2 22:54:44      7585     2.11
         0.16        7601.6         9.960    Jun  2 22:54:54      7595     2.11
         0.16        7611.3         9.720    Jun  2 22:55:03      7604     2.11
         0.16        7621.1         9.750    Jun  2 22:55:13      7614     2.12
         0.16        7630.8         9.780    Jun  2 22:55:23      7624     2.12
         0.16        7640.5         9.710    Jun  2 22:55:32      7633     2.12
         0.16        7650.3         9.720    Jun  2 22:55:42      7643     2.12
         0.16        7660.0         9.780    Jun  2 22:55:52      7653     2.13
         0.16        7668.9         8.910    Jun  2 22:56:01      7662     2.13
         0.16        7677.9         8.920    Jun  2 22:56:10      7671     2.13
         0.17        7686.9         9.020    Jun  2 22:56:19      7680     2.13
         0.17        7695.8         8.910    Jun  2 22:56:28      7689     2.14
         0.17        7704.8         8.950    Jun  2 22:56:37      7698     2.14
         0.17        7713.9         9.100    Jun  2 22:56:46      7707     2.14
         0.17        7722.8         8.960    Jun  2 22:56:55      7716     2.14
         0.17        7731.8         8.940    Jun  2 22:57:04      7725     2.15
         0.17        7740.6         8.860    Jun  2 22:57:13      7734     2.15
         0.17        7748.4         7.800    Jun  2 22:57:20      7741     2.15
         0.17        7756.5         8.120    Jun  2 22:57:28      7749     2.15
         0.17        7764.5         7.930    Jun  2 22:57:36      7757     2.15
         0.18        7772.6         8.110    Jun  2 22:57:45      7766     2.16
         0.18        7780.8         8.270    Jun  2 22:57:53      7774     2.16
         0.18        7788.9         8.100    Jun  2 22:58:01      7782     2.16
         0.18        7797.3         8.350    Jun  2 22:58:09      7790     2.16
         0.18        7805.5         8.170    Jun  2 22:58:17      7798     2.17
         0.18        7813.6         8.110    Jun  2 22:58:26      7807     2.17
         0.18        7822.0         8.380    Jun  2 22:58:34      7815     2.17
         0.18        7830.0         8.090    Jun  2 22:58:42      7823     2.17
         0.18        7837.3         7.290    Jun  2 22:58:49      7830     2.17
         0.18        7844.6         7.290    Jun  2 22:58:57      7838     2.18
         0.19        7852.0         7.360    Jun  2 22:59:04      7845     2.18
         0.19        7859.2         7.250    Jun  2 22:59:11      7852     2.18
         0.19        7866.5         7.280    Jun  2 22:59:18      7859     2.18
         0.19        7873.8         7.250    Jun  2 22:59:26      7867     2.19
         0.19        7880.8         7.000    Jun  2 22:59:33      7874     2.19
         0.19        7887.9         7.110    Jun  2 22:59:40      7881     2.19
         0.19        7895.0         7.140    Jun  2 22:59:47      7888     2.19
         0.19        7902.2         7.230    Jun  2 22:59:54      7895     2.19
         0.19        7909.6         7.310    Jun  2 23:00:02      7903     2.20
         0.19        7917.1         7.530    Jun  2 23:00:09      7910     2.20
         0.20        7924.5         7.430    Jun  2 23:00:16      7917     2.20
         0.20        7931.9         7.430    Jun  2 23:00:24      7925     2.20
         0.20        7938.7         6.720    Jun  2 23:00:31      7932     2.20
         0.20        7945.2         6.590    Jun  2 23:00:37      7938     2.21
         0.20        7951.9         6.610    Jun  2 23:00:44      7945     2.21
         0.20        7958.5         6.610    Jun  2 23:00:50      7951     2.21
         0.20        7965.2         6.690    Jun  2 23:00:57      7958     2.21
         0.20        7971.8         6.630    Jun  2 23:01:04      7965     2.21
         0.20        7978.5         6.670    Jun  2 23:01:10      7971     2.21
         0.20        7985.3         6.820    Jun  2 23:01:17      7978     2.22
         0.21        7992.0         6.740    Jun  2 23:01:24      7985     2.22
         0.21        7998.9         6.840    Jun  2 23:01:31      7992     2.22
         0.21        8005.6         6.730    Jun  2 23:01:38      7999     2.22
         0.21        8012.3         6.740    Jun  2 23:01:44      8005     2.22
         0.21        8019.2         6.830    Jun  2 23:01:51      8012     2.23
         0.21        8025.9         6.740    Jun  2 23:01:58      8019     2.23
         0.21        8032.8         6.860    Jun  2 23:02:05      8026     2.23
         0.21        8039.5         6.710    Jun  2 23:02:11      8032     2.23
         0.21        8046.4         6.900    Jun  2 23:02:18      8039     2.23
         0.21        8053.2         6.850    Jun  2 23:02:25      8046     2.23
         0.22        8060.1         6.880    Jun  2 23:02:32      8053     2.24
         0.22        8066.9         6.760    Jun  2 23:02:39      8060     2.24
         0.22        8073.8         6.920    Jun  2 23:02:46      8067     2.24
         0.22        8079.7         5.900    Jun  2 23:02:52      8073     2.24
         0.22        8085.7         6.060    Jun  2 23:02:58      8079     2.24
         0.22        8091.8         6.100    Jun  2 23:03:04      8085     2.25
         0.22        8097.8         5.990    Jun  2 23:03:10      8091     2.25
         0.22        8103.9         6.080    Jun  2 23:03:16      8097     2.25
         0.22        8110.0         6.070    Jun  2 23:03:22      8103     2.25
         0.22        8116.0         5.990    Jun  2 23:03:28      8109     2.25
         0.23        8122.1         6.080    Jun  2 23:03:34      8115     2.25
         0.23        8128.1         6.000    Jun  2 23:03:40      8121     2.26
         0.23        8134.2         6.110    Jun  2 23:03:46      8127     2.26
         0.23        8140.1         5.910    Jun  2 23:03:52      8133     2.26
         0.23        8146.0         5.900    Jun  2 23:03:58      8139     2.26
         0.23        8152.0         6.040    Jun  2 23:04:04      8145     2.26
         0.23        8157.9         5.910    Jun  2 23:04:10      8151     2.26
         0.23        8163.7         5.820    Jun  2 23:04:16      8157     2.27
         0.23        8169.8         6.020    Jun  2 23:04:22      8163     2.27
         0.23        8175.7         5.970    Jun  2 23:04:28      8169     2.27
         0.24        8181.6         5.890    Jun  2 23:04:34      8175     2.27
         0.24        8187.6         5.980    Jun  2 23:04:40      8181     2.27
         0.24        8193.7         6.060    Jun  2 23:04:46      8187     2.27
         0.24        8199.6         5.910    Jun  2 23:04:52      8193     2.28
         0.24        8205.8         6.210    Jun  2 23:04:58      8199     2.28
         0.24        8212.1         6.340    Jun  2 23:05:04      8205     2.28
         0.24        8218.3         6.200    Jun  2 23:05:10      8211     2.28
         0.24        8225.5         7.180    Jun  2 23:05:17      8218     2.28
         0.24        8232.8         7.260    Jun  2 23:05:25      8226     2.29
         0.24        8240.2         7.420    Jun  2 23:05:32      8233     2.29
         0.25        8248.2         8.060    Jun  2 23:05:40      8241     2.29
         0.25        8257.2         8.990    Jun  2 23:05:49      8250     2.29
         0.25        8267.2         9.930    Jun  2 23:05:59      8260     2.29
         0.25        8278.1        10.970    Jun  2 23:06:10      8271     2.30
         0.25        8291.6        13.430    Jun  2 23:06:24      8285     2.30
         0.25        8309.2        17.640    Jun  2 23:06:41      8302     2.31
         0.25        8333.8        24.650    Jun  2 23:07:06      8327     2.31
         0.25        8370.2        36.340    Jun  2 23:07:42      8363     2.32
         0.25        8434.8        64.590    Jun  2 23:08:47      8428     2.34
         0.25        8519.4        84.640    Jun  2 23:10:11      8512     2.36
         0.26        8604.3        84.880    Jun  2 23:11:36      8597     2.39
         0.26        8687.2        82.890    Jun  2 23:12:59      8680     2.41
         0.26        8770.3        83.070    Jun  2 23:14:22      8763     2.43
         0.26        8851.5        81.210    Jun  2 23:15:43      8844     2.46
         0.26        8931.6        80.090    Jun  2 23:17:04      8925     2.48
         0.26        9009.9        78.320    Jun  2 23:18:22      9003     2.50
         0.26        9085.9        76.040    Jun  2 23:19:38      9079     2.52
         0.26        9161.3        75.390    Jun  2 23:20:53      9154     2.54
         0.26        9236.7        75.360    Jun  2 23:22:09      9230     2.56
         0.26        9311.6        74.920    Jun  2 23:23:24      9305     2.58
         0.27        9387.5        75.930    Jun  2 23:24:40      9381     2.61
         0.27        9463.9        76.380    Jun  2 23:25:56      9457     2.63
         0.27        9538.4        74.480    Jun  2 23:27:10      9531     2.65
         0.27        9611.4        73.040    Jun  2 23:28:24      9605     2.67
         0.27        9684.3        72.870    Jun  2 23:29:36      9677     2.69
         0.27        9755.8        71.490    Jun  2 23:30:48      9749     2.71
         0.27        9826.5        70.710    Jun  2 23:31:59      9820     2.73
         0.27        9895.6        69.120    Jun  2 23:33:08      9889     2.75
         0.27        9962.6        66.980    Jun  2 23:34:15      9956     2.77
         0.27       10029.6        67.000    Jun  2 23:35:22     10023     2.78
         0.28       10096.6        67.000    Jun  2 23:36:29     10090     2.80
         0.28       10162.9        66.300    Jun  2 23:37:35     10156     2.82
         0.28       10227.8        64.890    Jun  2 23:38:40     10221     2.84
         0.28       10293.6        65.860    Jun  2 23:39:46     10287     2.86
         0.28       10359.2        65.540    Jun  2 23:40:51     10352     2.88
         0.28       10424.7        65.550    Jun  2 23:41:57     10418     2.89
         0.28       10490.0        65.230    Jun  2 23:43:02     10483     2.91
         0.28       10554.7        64.780    Jun  2 23:44:07     10548     2.93
         0.28       10618.7        63.940    Jun  2 23:45:11     10612     2.95
         0.28       10682.4        63.700    Jun  2 23:46:15     10676     2.97
         0.29       10746.0        63.590    Jun  2 23:47:18     10739     2.98
         0.29       10809.2        63.270    Jun  2 23:48:21     10802     3.00
         0.29       10872.9        63.670    Jun  2 23:49:25     10866     3.02
         0.29       10935.2        62.300    Jun  2 23:50:27     10928     3.04
         0.29       11000.4        65.200    Jun  2 23:51:33     10994     3.05
         0.29       11076.1        75.730    Jun  2 23:52:48     11069     3.07
         0.29       11181.4       105.290    Jun  2 23:54:34     11175     3.10
         0.29       11286.4       104.940    Jun  2 23:56:19     11280     3.13
         0.29       11374.9        88.510    Jun  2 23:57:47     11368     3.16
         0.29       11451.9        77.020    Jun  2 23:59:04     11445     3.18
         0.30       11519.4        67.540    Jun  3 00:00:12     11513     3.20
         0.30       11583.0        63.530    Jun  3 00:01:15     11576     3.22
         0.30       11642.1        59.140    Jun  3 00:02:14     11635     3.23
         0.30       11697.7        55.570    Jun  3 00:03:10     11691     3.25
         0.30       11750.4        52.740    Jun  3 00:04:03     11744     3.26
         0.30       11799.9        49.500    Jun  3 00:04:52     11793     3.28
         0.30       11848.2        48.260    Jun  3 00:05:40     11841     3.29
         0.30       11895.2        47.030    Jun  3 00:06:27     11888     3.30
         0.30       11940.8        45.600    Jun  3 00:07:13     11934     3.31
         0.30       11985.2        44.350    Jun  3 00:07:57     11978     3.33
         0.31       12027.9        42.740    Jun  3 00:08:40     12021     3.34
         0.31       12069.2        41.330    Jun  3 00:09:21     12062     3.35
         0.31       12109.3        40.070    Jun  3 00:10:02     12103     3.36
         0.31       12147.6        38.310    Jun  3 00:10:40     12141     3.37
         0.31       12185.2        37.600    Jun  3 00:11:18     12179     3.38
         0.31       12222.1        36.910    Jun  3 00:11:54     12215     3.39
         0.31       12258.3        36.190    Jun  3 00:12:31     12252     3.40
         0.31       12293.8        35.510    Jun  3 00:13:06     12287     3.41
         0.31       12328.7        34.830    Jun  3 00:13:41     12322     3.42
         0.31       12362.8        34.120    Jun  3 00:14:15     12356     3.43
         0.32       12396.9        34.100    Jun  3 00:14:49     12390     3.44
         0.32       12430.3        33.430    Jun  3 00:15:23     12424     3.45
         0.32       12462.4        32.130    Jun  3 00:15:55     12456     3.46
         0.32       12494.4        31.980    Jun  3 00:16:27     12488     3.47
         0.32       12525.7        31.290    Jun  3 00:16:58     12519     3.48
         0.32       12556.3        30.600    Jun  3 00:17:29     12550     3.49
         0.32       12586.9        30.600    Jun  3 00:17:59     12580     3.49
         0.32       12617.5        30.600    Jun  3 00:18:30     12611     3.50
         0.32       12647.4        29.930    Jun  3 00:19:00     12641     3.51
         0.32       12677.4        29.920    Jun  3 00:19:30     12671     3.52
         0.33       12707.3        29.920    Jun  3 00:20:00     12701     3.53
         0.33       12737.2        29.920    Jun  3 00:20:29     12730     3.54
         0.33       12767.1        29.920    Jun  3 00:20:59     12760     3.54
         0.33       12797.0        29.940    Jun  3 00:21:29     12790     3.55
         0.33       12827.0        29.950    Jun  3 00:21:59     12820     3.56
         0.33       12856.9        29.920    Jun  3 00:22:29     12850     3.57
         0.33       12886.8        29.930    Jun  3 00:22:59     12880     3.58
         0.33       12916.8        29.920    Jun  3 00:23:29     12910     3.59
         0.33       12946.7        29.930    Jun  3 00:23:59     12940     3.59
         0.33       12977.3        30.610    Jun  3 00:24:30     12971     3.60
         0.34       13007.9        30.600    Jun  3 00:25:00     13001     3.61
         0.34       13038.5        30.590    Jun  3 00:25:31     13032     3.62
         0.34       13069.1        30.600    Jun  3 00:26:01     13062     3.63
         0.34       13100.4        31.300    Jun  3 00:26:33     13094     3.64
         0.34       13131.7        31.280    Jun  3 00:27:04     13125     3.65
         0.34       13163.0        31.290    Jun  3 00:27:35     13156     3.65
         0.34       13194.3        31.300    Jun  3 00:28:07     13188     3.66
         0.34       13226.2        31.960    Jun  3 00:28:39     13220     3.67
         0.34       13258.2        31.970    Jun  3 00:29:11     13252     3.68
         0.34       13290.2        31.960    Jun  3 00:29:42     13283     3.69
         0.35       13322.8        32.650    Jun  3 00:30:15     13316     3.70
         0.35       13355.5        32.650    Jun  3 00:30:48     13349     3.71
         0.35       13388.1        32.640    Jun  3 00:31:20     13381     3.72
         0.35       13421.4        33.330    Jun  3 00:31:54     13415     3.73
         0.35       13454.8        33.330    Jun  3 00:32:27     13448     3.74
         0.35       13488.1        33.330    Jun  3 00:33:00     13481     3.74
         0.35       13521.4        33.330    Jun  3 00:33:34     13515     3.75
         0.35       13555.4        34.010    Jun  3 00:34:08     13549     3.76
         0.35       13589.4        34.000    Jun  3 00:34:42     13583     3.77
         0.35       13623.4        34.010    Jun  3 00:35:16     13617     3.78
         0.36       13658.1        34.690    Jun  3 00:35:50     13651     3.79
         0.36       13692.8        34.680    Jun  3 00:36:25     13686     3.80
         0.36       13727.5        34.700    Jun  3 00:37:00     13721     3.81
         0.36       13762.9        35.350    Jun  3 00:37:35     13756     3.82
         0.36       13798.4        35.510    Jun  3 00:38:11     13792     3.83
         0.36       13833.8        35.390    Jun  3 00:38:46     13827     3.84
         0.36       13869.8        36.050    Jun  3 00:39:22     13863     3.85
         0.36       13905.9        36.040    Jun  3 00:39:58     13899     3.86
         0.36       13941.9        36.060    Jun  3 00:40:34     13935     3.87
         0.36       13978.0        36.040    Jun  3 00:41:10     13971     3.88
         0.37       14014.7        36.730    Jun  3 00:41:47     14008     3.89
         0.37       14051.4        36.720    Jun  3 00:42:24     14045     3.90
         0.37       14088.1        36.750    Jun  3 00:43:00     14081     3.91
         0.37       14125.5        37.400    Jun  3 00:43:38     14119     3.92
         0.37       14163.0        37.400    Jun  3 00:44:15     14156     3.93
         0.37       14200.4        37.420    Jun  3 00:44:53     14194     3.94
         0.37       14237.8        37.410    Jun  3 00:45:30     14231     3.95
         0.37       14275.9        38.090    Jun  3 00:46:08     14269     3.96
         0.37       14313.2        37.310    Jun  3 00:46:46     14307     3.97
         0.37       14350.1        36.940    Jun  3 00:47:23     14344     3.98
         0.38       14386.4        36.280    Jun  3 00:47:59     14380     3.99
         0.38       14423.3        36.920    Jun  3 00:48:36     14417     4.00
         0.38       14460.8        37.490    Jun  3 00:49:13     14454     4.01
         0.38       14498.7        37.850    Jun  3 00:49:51     14492     4.03
         0.38       14537.0        38.300    Jun  3 00:50:29     14530     4.04
         0.38       14576.4        39.440    Jun  3 00:51:09     14570     4.05
         0.38       14615.8        39.440    Jun  3 00:51:48     14609     4.06
         0.38       14655.3        39.460    Jun  3 00:52:28     14649     4.07
         0.38       14694.7        39.440    Jun  3 00:53:07     14688     4.08
         0.38       14733.9        39.180    Jun  3 00:53:46     14727     4.09
         0.39       14773.1        39.180    Jun  3 00:54:25     14766     4.10
         0.39       14812.3        39.170    Jun  3 00:55:05     14806     4.11
         0.39       14851.4        39.180    Jun  3 00:55:44     14845     4.12
         0.39       14890.6        39.170    Jun  3 00:56:23     14884     4.13
         0.39       14929.8        39.170    Jun  3 00:57:02     14923     4.15
         0.39       14969.6        39.840    Jun  3 00:57:42     14963     4.16
         0.39       15009.5        39.910    Jun  3 00:58:22     15003     4.17
         0.39       15049.5        39.950    Jun  3 00:59:02     15043     4.18
         0.39       15089.3        39.850    Jun  3 00:59:42     15083     4.19
         0.39       15129.2        39.850    Jun  3 01:00:22     15123     4.20
         0.40       15170.2        40.980    Jun  3 01:01:03     15164     4.21
         0.40       15212.7        42.570    Jun  3 01:01:46     15207     4.22
         0.40       15253.6        40.860    Jun  3 01:02:27     15248     4.24
         0.40       15294.1        40.510    Jun  3 01:03:08     15289     4.25
         0.40       15334.6        40.510    Jun  3 01:03:48     15329     4.26
         0.40       15375.2        40.540    Jun  3 01:04:29     15370     4.27
         0.40       15415.7        40.500    Jun  3 01:05:09     15410     4.28
         0.40       15456.2        40.500    Jun  3 01:05:50     15451     4.29
         0.40       15496.7        40.510    Jun  3 01:06:30     15491     4.30
         0.40       15537.2        40.520    Jun  3 01:07:11     15532     4.31
         0.41       15577.7        40.510    Jun  3 01:07:51     15572     4.33
         0.41       15618.2        40.510    Jun  3 01:08:32     15613     4.34
         0.41       15658.7        40.510    Jun  3 01:09:12     15653     4.35
         0.41       15699.2        40.500    Jun  3 01:09:53     15694     4.36
         0.41       15740.4        41.170    Jun  3 01:10:34     15735     4.37
         0.41       15781.6        41.180    Jun  3 01:11:15     15776     4.38
         0.41       15822.8        41.190    Jun  3 01:11:56     15817     4.39
         0.41       15863.9        41.160    Jun  3 01:12:38     15859     4.41
         0.41       15905.1        41.170    Jun  3 01:13:19     15900     4.42
         0.41       15946.5        41.380    Jun  3 01:14:00     15941     4.43
         0.42       15987.8        41.360    Jun  3 01:14:41     15982     4.44
         0.42       16029.1        41.290    Jun  3 01:15:23     16024     4.45
         0.42       16070.3        41.190    Jun  3 01:16:04     16065     4.46
         0.42       16111.5        41.170    Jun  3 01:16:45     16106     4.47
         0.42       16152.6        41.160    Jun  3 01:17:26     16147     4.49
         0.42       16193.8        41.170    Jun  3 01:18:07     16188     4.50
         0.42       16235.0        41.170    Jun  3 01:18:49     16230     4.51
         0.42       16276.1        41.170    Jun  3 01:19:30     16271     4.52
         0.42       16317.3        41.180    Jun  3 01:20:11     16312     4.53
         0.42       16358.5        41.180    Jun  3 01:20:52     16353     4.54
         0.43       16399.7        41.170    Jun  3 01:21:33     16394     4.55
         0.43       16440.2        40.480    Jun  3 01:22:14     16435     4.57
         0.43       16480.4        40.190    Jun  3 01:22:54     16475     4.58
         0.43       16520.5        40.170    Jun  3 01:23:34     16515     4.59
         0.43       16560.7        40.200    Jun  3 01:24:14     16555     4.60
         0.43       16600.9        40.180    Jun  3 01:24:55     16596     4.61
         0.43       16641.1        40.180    Jun  3 01:25:35     16636     4.62
         0.43       16681.4        40.300    Jun  3 01:26:15     16676     4.63
         0.43       16721.6        40.220    Jun  3 01:26:55     16716     4.64
         0.43       16761.8        40.180    Jun  3 01:27:35     16756     4.65
         0.44       16802.0        40.180    Jun  3 01:28:16     16797     4.67
         0.44       16842.1        40.160    Jun  3 01:28:56     16837     4.68
         0.44       16882.3        40.180    Jun  3 01:29:36     16877     4.69
         0.44       16922.5        40.150    Jun  3 01:30:16     16917     4.70
         0.44       16962.6        40.180    Jun  3 01:30:56     16957     4.71
         0.44       17002.8        40.180    Jun  3 01:31:37     16998     4.72
         0.44       17042.3        39.540    Jun  3 01:32:16     17037     4.73
         0.44       17081.9        39.530    Jun  3 01:32:56     17077     4.74
         0.44       17121.4        39.550    Jun  3 01:33:35     17116     4.75
         0.44       17161.0        39.530    Jun  3 01:34:15     17156     4.77
         0.45       17200.5        39.550    Jun  3 01:34:54     17195     4.78
         0.45       17240.0        39.530    Jun  3 01:35:34     17235     4.79
         0.45       17279.6        39.530    Jun  3 01:36:13     17274     4.80
         0.45       17319.1        39.530    Jun  3 01:36:53     17314     4.81
         0.45       17358.9        39.780    Jun  3 01:37:33     17354     4.82
         0.45       17399.4        40.500    Jun  3 01:38:13     17394     4.83
         0.45       17439.9        40.510    Jun  3 01:38:54     17435     4.84
         0.45       17480.4        40.540    Jun  3 01:39:34     17475     4.85
         0.45       17520.9        40.490    Jun  3 01:40:15     17516     4.87
         0.45       17560.8        39.850    Jun  3 01:40:55     17556     4.88
         0.46       17600.6        39.830    Jun  3 01:41:34     17595     4.89
         0.46       17640.4        39.840    Jun  3 01:42:14     17635     4.90
         0.46       17680.3        39.860    Jun  3 01:42:54     17675     4.91
         0.46       17720.1        39.830    Jun  3 01:43:34     17715     4.92
         0.46       17760.0        39.840    Jun  3 01:44:14     17755     4.93
         0.46       17799.8        39.840    Jun  3 01:44:54     17795     4.94
         0.46       17839.6        39.830    Jun  3 01:45:33     17834     4.95
         0.46       17879.5        39.830    Jun  3 01:46:13     17874     4.96
         0.46       17919.3        39.830    Jun  3 01:46:53     17914     4.98
         0.46       17958.5        39.180    Jun  3 01:47:32     17953     4.99
         0.46       17997.7        39.180    Jun  3 01:48:11     17992     5.00
         0.47       18036.8        39.160    Jun  3 01:48:51     18032     5.01
         0.47       18076.0        39.190    Jun  3 01:49:30     18071     5.02
         0.47       18115.2        39.180    Jun  3 01:50:09     18110     5.03
         0.47       18154.5        39.320    Jun  3 01:50:48     18149     5.04
         0.47       18194.6        40.140    Jun  3 01:51:28     18189     5.05
         0.47       18234.8        40.160    Jun  3 01:52:09     18230     5.06
         0.47       18275.2        40.390    Jun  3 01:52:49     18270     5.08
         0.47       18316.0        40.750    Jun  3 01:53:30     18311     5.09
         0.47       18357.0        41.090    Jun  3 01:54:11     18352     5.10
         0.47       18399.6        42.560    Jun  3 01:54:53     18394     5.11
         0.48       18442.0        42.430    Jun  3 01:55:36     18437     5.12
         0.48       18485.2        43.200    Jun  3 01:56:19     18480     5.13
         0.48       18528.6        43.330    Jun  3 01:57:02     18523     5.15
         0.48       18571.7        43.100    Jun  3 01:57:45     18566     5.16
         0.48       18614.7        43.040    Jun  3 01:58:29     18610     5.17
         0.48       18657.2        42.470    Jun  3 01:59:11     18652     5.18
         0.48       18700.1        42.950    Jun  3 01:59:54     18695     5.19
         0.48       18742.0        41.870    Jun  3 02:00:36     18737     5.20
         0.48       18784.1        42.070    Jun  3 02:01:18     18779     5.22
         0.48       18826.5        42.420    Jun  3 02:02:00     18821     5.23
         0.49       18868.2        41.760    Jun  3 02:02:42     18863     5.24
         0.49       18909.4        41.200    Jun  3 02:03:23     18904     5.25
         0.49       18950.3        40.840    Jun  3 02:04:04     18945     5.26
         0.49       18989.4        39.150    Jun  3 02:04:43     18984     5.27
         0.49       19027.9        38.510    Jun  3 02:05:22     19023     5.28
         0.49       19066.2        38.250    Jun  3 02:06:00     19061     5.29
         0.49       19103.8        37.630    Jun  3 02:06:38     19099     5.31
         0.49       19141.0        37.200    Jun  3 02:07:15     19136     5.32
         0.49       19178.2        37.180    Jun  3 02:07:52     19173     5.33
         0.49       19215.4        37.180    Jun  3 02:08:29     19210     5.34
         0.50       19251.9        36.540    Jun  3 02:09:06     19247     5.35
         0.50       19288.5        36.530    Jun  3 02:09:42     19283     5.36
         0.50       19324.6        36.140    Jun  3 02:10:19     19320     5.37
         0.50       19360.2        35.660    Jun  3 02:10:54     19355     5.38
         0.50       19395.9        35.640    Jun  3 02:11:30     19391     5.39
         0.50       19431.5        35.640    Jun  3 02:12:05     19426     5.40
         0.50       19467.2        35.640    Jun  3 02:12:41     19462     5.41
         0.50       19502.2        34.990    Jun  3 02:13:16     19497     5.42
         0.50       19537.1        34.990    Jun  3 02:13:51     19532     5.43
         0.50       19572.1        35.000    Jun  3 02:14:26     19567     5.44
         0.51       19607.1        34.990    Jun  3 02:15:01     19602     5.45
         0.51       19642.1        34.980    Jun  3 02:15:36     19637     5.45
         0.51       19677.1        34.990    Jun  3 02:16:11     19672     5.46
         0.51       19712.1        34.990    Jun  3 02:16:46     19707     5.47
         0.51       19746.4        34.320    Jun  3 02:17:20     19741     5.48
         0.51       19780.8        34.330    Jun  3 02:17:55     19776     5.49
         0.51       19815.1        34.350    Jun  3 02:18:29     19810     5.50
         0.51       19849.5        34.350    Jun  3 02:19:03     19844     5.51
         0.51       19883.8        34.340    Jun  3 02:19:38     19879     5.52
         0.51       19918.2        34.370    Jun  3 02:20:12     19913     5.53
         0.52       19952.5        34.360    Jun  3 02:20:46     19947     5.54
         0.52       19986.2        33.690    Jun  3 02:21:20     19981     5.55
         0.52       20019.9        33.700    Jun  3 02:21:54     20015     5.56
         0.52       20053.3        33.430    Jun  3 02:22:27     20048     5.57
         0.52       20086.2        32.880    Jun  3 02:23:00     20081     5.58
         0.52       20119.1        32.880    Jun  3 02:23:33     20114     5.59
         0.52       20152.1        33.020    Jun  3 02:24:06     20147     5.60
         0.52       20184.5        32.350    Jun  3 02:24:38     20179     5.61
         0.52       20216.9        32.430    Jun  3 02:25:11     20212     5.61
         0.52       20249.5        32.620    Jun  3 02:25:43     20244     5.62
         0.53       20282.2        32.730    Jun  3 02:26:16     20277     5.63
         0.53       20315.3        33.060    Jun  3 02:26:49     20310     5.64
         0.53       20348.6        33.260    Jun  3 02:27:23     20344     5.65
         0.53       20381.7        33.090    Jun  3 02:27:56     20377     5.66
         0.53       20415.6        33.950    Jun  3 02:28:30     20411     5.67
         0.53       20449.4        33.790    Jun  3 02:29:03     20444     5.68
         0.53       20482.6        33.210    Jun  3 02:29:37     20478     5.69
         0.53       20515.8        33.180    Jun  3 02:30:10     20511     5.70
         0.53       20549.0        33.180    Jun  3 02:30:43     20544     5.71
         0.53       20581.5        32.500    Jun  3 02:31:15     20576     5.72
         0.54       20613.8        32.370    Jun  3 02:31:48     20609     5.72
         0.54       20647.0        33.120    Jun  3 02:32:21     20642     5.73
         0.54       20680.1        33.170    Jun  3 02:32:54     20675     5.74
         0.54       20713.3        33.160    Jun  3 02:33:27     20708     5.75
         0.54       20747.6        34.270    Jun  3 02:34:02     20743     5.76
         0.54       20780.4        32.820    Jun  3 02:34:34     20775     5.77
         0.54       20812.3        31.880    Jun  3 02:35:06     20807     5.78
         0.54       20844.1        31.870    Jun  3 02:35:38     20839     5.79
         0.54       20875.9        31.800    Jun  3 02:36:10     20871     5.80
         0.54       20907.1        31.140    Jun  3 02:36:41     20902     5.81
         0.55       20938.2        31.100    Jun  3 02:37:12     20933     5.81
         0.55       20968.6        30.450    Jun  3 02:37:43     20964     5.82
         0.55       20999.1        30.460    Jun  3 02:38:13     20994     5.83
         0.55       21029.5        30.450    Jun  3 02:38:44     21025     5.84
         0.55       21060.0        30.470    Jun  3 02:39:14     21055     5.85
         0.55       21090.4        30.440    Jun  3 02:39:44     21085     5.86
         0.55       21120.9        30.470    Jun  3 02:40:15     21116     5.87
         0.55       21151.4        30.480    Jun  3 02:40:45     21146     5.87
         0.55       21181.8        30.450    Jun  3 02:41:16     21177     5.88
         0.56       21212.3        30.460    Jun  3 02:41:46     21207     5.89
         0.56       21242.8        30.450    Jun  3 02:42:17     21238     5.90
         0.56       21273.2        30.460    Jun  3 02:42:47     21268     5.91
         0.56       21303.7        30.460    Jun  3 02:43:18     21299     5.92
         0.56       21334.1        30.460    Jun  3 02:43:48     21329     5.92
         0.56       21365.2        31.110    Jun  3 02:44:19     21360     5.93
         0.56       21396.4        31.110    Jun  3 02:44:50     21391     5.94
         0.56       21427.5        31.110    Jun  3 02:45:22     21423     5.95
         0.56       21459.2        31.760    Jun  3 02:45:53     21454     5.96
         0.56       21491.9        32.680    Jun  3 02:46:26     21487     5.97
         0.57       21525.2        33.340    Jun  3 02:46:59     21520     5.98
         0.57       21558.9        33.700    Jun  3 02:47:33     21554     5.99
         0.57       21594.1        35.190    Jun  3 02:48:08     21589     6.00
         0.57       21630.6        36.520    Jun  3 02:48:45     21626     6.01
         0.57       21668.5        37.850    Jun  3 02:49:23     21664     6.02
         0.57       21708.4        39.870    Jun  3 02:50:02     21703     6.03
         0.57       21750.9        42.490    Jun  3 02:50:45     21746     6.04
         0.57       21796.7        45.820    Jun  3 02:51:31     21792     6.05
         0.57       21846.5        49.810    Jun  3 02:52:21     21842     6.07
         0.57       21900.9        54.450    Jun  3 02:53:15     21896     6.08
         0.58       21960.3        59.350    Jun  3 02:54:14     21955     6.10
         0.58       22026.7        66.410    Jun  3 02:55:21     22022     6.12
         0.58       22099.6        72.860    Jun  3 02:56:34     22095     6.14
         0.58       22177.9        78.370    Jun  3 02:57:52     22173     6.16
         0.58       22264.1        86.180    Jun  3 02:59:18     22259     6.18
         0.58       22358.1        93.970    Jun  3 03:00:52     22353     6.21
         0.58       22459.5       101.440    Jun  3 03:02:34     22455     6.24
         0.58       22568.1       108.610    Jun  3 03:04:22     22563     6.27
         0.58       22682.2       114.110    Jun  3 03:06:16     22677     6.30
         0.58       22802.2       120.000    Jun  3 03:08:16     22797     6.33
         0.59       22926.6       124.380    Jun  3 03:10:21     22922     6.37
         0.59       23054.3       127.670    Jun  3 03:12:28     23049     6.40
         0.59       23185.2       130.890    Jun  3 03:14:39     23180     6.44
         0.59       23318.8       133.620    Jun  3 03:16:53     23314     6.48
         0.59       23453.6       134.800    Jun  3 03:19:08     23449     6.51
         0.59       23588.5       134.900    Jun  3 03:21:23     23584     6.55
         0.59       23722.5       133.960    Jun  3 03:23:37     23718     6.59
         0.59       23857.0       134.580    Jun  3 03:25:51     23852     6.63
         0.59       23992.2       135.210    Jun  3 03:28:06     23987     6.66
         0.59       24127.4       135.170    Jun  3 03:30:22     24123     6.70
         0.60       24262.8       135.340    Jun  3 03:32:37     24258     6.74
         0.60       24398.0       135.190    Jun  3 03:34:52     24393     6.78
         0.60       24533.1       135.180    Jun  3 03:37:07     24528     6.81
         0.60       24668.3       135.180    Jun  3 03:39:22     24663     6.85
         0.60       24803.5       135.180    Jun  3 03:41:38     24799     6.89
         0.60       24938.7       135.180    Jun  3 03:43:53     24934     6.93
         0.60       25073.9       135.210    Jun  3 03:46:08     25069     6.96
         0.60       25208.8       134.940    Jun  3 03:48:23     25204     7.00
         0.60       25343.4       134.570    Jun  3 03:50:38     25339     7.04
         0.60       25477.3       133.940    Jun  3 03:52:52     25473     7.08
         0.61       25609.8       132.470    Jun  3 03:55:04     25605     7.11
         0.61       25739.7       129.910    Jun  3 03:57:14     25735     7.15
         0.61       25869.6       129.900    Jun  3 03:59:24     25865     7.18
         0.61       25998.9       129.290    Jun  3 04:01:33     25994     7.22
         0.61       26127.5       128.650    Jun  3 04:03:42     26123     7.26
         0.61       26255.6       128.060    Jun  3 04:05:50     26251     7.29
         0.61       26383.7       128.070    Jun  3 04:07:58     26379     7.33
         0.61       26511.1       127.430    Jun  3 04:10:05     26506     7.36
         0.61       26637.9       126.820    Jun  3 04:12:12     26633     7.40
         0.61       26764.1       126.190    Jun  3 04:14:18     26759     7.43
         0.62       26889.7       125.590    Jun  3 04:16:24     26885     7.47
         0.62       27014.8       125.130    Jun  3 04:18:29     27010     7.50
         0.62       27139.2       124.390    Jun  3 04:20:34     27135     7.54
         0.62       27263.0       123.760    Jun  3 04:22:37     27258     7.57
         0.62       27386.1       123.120    Jun  3 04:24:40     27381     7.61
         0.62       27508.6       122.500    Jun  3 04:26:43     27504     7.64
         0.62       27630.7       122.060    Jun  3 04:28:45     27626     7.67
         0.62       27751.3       120.660    Jun  3 04:30:46     27747     7.71
         0.62       27871.4       120.030    Jun  3 04:32:46     27867     7.74
         0.62       27990.8       119.440    Jun  3 04:34:45     27986     7.77
         0.63       28109.6       118.830    Jun  3 04:36:44     28105     7.81
         0.63       28227.4       117.780    Jun  3 04:38:42     28223     7.84
         0.63       28344.4       116.990    Jun  3 04:40:39     28340     7.87
         0.63       28460.7       116.330    Jun  3 04:42:35     28456     7.90
         0.63       28575.8       115.120    Jun  3 04:44:30     28571     7.94
         0.63       28690.4       114.500    Jun  3 04:46:25     28686     7.97
         0.63       28803.6       113.260    Jun  3 04:48:18     28799     8.00
         0.63       28916.2       112.640    Jun  3 04:50:11     28912     8.03
         0.63       29027.7       111.440    Jun  3 04:52:02     29023     8.06
         0.63       29138.9       111.220    Jun  3 04:53:53     29134     8.09
         0.64       29248.9       109.950    Jun  3 04:55:43     29244     8.12
         0.64       29357.9       109.060    Jun  3 04:57:32     29353     8.15
         0.64       29465.8       107.850    Jun  3 04:59:20     29461     8.18
         0.64       29572.9       107.110    Jun  3 05:01:07     29568     8.21
         0.64       29678.9       106.020    Jun  3 05:02:53     29674     8.24
         0.64       29783.6       104.660    Jun  3 05:04:38     29779     8.27
         0.64       29887.6       104.090    Jun  3 05:06:22     29883     8.30
         0.64       29990.5       102.830    Jun  3 05:08:05     29986     8.33
         0.64       30092.7       102.190    Jun  3 05:09:47     30088     8.36
         0.64       30193.2       100.490    Jun  3 05:11:28     30189     8.39
         0.65       30290.6        97.440    Jun  3 05:13:05     30286     8.41
         0.65       30387.1        96.500    Jun  3 05:14:42     30383     8.44
         0.65       30482.4        95.330    Jun  3 05:16:17     30478     8.47
         0.65       30577.5        95.110    Jun  3 05:17:52     30573     8.49
         0.65       30671.2        93.690    Jun  3 05:19:26     30667     8.52
         0.65       30763.6        92.330    Jun  3 05:20:58     30759     8.54
         0.65       30855.3        91.740    Jun  3 05:22:30     30851     8.57
         0.65       30946.1        90.830    Jun  3 05:24:01     30942     8.60
         0.65       31035.8        89.720    Jun  3 05:25:30     31031     8.62
         0.65       31124.7        88.880    Jun  3 05:26:59     31120     8.64
         0.66       31212.4        87.690    Jun  3 05:28:27     31208     8.67
         0.66       31299.4        86.940    Jun  3 05:29:54     31295     8.69
         0.66       31385.1        85.740    Jun  3 05:31:20     31381     8.72
         0.66       31469.7        84.570    Jun  3 05:32:44     31465     8.74
         0.66       31553.6        83.950    Jun  3 05:34:08     31549     8.76
         0.66       31636.4        82.750    Jun  3 05:35:31     31632     8.79
         0.66       31718.5        82.110    Jun  3 05:36:53     31714     8.81
         0.66       31799.4        80.950    Jun  3 05:38:14     31795     8.83
         0.66       31879.8        80.340    Jun  3 05:39:34     31875     8.85
         0.66       31958.9        79.140    Jun  3 05:40:53     31954     8.88
         0.67       32037.5        78.550    Jun  3 05:42:12     32033     8.90
         0.67       32114.8        77.360    Jun  3 05:43:29     32110     8.92
         0.67       32191.6        76.740    Jun  3 05:44:46     32187     8.94
         0.67       32267.1        75.550    Jun  3 05:46:02     32263     8.96
         0.67       32342.0        74.940    Jun  3 05:47:17     32338     8.98
         0.67       32415.8        73.760    Jun  3 05:48:30     32411     9.00
         0.67       32489.0        73.150    Jun  3 05:49:44     32485     9.02
         0.67       32561.5        72.550    Jun  3 05:50:56     32557     9.04
         0.67       32632.9        71.370    Jun  3 05:52:07     32628     9.06
         0.67       32703.6        70.750    Jun  3 05:53:18     32699     9.08
         0.68       32773.2        69.590    Jun  3 05:54:28     32769     9.10
         0.68       32842.2        68.950    Jun  3 05:55:37     32838     9.12
         0.68       32910.5        68.350    Jun  3 05:56:45     32906     9.14
         0.68       32977.9        67.410    Jun  3 05:57:53     32974     9.16
         0.68       33044.8        66.840    Jun  3 05:58:59     33040     9.18
         0.68       33110.7        65.960    Jun  3 06:00:05     33106     9.20
         0.68       33176.1        65.360    Jun  3 06:01:11     33172     9.21
         0.68       33240.2        64.160    Jun  3 06:02:15     33236     9.23
         0.68       33303.8        63.540    Jun  3 06:03:18     33299     9.25
         0.68       33366.8        62.960    Jun  3 06:04:21     33362     9.27
         0.69       33429.1        62.360    Jun  3 06:05:24     33425     9.28
         0.69       33490.3        61.160    Jun  3 06:06:25     33486     9.30
         0.69       33550.8        60.560    Jun  3 06:07:26     33547     9.32
         0.69       33610.8        59.940    Jun  3 06:08:25     33606     9.34
         0.69       33671.9        61.180    Jun  3 06:09:27     33668     9.35
         0.69       33730.7        58.760    Jun  3 06:10:25     33726     9.37
         0.69       33789.4        58.720    Jun  3 06:11:24     33785     9.38
         0.69       33847.0        57.560    Jun  3 06:12:22     33843     9.40
         0.69       33904.0        56.970    Jun  3 06:13:19     33900     9.42
         0.69       33960.3        56.370    Jun  3 06:14:15     33956     9.43
         0.70       34015.5        55.160    Jun  3 06:15:10     34011     9.45
         0.70       34070.1        54.580    Jun  3 06:16:05     34066     9.46
         0.70       34124.0        53.960    Jun  3 06:16:59     34120     9.48
         0.70       34179.8        55.760    Jun  3 06:17:54     34175     9.49
         0.70       34232.6        52.780    Jun  3 06:18:47     34228     9.51
         0.70       34284.7        52.170    Jun  3 06:19:39     34280     9.52
         0.70       34336.6        51.860    Jun  3 06:20:31     34332     9.54
         0.70       34387.6        50.980    Jun  3 06:21:22     34383     9.55
         0.70       34438.6        50.970    Jun  3 06:22:13     34434     9.56
         0.70       34487.9        49.390    Jun  3 06:23:03     34484     9.58
         0.71       34536.4        48.440    Jun  3 06:23:51     34532     9.59
         0.71       34584.2        47.870    Jun  3 06:24:39     34580     9.61
         0.71       34631.5        47.270    Jun  3 06:25:26     34627     9.62
         0.71       34678.2        46.700    Jun  3 06:26:13     34674     9.63
         0.71       34724.3        46.120    Jun  3 06:26:59     34720     9.64
         0.71       34769.9        45.520    Jun  3 06:27:45     34766     9.66
         0.71       34814.8        44.940    Jun  3 06:28:30     34811     9.67
         0.71       34859.7        44.940    Jun  3 06:29:15     34856     9.68
         0.71       34904.1        44.360    Jun  3 06:29:59     34900     9.69
         0.71       34947.9        43.790    Jun  3 06:30:43     34944     9.71
         0.72       34991.1        43.220    Jun  3 06:31:26     34987     9.72
         0.72       35033.7        42.600    Jun  3 06:32:09     35030     9.73
         0.72       35076.3        42.600    Jun  3 06:32:51     35072     9.74
         0.72       35118.3        42.030    Jun  3 06:33:33     35114     9.75
         0.72       35159.9        41.560    Jun  3 06:34:15     35156     9.77
         0.72       35201.1        41.220    Jun  3 06:34:56     35197     9.78
         0.72       35242.2        41.060    Jun  3 06:35:37     35238     9.79
         0.72       35282.5        40.310    Jun  3 06:36:17     35278     9.80
         0.72       35322.2        39.730    Jun  3 06:36:57     35318     9.81
         0.72       35361.3        39.090    Jun  3 06:37:36     35357     9.82
         0.73       35400.4        39.130    Jun  3 06:38:15     35396     9.83
         0.73       35438.9        38.510    Jun  3 06:38:54     35435     9.84
         0.73       35476.9        37.940    Jun  3 06:39:32     35473     9.85
         0.73       35514.8        37.950    Jun  3 06:40:10     35511     9.86
         0.73       35552.2        37.380    Jun  3 06:40:47     35548     9.87
         0.73       35589.0        36.770    Jun  3 06:41:24     35585     9.88
         0.73       35625.9        36.940    Jun  3 06:42:01     35622     9.89
         0.73       35662.1        36.200    Jun  3 06:42:37     35658     9.90
         0.73       35697.8        35.620    Jun  3 06:43:13     35694     9.91
         0.73       35733.4        35.610    Jun  3 06:43:48     35729     9.92
         0.74       35768.4        35.020    Jun  3 06:44:23     35764     9.93
         0.74       35803.4        35.040    Jun  3 06:44:58     35799     9.94
         0.74       35837.9        34.440    Jun  3 06:45:33     35834     9.95
         0.74       35871.7        33.860    Jun  3 06:46:07     35868     9.96
         0.74       35905.6        33.870    Jun  3 06:46:40     35901     9.97
         0.74       35938.9        33.270    Jun  3 06:47:14     35935     9.98
         0.74       35972.1        33.280    Jun  3 06:47:47     35968     9.99
         0.74       36004.8        32.710    Jun  3 06:48:20     36001    10.00
         0.74       36037.0        32.110    Jun  3 06:48:52     36033    10.01
         0.74       36069.1        32.100    Jun  3 06:49:24     36065    10.02
         0.75       36100.6        31.530    Jun  3 06:49:55     36096    10.03
         0.75       36132.1        31.530    Jun  3 06:50:27     36128    10.04
         0.75       36163.1        30.940    Jun  3 06:50:58     36159    10.04
         0.75       36194.0        30.940    Jun  3 06:51:29     36190    10.05
         0.75       36224.4        30.370    Jun  3 06:51:59     36220    10.06
         0.75       36254.8        30.380    Jun  3 06:52:30     36251    10.07
         0.75       36284.5        29.770    Jun  3 06:52:59     36280    10.08
         0.75       36314.3        29.800    Jun  3 06:53:29     36310    10.09
         0.75       36343.5        29.180    Jun  3 06:53:58     36339    10.09
         0.75       36372.7        29.190    Jun  3 06:54:28     36369    10.10
         0.76       36402.1        29.400    Jun  3 06:54:57     36398    10.11
         0.76       36430.8        28.750    Jun  3 06:55:26     36427    10.12
         0.76       36459.6        28.800    Jun  3 06:55:55     36456    10.13
         0.76       36488.4        28.800    Jun  3 06:56:23     36484    10.13
         0.76       36516.6        28.190    Jun  3 06:56:52     36513    10.14
         0.76       36544.8        28.180    Jun  3 06:57:20     36541    10.15
         0.76       36572.4        27.590    Jun  3 06:57:47     36568    10.16
         0.76       36600.0        27.610    Jun  3 06:58:15     36596    10.17
         0.76       36627.6        27.560    Jun  3 06:58:42     36623    10.17
         0.76       36654.6        27.000    Jun  3 06:59:09     36650    10.18
         0.77       36681.5        26.970    Jun  3 06:59:36     36677    10.19
         0.77       36707.9        26.400    Jun  3 07:00:03     36704    10.20
         0.77       36734.3        26.390    Jun  3 07:00:29     36730    10.20
         0.77       36760.1        25.790    Jun  3 07:00:55     36756    10.21
         0.77       36785.9        25.760    Jun  3 07:01:21     36782    10.22
         0.77       36811.0        25.120    Jun  3 07:01:46     36807    10.22
         0.77       36836.1        25.050    Jun  3 07:02:11     36832    10.23
         0.77       36860.6        24.520    Jun  3 07:02:35     36856    10.24
         0.77       36884.9        24.300    Jun  3 07:03:00     36881    10.24
         0.77       36908.8        23.940    Jun  3 07:03:24     36905    10.25
         0.78       36932.8        23.960    Jun  3 07:03:48     36929    10.26
         0.78       36956.1        23.350    Jun  3 07:04:11     36952    10.26
         0.78       36979.5        23.360    Jun  3 07:04:34     36975    10.27
         0.78       37002.8        23.360    Jun  3 07:04:58     36999    10.28
         0.78       37025.6        22.770    Jun  3 07:05:21     37022    10.28
         0.78       37048.4        22.770    Jun  3 07:05:43     37044    10.29
         0.78       37071.2        22.770    Jun  3 07:06:06     37067    10.30
         0.78       37093.3        22.200    Jun  3 07:06:28     37089    10.30
         0.78       37115.6        22.220    Jun  3 07:06:51     37112    10.31
         0.78       37137.3        21.780    Jun  3 07:07:12     37133    10.31
         0.79       37159.1        21.760    Jun  3 07:07:34     37155    10.32
         0.79       37180.8        21.730    Jun  3 07:07:56     37177    10.33
         0.79       37201.9        21.080    Jun  3 07:08:17     37198    10.33
         0.79       37223.0        21.090    Jun  3 07:08:38     37219    10.34
         0.79       37244.0        21.020    Jun  3 07:08:59     37240    10.34
         0.79       37265.1        21.080    Jun  3 07:09:20     37261    10.35
         0.79       37285.6        20.520    Jun  3 07:09:41     37282    10.36
         0.79       37306.1        20.450    Jun  3 07:10:01     37302    10.36
         0.79       37326.5        20.440    Jun  3 07:10:21     37322    10.37
         0.79       37346.4        19.850    Jun  3 07:10:41     37342    10.37
         0.80       37366.2        19.870    Jun  3 07:11:01     37362    10.38
         0.80       37386.1        19.860    Jun  3 07:11:21     37382    10.38
         0.80       37405.4        19.300    Jun  3 07:11:40     37401    10.39
         0.80       37424.7        19.280    Jun  3 07:12:00     37421    10.39
         0.80       37443.9        19.260    Jun  3 07:12:19     37440    10.40
         0.80       37462.6        18.700    Jun  3 07:12:38     37459    10.41
         0.80       37481.3        18.690    Jun  3 07:12:56     37477    10.41
         0.80       37500.0        18.700    Jun  3 07:13:15     37496    10.42
         0.80       37518.7        18.690    Jun  3 07:13:34     37515    10.42
         0.80       37536.8        18.100    Jun  3 07:13:52     37533    10.43
         0.81       37554.9        18.120    Jun  3 07:14:10     37551    10.43
         0.81       37573.0        18.090    Jun  3 07:14:28     37569    10.44
         0.81       37591.1        18.100    Jun  3 07:14:46     37587    10.44
         0.81       37608.7        17.550    Jun  3 07:15:04     37605    10.45
         0.81       37626.2        17.520    Jun  3 07:15:21     37622    10.45
         0.81       37643.7        17.520    Jun  3 07:15:39     37640    10.46
         0.81       37661.2        17.530    Jun  3 07:15:56     37657    10.46
         0.81       37678.2        16.940    Jun  3 07:16:13     37674    10.46
         0.81       37695.1        16.950    Jun  3 07:16:30     37691    10.47
         0.81       37712.1        16.930    Jun  3 07:16:47     37708    10.47
         0.82       37729.0        16.950    Jun  3 07:17:04     37725    10.48
         0.82       37745.4        16.350    Jun  3 07:17:20     37741    10.48
         0.82       37761.7        16.350    Jun  3 07:17:37     37758    10.49
         0.82       37778.1        16.350    Jun  3 07:17:53     37774    10.49
         0.82       37794.4        16.370    Jun  3 07:18:09     37790    10.50
         0.82       37810.2        15.760    Jun  3 07:18:25     37806    10.50
         0.82       37826.0        15.770    Jun  3 07:18:41     37822    10.51
         0.82       37841.8        15.780    Jun  3 07:18:57     37838    10.51
         0.82       37857.5        15.760    Jun  3 07:19:13     37854    10.52
         0.82       37872.7        15.190    Jun  3 07:19:28     37869    10.52
         0.83       37887.9        15.180    Jun  3 07:19:43     37884    10.52
         0.83       37903.1        15.200    Jun  3 07:19:58     37899    10.53
         0.83       37918.3        15.190    Jun  3 07:20:13     37914    10.53
         0.83       37933.5        15.190    Jun  3 07:20:28     37929    10.54
         0.83       37948.1        14.600    Jun  3 07:20:43     37944    10.54
         0.83       37962.7        14.620    Jun  3 07:20:58     37959    10.54
         0.83       37977.3        14.610    Jun  3 07:21:12     37973    10.55
         0.83       37991.9        14.590    Jun  3 07:21:27     37988    10.55
         0.83       38006.5        14.600    Jun  3 07:21:41     38002    10.56
         0.83       38020.5        14.030    Jun  3 07:21:56     38017    10.56
         0.84       38034.6        14.050    Jun  3 07:22:10     38031    10.56
         0.84       38048.6        14.020    Jun  3 07:22:24     38045    10.57
         0.84       38062.6        14.010    Jun  3 07:22:38     38059    10.57
         0.84       38076.6        14.020    Jun  3 07:22:52     38073    10.58
         0.84       38090.1        13.440    Jun  3 07:23:05     38086    10.58
         0.84       38103.5        13.430    Jun  3 07:23:19     38100    10.58
         0.84       38116.9        13.450    Jun  3 07:23:32     38113    10.59
         0.84       38130.4        13.430    Jun  3 07:23:45     38126    10.59
         0.84       38143.8        13.440    Jun  3 07:23:59     38140    10.59
         0.84       38156.6        12.850    Jun  3 07:24:12     38153    10.60
         0.85       38169.5        12.850    Jun  3 07:24:25     38166    10.60
         0.85       38182.3        12.850    Jun  3 07:24:37     38178    10.61
         0.85       38195.2        12.850    Jun  3 07:24:50     38191    10.61
         0.85       38208.1        12.870    Jun  3 07:25:03     38204    10.61
         0.85       38220.9        12.850    Jun  3 07:25:16     38217    10.62
         0.85       38233.2        12.260    Jun  3 07:25:28     38229    10.62
         0.85       38245.4        12.270    Jun  3 07:25:40     38241    10.62
         0.85       38257.7        12.260    Jun  3 07:25:53     38254    10.63
         0.85       38270.0        12.290    Jun  3 07:26:05     38266    10.63
         0.85       38282.3        12.260    Jun  3 07:26:17     38278    10.63
         0.86       38294.6        12.340    Jun  3 07:26:30     38291    10.64
         0.86       38306.4        11.770    Jun  3 07:26:41     38302    10.64
         0.86       38318.1        11.700    Jun  3 07:26:53     38314    10.64
         0.86       38329.8        11.700    Jun  3 07:27:05     38326    10.65
         0.86       38341.4        11.680    Jun  3 07:27:16     38337    10.65
         0.86       38353.1        11.680    Jun  3 07:27:28     38349    10.65
         0.86       38364.8        11.680    Jun  3 07:27:40     38361    10.66
         0.86       38375.9        11.100    Jun  3 07:27:51     38372    10.66
         0.86       38387.0        11.120    Jun  3 07:28:02     38383    10.66
         0.86       38398.1        11.100    Jun  3 07:28:13     38394    10.66
         0.87       38409.2        11.110    Jun  3 07:28:24     38405    10.67
         0.87       38420.3        11.090    Jun  3 07:28:35     38416    10.67
         0.87       38431.4        11.100    Jun  3 07:28:46     38427    10.67
         0.87       38442.6        11.120    Jun  3 07:28:58     38439    10.68
         0.87       38453.1        10.520    Jun  3 07:29:08     38449    10.68
         0.87       38463.6        10.520    Jun  3 07:29:19     38460    10.68
         0.87       38474.1        10.510    Jun  3 07:29:29     38470    10.69
         0.87       38484.6        10.520    Jun  3 07:29:40     38481    10.69
         0.87       38495.1        10.520    Jun  3 07:29:50     38491    10.69
         0.87       38505.7        10.530    Jun  3 07:30:01     38502    10.70
         0.88       38516.2        10.510    Jun  3 07:30:11     38512    10.70
         0.88       38526.1         9.930    Jun  3 07:30:21     38522    10.70
         0.88       38536.0         9.930    Jun  3 07:30:31     38532    10.70
         0.88       38546.0         9.930    Jun  3 07:30:41     38542    10.71
         0.88       38555.9         9.930    Jun  3 07:30:51     38552    10.71
         0.88       38565.8         9.950    Jun  3 07:31:01     38562    10.71
         0.88       38575.8         9.940    Jun  3 07:31:11     38572    10.71
         0.88       38585.7         9.920    Jun  3 07:31:21     38582    10.72
         0.88       38595.7         9.940    Jun  3 07:31:31     38592    10.72
         0.88       38605.0         9.350    Jun  3 07:31:40     38601    10.72
         0.89       38614.3         9.350    Jun  3 07:31:49     38610    10.72
         0.89       38623.7         9.370    Jun  3 07:31:59     38620    10.73
         0.89       38633.1         9.340    Jun  3 07:32:08     38629    10.73
         0.89       38642.4         9.350    Jun  3 07:32:17     38638    10.73
         0.89       38651.8         9.340    Jun  3 07:32:27     38648    10.74
         0.89       38661.1         9.350    Jun  3 07:32:36     38657    10.74
         0.89       38670.4         9.350    Jun  3 07:32:46     38667    10.74
         0.89       38679.2         8.760    Jun  3 07:32:54     38675    10.74
         0.89       38688.0         8.780    Jun  3 07:33:03     38684    10.75
         0.89       38696.8         8.760    Jun  3 07:33:12     38693    10.75
         0.90       38705.5         8.770    Jun  3 07:33:21     38702    10.75
         0.90       38714.3         8.760    Jun  3 07:33:29     38710    10.75
         0.90       38723.0         8.770    Jun  3 07:33:38     38719    10.76
         0.90       38731.8         8.760    Jun  3 07:33:47     38728    10.76
         0.90       38740.6         8.780    Jun  3 07:33:56     38737    10.76
         0.90       38749.4         8.770    Jun  3 07:34:04     38745    10.76
         0.90       38757.5         8.180    Jun  3 07:34:13     38754    10.77
         0.90       38765.7         8.180    Jun  3 07:34:21     38762    10.77
         0.90       38773.9         8.170    Jun  3 07:34:29     38770    10.77
         0.90       38782.1         8.180    Jun  3 07:34:37     38778    10.77
         0.91       38790.2         8.170    Jun  3 07:34:45     38786    10.77
         0.91       38798.4         8.190    Jun  3 07:34:54     38795    10.78
         0.91       38806.6         8.200    Jun  3 07:35:02     38803    10.78
         0.91       38814.8         8.180    Jun  3 07:35:10     38811    10.78
         0.91       38823.0         8.190    Jun  3 07:35:18     38819    10.78
         0.91       38831.2         8.180    Jun  3 07:35:26     38827    10.79
         0.91       38838.8         7.590    Jun  3 07:35:34     38835    10.79
         0.91       38846.4         7.600    Jun  3 07:35:41     38842    10.79
         0.91       38854.0         7.600    Jun  3 07:35:49     38850    10.79
         0.91       38861.6         7.610    Jun  3 07:35:57     38858    10.79
         0.92       38869.0         7.460    Jun  3 07:36:04     38865    10.80
         0.92       38876.4         7.390    Jun  3 07:36:12     38873    10.80
         0.92       38883.9         7.460    Jun  3 07:36:19     38880    10.80
         0.92       38891.3         7.400    Jun  3 07:36:26     38887    10.80
         0.92       38898.7         7.390    Jun  3 07:36:34     38895    10.80
         0.92       38906.1         7.390    Jun  3 07:36:41     38902    10.81
         0.92       38913.5         7.430    Jun  3 07:36:49     38910    10.81
         0.92       38920.4         6.890    Jun  3 07:36:55     38916    10.81
         0.92       38927.3         6.880    Jun  3 07:37:02     38923    10.81
         0.92       38934.1         6.830    Jun  3 07:37:09     38930    10.81
         0.93       38940.9         6.830    Jun  3 07:37:16     38937    10.82
         0.93       38947.8         6.820    Jun  3 07:37:23     38944    10.82
         0.93       38954.6         6.810    Jun  3 07:37:30     38951    10.82
         0.93       38961.4         6.820    Jun  3 07:37:36     38957    10.82
         0.93       38968.2         6.820    Jun  3 07:37:43     38964    10.82
         0.93       38975.0         6.830    Jun  3 07:37:50     38971    10.83
         0.93       38981.9         6.830    Jun  3 07:37:57     38978    10.83
         0.93       38988.7         6.820    Jun  3 07:38:04     38985    10.83
         0.93       38995.5         6.820    Jun  3 07:38:11     38992    10.83
         0.93       39001.9         6.430    Jun  3 07:38:17     38998    10.83
         0.94       39008.4         6.430    Jun  3 07:38:23     39004    10.83
         0.94       39014.8         6.440    Jun  3 07:38:30     39011    10.84
         0.94       39021.2         6.420    Jun  3 07:38:36     39017    10.84
         0.94       39027.6         6.370    Jun  3 07:38:43     39024    10.84
         0.94       39033.8         6.250    Jun  3 07:38:49     39030    10.84
         0.94       39040.1         6.270    Jun  3 07:38:55     39036    10.84
         0.94       39046.4         6.260    Jun  3 07:39:01     39042    10.85
         0.94       39052.6         6.250    Jun  3 07:39:08     39049    10.85
         0.94       39058.9         6.260    Jun  3 07:39:14     39055    10.85
         0.94       39065.1         6.250    Jun  3 07:39:20     39061    10.85
         0.95       39071.4         6.250    Jun  3 07:39:26     39067    10.85
         0.95       39077.6         6.260    Jun  3 07:39:33     39074    10.85
         0.95       39083.5         5.840    Jun  3 07:39:39     39080    10.86
         0.95       39089.3         5.850    Jun  3 07:39:44     39085    10.86
         0.95       39095.2         5.840    Jun  3 07:39:50     39091    10.86
         0.95       39100.9         5.740    Jun  3 07:39:56     39097    10.86
         0.95       39106.6         5.680    Jun  3 07:40:02     39103    10.86
         0.95       39112.3         5.690    Jun  3 07:40:07     39108    10.86
         0.95       39118.0         5.690    Jun  3 07:40:13     39114    10.87
         0.95       39123.7         5.680    Jun  3 07:40:19     39120    10.87
         0.96       39129.3         5.680    Jun  3 07:40:24     39125    10.87
         0.96       39135.0         5.690    Jun  3 07:40:30     39131    10.87
         0.96       39140.7         5.680    Jun  3 07:40:36     39137    10.87
         0.96       39146.4         5.690    Jun  3 07:40:41     39142    10.87
         0.96       39152.1         5.690    Jun  3 07:40:47     39148    10.87
         0.96       39157.8         5.680    Jun  3 07:40:53     39154    10.88
         0.96       39162.9         5.160    Jun  3 07:40:58     39159    10.88
         0.96       39168.0         5.130    Jun  3 07:41:03     39164    10.88
         0.96       39173.2         5.120    Jun  3 07:41:08     39169    10.88
         0.96       39178.3         5.120    Jun  3 07:41:13     39174    10.88
         0.97       39183.4         5.120    Jun  3 07:41:18     39179    10.88
         0.97       39188.5         5.120    Jun  3 07:41:24     39185    10.88
         0.97       39193.6         5.110    Jun  3 07:41:29     39190    10.89
         0.97       39198.8         5.120    Jun  3 07:41:34     39195    10.89
         0.97       39203.9         5.120    Jun  3 07:41:39     39200    10.89
         0.97       39209.0         5.120    Jun  3 07:41:44     39205    10.89
         0.97       39214.1         5.110    Jun  3 07:41:49     39210    10.89
         0.97       39219.2         5.120    Jun  3 07:41:54     39215    10.89
         0.97       39224.4         5.130    Jun  3 07:41:59     39220    10.89
         0.97       39229.5         5.120    Jun  3 07:42:05     39226    10.90
         0.98       39234.6         5.130    Jun  3 07:42:10     39231    10.90
         0.98       39239.7         5.110    Jun  3 07:42:15     39236    10.90
         0.98       39244.8         5.120    Jun  3 07:42:20     39241    10.90
         0.98       39249.4         4.540    Jun  3 07:42:24     39245    10.90
         0.98       39253.9         4.560    Jun  3 07:42:29     39250    10.90
         0.98       39258.5         4.550    Jun  3 07:42:34     39255    10.90
         0.98       39263.0         4.550    Jun  3 07:42:38     39259    10.91
         0.98       39267.6         4.550    Jun  3 07:42:43     39264    10.91
         0.98       39272.1         4.540    Jun  3 07:42:47     39268    10.91
         0.98       39276.7         4.560    Jun  3 07:42:52     39273    10.91
         0.99       39281.2         4.550    Jun  3 07:42:56     39277    10.91
         0.99       39285.8         4.560    Jun  3 07:43:01     39282    10.91
         0.99       39290.4         4.560    Jun  3 07:43:05     39286    10.91
         0.99       39294.9         4.550    Jun  3 07:43:10     39291    10.91
         0.99       39299.5         4.550    Jun  3 07:43:15     39296    10.92
         0.99       39304.0         4.550    Jun  3 07:43:19     39300    10.92
         0.99       39308.6         4.550    Jun  3 07:43:24     39305    10.92
         0.99       39313.1         4.540    Jun  3 07:43:28     39309    10.92
         0.99       39317.7         4.560    Jun  3 07:43:33     39314    10.92
         0.99       39322.2         4.550    Jun  3 07:43:37     39318    10.92
         1.00       39326.8         4.550    Jun  3 07:43:42     39323    10.92
         1.00       39331.3         4.550    Jun  3 07:43:46     39327    10.92
         1.00       39335.3         3.980    Jun  3 07:43:50     39331    10.93
         1.00       39339.3         3.990    Jun  3 07:43:54     39335    10.93
         1.00       39343.3         4.000    Jun  3 07:43:58     39339    10.93
         1.00       39347.3         3.980    Jun  3 07:44:02     39343    10.93
