#Update-step  Updatetime     Error of A        Error of phi      Time in fs
     1 *      0.05000000     0.000000E+000     0.227802E-005        0.0000
     1        0.05000000     0.000000E+000     0.258181E-006        0.0500
     2        0.05000000     0.000000E+000     0.450810E-007        0.1000
     3        0.05000000     0.000000E+000     0.818508E-008        0.1500
     4        0.10000000     0.000000E+000     0.323722E-008        0.2000
     5        0.10000000     0.000000E+000     0.174939E-009        0.3000
     6        0.10000000     0.000000E+000     0.106129E-010        0.4000
     7        0.10000000     0.000000E+000     0.713789E-012        0.5000
     8        0.10000000     0.000000E+000     0.559133E-013        0.6000
     9        0.10000000     0.000000E+000     0.517006E-014        0.7000
    10        0.10000000     0.000000E+000     0.196218E-014        0.8000
    11        0.10000000     0.000000E+000     0.668603E-015        0.9000
