A: Davidson (real)
Step  Order         E              beta         Error        Q   Time [fs]
   1    1  -4.072329967785E-01   1000.00    0.196434E-02     0       0.000
   1    2  -4.072451312053E-01    999.94    0.308062E-04     0       0.000
   1    3  -4.072451322895E-01    999.94    0.601488E-06     0       0.000
   1    4  -4.072451322898E-01    999.94    0.795871E-08     0       0.000
Time in fs:      0.00000
Integrator initialized
Mode 1: Runge-Kutta order 8
   Step        Accepted?    Stepsize [fs]      Error (scaled)       Time [fs]
      1            0        0.212005E-02       0.124073E+04             0.000
      2            1        0.347455E-03       0.306070E-08             0.000
      3            0        0.269037E-02       0.382886E+05             0.000
      4            1        0.295193E-03       0.110693E-09             0.000
      5            0        0.236154E-02       0.219172E+04             0.001
      6            1        0.362107E-03       0.115636E-08             0.001
      7            0        0.236524E-02       0.835389E+04             0.001
      8            1        0.310118E-03       0.335245E-09             0.001
      9            0        0.234142E-02       0.527733E+04             0.001
     10            1        0.323944E-03       0.734335E-09             0.001
     11            0        0.223141E-02       0.366356E+04             0.002
     12            1        0.322193E-03       0.995166E-09             0.002
     13            0        0.214181E-02       0.258898E+04             0.002
     14            1        0.322076E-03       0.120481E-08             0.002
     15            0        0.209368E-02       0.234082E+04             0.002
     16            1        0.318572E-03       0.123195E-08             0.002
     17            0        0.206551E-02       0.206089E+04             0.003
     18            1        0.319004E-03       0.170482E-08             0.003
     19            0        0.199117E-02       0.144676E+04             0.003
     20            1        0.320521E-03       0.259179E-08             0.003
     21            0        0.190495E-02       0.983428E+03             0.003
     22            1        0.320809E-03       0.381606E-08             0.003
     23            0        0.182229E-02       0.660383E+03             0.004
     24            1        0.321524E-03       0.594076E-08             0.004
     25            0        0.173418E-02       0.413153E+03             0.004
     26            1        0.323238E-03       0.109132E-07             0.004
     27            0        0.162368E-02       0.215611E+03             0.004
     28            1        0.384198E-03       0.954522E-06             0.004
     29            1        0.114377E-02       0.412420E+00             0.005
     30            0        0.746043E-03       0.448997E+04             0.006
     31            1        0.105188E-03       0.181703E-03             0.006
     32            1        0.236402E-03       0.433040E-02             0.006
     33            1        0.269136E-03       0.404251E-04             0.006
     34            1        0.600998E-03       0.267582E+00             0.006
     35            0        0.412363E-03       0.502176E+01             0.007
     36            1        0.246671E-03       0.204879E-01             0.007
     37            1        0.313465E-03       0.700331E-02             0.007
     38            1        0.407538E-03       0.221591E+00             0.008
     39            1        0.338820E-03       0.371626E+00             0.008
     40            1        0.304444E-03       0.137637E+00             0.008
     41            1        0.313689E-03       0.166459E+00             0.009
     42            1        0.303791E-03       0.840316E-01             0.009
     43            1        0.321134E-03       0.155255E+00             0.009
     44            1        0.307419E-03       0.885437E-01             0.009
     45            1        0.322087E-03       0.153501E+00             0.010
     46            1        0.309388E-03       0.984491E-01             0.010
     47            1        0.320008E-03       0.146346E+00             0.010
     48            1        0.310427E-03       0.103832E+00             0.011
     49            1        0.318481E-03       0.139505E+00             0.011
     50            1        0.311342E-03       0.107650E+00             0.011
     51            1        0.317464E-03       0.134597E+00             0.012
     52            1        0.312103E-03       0.110878E+00             0.012
     53            1        0.316687E-03       0.131093E+00             0.012
     54            1        0.312670E-03       0.113447E+00             0.013
     55            1        0.316081E-03       0.128513E+00             0.013
     56            1        0.313085E-03       0.115400E+00             0.013
     57            1        0.315617E-03       0.126602E+00             0.014
     58            1        0.313388E-03       0.116869E+00             0.014
     59            1        0.315267E-03       0.125193E+00             0.014
     60            1        0.313609E-03       0.117974E+00             0.015
     61            1        0.315001E-03       0.124155E+00             0.015
     62            1        0.313768E-03       0.118801E+00             0.015
     63            1        0.314798E-03       0.123388E+00             0.015
     64            1        0.313880E-03       0.119418E+00             0.016
     65            1        0.314642E-03       0.122821E+00             0.016
     66            1        0.313960E-03       0.119876E+00             0.016
     67            1        0.314523E-03       0.122402E+00             0.017
     68            1        0.314014E-03       0.120217E+00             0.017
     69            1        0.314430E-03       0.122090E+00             0.017
     70            1        0.314050E-03       0.120470E+00             0.018
     71            1        0.314357E-03       0.121859E+00             0.018
     72            1        0.314074E-03       0.120657E+00             0.018
     73            1        0.314299E-03       0.121688E+00             0.019
     74            1        0.314087E-03       0.120795E+00             0.019
     75            1        0.314253E-03       0.121560E+00             0.019
     76            1        0.314094E-03       0.120898E+00             0.020
     77            1        0.314215E-03       0.121464E+00             0.020
     78            1        0.314096E-03       0.120973E+00             0.020
     79            1        0.314185E-03       0.121393E+00             0.020
     80            1        0.314095E-03       0.121029E+00             0.021
     81            1        0.314159E-03       0.121340E+00             0.021
     82            1        0.314091E-03       0.121069E+00             0.021
     83            1        0.314137E-03       0.121300E+00             0.022
     84            1        0.314086E-03       0.121099E+00             0.022
     85            1        0.314119E-03       0.121270E+00             0.022
     86            1        0.314080E-03       0.121121E+00             0.023
     87            1        0.314103E-03       0.121247E+00             0.023
     88            1        0.314073E-03       0.121136E+00             0.023
     89            1        0.314089E-03       0.121230E+00             0.024
     90            1        0.314066E-03       0.121148E+00             0.024
     91            1        0.314077E-03       0.121217E+00             0.024
     92            1        0.314059E-03       0.121156E+00             0.025
     93            1        0.314066E-03       0.121207E+00             0.025
     94            1        0.314052E-03       0.121161E+00             0.025
     95            1        0.314056E-03       0.121199E+00             0.026
     96            1        0.314045E-03       0.121165E+00             0.026
     97            1        0.314047E-03       0.121193E+00             0.026
     98            1        0.314038E-03       0.121168E+00             0.026
     99            1        0.314040E-03       0.121188E+00             0.027
    100            1        0.314032E-03       0.121169E+00             0.027
    101            1        0.314032E-03       0.121184E+00             0.027
    102            1        0.314026E-03       0.121170E+00             0.028
    103            1        0.314026E-03       0.121181E+00             0.028
    104            1        0.314021E-03       0.121171E+00             0.028
    105            1        0.314020E-03       0.121179E+00             0.029
    106            1        0.314015E-03       0.121171E+00             0.029
    107            1        0.314014E-03       0.121177E+00             0.029
    108            1        0.314010E-03       0.121171E+00             0.030
    109            1        0.314009E-03       0.121175E+00             0.030
    110            1        0.314006E-03       0.121171E+00             0.030
    111            1        0.314004E-03       0.121174E+00             0.031
    112            1        0.314001E-03       0.121170E+00             0.031
    113            1        0.314000E-03       0.121173E+00             0.031
    114            1        0.313997E-03       0.121170E+00             0.031
    115            1        0.313996E-03       0.121171E+00             0.032
    116            1        0.313994E-03       0.121169E+00             0.032
    117            1        0.313992E-03       0.121170E+00             0.032
    118            1        0.313990E-03       0.121169E+00             0.033
    119            1        0.313989E-03       0.121170E+00             0.033
    120            1        0.313987E-03       0.121168E+00             0.033
    121            1        0.313986E-03       0.121169E+00             0.034
    122            1        0.313984E-03       0.121168E+00             0.034
    123            1        0.313983E-03       0.121168E+00             0.034
    124            1        0.313981E-03       0.121167E+00             0.035
    125            1        0.313980E-03       0.121168E+00             0.035
    126            1        0.313979E-03       0.121167E+00             0.035
    127            1        0.313978E-03       0.121167E+00             0.036
    128            1        0.313976E-03       0.121167E+00             0.036
    129            1        0.313975E-03       0.121167E+00             0.036
    130            1        0.313974E-03       0.121166E+00             0.037
    131            1        0.313973E-03       0.121166E+00             0.037
    132            1        0.313972E-03       0.121166E+00             0.037
    133            1        0.313971E-03       0.121166E+00             0.037
    134            1        0.313970E-03       0.121165E+00             0.038
    135            1        0.313969E-03       0.121165E+00             0.038
    136            1        0.313969E-03       0.121165E+00             0.038
    137            1        0.313968E-03       0.121165E+00             0.039
    138            1        0.313967E-03       0.121165E+00             0.039
    139            1        0.313966E-03       0.121165E+00             0.039
    140            1        0.313966E-03       0.121165E+00             0.040
    141            1        0.313965E-03       0.121164E+00             0.040
    142            1        0.313964E-03       0.121164E+00             0.040
    143            1        0.313964E-03       0.121164E+00             0.041
    144            1        0.313963E-03       0.121164E+00             0.041
    145            1        0.313962E-03       0.121164E+00             0.041
    146            1        0.313962E-03       0.121164E+00             0.042
    147            1        0.313961E-03       0.121164E+00             0.042
    148            1        0.313961E-03       0.121164E+00             0.042
    149            1        0.313960E-03       0.121163E+00             0.042
    150            1        0.313960E-03       0.121163E+00             0.043
    151            1        0.313959E-03       0.121163E+00             0.043
    152            1        0.313959E-03       0.121163E+00             0.043
    153            1        0.313958E-03       0.121163E+00             0.044
    154            1        0.313958E-03       0.121163E+00             0.044
    155            1        0.313958E-03       0.121163E+00             0.044
    156            1        0.313957E-03       0.121163E+00             0.045
    157            1        0.313957E-03       0.121163E+00             0.045
    158            1        0.313957E-03       0.121163E+00             0.045
    159            1        0.313956E-03       0.121162E+00             0.046
    160            1        0.313956E-03       0.121163E+00             0.046
    161            1        0.313956E-03       0.121162E+00             0.046
    162            1        0.313955E-03       0.121162E+00             0.047
    163            1        0.313955E-03       0.121162E+00             0.047
    164            1        0.313955E-03       0.121162E+00             0.047
    165            1        0.313955E-03       0.121162E+00             0.048
    166            1        0.313954E-03       0.121162E+00             0.048
    167            1        0.313954E-03       0.121162E+00             0.048
    168            1        0.313954E-03       0.121162E+00             0.048
    169            1        0.313954E-03       0.121162E+00             0.049
    170            1        0.313954E-03       0.121162E+00             0.049
    171            1        0.313953E-03       0.121162E+00             0.049
    172            1        0.300233E-03       0.498193E-01             0.050
A: Davidson (real)
Step  Order         E              beta         Error        Q   Time [fs]
   2    1  -4.072457815545E-01   1000.00    0.462999E-03     0       0.050
   2    2  -4.072460231181E-01   1000.00    0.169784E-03     0       0.050
   2    3  -4.072466846343E-01    999.97    0.534025E-03     0       0.050
   2    4  -4.072465579069E-01    999.98    0.135197E-03     1       0.050
   2    5  -4.072465618521E-01    999.98    0.244691E-04     1       0.050
   2    6  -4.072465626319E-01    999.98    0.129596E-03     1       0.050
   2    7  -4.072465621121E-01    999.98    0.655692E-06     2       0.050
   2    8  -4.072465621124E-01    999.98    0.643629E-07     2       0.050
Mode 1: Runge-Kutta order 8
   Step        Accepted?    Stepsize [fs]      Error (scaled)       Time [fs]
      1            1        0.313953E-03       0.702301E-01             0.050
      2            1        0.334638E-03       0.185842E+00             0.050
      3            1        0.311433E-03       0.116868E+00             0.051
      4            1        0.318148E-03       0.150512E+00             0.051
      5            1        0.309728E-03       0.105686E+00             0.051
      6            1        0.317462E-03       0.136803E+00             0.052
      7            1        0.311278E-03       0.106733E+00             0.052
      8            1        0.317468E-03       0.133204E+00             0.052
      9            1        0.312380E-03       0.110862E+00             0.053
     10            1        0.316842E-03       0.130605E+00             0.053
     11            1        0.312958E-03       0.113678E+00             0.053
     12            1        0.316249E-03       0.128169E+00             0.053
     13            1        0.313375E-03       0.115532E+00             0.054
     14            1        0.315833E-03       0.126302E+00             0.054
     15            1        0.313704E-03       0.116939E+00             0.054
     16            1        0.315533E-03       0.124960E+00             0.055
     17            1        0.313949E-03       0.118021E+00             0.055
     18            1        0.315304E-03       0.123981E+00             0.055
     19            1        0.314127E-03       0.118833E+00             0.056
     20            1        0.315130E-03       0.123256E+00             0.056
     21            1        0.314255E-03       0.119438E+00             0.056
     22            1        0.314998E-03       0.122720E+00             0.057
     23            1        0.314347E-03       0.119888E+00             0.057
     24            1        0.314897E-03       0.122323E+00             0.057
     25            1        0.314412E-03       0.120222E+00             0.058
     26            1        0.314819E-03       0.122029E+00             0.058
     27            1        0.314458E-03       0.120471E+00             0.058
     28            1        0.314758E-03       0.121812E+00             0.059
     29            1        0.314489E-03       0.120656E+00             0.059
     30            1        0.314710E-03       0.121650E+00             0.059
     31            1        0.314509E-03       0.120793E+00             0.059
     32            1        0.314672E-03       0.121530E+00             0.060
     33            1        0.314521E-03       0.120894E+00             0.060
     34            1        0.314641E-03       0.121441E+00             0.060
     35            1        0.314528E-03       0.120969E+00             0.061
     36            1        0.314615E-03       0.121375E+00             0.061
     37            1        0.314531E-03       0.121025E+00             0.061
     38            1        0.314594E-03       0.121325E+00             0.062
     39            1        0.314530E-03       0.121066E+00             0.062
     40            1        0.314576E-03       0.121288E+00             0.062
     41            1        0.314527E-03       0.121096E+00             0.063
     42            1        0.314560E-03       0.121261E+00             0.063
     43            1        0.314523E-03       0.121118E+00             0.063
     44            1        0.314547E-03       0.121240E+00             0.064
     45            1        0.314518E-03       0.121134E+00             0.064
     46            1        0.314535E-03       0.121224E+00             0.064
     47            1        0.314513E-03       0.121145E+00             0.064
     48            1        0.314524E-03       0.121212E+00             0.065
     49            1        0.314507E-03       0.121153E+00             0.065
     50            1        0.314515E-03       0.121203E+00             0.065
     51            1        0.314501E-03       0.121159E+00             0.066
     52            1        0.314506E-03       0.121196E+00             0.066
     53            1        0.314495E-03       0.121163E+00             0.066
     54            1        0.314498E-03       0.121191E+00             0.067
     55            1        0.314489E-03       0.121166E+00             0.067
     56            1        0.314491E-03       0.121186E+00             0.067
     57            1        0.314484E-03       0.121168E+00             0.068
     58            1        0.314484E-03       0.121183E+00             0.068
     59            1        0.314478E-03       0.121169E+00             0.068
     60            1        0.314478E-03       0.121180E+00             0.069
     61            1        0.314473E-03       0.121170E+00             0.069
     62            1        0.314472E-03       0.121178E+00             0.069
     63            1        0.314468E-03       0.121170E+00             0.070
     64            1        0.314467E-03       0.121176E+00             0.070
     65            1        0.314464E-03       0.121170E+00             0.070
     66            1        0.314462E-03       0.121174E+00             0.070
     67            1        0.314459E-03       0.121170E+00             0.071
     68            1        0.314458E-03       0.121173E+00             0.071
     69            1        0.314455E-03       0.121169E+00             0.071
     70            1        0.314454E-03       0.121171E+00             0.072
     71            1        0.314452E-03       0.121169E+00             0.072
     72            1        0.314451E-03       0.121170E+00             0.072
     73            1        0.314449E-03       0.121168E+00             0.073
     74            1        0.314447E-03       0.121169E+00             0.073
     75            1        0.314445E-03       0.121168E+00             0.073
     76            1        0.314444E-03       0.121169E+00             0.074
     77            1        0.314443E-03       0.121167E+00             0.074
     78            1        0.314442E-03       0.121168E+00             0.074
     79            1        0.314440E-03       0.121167E+00             0.075
     80            1        0.314439E-03       0.121167E+00             0.075
     81            1        0.314438E-03       0.121166E+00             0.075
     82            1        0.314437E-03       0.121166E+00             0.075
     83            1        0.314436E-03       0.121166E+00             0.076
     84            1        0.314435E-03       0.121166E+00             0.076
     85            1        0.314434E-03       0.121165E+00             0.076
     86            1        0.314433E-03       0.121165E+00             0.077
     87            1        0.314432E-03       0.121165E+00             0.077
     88            1        0.314432E-03       0.121165E+00             0.077
     89            1        0.314431E-03       0.121164E+00             0.078
     90            1        0.314430E-03       0.121164E+00             0.078
     91            1        0.314430E-03       0.121164E+00             0.078
     92            1        0.314429E-03       0.121164E+00             0.079
     93            1        0.314428E-03       0.121164E+00             0.079
     94            1        0.314428E-03       0.121163E+00             0.079
     95            1        0.314427E-03       0.121163E+00             0.080
     96            1        0.314427E-03       0.121163E+00             0.080
     97            1        0.314427E-03       0.121163E+00             0.080
     98            1        0.314426E-03       0.121163E+00             0.081
     99            1        0.314426E-03       0.121163E+00             0.081
    100            1        0.314426E-03       0.121162E+00             0.081
    101            1        0.314425E-03       0.121162E+00             0.081
    102            1        0.314425E-03       0.121162E+00             0.082
    103            1        0.314425E-03       0.121162E+00             0.082
    104            1        0.314425E-03       0.121162E+00             0.082
    105            1        0.314424E-03       0.121162E+00             0.083
    106            1        0.314424E-03       0.121162E+00             0.083
    107            1        0.314424E-03       0.121162E+00             0.083
    108            1        0.314424E-03       0.121162E+00             0.084
    109            1        0.314424E-03       0.121161E+00             0.084
    110            1        0.314424E-03       0.121161E+00             0.084
    111            1        0.314424E-03       0.121161E+00             0.085
    112            1        0.314424E-03       0.121161E+00             0.085
    113            1        0.314424E-03       0.121161E+00             0.085
    114            1        0.314424E-03       0.121161E+00             0.086
    115            1        0.314424E-03       0.121161E+00             0.086
    116            1        0.314424E-03       0.121161E+00             0.086
    117            1        0.314424E-03       0.121161E+00             0.087
    118            1        0.314424E-03       0.121161E+00             0.087
    119            1        0.314424E-03       0.121161E+00             0.087
    120            1        0.314424E-03       0.121161E+00             0.087
    121            1        0.314424E-03       0.121161E+00             0.088
    122            1        0.314424E-03       0.121161E+00             0.088
    123            1        0.314424E-03       0.121160E+00             0.088
    124            1        0.314424E-03       0.121160E+00             0.089
    125            1        0.314424E-03       0.121160E+00             0.089
    126            1        0.314424E-03       0.121160E+00             0.089
    127            1        0.314425E-03       0.121160E+00             0.090
    128            1        0.314425E-03       0.121160E+00             0.090
    129            1        0.314425E-03       0.121160E+00             0.090
    130            1        0.314425E-03       0.121160E+00             0.091
    131            1        0.314425E-03       0.121160E+00             0.091
    132            1        0.314425E-03       0.121160E+00             0.091
    133            1        0.314425E-03       0.121160E+00             0.092
    134            1        0.314426E-03       0.121160E+00             0.092
    135            1        0.314426E-03       0.121160E+00             0.092
    136            1        0.314426E-03       0.121160E+00             0.092
    137            1        0.314426E-03       0.121160E+00             0.093
    138            1        0.314426E-03       0.121160E+00             0.093
    139            1        0.314427E-03       0.121160E+00             0.093
    140            1        0.314427E-03       0.121160E+00             0.094
    141            1        0.314427E-03       0.121160E+00             0.094
    142            1        0.314427E-03       0.121160E+00             0.094
    143            1        0.314427E-03       0.121160E+00             0.095
    144            1        0.314428E-03       0.121160E+00             0.095
    145            1        0.314428E-03       0.121160E+00             0.095
    146            1        0.314428E-03       0.121160E+00             0.096
    147            1        0.314428E-03       0.121160E+00             0.096
    148            1        0.314428E-03       0.121160E+00             0.096
    149            1        0.314429E-03       0.121160E+00             0.097
    150            1        0.314429E-03       0.121160E+00             0.097
    151            1        0.314429E-03       0.121160E+00             0.097
    152            1        0.314429E-03       0.121160E+00             0.098
    153            1        0.314430E-03       0.121160E+00             0.098
    154            1        0.314430E-03       0.121160E+00             0.098
    155            1        0.314430E-03       0.121160E+00             0.098
    156            1        0.314430E-03       0.121160E+00             0.099
    157            1        0.314430E-03       0.121160E+00             0.099
    158            1        0.314431E-03       0.121160E+00             0.099
    159            1        0.294075E-03       0.274226E-01             0.100
A: Davidson (real)
Step  Order         E              beta         Error        Q   Time [fs]
   3    1  -4.072473088482E-01   1000.00    0.157050E-03     0       0.100
   3    2  -4.072465604811E-01    999.97    0.304456E-03     1       0.100
   3    3  -4.072452578302E-01    999.79    0.294897E-03     2       0.100
   3    4  -4.072451080206E-01    999.75    0.651083E-04     3       0.100
   3    5  -4.072451069014E-01    999.74    0.834240E-05     4       0.100
   3    6  -4.072451069393E-01    999.74    0.183163E-05     4       0.100
   3    7  -4.072451069402E-01    999.74    0.663340E-07     4       0.100
   3    8  -4.072451069402E-01    999.74    0.722361E-08     4       0.100
Time in fs:      0.10000
Mode 1: Runge-Kutta order 8
   Step        Accepted?    Stepsize [fs]      Error (scaled)       Time [fs]
      1            1        0.314431E-03       0.575472E-01             0.100
      2            1        0.343049E-03       0.215675E+00             0.100
      3            1        0.311258E-03       0.127857E+00             0.101
      4            1        0.316523E-03       0.153785E+00             0.101
      5            1        0.308478E-03       0.104806E+00             0.101
      6            1        0.316763E-03       0.136596E+00             0.102
      7            1        0.310544E-03       0.105096E+00             0.102
      8            1        0.317273E-03       0.133722E+00             0.102
      9            1        0.311853E-03       0.110102E+00             0.103
     10            1        0.316612E-03       0.131294E+00             0.103
     11            1        0.312452E-03       0.113211E+00             0.103
     12            1        0.315956E-03       0.128655E+00             0.103
     13            1        0.312895E-03       0.115134E+00             0.104
     14            1        0.315525E-03       0.126624E+00             0.104
     15            1        0.313261E-03       0.116615E+00             0.104
     16            1        0.315221E-03       0.125187E+00             0.105
     17            1        0.313538E-03       0.117769E+00             0.105
     18            1        0.314993E-03       0.124142E+00             0.105
     19            1        0.313742E-03       0.118636E+00             0.106
     20            1        0.314822E-03       0.123367E+00             0.106
     21            1        0.313893E-03       0.119281E+00             0.106
     22            1        0.314695E-03       0.122793E+00             0.107
     23            1        0.314007E-03       0.119761E+00             0.107
     24            1        0.314602E-03       0.122368E+00             0.107
     25            1        0.314091E-03       0.120119E+00             0.108
     26            1        0.314534E-03       0.122054E+00             0.108
     27            1        0.314155E-03       0.120385E+00             0.108
     28            1        0.314484E-03       0.121821E+00             0.109
     29            1        0.314203E-03       0.120583E+00             0.109
     30            1        0.314447E-03       0.121649E+00             0.109
     31            1        0.314239E-03       0.120730E+00             0.109
     32            1        0.314421E-03       0.121521E+00             0.110
     33            1        0.314267E-03       0.120840E+00             0.110
     34            1        0.314402E-03       0.121426E+00             0.110
     35            1        0.314288E-03       0.120921E+00             0.111
     36            1        0.314388E-03       0.121356E+00             0.111
     37            1        0.314304E-03       0.120981E+00             0.111
     38            1        0.314379E-03       0.121304E+00             0.112
     39            1        0.314317E-03       0.121026E+00             0.112
     40            1        0.314373E-03       0.121266E+00             0.112
     41            1        0.314327E-03       0.121059E+00             0.113
     42            1        0.314369E-03       0.121237E+00             0.113
     43            1        0.314335E-03       0.121084E+00             0.113
     44            1        0.314366E-03       0.121216E+00             0.114
     45            1        0.314342E-03       0.121102E+00             0.114
     46            1        0.314365E-03       0.121200E+00             0.114
     47            1        0.314347E-03       0.121116E+00             0.114
     48            1        0.314365E-03       0.121189E+00             0.115
     49            1        0.314352E-03       0.121126E+00             0.115
     50            1        0.314365E-03       0.121180E+00             0.115
     51            1        0.314356E-03       0.121134E+00             0.116
     52            1        0.314366E-03       0.121174E+00             0.116
     53            1        0.314360E-03       0.121139E+00             0.116
     54            1        0.314367E-03       0.121169E+00             0.117
     55            1        0.314363E-03       0.121144E+00             0.117
     56            1        0.314369E-03       0.121166E+00             0.117
     57            1        0.314366E-03       0.121147E+00             0.118
     58            1        0.314370E-03       0.121163E+00             0.118
     59            1        0.314368E-03       0.121149E+00             0.118
     60            1        0.314372E-03       0.121161E+00             0.119
     61            1        0.314371E-03       0.121151E+00             0.119
     62            1        0.314374E-03       0.121160E+00             0.119
     63            1        0.314373E-03       0.121152E+00             0.120
     64            1        0.314376E-03       0.121159E+00             0.120
     65            1        0.314375E-03       0.121153E+00             0.120
     66            1        0.314378E-03       0.121158E+00             0.120
     67            1        0.314378E-03       0.121154E+00             0.121
     68            1        0.314379E-03       0.121158E+00             0.121
     69            1        0.314380E-03       0.121155E+00             0.121
     70            1        0.314381E-03       0.121158E+00             0.122
     71            1        0.314382E-03       0.121155E+00             0.122
     72            1        0.314383E-03       0.121157E+00             0.122
     73            1        0.314383E-03       0.121156E+00             0.123
     74            1        0.314385E-03       0.121157E+00             0.123
     75            1        0.314385E-03       0.121156E+00             0.123
     76            1        0.314386E-03       0.121157E+00             0.124
     77            1        0.314387E-03       0.121156E+00             0.124
     78            1        0.314388E-03       0.121157E+00             0.124
     79            1        0.314389E-03       0.121157E+00             0.125
     80            1        0.143901E-03       0.111155E-02             0.125
A: Davidson (real)
Step  Order         E              beta         Error        Q   Time [fs]
   4    1  -4.072468370010E-01   1000.00    0.166422E-03     0       0.125
   4    2  -4.072457654741E-01    999.95    0.398034E-04     1       0.125
   4    3  -4.072457553674E-01    999.95    0.103145E-05     2       0.125
   4    4  -4.072457553682E-01    999.95    0.434300E-07     2       0.125
   4    5  -4.072457553682E-01    999.95    0.527930E-08     3       0.125
Mode 1: Runge-Kutta order 8
   Step        Accepted?    Stepsize [fs]      Error (scaled)       Time [fs]
      1            1        0.314390E-03       0.653280E-02             0.125
      2            1        0.442441E-03       0.531175E+00             0.125
      3            1        0.331150E-03       0.663804E+00             0.126
      4            1        0.287922E-03       0.527403E-01             0.126
      5            1        0.339692E-03       0.640288E+00             0.126
      6            1        0.270423E-03       0.209089E-01             0.127
      7            1        0.355009E-03       0.503466E+00             0.127
      8            1        0.280118E-03       0.191365E-02             0.127
      9            0        0.481793E-03       0.189414E+02             0.128
     10            1        0.209730E-03       0.810505E-02             0.128
     11            1        0.243797E-03       0.445753E-04             0.128
     12            1        0.551892E-03       0.150704E-01             0.128
     13            0        0.530191E-03       0.488030E+01             0.129
     14            1        0.318216E-03       0.102176E-01             0.129
     15            1        0.390996E-03       0.186227E+00             0.129
     16            1        0.336798E-03       0.314556E+00             0.129
     17            1        0.306450E-03       0.145988E+00             0.130
     18            1        0.311502E-03       0.150291E+00             0.130
     19            1        0.306021E-03       0.969282E-01             0.130
     20            1        0.316835E-03       0.135825E+00             0.131
     21            1        0.309850E-03       0.100226E+00             0.131
     22            1        0.318255E-03       0.136567E+00             0.131
     23            1        0.311457E-03       0.108141E+00             0.132
     24            1        0.317142E-03       0.133883E+00             0.132
     25            1        0.312036E-03       0.111736E+00             0.132
     26            1        0.316267E-03       0.130349E+00             0.132
     27            1        0.312560E-03       0.113854E+00             0.133
     28            1        0.315765E-03       0.127807E+00             0.133
     29            1        0.313018E-03       0.115627E+00             0.133
     30            1        0.315408E-03       0.126068E+00             0.134
     31            1        0.313360E-03       0.117035E+00             0.134
     32            1        0.315133E-03       0.124798E+00             0.134
     33            1        0.313609E-03       0.118088E+00             0.135
     34            1        0.314926E-03       0.123851E+00             0.135
     35            1        0.313795E-03       0.118870E+00             0.135
     36            1        0.314773E-03       0.123149E+00             0.136
     37            1        0.313934E-03       0.119454E+00             0.136
     38            1        0.314661E-03       0.122631E+00             0.136
     39            1        0.314039E-03       0.119890E+00             0.137
     40            1        0.314578E-03       0.122248E+00             0.137
     41            1        0.314117E-03       0.120214E+00             0.137
     42            1        0.314518E-03       0.121965E+00             0.138
     43            1        0.314176E-03       0.120456E+00             0.138
     44            1        0.314474E-03       0.121755E+00             0.138
     45            1        0.314220E-03       0.120635E+00             0.138
     46            1        0.314442E-03       0.121600E+00             0.139
     47            1        0.314254E-03       0.120769E+00             0.139
     48            1        0.314419E-03       0.121485E+00             0.139
     49            1        0.314280E-03       0.120868E+00             0.140
     50            1        0.314402E-03       0.121399E+00             0.140
     51            1        0.314300E-03       0.120942E+00             0.140
     52            1        0.314391E-03       0.121336E+00             0.141
     53            1        0.314315E-03       0.120997E+00             0.141
     54            1        0.314383E-03       0.121289E+00             0.141
     55            1        0.314327E-03       0.121037E+00             0.142
     56            1        0.314378E-03       0.121255E+00             0.142
     57            1        0.314337E-03       0.121068E+00             0.142
     58            1        0.314375E-03       0.121229E+00             0.143
     59            1        0.314344E-03       0.121090E+00             0.143
     60            1        0.314373E-03       0.121210E+00             0.143
     61            1        0.314351E-03       0.121107E+00             0.143
     62            1        0.314372E-03       0.121196E+00             0.144
     63            1        0.314356E-03       0.121120E+00             0.144
     64            1        0.314372E-03       0.121185E+00             0.144
     65            1        0.314360E-03       0.121129E+00             0.145
     66            1        0.314373E-03       0.121178E+00             0.145
     67            1        0.314364E-03       0.121136E+00             0.145
     68            1        0.314374E-03       0.121172E+00             0.146
     69            1        0.314368E-03       0.121141E+00             0.146
     70            1        0.314375E-03       0.121168E+00             0.146
     71            1        0.314371E-03       0.121145E+00             0.147
     72            1        0.314376E-03       0.121165E+00             0.147
     73            1        0.314373E-03       0.121148E+00             0.147
     74            1        0.314378E-03       0.121163E+00             0.148
     75            1        0.314376E-03       0.121150E+00             0.148
     76            1        0.314379E-03       0.121161E+00             0.148
     77            1        0.314378E-03       0.121152E+00             0.149
     78            1        0.314381E-03       0.121160E+00             0.149
     79            1        0.314380E-03       0.121153E+00             0.149
     80            1        0.314382E-03       0.121159E+00             0.149
     81            1        0.227791E-03       0.147759E-01             0.150
A: Davidson (real)
Step  Order         E              beta         Error        Q   Time [fs]
   5    1  -4.072460675839E-01   1000.00    0.823296E-04     0       0.150
   5    2  -4.072459163309E-01   1000.00    0.220080E-04     1       0.150
   5    3  -4.072459128115E-01   1000.00    0.113603E-05     2       0.150
   5    4  -4.072459128000E-01   1000.00    0.163548E-06     3       0.150
   5    5  -4.072459127999E-01   1000.00    0.906825E-08     4       0.150
Time in fs:      0.15000
Mode 1: Runge-Kutta order 8
   Step        Accepted?    Stepsize [fs]      Error (scaled)       Time [fs]
      1            1        0.314382E-03       0.212738E-02             0.150
      2            1        0.504491E-03       0.736670E+00             0.150
      3            0        0.347468E-03       0.180472E+01             0.151
      4            1        0.275635E-03       0.202068E-02             0.151
      5            0        0.478301E-03       0.179253E+02             0.151
      6            1        0.209557E-03       0.823704E-02             0.151
      7            1        0.243666E-03       0.455011E-04             0.151
      8            1        0.550626E-03       0.152195E-01             0.152
      9            0        0.528366E-03       0.478913E+01             0.152
     10            1        0.317821E-03       0.102384E-01             0.152
     11            1        0.390571E-03       0.186355E+00             0.152
     12            1        0.336433E-03       0.313364E+00             0.153
     13            1        0.306262E-03       0.145921E+00             0.153
     14            1        0.311281E-03       0.150070E+00             0.153
     15            1        0.305851E-03       0.970538E-01             0.154
     16            1        0.316592E-03       0.135628E+00             0.154
     17            1        0.309681E-03       0.100347E+00             0.154
     18            1        0.318018E-03       0.136389E+00             0.155
     19            1        0.311287E-03       0.108225E+00             0.155
     20            1        0.316924E-03       0.133745E+00             0.155
     21            1        0.311870E-03       0.111795E+00             0.156
     22            1        0.316066E-03       0.130244E+00             0.156
     23            1        0.312397E-03       0.113895E+00             0.156
     24            1        0.315577E-03       0.127726E+00             0.157
     25            1        0.312860E-03       0.115654E+00             0.157
     26            1        0.315232E-03       0.126005E+00             0.157
     27            1        0.313206E-03       0.117051E+00             0.158
     28            1        0.314967E-03       0.124747E+00             0.158
     29            1        0.313461E-03       0.118096E+00             0.158
     30            1        0.314769E-03       0.123810E+00             0.158
     31            1        0.313652E-03       0.118872E+00             0.159
     32            1        0.314624E-03       0.123116E+00             0.159
     33            1        0.313796E-03       0.119452E+00             0.159
     34            1        0.314520E-03       0.122603E+00             0.160
     35            1        0.313906E-03       0.119885E+00             0.160
     36            1        0.314444E-03       0.122225E+00             0.160
     37            1        0.313989E-03       0.120208E+00             0.161
     38            1        0.314389E-03       0.121945E+00             0.161
     39            1        0.314053E-03       0.120449E+00             0.161
     40            1        0.314351E-03       0.121737E+00             0.162
     41            1        0.314102E-03       0.120627E+00             0.162
     42            1        0.314324E-03       0.121584E+00             0.162
     43            1        0.314141E-03       0.120760E+00             0.163
     44            1        0.314306E-03       0.121471E+00             0.163
     45            1        0.314171E-03       0.120857E+00             0.163
     46            1        0.314295E-03       0.121384E+00             0.163
     47            1        0.314196E-03       0.120932E+00             0.164
     48            1        0.314288E-03       0.121324E+00             0.164
     49            1        0.314215E-03       0.120989E+00             0.164
     50            1        0.314284E-03       0.121279E+00             0.165
     51            1        0.314231E-03       0.121030E+00             0.165
     52            1        0.314283E-03       0.121245E+00             0.165
     53            1        0.314244E-03       0.121060E+00             0.166
     54            1        0.314283E-03       0.121220E+00             0.166
     55            1        0.314255E-03       0.121083E+00             0.166
     56            1        0.314284E-03       0.121202E+00             0.167
     57            1        0.314264E-03       0.121100E+00             0.167
     58            1        0.314287E-03       0.121188E+00             0.167
     59            1        0.314272E-03       0.121113E+00             0.168
     60            1        0.314289E-03       0.121178E+00             0.168
     61            1        0.314279E-03       0.121123E+00             0.168
     62            1        0.314292E-03       0.121171E+00             0.169
     63            1        0.314285E-03       0.121130E+00             0.169
     64            1        0.314296E-03       0.121166E+00             0.169
     65            1        0.314291E-03       0.121135E+00             0.169
     66            1        0.314299E-03       0.121162E+00             0.170
     67            1        0.314296E-03       0.121140E+00             0.170
     68            1        0.314303E-03       0.121160E+00             0.170
     69            1        0.314301E-03       0.121143E+00             0.171
     70            1        0.314306E-03       0.121158E+00             0.171
     71            1        0.314305E-03       0.121146E+00             0.171
     72            1        0.314310E-03       0.121156E+00             0.172
     73            1        0.314310E-03       0.121147E+00             0.172
     74            1        0.314313E-03       0.121156E+00             0.172
     75            1        0.314313E-03       0.121149E+00             0.173
     76            1        0.314317E-03       0.121155E+00             0.173
     77            1        0.314317E-03       0.121150E+00             0.173
     78            1        0.314320E-03       0.121155E+00             0.174
     79            1        0.314320E-03       0.121151E+00             0.174
     80            1        0.314323E-03       0.121155E+00             0.174
     81            1        0.314324E-03       0.121152E+00             0.174
     82            1        0.193360E-03       0.731500E-02             0.175
Mode 1: Runge-Kutta order 8
   Step        Accepted?    Stepsize [fs]      Error (scaled)       Time [fs]
      1            1        0.314326E-03       0.188786E-02             0.175
      2            1        0.511499E-03       0.756306E+00             0.175
      3            0        0.349539E-03       0.198279E+01             0.176
      4            1        0.274241E-03       0.600182E-02             0.176
      5            0        0.419412E-03       0.390913E+01             0.176
      6            1        0.258348E-03       0.103157E-01             0.176
      7            1        0.305616E-03       0.555500E-02             0.176
      8            1        0.397198E-03       0.161829E+00             0.177
      9            1        0.339432E-03       0.300481E+00             0.177
     10            1        0.308766E-03       0.157533E+00             0.177
     11            1        0.310505E-03       0.143366E+00             0.178
     12            1        0.307665E-03       0.105003E+00             0.178
     13            1        0.314974E-03       0.126902E+00             0.178
     14            1        0.311484E-03       0.106579E+00             0.179
     15            1        0.316779E-03       0.129186E+00             0.179
     16            1        0.312802E-03       0.113193E+00             0.179
     17            1        0.316111E-03       0.128639E+00             0.180
     18            1        0.313051E-03       0.115699E+00             0.180
     19            1        0.315500E-03       0.126547E+00             0.180
     20            1        0.313320E-03       0.116871E+00             0.181
     21            1        0.315192E-03       0.124995E+00             0.181
     22            1        0.313593E-03       0.117899E+00             0.181
     23            1        0.314988E-03       0.123991E+00             0.181
     24            1        0.313796E-03       0.118741E+00             0.182
     25            1        0.314828E-03       0.123266E+00             0.182
     26            1        0.313941E-03       0.119366E+00             0.182
     27            1        0.314706E-03       0.122721E+00             0.183
     28            1        0.314048E-03       0.119825E+00             0.183
     29            1        0.314616E-03       0.122315E+00             0.183
     30            1        0.314128E-03       0.120167E+00             0.184
     31            1        0.314550E-03       0.122015E+00             0.184
     32            1        0.314189E-03       0.120422E+00             0.184
     33            1        0.314502E-03       0.121793E+00             0.185
     34            1        0.314234E-03       0.120611E+00             0.185
     35            1        0.314466E-03       0.121629E+00             0.185
     36            1        0.314267E-03       0.120752E+00             0.186
     37            1        0.314440E-03       0.121507E+00             0.186
     38            1        0.314293E-03       0.120857E+00             0.186
     39            1        0.314421E-03       0.121417E+00             0.187
     40            1        0.314312E-03       0.120934E+00             0.187
     41            1        0.314407E-03       0.121350E+00             0.187
     42            1        0.314327E-03       0.120992E+00             0.187
     43            1        0.314398E-03       0.121300E+00             0.188
     44            1        0.314338E-03       0.121035E+00             0.188
     45            1        0.314390E-03       0.121264E+00             0.188
     46            1        0.314346E-03       0.121067E+00             0.189
     47            1        0.314386E-03       0.121236E+00             0.189
     48            1        0.314353E-03       0.121090E+00             0.189
     49            1        0.314382E-03       0.121216E+00             0.190
     50            1        0.314358E-03       0.121108E+00             0.190
     51            1        0.314380E-03       0.121201E+00             0.190
     52            1        0.314362E-03       0.121121E+00             0.191
     53            1        0.314379E-03       0.121190E+00             0.191
     54            1        0.314366E-03       0.121131E+00             0.191
     55            1        0.314378E-03       0.121182E+00             0.192
     56            1        0.314368E-03       0.121138E+00             0.192
     57            1        0.314378E-03       0.121176E+00             0.192
     58            1        0.314371E-03       0.121143E+00             0.192
     59            1        0.314378E-03       0.121171E+00             0.193
     60            1        0.314373E-03       0.121147E+00             0.193
     61            1        0.314378E-03       0.121168E+00             0.193
     62            1        0.314374E-03       0.121150E+00             0.194
     63            1        0.314378E-03       0.121166E+00             0.194
     64            1        0.314376E-03       0.121152E+00             0.194
     65            1        0.314379E-03       0.121164E+00             0.195
     66            1        0.314377E-03       0.121154E+00             0.195
     67            1        0.314379E-03       0.121163E+00             0.195
     68            1        0.314378E-03       0.121155E+00             0.196
     69            1        0.314380E-03       0.121162E+00             0.196
     70            1        0.314379E-03       0.121156E+00             0.196
     71            1        0.314381E-03       0.121161E+00             0.197
     72            1        0.314380E-03       0.121157E+00             0.197
     73            1        0.314382E-03       0.121160E+00             0.197
     74            1        0.314381E-03       0.121158E+00             0.198
     75            1        0.314382E-03       0.121160E+00             0.198
     76            1        0.314382E-03       0.121158E+00             0.198
     77            1        0.314383E-03       0.121160E+00             0.198
     78            1        0.314383E-03       0.121158E+00             0.199
     79            1        0.314384E-03       0.121160E+00             0.199
     80            1        0.314384E-03       0.121159E+00             0.199
     81            1        0.295853E-03       0.329598E-01             0.200
A: Davidson (real)
Step  Order         E              beta         Error        Q   Time [fs]
   6    1  -4.072461788584E-01   1000.00    0.178386E-03     0       0.200
   6    2  -4.072436369992E-01    999.53    0.126877E-02     1       0.200
   6    3  -4.072468434206E-01    999.97    0.153496E-03     1       0.200
   6    4  -4.072465822094E-01    999.97    0.159182E-04     2       0.200
   6    5  -4.072465808490E-01    999.97    0.688807E-06     3       0.200
   6    6  -4.072465808495E-01    999.97    0.629659E-07     3       0.200
Time in fs:      0.20000
Mode 1: Runge-Kutta order 8
   Step        Accepted?    Stepsize [fs]      Error (scaled)       Time [fs]
      1            1        0.314384E-03       0.593076E-01             0.200
      2            1        0.341791E-03       0.208696E+00             0.200
      3            1        0.311688E-03       0.124447E+00             0.201
      4            1        0.317546E-03       0.153727E+00             0.201
      5            1        0.309154E-03       0.104656E+00             0.201
      6            1        0.317506E-03       0.137187E+00             0.202
      7            1        0.311097E-03       0.105151E+00             0.202
      8            1        0.317874E-03       0.133987E+00             0.202
      9            1        0.312378E-03       0.109998E+00             0.203
     10            1        0.317205E-03       0.131413E+00             0.203
     11            1        0.312992E-03       0.113101E+00             0.203
     12            1        0.316550E-03       0.128750E+00             0.203
     13            1        0.313444E-03       0.115062E+00             0.204
     14            1        0.316111E-03       0.126705E+00             0.204
     15            1        0.313812E-03       0.116566E+00             0.204
     16            1        0.315799E-03       0.125250E+00             0.205
     17            1        0.314089E-03       0.117735E+00             0.205
     18            1        0.315563E-03       0.124191E+00             0.205
     19            1        0.314292E-03       0.118614E+00             0.206
     20            1        0.315386E-03       0.123406E+00             0.206
     21            1        0.314441E-03       0.119267E+00             0.206
     22            1        0.315253E-03       0.122825E+00             0.207
     23            1        0.314552E-03       0.119754E+00             0.207
     24            1        0.315154E-03       0.122395E+00             0.207
     25            1        0.314633E-03       0.120118E+00             0.208
     26            1        0.315080E-03       0.122078E+00             0.208
     27            1        0.314693E-03       0.120388E+00             0.208
     28            1        0.315024E-03       0.121842E+00             0.209
     29            1        0.314736E-03       0.120589E+00             0.209
     30            1        0.314981E-03       0.121668E+00             0.209
     31            1        0.314768E-03       0.120738E+00             0.209
     32            1        0.314949E-03       0.121539E+00             0.210
     33            1        0.314790E-03       0.120850E+00             0.210
     34            1        0.314924E-03       0.121444E+00             0.210
     35            1        0.314806E-03       0.120932E+00             0.211
     36            1        0.314905E-03       0.121373E+00             0.211
     37            1        0.314817E-03       0.120994E+00             0.211
     38            1        0.314890E-03       0.121321E+00             0.212
     39            1        0.314824E-03       0.121040E+00             0.212
     40            1        0.314877E-03       0.121282E+00             0.212
     41            1        0.314828E-03       0.121074E+00             0.213
     42            1        0.314867E-03       0.121254E+00             0.213
     43            1        0.314830E-03       0.121099E+00             0.213
     44            1        0.314858E-03       0.121233E+00             0.214
     45            1        0.314830E-03       0.121118E+00             0.214
     46            1        0.314850E-03       0.121218E+00             0.214
     47            1        0.314829E-03       0.121133E+00             0.215
     48            1        0.314843E-03       0.121206E+00             0.215
     49            1        0.314826E-03       0.121143E+00             0.215
     50            1        0.314836E-03       0.121198E+00             0.215
     51            1        0.314823E-03       0.121152E+00             0.216
     52            1        0.314830E-03       0.121192E+00             0.216
     53            1        0.314819E-03       0.121158E+00             0.216
     54            1        0.314824E-03       0.121188E+00             0.217
     55            1        0.314815E-03       0.121163E+00             0.217
     56            1        0.314817E-03       0.121185E+00             0.217
     57            1        0.314810E-03       0.121167E+00             0.218
     58            1        0.314811E-03       0.121183E+00             0.218
     59            1        0.314805E-03       0.121170E+00             0.218
     60            1        0.314804E-03       0.121182E+00             0.219
     61            1        0.314799E-03       0.121172E+00             0.219
     62            1        0.314798E-03       0.121181E+00             0.219
     63            1        0.314793E-03       0.121174E+00             0.220
     64            1        0.314791E-03       0.121181E+00             0.220
     65            1        0.314786E-03       0.121176E+00             0.220
     66            1        0.314784E-03       0.121181E+00             0.220
     67            1        0.314779E-03       0.121177E+00             0.221
     68            1        0.314776E-03       0.121181E+00             0.221
     69            1        0.314772E-03       0.121178E+00             0.221
     70            1        0.314769E-03       0.121181E+00             0.222
     71            1        0.314765E-03       0.121179E+00             0.222
     72            1        0.314761E-03       0.121182E+00             0.222
     73            1        0.314757E-03       0.121180E+00             0.223
     74            1        0.314753E-03       0.121182E+00             0.223
     75            1        0.314749E-03       0.121181E+00             0.223
     76            1        0.314745E-03       0.121182E+00             0.224
     77            1        0.314740E-03       0.121182E+00             0.224
     78            1        0.314736E-03       0.121183E+00             0.224
     79            1        0.314732E-03       0.121182E+00             0.225
     80            1        0.107099E-03       0.105251E-03             0.225
A: Davidson (real)
Step  Order         E              beta         Error        Q   Time [fs]
   7    1  -4.072474407979E-01   1000.00    0.185893E-03     0       0.225
   7    2  -4.072454741370E-01    999.87    0.159941E-03     1       0.225
   7    3  -4.072451221504E-01    999.79    0.119395E-04     2       0.225
   7    4  -4.072451213737E-01    999.79    0.663000E-06     3       0.225
   7    5  -4.072451213743E-01    999.79    0.269245E-07     3       0.225
Mode 1: Runge-Kutta order 8
   Step        Accepted?    Stepsize [fs]      Error (scaled)       Time [fs]
      1            1        0.314728E-03       0.136364E-01             0.225
      2            1        0.406376E-03       0.412464E+00             0.225
      3            1        0.322653E-03       0.348737E+00             0.226
      4            1        0.299431E-03       0.109898E+00             0.226
      5            1        0.315951E-03       0.184982E+00             0.226
      6            1        0.299519E-03       0.656699E-01             0.227
      7            1        0.327263E-03       0.193605E+00             0.227
      8            1        0.302302E-03       0.720814E-01             0.227
      9            1        0.327319E-03       0.189993E+00             0.228
     10            1        0.304152E-03       0.809267E-01             0.228
     11            1        0.324648E-03       0.176229E+00             0.228
     12            1        0.305748E-03       0.867918E-01             0.229
     13            1        0.322719E-03       0.163648E+00             0.229
     14            1        0.307436E-03       0.926068E-01             0.229
     15            1        0.321095E-03       0.153445E+00             0.229
     16            1        0.309002E-03       0.982997E-01             0.230
     17            1        0.319661E-03       0.145349E+00             0.230
     18            1        0.310319E-03       0.103317E+00             0.230
     19            1        0.318468E-03       0.139117E+00             0.231
     20            1        0.311370E-03       0.107469E+00             0.231
     21            1        0.317519E-03       0.134436E+00             0.231
     22            1        0.312179E-03       0.110780E+00             0.232
     23            1        0.316783E-03       0.130966E+00             0.232
     24            1        0.312789E-03       0.113356E+00             0.232
     25            1        0.316218E-03       0.128408E+00             0.233
     26            1        0.313241E-03       0.115326E+00             0.233
     27            1        0.315788E-03       0.126523E+00             0.233
     28            1        0.313572E-03       0.116816E+00             0.234
     29            1        0.315461E-03       0.125135E+00             0.234
     30            1        0.313813E-03       0.117936E+00             0.234
     31            1        0.315212E-03       0.124111E+00             0.235
     32            1        0.313987E-03       0.118773E+00             0.235
     33            1        0.315022E-03       0.123355E+00             0.235
     34            1        0.314111E-03       0.119397E+00             0.235
     35            1        0.314876E-03       0.122795E+00             0.236
     36            1        0.314199E-03       0.119861E+00             0.236
     37            1        0.314764E-03       0.122381E+00             0.236
     38            1        0.314260E-03       0.120205E+00             0.237
     39            1        0.314677E-03       0.122074E+00             0.237
     40            1        0.314301E-03       0.120460E+00             0.237
     41            1        0.314609E-03       0.121845E+00             0.238
     42            1        0.314329E-03       0.120648E+00             0.238
     43            1        0.314556E-03       0.121675E+00             0.238
     44            1        0.314347E-03       0.120787E+00             0.239
     45            1        0.314514E-03       0.121548E+00             0.239
     46            1        0.314357E-03       0.120890E+00             0.239
     47            1        0.314480E-03       0.121454E+00             0.240
     48            1        0.314363E-03       0.120965E+00             0.240
     49            1        0.314453E-03       0.121383E+00             0.240
     50            1        0.314365E-03       0.121020E+00             0.240
     51            1        0.314431E-03       0.121329E+00             0.241
     52            1        0.314365E-03       0.121060E+00             0.241
     53            1        0.314413E-03       0.121289E+00             0.241
     54            1        0.314364E-03       0.121089E+00             0.242
     55            1        0.314399E-03       0.121259E+00             0.242
     56            1        0.314362E-03       0.121110E+00             0.242
     57            1        0.314388E-03       0.121236E+00             0.243
     58            1        0.314360E-03       0.121125E+00             0.243
     59            1        0.314378E-03       0.121218E+00             0.243
     60            1        0.314357E-03       0.121136E+00             0.244
     61            1        0.314371E-03       0.121205E+00             0.244
     62            1        0.314355E-03       0.121144E+00             0.244
     63            1        0.314365E-03       0.121195E+00             0.245
     64            1        0.314353E-03       0.121149E+00             0.245
     65            1        0.314360E-03       0.121187E+00             0.245
     66            1        0.314351E-03       0.121153E+00             0.246
     67            1        0.314356E-03       0.121180E+00             0.246
     68            1        0.314349E-03       0.121155E+00             0.246
     69            1        0.314353E-03       0.121176E+00             0.246
     70            1        0.314348E-03       0.121157E+00             0.247
     71            1        0.314351E-03       0.121172E+00             0.247
     72            1        0.314347E-03       0.121158E+00             0.247
     73            1        0.314349E-03       0.121169E+00             0.248
     74            1        0.314346E-03       0.121158E+00             0.248
     75            1        0.314348E-03       0.121166E+00             0.248
     76            1        0.314346E-03       0.121158E+00             0.249
     77            1        0.314348E-03       0.121164E+00             0.249
     78            1        0.314346E-03       0.121158E+00             0.249
     79            1        0.314347E-03       0.121163E+00             0.250
     80            1        0.761893E-04       0.598684E-05             0.250
A: Davidson (real)
Step  Order         E              beta         Error        Q   Time [fs]
   8    1  -4.072476853778E-01   1000.00    0.302334E-03     0       0.250
   8    2  -4.072460108780E-01    999.97    0.127154E-03     1       0.250
   8    3  -4.072458120366E-01    999.95    0.605056E-05     2       0.250
   8    4  -4.072458118649E-01    999.95    0.319554E-06     3       0.250
   8    5  -4.072458118650E-01    999.95    0.766723E-07     3       0.250
Time in fs:      0.25000
Mode 1: Runge-Kutta order 8
   Step        Accepted?    Stepsize [fs]      Error (scaled)       Time [fs]
      1            1        0.314347E-03       0.260342E-01             0.250
      2            1        0.376308E-03       0.321446E+00             0.250
      3            1        0.315684E-03       0.209780E+00             0.251
      4            1        0.307829E-03       0.140271E+00             0.251
      5            1        0.309317E-03       0.122473E+00             0.251
      6            1        0.310742E-03       0.112112E+00             0.252
      7            1        0.313712E-03       0.117618E+00             0.252
      8            1        0.313828E-03       0.116471E+00             0.252
      9            1        0.314906E-03       0.122119E+00             0.253
     10            1        0.314120E-03       0.120045E+00             0.253
     11            1        0.314560E-03       0.122765E+00             0.253
     12            1        0.313960E-03       0.120401E+00             0.254
     13            1        0.314356E-03       0.122132E+00             0.254
     14            1        0.313984E-03       0.120400E+00             0.254
     15            1        0.314316E-03       0.121778E+00             0.254
     16            1        0.314050E-03       0.120565E+00             0.255
     17            1        0.314295E-03       0.121621E+00             0.255
     18            1        0.314093E-03       0.120727E+00             0.255
     19            1        0.314273E-03       0.121506E+00             0.256
     20            1        0.314123E-03       0.120838E+00             0.256
     21            1        0.314257E-03       0.121412E+00             0.256
     22            1        0.314147E-03       0.120916E+00             0.257
     23            1        0.314248E-03       0.121342E+00             0.257
     24            1        0.314168E-03       0.120974E+00             0.257
     25            1        0.314243E-03       0.121290E+00             0.258
     26            1        0.314184E-03       0.121018E+00             0.258
     27            1        0.115283E-03       0.196098E-03             0.258
Mode 1: Runge-Kutta order 8
   Step        Accepted?    Stepsize [fs]      Error (scaled)       Time [fs]
      1            1        0.314241E-03       0.116142E-01             0.258
      2            1        0.413441E-03       0.438056E+00             0.259
      3            1        0.323872E-03       0.401670E+00             0.259
      4            1        0.296347E-03       0.991384E-01             0.259
      5            1        0.318283E-03       0.221108E+00             0.260
      6            1        0.294282E-03       0.484432E-01             0.260
      7            1        0.335579E-03       0.273424E+00             0.260
      8            1        0.294112E-03       0.474546E-01             0.261
      9            1        0.339063E-03       0.313242E+00             0.261
     10            1        0.292235E-03       0.427691E-01             0.261
     11            1        0.342882E-03       0.377846E+00             0.262
     12            1        0.287914E-03       0.270731E-01             0.262
     13            1        0.359060E-03       0.686688E+00             0.262
     14            1        0.276049E-03       0.177720E-02             0.263
     15            0        0.484906E-03       0.230116E+02             0.263
     16            1        0.206332E-03       0.852423E-02             0.263
     17            1        0.237732E-03       0.879461E-04             0.263
     18            1        0.498035E-03       0.708435E-02             0.263
     19            0        0.522629E-03       0.194185E+01             0.264
     20            1        0.411047E-03       0.135194E+00             0.264
     21            1        0.362243E-03       0.582312E+00             0.264
     22            1        0.302785E-03       0.179367E+00             0.265
     23            1        0.307944E-03       0.167395E+00             0.265
     24            1        0.301205E-03       0.837784E-01             0.265
     25            1        0.318584E-03       0.151480E+00             0.265
     26            1        0.305821E-03       0.841229E-01             0.266
     27            1        0.322022E-03       0.154494E+00             0.266
     28            1        0.272225E-03       0.407162E-02             0.266
A: Davidson (real)
Step  Order         E              beta         Error        Q   Time [fs]
   9    1  -4.072459884087E-01   1000.00    0.745034E-04     0       0.267
   9    2  -4.072459110807E-01   1000.00    0.726382E-05     1       0.267
   9    3  -4.072459106605E-01   1000.00    0.331177E-06     2       0.267
   9    4  -4.072459106596E-01   1000.00    0.190364E-07     3       0.267
Time in fs:      0.26667
Mode 1: Runge-Kutta order 8
   Step        Accepted?    Stepsize [fs]      Error (scaled)       Time [fs]
      1            1        0.308459E-03       0.193611E-01             0.267
      2            1        0.382279E-03       0.330977E+00             0.267
      3            1        0.315835E-03       0.215333E+00             0.267
      4            1        0.307395E-03       0.140272E+00             0.268
      5            1        0.309204E-03       0.123404E+00             0.268
      6            1        0.310354E-03       0.110987E+00             0.268
      7            1        0.313785E-03       0.118233E+00             0.269
      8            1        0.313583E-03       0.115569E+00             0.269
      9            1        0.315013E-03       0.122707E+00             0.269
     10            1        0.313952E-03       0.119463E+00             0.270
     11            1        0.314630E-03       0.123233E+00             0.270
     12            1        0.313829E-03       0.119976E+00             0.270
     13            1        0.314403E-03       0.122467E+00             0.270
     14            1        0.313886E-03       0.120074E+00             0.271
     15            1        0.314352E-03       0.122020E+00             0.271
     16            1        0.313979E-03       0.120318E+00             0.271
     17            1        0.314324E-03       0.121797E+00             0.272
     18            1        0.314044E-03       0.120542E+00             0.272
     19            1        0.314298E-03       0.121635E+00             0.272
     20            1        0.314090E-03       0.120698E+00             0.273
     21            1        0.314280E-03       0.121506E+00             0.273
     22            1        0.314127E-03       0.120810E+00             0.273
     23            1        0.314270E-03       0.121410E+00             0.274
     24            1        0.314158E-03       0.120894E+00             0.274
     25            1        0.314265E-03       0.121340E+00             0.274
     26            1        0.314183E-03       0.120957E+00             0.275
     27            1        0.314263E-03       0.121288E+00             0.275
     28            1        0.314204E-03       0.121004E+00             0.275
     29            1        0.314264E-03       0.121250E+00             0.276
     30            1        0.314221E-03       0.121039E+00             0.276
     31            1        0.314267E-03       0.121222E+00             0.276
     32            1        0.314236E-03       0.121065E+00             0.276
     33            1        0.314272E-03       0.121201E+00             0.277
     34            1        0.314250E-03       0.121085E+00             0.277
     35            1        0.314277E-03       0.121186E+00             0.277
     36            1        0.314261E-03       0.121100E+00             0.278
     37            1        0.314282E-03       0.121175E+00             0.278
     38            1        0.314272E-03       0.121112E+00             0.278
     39            1        0.314288E-03       0.121167E+00             0.279
     40            1        0.314281E-03       0.121120E+00             0.279
     41            1        0.314294E-03       0.121162E+00             0.279
     42            1        0.314290E-03       0.121127E+00             0.280
     43            1        0.314300E-03       0.121158E+00             0.280
     44            1        0.314297E-03       0.121132E+00             0.280
     45            1        0.314306E-03       0.121155E+00             0.281
     46            1        0.314305E-03       0.121136E+00             0.281
     47            1        0.314312E-03       0.121153E+00             0.281
     48            1        0.314312E-03       0.121139E+00             0.281
     49            1        0.314317E-03       0.121152E+00             0.282
     50            1        0.314318E-03       0.121142E+00             0.282
     51            1        0.314323E-03       0.121151E+00             0.282
     52            1        0.314324E-03       0.121143E+00             0.283
     53            1        0.278355E-03       0.215233E-04             0.283
Mode 1: Runge-Kutta order 8
   Step        Accepted?    Stepsize [fs]      Error (scaled)       Time [fs]
      1            1        0.314328E-03       0.308514E-01             0.283
      2            1        0.368886E-03       0.297127E+00             0.284
      3            1        0.314447E-03       0.184244E+00             0.284
      4            1        0.310336E-03       0.146091E+00             0.284
      5            1        0.308750E-03       0.114954E+00             0.285
      6            1        0.312989E-03       0.120865E+00             0.285
      7            1        0.312421E-03       0.111493E+00             0.285
      8            1        0.315444E-03       0.123201E+00             0.286
      9            1        0.313783E-03       0.116877E+00             0.286
     10            1        0.315318E-03       0.124646E+00             0.286
     11            1        0.313821E-03       0.118766E+00             0.287
     12            1        0.314912E-03       0.123772E+00             0.287
     13            1        0.313877E-03       0.119204E+00             0.287
     14            1        0.314744E-03       0.122930E+00             0.287
     15            1        0.314006E-03       0.119620E+00             0.288
     16            1        0.314659E-03       0.122449E+00             0.288
     17            1        0.314109E-03       0.120020E+00             0.288
     18            1        0.314590E-03       0.122125E+00             0.289
     19            1        0.314179E-03       0.120319E+00             0.289
     20            1        0.314536E-03       0.121876E+00             0.289
     21            1        0.314231E-03       0.120534E+00             0.290
     22            1        0.314496E-03       0.121689E+00             0.290
     23            1        0.314271E-03       0.120693E+00             0.290
     24            1        0.314468E-03       0.121550E+00             0.291
     25            1        0.314301E-03       0.120812E+00             0.291
     26            1        0.314448E-03       0.121448E+00             0.291
     27            1        0.314324E-03       0.120900E+00             0.292
     28            1        0.314433E-03       0.121372E+00             0.292
     29            1        0.314342E-03       0.120966E+00             0.292
     30            1        0.314424E-03       0.121316E+00             0.292
     31            1        0.314356E-03       0.121014E+00             0.293
     32            1        0.314417E-03       0.121274E+00             0.293
     33            1        0.314367E-03       0.121051E+00             0.293
     34            1        0.314412E-03       0.121244E+00             0.294
     35            1        0.314376E-03       0.121078E+00             0.294
     36            1        0.314410E-03       0.121221E+00             0.294
     37            1        0.314383E-03       0.121098E+00             0.295
     38            1        0.314408E-03       0.121204E+00             0.295
     39            1        0.314389E-03       0.121113E+00             0.295
     40            1        0.314408E-03       0.121192E+00             0.296
     41            1        0.314393E-03       0.121124E+00             0.296
     42            1        0.314408E-03       0.121182E+00             0.296
     43            1        0.314398E-03       0.121132E+00             0.297
     44            1        0.314409E-03       0.121176E+00             0.297
     45            1        0.314401E-03       0.121138E+00             0.297
     46            1        0.314410E-03       0.121171E+00             0.298
     47            1        0.314404E-03       0.121143E+00             0.298
     48            1        0.314411E-03       0.121167E+00             0.298
     49            1        0.314407E-03       0.121146E+00             0.298
     50            1        0.314412E-03       0.121164E+00             0.299
     51            1        0.314410E-03       0.121149E+00             0.299
     52            1        0.314414E-03       0.121162E+00             0.299
     53            1        0.275993E-03       0.586550E-03             0.300
A: Davidson (real)
Step  Order         E              beta         Error        Q   Time [fs]
  10    1  -4.072460808190E-01   1000.00    0.133264E-03     0       0.300
  10    2  -4.072457799320E-01    999.99    0.117897E-03     1       0.300
  10    3  -4.072453441620E-01    999.94    0.138991E-03     2       0.300
  10    4  -4.072450866075E-01    999.86    0.341999E-04     3       0.300
  10    5  -4.072450842882E-01    999.86    0.229539E-05     4       0.300
  10    6  -4.072450842948E-01    999.86    0.193367E-06     4       0.300
  10    7  -4.072450842949E-01    999.86    0.824686E-08     4       0.300
Time in fs:      0.30000
Mode 1: Runge-Kutta order 8
   Step        Accepted?    Stepsize [fs]      Error (scaled)       Time [fs]
      1            1        0.314412E-03       0.269888E-01             0.300
      2            1        0.374804E-03       0.312301E+00             0.300
      3            1        0.315940E-03       0.199735E+00             0.301
      4            1        0.309495E-03       0.142731E+00             0.301
