#Update-step  Updatetime     Error of A        Error of phi      Time in fs
     1 *      0.02500000     0.000000E+000     0.352882E-003        0.0000
     1        0.02500000     0.000000E+000     0.104927E-002        0.0250
     2        0.01250000     0.000000E+000     0.188555E-004        0.0500
     3        0.01875000     0.000000E+000     0.385904E-004        0.0625
     4        0.01875000     0.000000E+000     0.351131E-004        0.0813
     5        0.03333333     0.000000E+000     0.244943E-004        0.1000
     6        0.06666667     0.000000E+000     0.676348E-004        0.1333
     7 *      0.05000000     0.000000E+000     0.326457E-003        0.2000
     7        0.05000000     0.000000E+000     0.189085E-002        0.2500
     8                                         0.133299E-002
     8        0.00172414     0.000000E+000     0.585787E-004        0.3000
     9        0.00297806     0.000000E+000     0.239672E-003        0.3017
    10 *      0.00158830     0.000000E+000     0.365761E-003        0.3047
    10        0.00158830     0.000000E+000     0.732096E-003        0.3063
    11 *      0.00058305     0.000000E+000     0.138845E-003        0.3079
    11        0.00058305     0.000000E+000     0.126418E-003        0.3085
    12        0.00085005     0.000000E+000     0.207965E-003        0.3090
    13 *      0.00047424     0.000000E+000     0.992220E-004        0.3099
    13        0.00047424     0.000000E+000     0.167851E-003        0.3104
    14        0.00062347     0.000000E+000     0.263815E-003        0.3108
    15        0.00064154     0.000000E+000     0.241964E-003        0.3115
    16        0.00068133     0.000000E+000     0.238140E-003        0.3121
    17        0.00072675     0.000000E+000     0.256932E-003        0.3128
    18        0.00075203     0.000000E+000     0.220671E-003        0.3135
    19        0.00082434     0.000000E+000     0.245030E-003        0.3143
    20        0.00086640     0.000000E+000     0.232509E-003        0.3151
    21        0.00093379     0.000000E+000     0.234956E-003        0.3160
    22        0.00100129     0.000000E+000     0.225018E-003        0.3169
    23        0.00109474     0.000000E+000     0.218382E-003        0.3179
    24        0.00120912     0.000000E+000     0.218059E-003        0.3190
    25        0.00133003     0.000000E+000     0.193154E-003        0.3202
    26        0.00153866     0.000000E+000     0.192683E-003        0.3215
    27        0.00174848     0.000000E+000     0.179783E-003        0.3231
    28        0.00203202     0.000000E+000     0.166204E-003        0.3248
    29        0.00243842     0.000000E+000     0.156898E-003        0.3268
    30        0.00294642     0.000000E+000     0.155275E-003        0.3293
    31        0.00356672     0.000000E+000     0.148078E-003        0.3322
    32        0.00428007     0.000000E+000     0.157913E-003        0.3358
    33        0.00499341     0.000000E+000     0.198551E-003        0.3401
    34 *      0.00274638     0.000000E+000     0.784490E-004        0.3451
    34        0.00274638     0.000000E+000     0.105518E-003        0.3478
    35 *      0.00205978     0.000000E+000     0.116447E-003        0.3506
    35        0.00205978     0.000000E+000     0.197372E-003        0.3526
    36 *      0.00125876     0.000000E+000     0.103962E-003        0.3547
    36        0.00125876     0.000000E+000     0.113189E-003        0.3559
    37        0.00186077     0.000000E+000     0.248520E-003        0.3572
    38        0.00194938     0.000000E+000     0.270198E-003        0.3591
    39        0.00194938     0.000000E+000     0.263848E-003        0.3610
    40        0.00194938     0.000000E+000     0.254472E-003        0.3630
    41        0.00194938     0.000000E+000     0.241365E-003        0.3649
    42        0.00207121     0.000000E+000     0.254214E-003        0.3669
    43        0.00207121     0.000000E+000     0.236181E-003        0.3689
    44        0.00207121     0.000000E+000     0.219305E-003        0.3710
    45        0.00224382     0.000000E+000     0.238262E-003        0.3731
    46        0.00224382     0.000000E+000     0.220978E-003        0.3753
    47        0.00224382     0.000000E+000     0.205364E-003        0.3776
    48        0.00252429     0.000000E+000     0.240433E-003        0.3798
    49        0.00252429     0.000000E+000     0.222341E-003        0.3823
    50        0.00252429     0.000000E+000     0.205996E-003        0.3849
    51        0.00252429     0.000000E+000     0.191204E-003        0.3874
    52        0.00252429     0.000000E+000     0.177724E-003        0.3899
    53        0.00252429     0.000000E+000     0.165302E-003        0.3924
    54        0.00252429     0.000000E+000     0.153717E-003        0.3950
    55        0.00252429     0.000000E+000     0.142828E-003        0.3975
    56        0.00322581     0.000000E+000     0.213495E-003        0.4000
    57        0.00358423     0.000000E+000     0.237725E-003        0.4032
    58        0.00372760     0.000000E+000     0.230276E-003        0.4068
    59        0.00388967     0.000000E+000     0.223523E-003        0.4105
    60        0.00407489     0.000000E+000     0.217625E-003        0.4144
    61        0.00428936     0.000000E+000     0.212659E-003        0.4185
    62        0.00454167     0.000000E+000     0.208672E-003        0.4228
    63        0.00484445     0.000000E+000     0.205740E-003        0.4273
    64        0.00521710     0.000000E+000     0.204073E-003        0.4322
    65        0.00569138     0.000000E+000     0.204168E-003        0.4374
    66        0.00632376     0.000000E+000     0.207135E-003        0.4431
    67        0.00632376     0.000000E+000     0.168288E-003        0.4494
    68        0.00737772     0.000000E+000     0.181128E-003        0.4557
    69        0.00737772     0.000000E+000     0.141079E-003        0.4631
    70        0.00737772     0.000000E+000     0.109707E-003        0.4705
    71        0.00737772     0.000000E+000     0.852866E-004        0.4779
    72        0.00737772     0.000000E+000     0.662981E-004        0.4852
    73        0.00737772     0.000000E+000     0.515033E-004        0.4926
    74        0.01250000     0.000000E+000     0.101594E-003        0.5000
    75        0.01750000     0.000000E+000     0.113516E-003        0.5125
    76        0.02333333     0.000000E+000     0.935061E-004        0.5300
    77        0.02333333     0.000000E+000     0.410763E-004        0.5533
    78        0.02333333     0.000000E+000     0.189418E-004        0.5767
    79        0.05000000     0.000000E+000     0.256033E-004        0.6000
    80        0.05000000     0.000000E+000     0.810278E-005        0.6500
    81        0.10000000     0.000000E+000     0.331358E-005        0.7000
    82        0.10000000     0.000000E+000     0.209491E-006        0.8000
    83        0.10000000     0.000000E+000     0.147376E-007        0.9000
