  -25.000000000000000       -4.5052805852346269E-012  -2.0423981093091540E-008  -9.2439578203718745E-004   2.5528769428208092E-003  -6.4424166076495594E-003
  -24.899799599198396       -9.0825457251320301E-012  -4.0943000401536695E-008  -1.8485630335410808E-003   5.1032947204981338E-003  -1.2871589341024618E-002
  -24.799599198396795       -1.3804650360015556E-011  -6.1652538242734941E-008  -2.7722732804703800E-003   7.6487965367660607E-003  -1.9274301551651503E-002
  -24.699398797595190       -1.8746974180937511E-011  -8.2648961343821319E-008  -3.6952981617622612E-003   1.0186930330855699E-002  -2.5637390986748259E-002
  -24.599198396793586       -2.3988869479548896E-011  -1.0402997197063395E-007  -4.6174094857961241E-003   1.2715251139566361E-002  -3.1947776847328413E-002
  -24.498997995991985       -2.9613518522893077E-011  -1.2589506123588752E-007  -5.5383792868013669E-003   1.5231323452462631E-002  -3.8192486678761448E-002
  -24.398797595190381       -3.5710873062267499E-011  -1.4834597316550903E-007  -6.4579798812176804E-003   1.7732723557985580E-002  -4.4358683038659696E-002
  -24.298597194388776       -4.2377697577759313E-011  -1.7148717788524659E-007  -7.3759839239892124E-003   2.0217041878212064E-002  -5.0433689887247522E-002
  -24.198396793587175       -4.9721076005455319E-011  -1.9542635750432513E-007  -8.2921644647481231E-003   2.2681885289923261E-002  -5.6405018645744369E-002
  -24.098196392785571       -5.7858109353915683E-011  -2.2027490710896402E-007  -9.2062950039374387E-003   2.5124879429922125E-002  -6.2260393869622919E-002
  -23.997995991983966       -6.6919099303211367E-011  -2.4614845373645678E-007  -1.0118149548818428E-002   2.7543670982270212E-002  -6.7987778483701411E-002
  -23.897795591182366       -7.7047042357803494E-011  -2.7316739363241240E-007  -1.1027502669312447E-002   2.9935929945143696E-002  -7.3575398526945571E-002
  -23.797595190380761       -8.8404667642708181E-011  -3.0145745306241963E-007  -1.1934129553755994E-002   3.2299351875362439E-002  -7.9011767356705870E-002
  -23.697394789579157       -1.0117286774785410E-010  -3.3115027306154608E-007  -1.2837806064468677E-002   3.4631660108221725E-002  -8.4285709262116190E-002
  -23.597194388777556       -1.1555610219348231E-010  -3.6238402241060491E-007  -1.3738308793157031E-002   3.6930607950557352E-002  -8.9386382438279940E-002
  -23.496993987975952       -1.3178321781313922E-010  -3.9530403957916512E-007  -1.4635415116158608E-002   3.9193980844999581E-002  -9.4303301274184181E-002
  -23.396793587174347       -1.5011330790514933E-010  -4.3006350994632755E-007  -1.5528903249478492E-002   4.1419598503241978E-002  -9.9026357908300180E-002
  -23.296593186372746       -1.7083861726044497E-010  -4.6682417871705644E-007  -1.6418552303622231E-002   4.3605317006298709E-002 -0.10354584300763819     
  -23.196392785571142       -1.9429026922749000E-010  -5.0575710314726252E-007  -1.7304142338188618E-002   4.5749030869682621E-002 -0.10785246572742049     
  -23.096192384769537       -2.2084255161826802E-010  -5.4704344774364820E-007  -1.8185454416251644E-002   4.7848675071619849E-002 -0.11193737281060388     
  -22.995991983967937       -2.5091975841392663E-010  -5.9087532951819983E-007  -1.9062270658495771E-002   4.9902227042298249E-002 -0.11579216678786561     
  -22.895791583166332       -2.8500131710824868E-010  -6.3745670916037459E-007  -1.9934374297076424E-002   5.1907708612177930E-002 -0.11940892324050371     
  -22.795591182364731       -3.2363143931040129E-010  -6.8700434207264432E-007  -2.0801549729199030E-002   5.3863187917517902E-002 -0.12278020709084583     
  -22.695390781563127       -3.6742614595871069E-010  -7.3974878622545299E-007  -2.1663582570425086E-002   5.5766781261337404E-002 -0.12589908788679618     
  -22.595190380761522       -4.1708438771027683E-010  -7.9593547550427547E-007  -2.2520259707672942E-002   5.7616654927962460E-002 -0.12875915404897503     
  -22.494989979959918       -4.7339821907600707E-010  -8.5582586128963850E-007  -2.3371369351914206E-002   5.9411026949462764E-002 -0.13135452605127509     
  -22.394789579158317       -5.3726686093825000E-010  -9.1969862983419411E-007  -2.4216701090531253E-002   6.1148168822195488E-002 -0.13367986850755670     
  -22.294589178356713       -6.0970875660119667E-010  -9.8785099702945209E-007  -2.5056045939316964E-002   6.2826407171815285E-002 -0.13573040113967622     
  -22.194388777555112       -6.9188107905302683E-010  -1.0606000938136205E-006  -2.5889196394150330E-002   6.4444125365245769E-002 -0.13750190860449590     
  -22.094188376753507       -7.8509511537890493E-010  -1.1382844405598577E-006  -2.6715946482304801E-002   6.5999765067992835E-002 -0.13899074915955184     
  -21.993987975951903       -8.9084003133600725E-010  -1.2212655233748329E-006  -2.7536091813364930E-002   6.7491827745261329E-002 -0.14019386214946519     
  -21.893787575150299       -1.0108027282198705E-009  -1.3099294747132823E-006  -2.8349429629745869E-002   6.8918876105460644E-002 -0.14110877429778038     
  -21.793587174348698       -1.1468971233597837E-009  -1.4046888717914636E-006  -2.9155758856833143E-002   7.0279535484765066E-002 -0.14173360479142016     
  -21.693386773547093       -1.3012964816574194E-009  -1.5059846548938183E-006  -2.9954880152688396E-002   7.1572495171306608E-002 -0.14206706914711070     
  -21.593186372745492       -1.4764629679839053E-009  -1.6142881791716956E-006  -3.0746595957317817E-002   7.2796509667743897E-002 -0.14210848185187236     
  -21.492985971943888       -1.6751923461132586E-009  -1.7301034097875269E-006  -3.1530710541533759E-002   7.3950399891085705E-002 -0.14185775777234350     
  -21.392785571142284       -1.9006566751122890E-009  -1.8539692649933569E-006  -3.2307030055332898E-002   7.5033054308470515E-002 -0.14131541232975112     
  -21.292585170340683       -2.1564537607399955E-009  -1.9864621256074578E-006  -3.3075362575810410E-002   7.6043430007868340E-002 -0.14048256044028776     
  -21.192384769539078       -2.4466661400617982E-009  -2.1281985150500262E-006  -3.3835518154633516E-002   7.6980553702777330E-002 -0.13936091422327179     
  -21.092184368737474       -2.7759248188400802E-009  -2.2798379704022556E-006  -3.4587308864983235E-002   7.7843522669736459E-002 -0.13795277948140852     
  -20.991983967935873       -3.1494842169453965E-009  -2.4420861094653571E-006  -3.5330548848002623E-002   7.8631505617886441E-002 -0.13626105096063099     
  -20.891783567134269       -3.5733059953011897E-009  -2.6156979161198969E-006  -3.6065054358770068E-002   7.9343743489801805E-002 -0.13428920639938274     
  -20.791583166332664       -4.0541538197836991E-009  -2.8014812510015561E-006  -3.6790643811710960E-002   7.9979550192657387E-002 -0.13204129937927908     
  -20.691382765531060       -4.5997020637234954E-009  -3.0003006123032306E-006  -3.7507137825490193E-002   8.0538313259132924E-002 -0.12952195099202876     
  -20.591182364729459       -5.2186563125032071E-009  -3.2130811591673988E-006  -3.8214359267371441E-002   8.1019494437423956E-002 -0.12673634033975470     
  -20.490981963927855       -5.9208938139581275E-009  -3.4408130151295618E-006  -3.8912133296988567E-002   8.1422630209697908E-002 -0.12369019388809518     
  -20.390781563126254       -6.7176223937620000E-009  -3.6845558760006335E-006  -3.9600287409573796E-002   8.1747332238600617E-002 -0.12038977369414036     
  -20.290581162324649       -7.6215563569577176E-009  -3.9454439406920751E-006  -4.0278651478619344E-002   8.1993287741370602E-002 -0.11684186453337125     
  -20.190380761523045       -8.6471204999741373E-009  -4.2246911904341281E-006  -4.0947057797927504E-002   8.2160259791122695E-002 -0.11305375995196541     
  -20.090180360721444       -9.8106814960291562E-009  -4.5235970356045449E-006  -4.1605341123066061E-002   8.2248087545065407E-002 -0.10903324727321309     
  -19.989979959919840       -1.1130807209746709E-008  -4.8435523629247536E-006  -4.2253338712225613E-002   8.2256686399450829E-002 -0.10478859158889131     
  -19.889779559118235       -1.2628564495444763E-008  -5.1860460086970505E-006  -4.2890890366448421E-002   8.2186048071066775E-002 -0.10032851876845315     
  -19.789579158316634       -1.4327856478512852E-008  -5.5526716855800193E-006  -4.3517838469242412E-002   8.2036240605232569E-002  -9.5662197521009087E-002
  -19.689378757515030       -1.6255800513244592E-008  -5.9451353986975036E-006  -4.4134028025542525E-002   8.1807408310241039E-002  -9.0799220546916914E-002
  -19.589178356713425       -1.8443163167481619E-008  -6.3652633844257518E-006  -4.4739306700018466E-002   8.1499771618329150E-002  -8.5749584817750052E-002
  -19.488977955911825       -2.0924851551722999E-008  -6.8150106085765384E-006  -4.5333524854755801E-002   8.1113626873373035E-002  -8.0523671025255122E-002
  -19.388777555110220       -2.3740470422421327E-008  -7.2964698626600492E-006  -4.5916535586237900E-002   8.0649346045403664E-002  -7.5132222241423602E-002
  -19.288577154308616       -2.6934952686835737E-008  -7.8118815035656986E-006  -4.6488194761660336E-002   8.0107376372282157E-002  -6.9586321833618001E-002
  -19.188376753507015       -3.0559277416722331E-008  -8.3636438761872284E-006  -4.7048361054565502E-002   7.9488239928888857E-002  -6.3897370680166071E-002
  -19.088176352705410       -3.4671282353828734E-008  -8.9543244751133236E-006  -4.7596895979784455E-002   7.8792533124213845E-002  -5.8077063733218082E-002
  -18.987975951903806       -3.9336589614826807E-008  -9.5866718913603344E-006  -4.8133663927677352E-002   7.8020926126847065E-002  -5.2137365977083308E-002
  -18.887775551102205       -4.4629651236690229E-008  -1.0263628602791696E-005  -4.8658532197655840E-002   7.7174162219405970E-002  -4.6090487831435996E-002
  -18.787575150300601       -5.0634935037215999E-008  -1.0988344667644664E-005  -4.9171371030985886E-002   7.6253057082530704E-002  -3.9948860049980613E-002
  -18.687374749499000       -5.7448277077520665E-008  -1.1764192378706005E-005  -4.9672053642862667E-002   7.5258498009141750E-002  -3.3725108166156093E-002
  -18.587174348697395       -6.5178408495758313E-008  -1.2594781959661858E-005  -5.0160456253766465E-002   7.4191443049734754E-002  -2.7432026538454866E-002
  -18.486973947895791       -7.3948692438820139E-008  -1.3483978360247183E-005  -5.0636458120054621E-002   7.3052920089483053E-002  -2.1082552048658477E-002
  -18.386773547094187       -8.3899088089339692E-008  -1.4435919244617593E-005  -5.1099941563822866E-002   7.1844025858103427E-002  -1.4689737507094082E-002
  -18.286573146292586       -9.5188389205008072E-008  -1.5455034243323201E-005  -5.1550792001992675E-002   7.0565924873375291E-002  -8.2667248195692159E-003
  -18.186372745490981       -1.0799675789500892E-007  -1.6546065565883320E-005  -5.1988897974622458E-002   6.9219848319349714E-002  -1.8267179711469539E-003
  -18.086172344689381       -1.2252859675291355E-007  -1.7714090066405597E-005  -5.2414151172481493E-002   6.7807092860387330E-002   4.6170441176870353E-003
  -17.985971943887776       -1.3901581215860275E-007  -1.8964542868948728E-005  -5.2826446463833554E-002   6.6329019392100091E-002   1.1051314806683005E-002
  -17.885771543086172       -1.5772151685199866E-007  -2.0303242657910799E-005  -5.3225681920402508E-002   6.4787051730378575E-002   1.7462866967353510E-002
  -17.785571142284567       -1.7894422659963950E-007  -2.1736418753648629E-005  -5.3611758842586815E-002   6.3182675239858418E-002   2.3838520174393016E-002
  -17.685370741482966       -2.0302262442347237E-007  -2.3270740100973727E-005  -5.3984581783864942E-002   6.1517435403092603E-002   3.0165167801079421E-002
  -17.585170340681362       -2.3034096642370041E-007  -2.4913346298308009E-005  -5.4344058574381605E-002   5.9792936331784459E-002   3.6429803962974260E-002
  -17.484969939879761       -2.6133521436269484E-007  -2.6671880823019448E-005  -5.4690100343735268E-002   5.8010839221565934E-002   4.2619550254517413E-002
  -17.384769539078157       -2.9649999002780026E-007  -2.8554526597333893E-005  -5.5022621542946341E-002   5.6172860751775112E-002   4.8721682223555884E-002
  -17.284569138276552       -3.3639647342300856E-007  -3.0570044065544210E-005  -5.5341539965611725E-002   5.4280771431802204E-002   5.4723655529398660E-002
  -17.184368737474948       -3.8166135387974301E-007  -3.2727811959017349E-005  -5.5646776768238641E-002   5.2336393895579397E-002   6.0613131730618358E-002
  -17.084168336673347       -4.3301699112185520E-007  -3.5037870936413494E-005  -5.5938256489720166E-002   5.0341601145839132E-002   6.6378003649540898E-002
  -16.983967935871743       -4.9128294665278186E-007  -3.7510970308790413E-005  -5.6215907069988670E-002   4.8298314749862147E-002   7.2006420261350096E-002
  -16.883767535070142       -5.5738906019056565E-007  -4.0158618053315216E-005  -5.6479659867846699E-002   4.6208502988463560E-002   7.7486811056618143E-002
  -16.783567134268537       -6.3239028979347569E-007  -4.2993134369418702E-005  -5.6729449677925751E-002   4.4074178959954732E-002   8.2807909827145185E-002
  -16.683366733466933       -7.1748354490385725E-007  -4.6027709004392155E-005  -5.6965214746805444E-002   4.1897398640943224E-002   8.7958777826250806E-002
  -16.583166332665328       -8.1402678973183429E-007  -4.9276462629299968E-005  -5.7186896788287180E-002   3.9680258905831794E-002   9.2928826255901403E-002
  -16.482965931863728       -9.2356071256102013E-007  -5.2754512546089267E-005  -5.7394440997794227E-002   3.7424895506909354E-002   9.7707838034413186E-002
  -16.382765531062123       -1.0478333148198784E-006  -5.6478043032080290E-005  -5.7587796065929821E-002   3.5133481017004156E-002  0.10228598880004024     
  -16.282565130260522       -1.1888278068583246E-006  -6.0464380649564057E-005  -5.7766914191166245E-002   3.2808222736665942E-002  0.10665386710722165     
  -16.182364729458918       -1.3487942534890920E-006  -6.4732074872859163E-005  -5.7931751091642704E-002   3.0451360567877499E-002  0.11080249377394577     
  -16.082164328657313       -1.5302854840206643E-006  -6.9300984401868306E-005  -5.8082266016125705E-002   2.8065164856389550E-002  0.11472334034055338     
  -15.981963927855711       -1.7361978318689665E-006  -7.4192369570248343E-005  -5.8218421754086196E-002   2.5651934204711603E-002  0.11840834660196349     
  -15.881763527054108       -1.9698173579430716E-006  -7.9428991276275662E-005  -5.8340184644895626E-002   2.3213993257886027E-002  0.12184993717727936     
  -15.781563126252506       -2.2348722897133662E-006  -8.5035216892629956E-005  -5.8447524586151441E-002   2.0753690464178933E-002  0.12504103708273850     
  -15.681362725450901       -2.5355925152253959E-006  -9.1037133655382270E-005  -5.8540415041105728E-002   1.8273395812833600E-002  0.12797508627594081     
  -15.581162324649299       -2.8767770896363533E-006  -9.7462670055934914E-005  -5.8618833045236247E-002   1.5775498551084861E-002  0.13064605314155811     
  -15.480961923847696       -3.2638708196288914E-006  -1.0434172579868914E-004  -5.8682759211924396E-002   1.3262404882617618E-002  0.13304844689071899     
  -15.380761523046091       -3.7030511540044336E-006  -1.1170631093172682E-004  -5.8732177737242222E-002   1.0736535649687498E-002  0.13517732884857037     
  -15.280561122244489       -4.2013267697667553E-006  -1.1959069479987479E-004  -5.8767076403869488E-002   8.2003240011461892E-003  0.13702832260689207     
  -15.180360721442886       -4.7666494161950657E-006  -1.2803156550716071E-004  -5.8787446584097423E-002   5.6562130486083754E-003  0.13859762302077114     
  -15.080160320641282       -5.4080408170174640E-006  -1.3706820063533377E-004  -5.8793283241965977E-002   3.1066535130202630E-003  0.13988200403097292     
  -14.979959919839679       -6.1357366409633055E-006  -1.4674265001685542E-004  -5.8784584934522204E-002   5.5410136390756010E-004  0.14087882529587037     
  -14.879759519038076       -6.9613498488580005E-006  -1.5709993139983815E-004  -5.8761353812158322E-002  -1.9989845464456024E-003  0.14158603761923494     
  -14.779559118236472       -7.8980560191950552E-006  -1.6818823992850767E-004  -5.8723595618085468E-002  -4.5501448515882607E-003  0.14200218716285007     
  -14.679358717434869       -8.9608036128871796E-006  -1.8005917240665698E-004  -5.8671319686904207E-002  -7.0969220399818549E-003  0.14212641843518889     
  -14.579158316633267       -1.0166552527178663E-005  -1.9276796739452334E-004  -5.8604538942289376E-002  -9.6368628223021894E-003  0.14195847605004563     
  -14.478957915831662       -1.1534544751710617E-005  -2.0637376224371960E-004  -5.8523269893789892E-002  -1.2167520494670280E-002  0.14149870525154079     
  -14.378757515030060       -1.3086611442434776E-005  -2.2093986828362070E-004  -5.8427532632722018E-002  -1.4686457295526402E-002  0.14074805120432479     
  -14.278557114228457       -1.4847521311556073E-005  -2.3653406542061057E-004  -5.8317350827170732E-002  -1.7191246753899731E-002  0.13970805705051079     
  -14.178356713426853       -1.6845375906800989E-005  -2.5322891753789417E-004  -5.8192751716115834E-002  -1.9679476026783754E-002  0.13838086073732608     
  -14.078156312625250       -1.9112058066206306E-005  -2.7110211015521818E-004  -5.8053766102632416E-002  -2.2148748223373916E-002  0.13676919062193393     
  -13.977955911823647       -2.1683740721503044E-005  -2.9023681191682569E-004  -5.7900428346189026E-002  -2.4596684713915639E-002  0.13487635986247065     
  -13.877755511022043       -2.4601464166433795E-005  -3.1072206159649200E-004  -5.7732776354028570E-002  -2.7020927420930489E-002  0.13270625960682231     
  -13.777555110220440       -2.7911790999729462E-005  -3.3265318241838690E-004  -5.7550851571602592E-002  -2.9419141090594531E-002  0.13026335099307818     
  -13.677354709418838       -3.1667549195046801E-005  -3.5613222561724093E-004  -5.7354698972051928E-002  -3.1789015542052858E-002  0.12755265597808416     
  -13.577154308617233       -3.5928675157636998E-005  -3.8126844530680872E-004  -5.7144367044703270E-002  -3.4128267892472058E-002  0.12457974701292014     
  -13.476953907815631       -4.0763170222408573E-005  -4.0817880685989452E-004  -5.6919907782501375E-002  -3.6434644755617342E-002  0.12135073558638133     
  -13.376753507014028       -4.6248185852558185E-005  -4.3698853117129437E-004  -5.6681376668330126E-002  -3.8705924411759400E-002  0.11787225965995081     
  -13.276553106212425       -5.2471254863295595E-005  -4.6783167732947927E-004  -5.6428832660127409E-002  -4.0939918946697004E-002  0.11415147002000689     
  -13.176352705410821       -5.9531688316539355E-005  -5.0085176640675541E-004  -5.6162338174628082E-002  -4.3134476357650026E-002  0.11019601557509072     
  -13.076152304609218       -6.7542160370102816E-005  -5.3620244926660444E-004  -5.5881959069556106E-002  -4.5287482623740070E-002  0.10601402762830801     
  -12.975951903807616       -7.6630506386262163E-005  -5.7404822149059536E-004  -5.5587764624010078E-002  -4.7396863738710202E-002  0.10161410315701699     
  -12.875751503006011       -8.6941762984229744E-005  -6.1456518874323780E-004  -5.5279827516659621E-002  -4.9460587703383622E-002   9.7005287133866316E-002
  -12.775551102204409       -9.8640482587075679E-005  -6.5794188611729976E-004  -5.4958223801260801E-002  -5.1476666475250940E-002   9.2197053925304598E-002
  -12.675350701402806       -1.1191335940586233E-004  -7.0438015526067379E-004  -5.4623032878830920E-002  -5.3443157872264682E-002   8.7199287805565406E-002
  -12.575150300601202       -1.2697220874160131E-004  -7.5409608333404886E-004  -5.4274337465564232E-002  -5.5358167427629230E-002   8.2022262626010894E-002
  -12.474949899799599       -1.4405734716040194E-004  -8.0732100812563629E-004  -5.3912223555328279E-002  -5.7219850191878280E-002   7.6676620681629490E-002
  -12.374749498997996       -1.6344142744996215E-004  -8.6430259393805635E-004  -5.3536780375132043E-002  -5.9026412477884323E-002   7.1173350818401579E-002
  -12.274549098196392       -1.8543378952837070E-004  -9.2530598316588200E-004  -5.3148100331521349E-002  -6.0776113543579341E-002   6.5523765827288957E-002
  -12.174348697394789       -2.1038539669999620E-004  -9.9061502879344509E-004  -5.2746278945167237E-002  -6.2467267206005310E-002   5.9739479172815732E-002
  -12.074148296593187       -2.3869443596027275E-004  -1.0605336133710948E-003  -5.2331414770144795E-002  -6.4098243378764713E-002   5.3832381106727820E-002
  -11.973947895791582       -2.7081267161246524E-004  -1.1353870603325728E-003  -5.1903609293411063E-002  -6.5667469523041352E-002   4.7814614220269835E-002
  -11.873747494989980       -3.0725265343487413E-004  -1.2155236438621776E-003  -5.1462966808671413E-002  -6.7173431999671504E-002   4.1698548492131185E-002
  -11.773547094188377       -3.4859589417607942E-004  -1.3013162038077596E-003  -5.1009594257286336E-002  -6.8614677306551020E-002   3.5496755893776370E-002
  -11.673346693386772       -3.9550214651844895E-004  -1.3931638724218784E-003  -5.0543601026982583E-002  -6.9989813181519450E-002   2.9221984619624688E-002
  -11.573146292585170       -4.4871992699840445E-004  -1.4914939199438704E-003  -5.0065098696763836E-002  -7.1297509545637100E-002   2.2887133017060610E-002
  -11.472945891783567       -5.0909845402371027E-004  -1.5967637261856259E-003  -4.9574200713593301E-002  -7.2536499255301867E-002   1.6505223300811885E-002
  -11.372745490981963       -5.7760118928493990E-004  -1.7094628853302470E-003  -4.9071021983084939E-002  -7.3705578623776816E-002   1.0089375148714016E-002
  -11.272545090180360       -6.5532119688072954E-004  -1.8301154510491865E-003  -4.8555678352467144E-002  -7.4803607663024754E-002   3.6527792917301740E-003
  -11.172344689378757       -7.4349856267049851E-004  -1.9592823286905345E-003  -4.8028285959391029E-002  -7.5829509985111648E-002  -2.7913287686774772E-003
  -11.072144288577153       -8.4354014804350263E-004  -2.0975638206733554E-003  -4.7488960414832922E-002  -7.6782272288669406E-002  -9.2296947572695805E-003
  -10.971943887775550       -9.5704198785880935E-004  -2.2456023301745051E-003  -4.6937815782213434E-002  -7.7660943339687302E-002  -1.5649071145514004E-002
  -10.871743486973948       -1.0858146820763904E-003  -2.4040852266053419E-003  -4.6374963307933934E-002  -7.8464632336999685E-002  -2.2036241966387749E-002
  -10.771543086172345       -1.2319121749501116E-003  -2.5737478740867625E-003  -4.5800509850925680E-002  -7.9192506531313156E-002  -2.8378046646418034E-002
  -10.671342685370741       -1.3976643648614335E-003  -2.7553768209085993E-003  -4.5214555950567149E-002  -7.9843787942381270E-002  -3.4661402520672631E-002
  -10.571142284569138       -1.5857140422358541E-003  -2.9498131435365402E-003  -4.4617193463419670E-002  -8.0417748991879076E-002  -4.0873325628631142E-002
  -10.470941883767535       -1.7990587125917179E-003  -3.1579559327978455E-003  -4.4008502690194268E-002  -8.0913706840476843E-002  -4.7000949309936833E-002
  -10.370741482965931       -2.0410979266485768E-003  -3.3807659020180006E-003  -4.3388548905209622E-002  -8.1331016186638613E-002  -5.3031540028465760E-002
  -10.270541082164328       -2.3156868092716804E-003  -3.6192690865940245E-003  -4.2757378191804259E-002  -8.1669060252764852E-002  -5.8952509751206993E-002
  -10.170340681362726       -2.6271965532052837E-003  -3.8745605912395265E-003  -4.2115012479452374E-002  -8.1927239652948528E-002  -6.4751424096319413E-002
  -10.070140280561121       -2.9805827210467057E-003  -4.1478083241648081E-003  -4.1461443672067604E-002  -8.2104958806950235E-002  -7.0416005344021787E-002
  -9.9699398797595187       -3.3814622779578998E-003  -4.4402566360268120E-003  -4.0796626753299127E-002  -8.2201609539685250E-002  -7.5934129278390244E-002
  -9.8697394789579160       -3.8362003555727003E-003  -4.7532297546526176E-003  -4.0120471754394607E-002  -8.2216551486992695E-002  -8.1293814702178890E-002
  -9.7695390781563116       -4.3520078207934078E-003  -5.0881348732123039E-003  -3.9432834474606340E-002  -8.2149088919986013E-002  -8.6483204347184942E-002
  -9.6693386773547090       -4.9370507865513337E-003  -5.4464647086360464E-003  -3.8733505854777854E-002  -8.1998443606330129E-002  -9.1490535798446862E-002
  -9.5691382765531063       -5.6005732481439518E-003  -5.8297992973036792E-003  -3.8022199922973600E-002  -8.1763723351501977E-002  -9.6304100972677761E-002
  -9.4689378757515019       -6.3530340492307493E-003  -6.2398067351137404E-003  -3.7298540258876849E-002  -8.1443885912506897E-002 -0.10091219265398980     
  -9.3687374749498993       -7.2062593639915509E-003  -6.6782424976626368E-003  -3.6562044963147543E-002  -8.1037698056682733E-002 -0.10530303661007012     
  -9.2685370741482966       -8.1736118109681632E-003  -7.1469468922033385E-003  -3.5812110171096430E-002  -8.0543689656057932E-002 -0.10946470790933191     
  -9.1683366733466922       -9.2701771703649870E-003  -7.6478400953190230E-003  -3.5047992219405959E-002  -7.9960102871092106E-002 -0.11338503025749302     
  -9.0681362725450896       -1.0512969436014109E-002  -8.1829141181577053E-003  -3.4268788662532516E-002  -7.9284836694448357E-002 -0.11705145749635393     
  -8.9679358717434852       -1.1921154566737964E-002  -8.7542209146616000E-003  -3.3473418444414267E-002  -7.8515387404405987E-002 -0.12045093688730060     
  -8.8677354709418843       -1.3516292774417901E-002  -9.3638557082674524E-003  -3.2660601663547333E-002  -7.7648785827067829E-002 -0.12356975446796138     
  -8.7675350701402799       -1.5322598456877978E-002  -1.0013934461163408E-002  -3.1828839527521795E-002  -7.6681532734756488E-002 -0.12639336365493359     
  -8.6673346693386755       -1.7367215905701273E-002  -1.0706564251163932E-002  -3.0976395278374626E-002  -7.5609534221957736E-002 -0.12890619940045600     
  -8.5671342685370746       -1.9680507640399601E-002  -1.1443805160574127E-002  -3.0101277083552140E-002  -7.4428039505117324E-002 -0.13109148162682965     
  -8.4669338677354702       -2.2296350584963938E-002  -1.2227622127920629E-002  -2.9201224128605166E-002  -7.3131584290868579E-002 -0.13293101338510874     
  -8.3667334669338658       -2.5252433253718135E-002  -1.3059825079458442E-002  -2.8273697414830583E-002  -7.1713943646187883E-002 -0.13440498123115452     
  -8.2665330661322649       -2.8590544596499203E-002  -1.3941995559474252E-002  -2.7315877053569901E-002  -7.0168099175160467E-002 -0.13549176768786880     
  -8.1663326653306605       -3.2356842123366647E-002  -1.4875398038067929E-002  -2.6324668151003896E-002  -6.8486226242649023E-002 -0.13616778835292431     
  -8.0661322645290561       -3.6602083358399838E-002  -1.5860874119150790E-002  -2.5296717681065523E-002  -6.6659707956121944E-002 -0.13640736917641269     
  -7.9659318637274552       -4.1381800561138972E-002  -1.6898718032474284E-002  -2.4228445032180509E-002  -6.4679183578859975E-002 -0.13618268259683217     
  -7.8657314629258508       -4.6756394045324251E-002  -1.7988532109750821E-002  -2.3116089161927516E-002  -6.2534639937923131E-002 -0.13546376446519778     
  -7.7655310621242464       -5.2791114419316103E-002  -1.9129061459298789E-002  -2.1955775470969129E-002  -6.0215555124033392E-002 -0.13421863682807067     
  -7.6653306613226455       -5.9555898850427495E-002  -2.0318007812053805E-002  -2.0743605573598972E-002  -5.7711104248106972E-002 -0.13241356443471156     
  -7.5651302605210411       -6.7125021294544590E-002  -2.1551823560284924E-002  -1.9475773048252265E-002  -5.5010437084202148E-002 -0.13001347495807769     
  -7.4649298597194367       -7.5576511930024209E-002  -2.2825488390351263E-002  -1.8148707940333197E-002  -5.2103036928528280E-002 -0.12698257396727008     
  -7.3647294589178358       -8.4991297323802353E-002  -2.4132272653172856E-002  -1.6759252198242185E-002  -4.8979168753478075E-002 -0.12328518517060505     
  -7.2645290581162314       -9.5452010816521632E-002  -2.5463493732535154E-002  -1.5304867285316017E-002  -4.5630422535108545E-002 -0.11888684380267588     
  -7.1643286573146270      -0.10704142306382232       -2.6808274144770081E-002  -1.3783873861878564E-002  -4.2050354282410045E-002 -0.11375566564654747     
  -7.0641282565130261      -0.11984044655681958       -2.8153312876563034E-002  -1.2195721620199024E-002  -3.8235222619174135E-002 -0.10786400545123744     
  -6.9639278557114217      -0.13392567628626589       -2.9482684431178040E-002  -1.0541285049746857E-002  -3.4184812636556462E-002 -0.10119040587188638     
  -6.8637274549098208      -0.14936644253136924       -3.0777683035106085E-002  -8.8231781143448557E-003  -2.9903331105988921E-002  -9.3721821120008597E-002
  -6.7635270541082164      -0.16622137195174369       -3.2016732214188194E-002  -7.0460775896832592E-003  -2.5400348106928844E-002  -8.5456078115952031E-002
  -6.6633266533066120      -0.18453448038186748       -3.3175382164736568E-002  -5.2170412563836881E-003  -2.0691749945237214E-002  -7.6404512318747744E-002
  -6.5631262525050111      -0.20433085516953470       -3.4226418638950748E-002  -3.3458034649980206E-003  -1.5800657394951474E-002  -6.6594686317673527E-002
  -6.4629258517034067      -0.22561202611223377       -3.5140107004011441E-002  -1.4450270650558177E-003  -1.0758252514540838E-002  -5.6073068084177009E-002
  -6.3627254509018023      -0.24835117072767382       -3.5884593273588374E-002   4.6951231383838638E-004  -5.6044475503360903E-003  -4.4907514596213317E-002
  -6.2625250501002014      -0.27248834942680494       -3.6426479833200812E-002   2.3788356852700986E-003  -3.8832196172815502E-004  -3.3189378185861193E-002
  -6.1623246492985970      -0.29792601569911309       -3.6731586964175576E-002   4.2607904882221801E-003   4.8317502261981150E-003  -2.1035030906056539E-002
  -6.0621242484969926      -0.32452509112955613       -3.6765901958289188E-002   6.0902260445296445E-003   9.9883592666701031E-003  -8.5865903999689831E-003
  -5.9619238476953917      -0.35210192947567193       -3.6496705692013819E-002   7.8393362995792717E-003   1.5005773536227906E-002   3.9883667587978068E-003
  -5.8617234468937873      -0.38042651211560757       -3.5893852391779432E-002   9.4781850720901169E-003   1.9801161968461940E-002   1.6498297807413770E-002
  -5.7615230460921829      -0.40922221292143923       -3.4931162724233827E-002   1.0975419888172801E-002   2.4286355434290335E-002   2.8730544934406351E-002
  -5.6613226452905820      -0.43816743877238040       -3.3587874411247741E-002   1.2299168744634123E-002   2.8370146422299802E-002   4.0455633961511119E-002
  -5.5611222444889776      -0.46689938890178684       -3.1850079751312432E-002   1.3418100365041645E-002   3.1961088771190256E-002   5.1433025573129114E-002
  -5.4609218436873732      -0.49502008101125611       -2.9712067410480054E-002   1.4302613569159680E-002   3.4970717220057151E-002   6.1418222606638491E-002
  -5.3607214428857723      -0.52210466684007162       -2.7177478381756392E-002   1.4926106497950687E-002   3.7317063390063548E-002   7.0171024473618782E-002
  -5.2605210420841679      -0.54771191071108816       -2.4260184716820347E-002   1.5266263103061528E-002   3.8928304532625108E-002   7.7464605417428806E-002
  -5.1603206412825635      -0.57139654140930629       -2.0984805742794869E-002   1.5306284117988043E-002   3.9746348483079362E-002   8.3094988059170219E-002
  -5.0601202404809627      -0.59272302388197939       -1.7386790606857133E-002   1.5035984203903041E-002   3.9730137223529610E-002   8.6890399525814233E-002
  -4.9599198396793582      -0.61128014826695054       -1.3512017949151748E-002   1.4452677348260850E-002   3.8858446137836192E-002   8.8719945921068036E-002
  -4.8597194388777538      -0.62669571592108919       -9.4158921755311490E-003   1.3561779636066102E-002   3.7131969053507095E-002   8.8501031470847411E-002
  -4.7595190380761530      -0.63865053039470243       -5.1619491597058769E-003   1.2377072293415900E-002   3.4574511363876251E-002   8.6204987227138999E-002
  -4.6593186372745485      -0.64689088726143873       -8.2001945520270589E-004   1.0920587738072781E-002   3.1233163657838705E-002   8.1860461775775301E-002
  -4.5591182364729441      -0.65123880670321821        3.5359690460373310E-003   9.2221058187681691E-003   2.7177392920996621E-002   7.5554258463182547E-002
  -4.4589178356713433      -0.65159936655927742        7.8304380114272466E-003   7.3182743945059883E-003   2.2497062137814171E-002   6.7429470262482291E-002
  -4.3587174348697388      -0.64796466392902519        1.1988722948875640E-002   5.2513953831206227E-003   1.7299465251144522E-002   5.7680949968682775E-002
  -4.2585170340681344      -0.64041414656746665        1.5939611765595312E-002   3.0679417546486238E-003   1.1705535551389076E-002   4.6548342384192608E-002
  -4.1583166332665336      -0.62911129230992169        1.9617715107506439E-002   8.1689022727667710E-004   5.8454446188641509E-003   3.4307078110669499E-002
  -4.0581162324649291      -0.61429685377699383        2.2965538176722287E-002  -1.4520332672702328E-003  -1.4614989676557186E-004   2.1257868559117481E-002
  -3.9579158316633247      -0.59627910456727817        2.5935146278257798E-002  -3.6900940844998946E-003  -6.1349299545909756E-003   7.7153355304785771E-003
  -3.8577154308617239      -0.57542170241576895        2.8489346922904078E-002  -5.8511782140557075E-003  -1.1991542268708301E-002  -6.0035517974912408E-003
  -3.7575150300601194      -0.55212990952426644        3.0602346778286434E-002  -7.8932251532758835E-003  -1.7595774618510123E-002  -1.9590576242203839E-002
  -3.6573146292585150      -0.52683597196752041        3.2259878599643514E-002  -9.7793969632985825E-003  -2.2840079182379822E-002  -3.2756320465942096E-002
  -3.5571142284569142      -0.49998445727547758        3.3458828034892030E-002  -1.1478938260788144E-002  -2.7632296135291712E-002  -4.5238685904500107E-002
  -3.4569138276553097      -0.47201828722593525        3.4206419906880586E-002  -1.2967705780616526E-002  -3.1897495078907982E-002  -5.6809544604408860E-002
  -3.3567134268537053      -0.44336609231376173        3.4519046035385893E-002  -1.4228369494224260E-002  -3.5578916701075290E-002  -6.7279338551566481E-002
  -3.2565130260521045      -0.41443136979655976        3.4420830641290694E-002  -1.5250308057037195E-002  -3.8638056545483593E-002  -7.6499592272962769E-002
  -3.1563126252505000      -0.38558376483539725        3.3942034639990029E-002  -1.6029238051345585E-002  -4.1053982281212237E-002  -8.4363440943807849E-002
  -3.0561122244488956      -0.35715262989204721        3.3117397340552197E-002  -1.6566628160111899E-002  -4.2822012357511187E-002  -9.0804387905194697E-002
  -2.9559118236472948      -0.32942286501731338        3.1984504578319133E-002  -1.6868955750593950E-002  -4.3951906086715439E-002  -9.5793586223226979E-002
  -2.8557114228456904      -0.30263291155280703        3.0582257917950273E-002  -1.6946864627445435E-002  -4.4465723292730394E-002  -9.9335986490901779E-002
  -2.7555110220440859      -0.27697467083767291        2.8949502239894665E-002  -1.6814279638799532E-002  -4.4395507275294871E-002 -0.10146570883299588     
  -2.6553106212424851      -0.25259505067904559        2.7123850665215627E-002  -1.6487527380025863E-002  -4.3780930457551756E-002 -0.10224098514644066     
  -2.5551102204408807      -0.22959880509582140        2.5140728024133748E-002  -1.5984503561203126E-002  -4.2667020663083088E-002 -0.10173898393809372     
  -2.4549098196392762      -0.20805232397532367        2.3032638199836315E-002  -1.5323917794682264E-002  -4.1102060533551414E-002 -0.10005078148938566     
  -2.3547094188376754      -0.18798804377631440        2.0828647521637784E-002  -1.4524636602179977E-002  -3.9135725917483918E-002  -9.7276686227309228E-002
  -2.2545090180360710      -0.16940918233468710        1.8554066364232142E-002  -1.3605136123448405E-002  -3.6817503422254864E-002  -9.3522064148227321E-002
  -2.1543086172344665      -0.15229454410967580        1.6230304292719763E-002  -1.2583067887871285E-002  -3.4195404415582664E-002  -8.8893756812778543E-002
  -2.0541082164328657      -0.13660319124555834        1.3874870253200807E-002  -1.1474934413542751E-002  -3.1314973659405075E-002  -8.3497133341785809E-002
  -1.9539078156312613      -0.12227882589041122        1.1501488030437481E-002  -1.0295866448515739E-002  -2.8218575957389837E-002  -7.7433776171826799E-002
  -1.8537074148296604      -0.10925377666592925        9.1202979566836276E-003  -9.0594903245120786E-003  -2.4944933723954718E-002  -7.0799768032741947E-002
  -1.7535070140280560       -9.7452524502856866E-002   6.7381181081738687E-003  -7.7778719954818363E-003  -2.1528881911752968E-002  -6.3684524655744215E-002
  -1.6533066132264516       -8.6794738772594734E-002   4.3587414442044486E-003  -6.4615236510980299E-003  -1.8001303711948649E-002  -5.6170103356151121E-002
  -1.5531062124248507       -7.7197823167863250E-002   1.9832490697797951E-003  -5.1194590658417858E-003  -1.4389210195592243E-002  -4.8330910646255533E-002
  -1.4529058116232463       -6.8578992209932646E-002  -3.8967633530641776E-004  -3.7592848047354899E-003  -1.0715928897055076E-002  -4.0233730983860315E-002
  -1.3527054108216419       -6.0856914163698095E-002  -2.7634491591799594E-003  -2.3873158159906861E-003  -7.0013695936005111E-003  -3.1938002172327326E-002
  -1.2525050100200410       -5.3952965395068331E-002  -5.1433004246768908E-003  -1.0087055931343447E-003  -3.2623396329229917E-003  -2.3496269413615815E-002
  -1.1523046092184366       -4.7792145816606346E-002  -7.5360241917284158E-003   3.7241717952863138E-004   4.8711436834032994E-004  -1.4954758368939142E-002
  -1.0521042084168322       -4.2303706063486088E-002  -9.9497542602520802E-003   1.7528118962990417E-003   4.2353571490852671E-003  -6.3540168124345958E-003
 -0.95190380761523130       -3.7421535384547407E-002  -1.2393772687382999E-002   3.1299940516274273E-003   7.9728222075054374E-003   2.2704161903753751E-003
 -0.85170340681362688       -3.3084355768449064E-002  -1.4878350145775175E-002   4.5021114682770704E-003   1.1691686614322861E-002   1.0887345733511081E-002
 -0.75150300601202247       -2.9235763257507989E-002  -1.7414617074698782E-002   5.8678310064024779E-003   1.5385570542428374E-002   1.9469285183991648E-002
 -0.65130260521042160       -2.5824152290393240E-002  -2.0014463850846598E-002   7.2262370552438468E-003   1.9049266033241183E-002   2.7991865869732402E-002
 -0.55110220440881719       -2.2802553680068973E-002  -2.2690467766904518E-002   8.5767423352685040E-003   2.2678497262070718E-002   3.6433303219657126E-002
 -0.45090180360721277       -2.0128411773218863E-002  -2.5455844391507894E-002   9.9190109458341339E-003   2.6269712799590738E-002   4.4773925286662263E-002
 -0.35070140280561191       -1.7763321647661111E-002  -2.8324420839054329E-002   1.1252893159409109E-002   2.9819909041882836E-002   5.2995765664261923E-002
 -0.25050100200400749       -1.5672742999068637E-002  -3.1310628554421294E-002   1.2578371163860324E-002   3.3326483037083139E-002   6.1082219818443965E-002
 -0.15030060120240307       -1.3825703699363109E-002  -3.4429513376849984E-002   1.3895514765373923E-002   3.6787112310383216E-002   6.9017761681112552E-002
  -5.0100200400802208E-002  -1.2194502883402715E-002  -3.7696760858156972E-002   1.5204445963842140E-002   4.0199658921405389E-002   7.6787715867326967E-002
   5.0100200400802208E-002  -1.0754420814313610E-002  -4.1128735049205029E-002   1.6505311280031340E-002   4.3562094824005429E-002   8.4378079964084821E-002
  0.15030060120240663       -9.4834406484058439E-003  -4.4742529217903497E-002   1.7798260732169349E-002   4.6872445590081240E-002   9.1775390880353747E-002
  0.25050100200400749       -8.3619855149404138E-003  -4.8556027209560995E-002   1.9083432414221030E-002   5.0128749664359214E-002   9.8966629143863921E-002
  0.35070140280561191       -7.3726729873126538E-003  -5.2587974397973913E-002   2.0360941706911988E-002   5.3329030501430764E-002  0.10593915518995810     
  0.45090180360721632       -6.5000879941448523E-003  -5.6858057398194509E-002   2.1630874245931846E-002   5.6471279170995856E-002  0.11268067203473947     
  0.55110220440881719       -5.7305744483369695E-003  -6.1386991916102862E-002   2.2893281871850784E-002   5.9553445278959442E-002  0.11917920919378711     
  0.65130260521042160       -5.0520453115792474E-003  -6.6196618293864654E-002   2.4148180887124088E-002   6.2573434322309204E-002  0.12542312324552565     
  0.75150300601202602       -4.4538104189744635E-003  -7.1310004471681107E-002   2.5395552042104363E-002   6.5529109859350204E-002  0.13140111100014334     
  0.85170340681362688       -3.9264211273133181E-003  -7.6751556220972586E-002   2.6635341759916234E-002   6.8418299120845544E-002  0.13710223178269315     
  0.95190380761523130       -3.4615306909140243E-003  -8.2547134604434094E-002   2.7867464184990316E-002   7.1238800899562540E-002  0.14251593583852523     
   1.0521042084168357       -3.0517691858004061E-003  -8.8724180668171795E-002   2.9091803696515185E-002   7.3988394720966161E-002  0.14763209628447482     
   1.1523046092184366       -2.6906317762003017E-003  -9.5311847340853018E-002   3.0308217558443668E-002   7.6664850397526879E-002  0.15244104231895705     
   1.2525050100200410       -2.3723791307334982E-003 -0.10234113835126836        3.1516538370221184E-002   7.9265937075386511E-002  0.15693359151328001     
   1.3527054108216454       -2.0919488366888503E-003 -0.10984505358811260        3.2716575919330436E-002   8.1789430754080794E-002  0.16110107885995492     
   1.4529058116232463       -1.8448767196460004E-003 -0.11785873956568074        3.3908117891787236E-002   8.4233118939018706E-002  0.16493537975022537     
   1.5531062124248507       -1.6272270452161589E-003 -0.12641964229233613        3.5090928632464935E-002   8.6594800491364643E-002  0.16842892305979054     
   1.6533066132264551       -1.4355306545792202E-003 -0.13556765751279326        3.6264744713933539E-002   8.8872277766957455E-002  0.17157468888081520     
   1.7535070140280560       -1.2667301620488535E-003 -0.14534526950325888        3.7429265408562180E-002   9.1063336662138200E-002  0.17436618298176301     
   1.8537074148296604       -1.1181314188899217E-003 -0.15579766364870118        3.8584135195147744E-002   9.3165708083437590E-002  0.17679737666439874     
   1.9539078156312648       -9.8736052168883499E-004 -0.16697278904051355        3.9728914103561171E-002   9.5177001530522651E-002  0.17886259627295009     
   2.0541082164328657       -8.7232571519064398E-004 -0.17892133426090187        4.0863029968282200E-002   9.7094597903569432E-002  0.18055634133357501     
   2.1543086172344701       -7.7118360869039685E-004 -0.19169656128979629        4.1985704539464638E-002   9.8915484441045531E-002  0.18187300461384770     
   2.2545090180360745       -6.8230919187086574E-004 -0.20535391819689261        4.3095843001309454E-002  0.10063601022165589       0.18280646218701649     
   2.3547094188376754       -6.0426920051944680E-004 -0.21995032066477638        4.4191874033450873E-002  0.10225153661843416       0.18334949832199157     
   2.4549098196392798       -5.3579844453813101E-004 -0.23554295628202399        4.5271525583240942E-002  0.10375595458576498       0.18349303077499471     
   2.5551102204408842       -4.7577876945607123E-004 -0.25218742669374411        4.6331520695443766E-002  0.10514104126111799       0.18322510946335846     
   2.6553106212424851       -4.2322037707193588E-004 -0.26993500659334618        4.7367179019444927E-002  0.10639563405814426       0.18252967849896715     
   2.7555110220440895       -3.7724527957907599E-004 -0.28882877422950387        4.8371914134897144E-002  0.10750461344718629       0.18138512092753539     
   2.8557114228456939       -3.3707270322906125E-004 -0.30889836869944071        4.9336625838330317E-002  0.10844770810169944       0.17976264915013138     
   2.9559118236472948       -3.0200629152515759E-004 -0.33015317180832288        5.0249001106290866E-002  0.10919816954737652       0.17762466193726001     
   3.0561122244488992       -2.7142298415781102E-004 -0.35257381621101758        5.1092758198868854E-002  0.10972140803543344       0.17492325826198138     
   3.1563126252505036       -2.4476346714094469E-004 -0.37610210578012504        5.1846894946575225E-002  0.10997373496141781       0.17159917187798668     
   3.2565130260521045       -2.2152410330694282E-004 -0.40062971142636383        5.2485032836471435E-002  0.10990141444236258       0.16758145672460281     
   3.3567134268537089       -2.0125026143415057E-004 -0.42598637475523171        5.2974979219026282E-002  0.10944027833742917       0.16278829481504942     
   3.4569138276553097       -1.8353096682533247E-004 -0.45192878838080097        5.3278654576663663E-002  0.10851619154644612       0.15712929415866422     
   3.5571142284569142       -1.6799479405854941E-004 -0.47813176848185562        5.3352541902295880E-002  0.10704665105751439       0.15050957226324380     
   3.6573146292585186       -1.5430691025482431E-004 -0.50418369849608380        5.3148801177342636E-002  0.10494374547749502       0.14283576284946295     
   3.7575150300601194       -1.4216715018998502E-004 -0.52958837746471088        5.2617144927180629E-002  0.10211857822063640       0.13402383341927676     
   3.8577154308617239       -1.3130896021135193E-004 -0.55377521615831182        5.1707486154497599E-002   9.8487064163831683E-002  0.12400827360337036     
   3.9579158316633283       -1.2149898815582084E-004 -0.57611907881796365        5.0373250737451233E-002   9.3976760651946351E-002  0.11275185050655860     
   4.0581162324649291       -1.1253703023317052E-004 -0.59596993421165423        4.8575106688917728E-002   8.8534125157080812E-002  0.10025479762889170     
   4.1583166332665336       -1.0425598961066839E-004 -0.61269094629639864        4.6284728129289653E-002   8.2131359888429303E-002   8.6562097613357106E-002
   4.2585170340681380       -9.6521476302935928E-005 -0.62570193855867551        4.3488116160239336E-002   7.4771875060883647E-002   7.1767523672307321E-002
   4.3587174348697388       -8.9230703978335774E-005 -0.63452366769671009        4.0187975818273512E-002   6.6493436836689193E-002   5.6013376766816322E-002
   4.4589178356713433       -8.2310427591325767E-005 -0.63881744768422433        3.6404720623932935E-002   5.7368293258624144E-002   3.9485392589713342E-002
   4.5591182364729477       -7.5713811610376208E-005 -0.63841470452708993        3.2175845022037547E-002   4.7499974584730348E-002   2.2403016389553602E-002
   4.6593186372745485       -6.9416299683476196E-005 -0.63333214490444989        2.7553644580626018E-002   3.7016973894521479E-002   5.0060107784068927E-003
   4.7595190380761530       -6.3410736353574081E-005 -0.62377024200870079        2.2601525506414723E-002   2.6064021529247867E-002  -1.2461003060418826E-002
   4.8597194388777574       -5.7702129966271365E-005 -0.61009527080794479        1.7389369861013856E-002   1.4792055717175446E-002  -2.9764121147942624E-002
   4.9599198396793582       -5.2302511650382627E-005 -0.59280760173041780        1.1988559211549260E-002   3.3481713544035487E-003  -4.6693920842139733E-002
   5.0601202404809627       -4.7226325352664289E-005 -0.57250084134206081        6.4672789784756537E-003  -8.1332359481688342E-003  -6.3075862852944808E-002
   5.1603206412825671       -4.2486687918793408E-005 -0.54981732383755366        8.8663122787910071E-004  -1.9537194035009118E-002  -7.8776412238744278E-002
   5.2605210420841679       -3.8092713313090534E-005 -0.52540531298778026       -4.7020939724597361E-003  -3.0772226391198126E-002  -9.3704686477132676E-002
   5.3607214428857723       -3.4047937233067632E-005 -0.49988224375232926       -1.0258851996638769E-002  -4.1771701113960683E-002 -0.10781009941211678     
   5.4609218436873768       -3.0349740645873943E-005 -0.47380676941411021       -1.5755046358158099E-002  -5.2492772532751898E-002 -0.12107694360767063     
   5.5611222444889776       -2.6989575366381592E-005 -0.44766068969075501       -2.1172717492628935E-002  -6.2913493885718708E-002 -0.13351708492997921     
   5.6613226452905820       -2.3953749748841325E-005 -0.42184036037316336       -2.6503020361151958E-002  -7.3028795648904840E-002 -0.14516194166026544     
   5.7615230460921865       -2.1224533144957932E-005 -0.39665613590332843       -3.1744313585369298E-002  -8.2846008173550589E-002 -0.15605474224487831     
   5.8617234468937873       -1.8781371494107708E-005 -0.37233783767868611       -3.6900150555776931E-002  -9.2380496221574154E-002 -0.16624377754226383     
   5.9619238476953917       -1.6602057819440700E-005 -0.34904412146546121       -4.1977398264639323E-002 -0.10165181146855246      -0.17577705887096451     
   6.0621242484969962       -1.4663756817689378E-005 -0.32687381910491803       -4.6984632261617337E-002 -0.11068059739788580      -0.18469851828313921     
   6.1623246492985970       -1.2943832483484364E-005 -0.30587771614956671       -5.1930881803302555E-002 -0.11948632849402553      -0.19304567510427023     
   6.2625250501002014       -1.1420466318937009E-005 -0.28606967758623791       -5.6824737978618839E-002 -0.12808584867426301      -0.20084855435467081     
   6.3627254509018059       -1.0073079899346443E-005 -0.26743646118674108       -6.1673793879466698E-002 -0.13649259767461297      -0.20812957393124706     
   6.4629258517034067       -8.8825903474152013E-006 -0.24994591164088162       -6.6484360023801842E-002 -0.14471637579453728      -0.21490410489107062     
   6.5631262525050111       -7.8315331363070454E-006 -0.23355348877773524       -7.1261387752008964E-002 -0.15276348954907149      -0.22118143575131097     
   6.6633266533066156       -6.9040863822736819E-006 -0.21820725184234097       -7.6008534374765693E-002 -0.16063713413588671      -0.22696592069745716     
   6.7635270541082164       -6.0860268793038109E-006 -0.20385151331793361       -8.0728312332702182E-002 -0.16833789420638140      -0.23225814901168898     
   6.8637274549098208       -5.3646426526555133E-006 -0.19042940946402284       -8.5422276836483138E-002 -0.17586427470772523      -0.23705602870672954     
   6.9639278557114253       -4.7286209560592569E-006 -0.17788462980447001       -9.0091219496524044E-002 -0.18321320303333516      -0.24135572495437835     
   7.0641282565130297       -4.1679253818951791E-006 -0.16616252060419170       -9.4735347362487385E-002 -0.19038046896565256      -0.24515243047790355     
   7.1643286573146270       -3.6736713515668849E-006 -0.15521074028318646       -9.9354436489060838E-002 -0.19736108832385080      -0.24844097024265518     
   7.2645290581162314       -3.2380058445876772E-006 -0.14497960608819149      -0.10394795625332805      -0.20414958963416285      -0.25121625781603751     
   7.3647294589178358       -2.8539947440722054E-006 -0.13542223611140752      -0.10851516529660117      -0.21074023121506541      -0.25347362782568122     
   7.4649298597194402       -2.5155194574507253E-006 -0.12649456125944630      -0.11305518256384937      -0.21712715995915507      -0.25520907039188928     
   7.5651302605210446       -2.2171833720886686E-006 -0.11815525863308583      -0.11756703799515261      -0.22330452405290360      -0.25641939140870645     
   7.6653306613226491       -1.9542279676526357E-006 -0.11036564053996530      -0.12204970750171169      -0.22926655103537646      -0.25710231881659323     
   7.7655310621242464       -1.7224580839026406E-006 -0.10308952108728379      -0.12650213636609081      -0.23500760084972291      -0.25725657076139236     
   7.8657314629258508       -1.5181756040737486E-006  -9.6293073907833884E-002 -0.13092325446352554      -0.24052220151233483      -0.25688189751804785     
   7.9659318637274552       -1.3381207557533360E-006  -8.9944689043485376E-002 -0.13531198591763677      -0.24580507309441740      -0.25597910565072118     
   8.0661322645290596       -1.1794202544666843E-006  -8.4014833495402105E-002 -0.13966725509805525      -0.25085114407150882      -0.25455007020573539     
   8.1663326653306640       -1.0395415286583901E-006  -7.8475917792449626E-002 -0.14398799029047540      -0.25565556280964324      -0.25259773875689329     
   8.2665330661322685       -9.1625234617000984E-007  -7.3302169650693486E-002 -0.14827312593048667      -0.26021370600708199      -0.25012612973522097     
   8.3667334669338658       -8.0758520277653790E-007  -6.8469515067845557E-002 -0.15252160397675260      -0.26452118524462753      -0.24714032654473198     
   8.4669338677354702       -7.1180593554326686E-007  -6.3955466798866989E-002 -0.15673237478234445      -0.26857385235041498      -0.24364646836662085     
   8.5671342685370746       -6.2738604803979998E-007  -5.9739019955023558E-002 -0.16090439768097867      -0.27236780399762767      -0.23965173818413887     
   8.6673346693386790       -5.5297832383258444E-007  -5.5800554373994032E-002 -0.16503664141524776      -0.27589938577543827      -0.23516434834036332     
   8.7675350701402834       -4.8739532375633622E-007  -5.2121743373041374E-002 -0.16912808447883351      -0.27916519586595995      -0.23019352381447616     
   8.8677354709418879       -4.2959043933547944E-007  -4.8685468492948338E-002 -0.17317771541251659      -0.28216208839825335      -0.22474948333342715     
   8.9679358717434852       -3.7864118997738812E-007  -4.5475739851329203E-002 -0.17718453307541854      -0.28488717651578838      -0.21884341840031482     
   9.0681362725450896       -3.3373449859451270E-007  -4.2477621741790240E-002 -0.18114754690257237      -0.28733783517471806      -0.21248747030372672     
   9.1683366733466940       -2.9415372321133311E-007  -3.9677163135966823E-002 -0.18506577715449649      -0.28951170368054568      -0.20569470516564980     
   9.2685370741482984       -2.5926721107332337E-007  -3.7061332766474844E-002 -0.18893825516151810      -0.29140668796571406      -0.19847908708411674     
   9.3687374749499028       -2.2851822620424091E-007  -3.4617958489293450E-002 -0.19276402356414385      -0.29302096260829102      -0.19085544942803107     
   9.4689378757515072       -2.0141605753557989E-007  -3.2335670643726576E-002 -0.19654213655026553      -0.29435297259123328      -0.18283946434441298     
   9.5691382765531046       -1.7752819596883988E-007  -3.0203849146435528E-002 -0.20027166008915809      -0.29540143480059972      -0.17444761054090088     
   9.6693386773547090       -1.5647342569062287E-007  -2.8212574073406538E-002 -0.20395167216234009      -0.29616533926149075      -0.16569713940992359     
   9.7695390781563134       -1.3791574227636546E-007  -2.6352579499960317E-002 -0.20758126299161556      -0.29664395011109695      -0.15660603956457997     
   9.8697394789579178       -1.2155899251558547E-007  -2.4615210383978358E-002 -0.21115953526399819      -0.29683680630756698      -0.14719299985891010     
   9.9699398797595222       -1.0714214580455597E-007  -2.2992382291729677E-002 -0.21468560435354980      -0.29674372207412475      -0.13747737096863474     
   10.070140280561127       -9.4435131428009358E-008  -2.1476543778883941E-002 -0.21815859854009725      -0.29636478707805747      -0.12747912561139566     
   10.170340681362724       -8.3235162603429987E-008  -2.0060641251649077E-002 -0.22157765922470213      -0.29570036634428432      -0.11721881748819783     
   10.270541082164328       -7.3363505463388695E-008  -1.8738086144561520E-002 -0.22494194114195515      -0.29475109990377185      -0.10671753903055266     
   10.370741482965933       -6.4662622748415158E-008  -1.7502724262162941E-002 -0.22825061256890397      -0.29351790217694884       -9.5996878040097960E-002
   10.470941883767537       -5.6993662998654001E-008  -1.6348807141919348E-002 -0.23150285553074582      -0.29200196109294396       -8.5078873309917133E-002
   10.571142284569142       -5.0234238555080425E-008  -1.5270965305115344E-002 -0.23469786600304329      -0.29020473694525711       -7.3985969318718758E-002
   10.671342685370746       -4.4276477922864613E-008  -1.4264183271261168E-002 -0.23783485411043795      -0.28812796098499482       -6.2740970090996634E-002
   10.771543086172343       -3.9025305598859515E-008  -1.3323776219754051E-002 -0.24091304432194818      -0.28577363375320158       -5.1366992318108137E-002
   10.871743486973948       -3.4396919559820920E-008  -1.2445368190173415E-002 -0.24393167564267357      -0.28314402315372622       -3.9887417836572979E-002
   10.971943887775552       -3.0317458595838650E-008  -1.1624871719789702E-002 -0.24689000180196180      -0.28024166226860742       -2.8325845561317991E-002
   11.072144288577157       -2.6721821119047303E-008  -1.0858468823535021E-002 -0.24978729143791553      -0.27706934691799495       -1.6706042972665772E-002
   11.172344689378761       -2.3552625598882293E-008  -1.0142593227914337E-002 -0.25262282827817001      -0.27363013296692201       -5.0518972567867434E-003
   11.272545090180358       -2.0759296147483209E-008  -9.4739137762036799E-003 -0.25539591131696088      -0.26992733338160380        6.6126337999236869E-003
   11.372745490981963       -1.8297252987232811E-008  -8.8493189277011487E-003 -0.25810585498841854      -0.26596451503807633        1.8263571061602969E-002
   11.472945891783567       -1.6127206693537626E-008  -8.2659022789164250E-003 -0.26075198933613131      -0.26174549528633528        2.9876963337575359E-002
   11.573146292585172       -1.4214526845176797E-008  -7.7209490393136760E-003 -0.26333366017876947      -0.25727433827311003        4.1428936619552485E-002
   11.673346693386776       -1.2528690149313189E-008  -7.2119233986775539E-003 -0.26585022927173929      -0.25255535102682791        5.2895743160160109E-002
   11.773547094188380       -1.1042792883584753E-008  -6.7364567273228530E-003 -0.26830107446498358      -0.24759307930870422        6.4253810291917915E-002
   11.873747494989978       -9.7331236639418024E-009  -6.2923365542450430E-003 -0.27068558985680574      -0.24239230323386335        7.5479788886295682E-002
   11.973947895791582       -8.5787806159305157E-009  -5.8774962719082670E-003 -0.27300318594366196      -0.23695803266669174        8.6550601353242856E-002
   12.074148296593187       -7.5613425534945732E-009  -5.4900055197803820E-003 -0.27525328976591418      -0.23129550239489338        9.7443489082497142E-002
   12.174348697394791       -6.6645720512105016E-009  -5.1280612018589295E-003 -0.27743534504946055      -0.22541016708684705       0.10813605922916059     
   12.274549098196395       -5.8741579025007838E-009  -4.7899790963953784E-003 -0.27954881234325585      -0.21930769603716563       0.11860633074735899     
   12.374749498998000       -5.1774864373113896E-009  -4.4741860187632381E-003 -0.28159316915263155      -0.21299396770547871       0.12883277957733383     
   12.474949899799597       -4.5634397001047157E-009  -4.1792125010260322E-003 -0.28356791006857285      -0.20647506405384153       0.13879438289316406     
   12.575150300601202       -4.0222182099594395E-009  -3.9036859541176933E-003 -0.28547254689266577      -0.19975726468803512       0.14847066232003422     
   12.675350701402806       -3.5451864213951630E-009  -3.6463242808197041E-003 -0.28730660875767550      -0.19284704080838277       0.15784172603220839     
   12.775551102204410       -3.1247299755816405E-009  -3.4059299098315029E-003 -0.28906964224403076      -0.18575104897615188       0.16688830964530676     
   12.875751503006015       -2.7541387584484813E-009  -3.1813842231552770E-003 -0.29076121149191059      -0.17847612470134025       0.17559181581869088     
   12.975951903807619       -2.4275002697336932E-009  -2.9716423508744701E-003 -0.29238089830899450      -0.17102927585808222       0.18393435248658599     
   13.076152304609217       -2.1395995977247365E-009  -2.7757283091019952E-003 -0.29392830227384259      -0.16341767593401760       0.19189876963934888     
   13.176352705410821       -1.8858447511179330E-009  -2.5927304584631625E-003 -0.29540304083488322      -0.15564865712012887       0.19946869457926733     
   13.276553106212425       -1.6621834449497590E-009  -2.4217972620090185E-003 -0.29680474940496454      -0.14772970324769075       0.20662856557840248     
   13.376753507014030       -1.4650495037729088E-009  -2.2621333227869768E-003 -0.29813308145149475      -0.13966844257916330       0.21336366386931679     
   13.476953907815634       -1.2912956550550651E-009  -2.1129956826529566E-003 -0.29938770858220837      -0.13147264045999504       0.21966014390296362     
   13.577154308617239       -1.1381479874108577E-009  -1.9736903650879401E-003 -0.30056832062632405      -0.12315019183831637       0.22550506181139179     
   13.677354709418836       -1.0031642524500153E-009  -1.8435691459481797E-003 -0.30167462571114473      -0.11470911365976287       0.23088640201679458     
   13.777555110220440       -8.8418936681462115E-010  -1.7220265371069750E-003 -0.30270635033423671      -0.10615753714482992       0.23579310193232000     
   13.877755511022045       -7.7932474282895250E-010  -1.6084969689575798E-003 -0.30366323943106238       -9.7503699956143386E-002  0.24021507470378248     
   13.977955911823649       -6.8689684524301841E-010  -1.5024521586721230E-003 -0.30454505643803759       -8.8755938263185036E-002  0.24414322994552176     
   14.078156312625254       -6.0543120362135135E-010  -1.4033986519611215E-003 -0.30535158335098700       -7.9922678712124537E-002  0.24756949242776544     
   14.178356713426858       -5.3362662365402164E-010  -1.3108755269036192E-003 -0.30608262077910281       -7.1012430308516547E-002  0.25048681867717704     
   14.278557114228455       -4.7033873098251570E-010  -1.2244522491565123E-003 -0.30673798799421498       -6.2033776220643662E-002  0.25288921145632320     
   14.378757515030060       -4.1455691439975455E-010  -1.1437266685621981E-003 -0.30731752297543186       -5.2995365511405990E-002  0.25477173209234760     
   14.478957915831664       -3.6539097050853259E-010  -1.0683231478422995E-003 -0.30782108244917117       -4.3905904806757400E-002  0.25613051062953218     
   14.579158316633269       -3.2205537205909101E-010  -9.9789081465803892E-004 -0.30824854192467249       -3.4774149908691973E-002  0.25696275378496047     
   14.679358717434873       -2.8385938586476159E-010  -9.3210192890679899E-004 -0.30859979572483581       -2.5608897360863941E-002  0.25726675069080723     
   14.779559118236477       -2.5019408690881019E-010  -8.7065035766374177E-004 -0.30887475701216482       -1.6418975974923717E-002  0.25704187641127191     
   14.879759519038075       -2.2052061243410650E-010  -8.1325015066831263E-004 -0.30907335781029677       -7.2132383258072729E-003  0.25628859322732689     
   14.979959919839679       -1.9436704226114116E-010  -7.5963420971708585E-004 -0.30919554902082869        1.9994477758734225E-003  0.25500844968641317     
   15.080160320641284       -1.7131429849405225E-010  -7.0955304578808798E-004 -0.30924130043547993        1.1210207826120012E-002  0.25320407741905893     
   15.180360721442888       -1.5099541149294672E-010  -6.6277361810147990E-004 -0.30921060074353179        2.0410169176282984E-002  0.25087918572893947     
   15.280561122244492       -1.3308680061628822E-010  -6.1907824972276700E-004 -0.30910345753458979        2.9590469580011259E-002  0.24803855396751215     
   15.380761523046097       -1.1730068290230217E-010  -5.7826361465567161E-004 -0.30891989729674452        3.8742265730178686E-002  0.24468802170899182     
   15.480961923847694       -1.0338651970447693E-010  -5.4013979170894604E-004 -0.30865996540997037        4.7856741777560011E-002  0.24083447674571329     
   15.581162324649299       -9.1122707448382114E-011  -5.0452938074656132E-004 -0.30832372613505882        5.6925117823092869E-002  0.23648584092880426     
   15.681362725450903       -8.0313747037848893E-011  -4.7126667719279411E-004 -0.30791126259767149        6.5938658375467821E-002  0.23165105388294988     
   15.781563126252507       -7.0788086194593065E-011  -4.4019690097213708E-004 -0.30742267676765778        7.4888680765935814E-002  0.22634005462881804     
   15.881763527054112       -6.2391850579228350E-011  -4.1117547627611252E-004 -0.30685808943393261        8.3766563512265871E-002  0.22056376115118445     
   15.981963927855716       -5.4990906289613602E-011  -3.8406735880918265E-004 -0.30621764017464037        9.2563754623750299E-002  0.21433404795450897     
   16.082164328657313       -4.8468556749642028E-011  -3.5874640740008498E-004 -0.30550148732265320       0.10127177983927095       0.20766372165215854     
   16.182364729458918       -4.2719693285071060E-011  -3.3509479702565812E-004 -0.30470980792636104       0.10988225079046535       0.20056649463940837     
   16.282565130260522       -3.7654235365080580E-011  -3.1300247054488094E-004 -0.30384279770595007       0.11838687308218712       0.19305695690447983     
   16.382765531062127       -3.3189466835709503E-011  -2.9236662657451673E-004 -0.30290067100499629       0.12677745428241716       0.18515054603544293     
   16.482965931863731       -2.9254274717895954E-011  -2.7309124112566104E-004 -0.30188366073743028       0.13504591181395087       0.17686351548466425     
   16.583166332665328       -2.5786600478147563E-011  -2.5508662077807718E-004 -0.30079201833010805       0.14318428074033798       0.16821290115617180     
   16.683366733466933       -2.2729489257281393E-011  -2.3826898531626576E-004 -0.29962601366059655       0.15118472143841721       0.15921648638439106     
   16.783567134268537       -2.0034971105945200E-011  -2.2256007787576368E-004 -0.29838593499033994       0.15903952715011244       0.14989276537632854     
   16.883767535070142       -1.7659579224947657E-011  -2.0788680079378101E-004 -0.29707208889350528       0.16674113140634098       0.14026090519252207     
   16.983967935871746       -1.5566100301547657E-011  -1.9418087546707206E-004 -0.29568480018114540       0.17428211531570115       0.13034070634470191     
   17.084168336673351       -1.3720917737769990E-011  -1.8137852463206755E-004 -0.29422441182085773       0.18165521471100929       0.12015256209124922     
   17.184368737474948       -1.2094682937751521E-011  -1.6942017559868705E-004 -0.29269128485206608       0.18885332714685038       0.10971741651417896     
   17.284569138276552       -1.0662674997084662E-011  -1.5825018303370757E-004 -0.29108579829678982       0.19586951874132405        9.9056721463755104E-002
   17.384769539078157       -9.3992189306058145E-012  -1.4781657003431995E-004 -0.28940834906586121       0.20269703085533777        8.8192392459232757E-002
   17.484969939879761       -8.2864801350943444E-012  -1.3807078626717058E-004 -0.28765935186076513       0.20932928660313024        7.7146763636436744E-002
   17.585170340681366       -7.3045067836996601E-012  -1.2896748204679204E-004 -0.28583923907128256       0.21575989718784575        6.5942541834843091E-002
   17.685370741482970       -6.4386219173805318E-012  -1.2046429731520824E-004 -0.28394846066854024       0.22198266805576700        5.4602759918411244E-002
   17.785571142284567       -5.6762811285985721E-012  -1.1252166452326891E-004 -0.28198748409365409       0.22799160486339765        4.3150729426186855E-002
   17.885771543086172       -5.0021750339579265E-012  -1.0510262451841667E-004 -0.27995679414224983       0.23378091925182481        3.1609992650072638E-002
   17.985971943887776       -4.4088335544145171E-012  -9.8172654565763321E-005 -0.27785689284461190       0.23934503442259603        2.0004274238213583E-002
   18.086172344689381       -3.8851195908714045E-012  -9.1699507697648317E-005 -0.27568829934152661       0.24467859050976812        8.3574324235014090E-003
   18.186372745490985       -3.4220943674761022E-012  -8.5653062667436156E-005 -0.27345154975601793       0.24977644974308802       -3.3065900225247545E-003
   18.286573146292589       -3.0149103105134578E-012  -8.0005183780014634E-005 -0.27114719706071438       0.25463370139708047       -1.4963815009567501E-002
   18.386773547094187       -2.6560977815248434E-012  -7.4729589975555073E-005 -0.26877581094118524       0.25924566652155179       -2.6590278421083864E-002
   18.486973947895791       -2.3406665414540691E-012  -6.9801732534632391E-005 -0.26633797765517114       0.26360790244884380       -3.8162079378045846E-002
   18.587174348697395       -2.0623696370363039E-012  -6.5198680845449892E-005 -0.26383429988747231       0.26771620707325683       -4.9655429372704216E-002
   18.687374749499000       -1.8164252611593517E-012  -6.0899015701781313E-005 -0.26126539660110681       0.27156662289904460       -6.1046701171380537E-002
   18.787575150300604       -1.6010262552862352E-012  -5.6882729635049802E-005 -0.25863190288432930       0.27515544085268701       -7.2312477385699500E-002
   18.887775551102209       -1.4100845199803156E-012  -5.3131133814836799E-005 -0.25593446979351236       0.27847920385569525       -8.3429598612425451E-002
   18.987975951903806       -1.2421149445836762E-012  -4.9626771082210705E-005 -0.25317376419217480       0.28153471015476195       -9.4375211042946244E-002
   19.088176352705410       -1.0948981394243721E-012  -4.6353334719000043E-005 -0.25035046858617266       0.28431901640605672      -0.10512681344457508     
   19.188376753507015       -9.6440341653041932E-013  -4.3295592569584382E-005 -0.24746528095497186       0.28682944051050824      -0.11566230341701743     
   19.288577154308619       -8.4980127112226393E-013  -4.0439316155176925E-005 -0.24451891457904795       0.28906356419740914      -0.12596002282895025     
   19.388777555110224       -7.4788511863380785E-013  -3.7771214474857411E-005 -0.24151209786356945       0.29101923535393820      -0.13599880234130510     
   19.488977955911828       -6.6018742310177909E-013  -3.5278872152560014E-005 -0.23844557415836881       0.29269457009832839      -0.14575800492576879     
   19.589178356713425       -5.8277834220420443E-013  -3.2950691665936475E-005 -0.23532010157409783       0.29408795459450604      -0.15521756828890257     
   19.689378757515030       -5.1393073244225982E-013  -3.0775839382160887E-005 -0.23213645279484371       0.29519804660673904      -0.16435804611485846     
   19.789579158316634       -4.5345083641652237E-013  -2.8744195142562707E-005 -0.22889541488717771       0.29602377679268210      -0.17316064804179876     
   19.889779559118239       -4.0030509415269477E-013  -2.6846305173970109E-005 -0.22559778910544048       0.29656434973330625      -0.18160727828974760     
   19.989979959919843       -3.5345016387666468E-013  -2.5073338098047604E-005 -0.22224439069370019       0.29681924469916660      -0.18968057286066495     
   20.090180360721448       -3.1155733723995067E-013  -2.3417043833045961E-005 -0.21883604868422296       0.29678821615204654      -0.19736393523416529     
   20.190380761523045       -2.7430260038231505E-013  -2.1869715210278012E-005 -0.21537360569253750       0.29647129398150202      -0.20464157048551515     
   20.290581162324649       -2.4164265798234611E-013  -2.0424152102325495E-005 -0.21185791770910112       0.29586878347604595      -0.21149851775572789     
   20.390781563126254       -2.1321551967387718E-013  -1.9073627924966697E-005 -0.20828985388767546       0.29498126502905331      -0.21792068100705597     
   20.490981963927858       -1.8713229600669809E-013  -1.7811858336849997E-005 -0.20467029633043024       0.29380959357964792      -0.22389485800062653     
   20.591182364729463       -1.6485838159750006E-013  -1.6632971991351165E-005 -0.20100013986985754       0.29235489778912349      -0.22940876743667726     
   20.691382765531067       -1.4502673770876963E-013  -1.5531483223263521E-005 -0.19728029184767046       0.29061857895389104      -0.23445107420173794     
   20.791583166332664       -1.2755408275396282E-013  -1.4502266516235269E-005 -0.19351167189042315       0.28860230965552941      -0.23901141267049419     
   20.891783567134269       -1.1166473284088026E-013  -1.3540532655177592E-005 -0.18969521168210149       0.28630803214951145      -0.24308040801466690     
   20.991983967935873       -9.8015703143404126E-014  -1.2641806440564954E-005 -0.18583185473380262       0.28373795649426253      -0.24664969547513230     
   21.092184368737477       -8.6336745501251812E-014  -1.1801905864751516E-005 -0.18192255615052932       0.28089455842231048      -0.24971193755769167     
   21.192384769539082       -7.4854706332355571E-014  -1.1016922648163941E-005 -0.17796828239507506       0.27778057695544167      -0.25226083911698921     
   21.292585170340679       -6.5138214075414932E-014  -1.0283204059592460E-005 -0.17397001104905266       0.27439901176615777      -0.25429116029758303     
   21.392785571142284       -5.6841627419729542E-014  -9.5973359141307701E-006 -0.16992873057118427       0.27075312028807685      -0.25579872730563158     
   21.492985971943888       -5.0234616998624283E-014  -8.9561266871322782E-006 -0.16584544005296353       0.26684641457811714      -0.25678044098913538     
   21.593186372745492       -4.5141927592546657E-014  -8.3565926639651872E-006 -0.16172114897171816       0.26268265793345247      -0.25723428320904096     
   21.693386773547097       -4.1409369692800376E-014  -7.7959440567808855E-006 -0.15755687694101686       0.25826586126631651      -0.25715932098795907     
   21.793587174348701       -3.8687820589266561E-014  -7.2715720205074580E-006 -0.15335365345853358       0.25360027924022466      -0.25655570842800751     
   21.893787575150299       -3.6715225688515578E-014  -6.7810365149231796E-006 -0.14911251765159231       0.24869040617157959      -0.25542468639411536     
   21.993987975951903       -3.4996135055070232E-014  -6.3220549493005044E-006 -0.14483451802032266       0.24354097170042011      -0.25376857996321694     
   22.094188376753507       -3.2751144586200767E-014  -5.8924915609050392E-006 -0.14052071217831549       0.23815693623418249      -0.25159079364430681     
   22.194388777555112       -3.0657534244491396E-014  -5.4903474803170750E-006 -0.13617216659121748       0.23254348616946902      -0.24889580437977357     
   22.294589178356716       -2.8387761356336172E-014  -5.1137514237166311E-006 -0.13178995631309121       0.22670602889606783      -0.24568915234204222     
   22.394789579158321       -2.7020538197178786E-014  -4.7609509928157189E-006 -0.12737516472064575       0.22065018758806795      -0.24197742954448287     
   22.494989979959918       -2.4801687175653125E-014  -4.4303045150261370E-006 -0.12292888324543418       0.21438179578715480      -0.23776826629006204     
   22.595190380761522       -2.1618966111082625E-014  -4.1202734063228301E-006 -0.11845221110396756       0.20790689178310809      -0.23307031548538712     
   22.695390781563127       -2.0012045956063776E-014  -3.8294150093138721E-006 -0.11394625502592755       0.20123171279709781      -0.22789323485257870     
   22.795591182364731       -1.8673632165235335E-014  -3.5563758838314846E-006 -0.10941212898063990       0.19436268897356554      -0.22224766707576080     
   22.895791583166336       -1.6419713142022670E-014  -3.2998855076499182E-006 -0.10485095390171097       0.18730643718617115      -0.21614521792261773     
   22.995991983967940       -1.5814513633881966E-014  -3.0587503623143708E-006 -0.10026385740982553       0.18006975466367953      -0.20959843238591699     
   23.096192384769537       -1.4430854068455351E-014  -2.8318483835814818E-006  -9.5651973533987092E-002  0.17265961244226077      -0.20262076889438618     
   23.196392785571142       -1.3111866311735182E-014  -2.6181237392688349E-006  -9.1016442431141847E-002  0.16508314865031018      -0.19522657164577295     
   23.296593186372746       -1.0643661149790079E-014  -2.4165819097151201E-006  -8.6358410104354633E-002  0.15734766163243960      -0.18743104111913342     
   23.396793587174351       -8.2108901825063842E-015  -2.2262850691536667E-006  -8.1679028119521963E-002  0.14946060291910082      -0.17925020282680912     
   23.496993987975955       -6.9660590390503247E-015  -2.0463477162356379E-006  -7.6979453320626709E-002  0.14142957004847220      -0.17070087437015774     
   23.597194388777559       -5.1731794686293182E-015  -1.8759325561541664E-006  -7.2260847543689430E-002  0.13326229924774038      -0.16180063086699475     
   23.697394789579157       -3.2125041835664154E-015  -1.7142466011678057E-006  -6.7524377329632498E-002  0.12496665798102050      -0.15256776882208206     
   23.797595190380761       -2.1527063207433378E-015  -1.5605374860952638E-006  -6.2771213635870876E-002  0.11655063737066290      -0.14302126851440536     
   23.897795591182366       -4.7079768400668932E-016  -1.4140899602470898E-006  -5.8002531546786223E-002  0.10802234449940382      -0.13318075497874712     
   23.997995991983970        8.5802052246095907E-016  -1.2742225662432801E-006  -5.3219509983270449E-002   9.9389994600970019E-002 -0.12306645766200455     
   24.098196392785574        1.8250536808888538E-015  -1.1402844635261004E-006  -4.8423331411248438E-002   9.0661903146367517E-002 -0.11269916883684128     
   24.198396793587179        2.8321196114697477E-015  -1.0116524038336105E-006  -4.3615181549254901E-002   8.1846477833491832E-002 -0.10210020085816469     
   24.298597194388776        2.5368096293657487E-015  -8.8772782786306477E-007  -3.8796249075432228E-002   7.2952210488302915E-002  -9.1291342350962423E-002
   24.398797595190381        2.5059768122760549E-015  -7.6793408281107381E-007  -3.3967725333699524E-002   6.3987668884789572E-002  -8.0294813418839456E-002
   24.498997995991985        2.0805157330797147E-015  -6.5171373513811687E-007  -2.9130804039057275E-002   5.4961488491394331E-002  -6.9133219965078693E-002
   24.599198396793589        1.6091810118503741E-015  -5.3852598314284579E-007  -2.4286680982533258E-002   4.5882364152636641E-002  -5.7829507221115233E-002
   24.699398797595194        3.1813096159520472E-016  -4.2784413256234290E-007  -1.9436553735628352E-002   3.6759041713575365E-002  -4.6406912577484041E-002
   24.799599198396798       -2.8514556516936900E-016  -3.1915315337118625E-007  -1.4581621354207114E-002   2.7600309594936492E-002  -3.4888917813908245E-002
   24.899799599198396       -6.6814107605654680E-016  -2.1194727828231602E-007  -9.7230840820675644E-003   1.8414990327291218E-002  -2.3299200827069416E-002
   25.000000000000000       -7.8245456584439049E-016  -1.0572764984002156E-007  -4.8621430542402254E-003   9.2119320524421591E-003  -1.1661586955300413E-002
