#Update-step  Updatetime     Error of A        Error of phi      Time in fs
     1                                         0.947675E-003
     1 *      0.00090909     0.000000E+000     0.210938E-005        0.0000
     1        0.00090909     0.000000E+000     0.117254E-006        0.0009
     2        0.00213439     0.000000E+000     0.626798E-006        0.0018
     3 *      0.00123138     0.000000E+000     0.212105E-005        0.0040
     3        0.00123138     0.000000E+000     0.116553E-005        0.0052
     4        0.00119980     0.000000E+000     0.819238E-006        0.0064
     5        0.00126555     0.000000E+000     0.618361E-006        0.0076
     6        0.00146967     0.000000E+000     0.561157E-006        0.0089
     7        0.00175784     0.000000E+000     0.640016E-006        0.0104
     8 *      0.00099877     0.000000E+000     0.278430E-006        0.0121
     8        0.00099877     0.000000E+000     0.377551E-006        0.0131
     9        0.00150692     0.000000E+000     0.869611E-006        0.0141
    10        0.00153432     0.000000E+000     0.777965E-006        0.0156
    11        0.00162457     0.000000E+000     0.724787E-006        0.0171
    12        0.00176584     0.000000E+000     0.721285E-006        0.0188
    13        0.00193811     0.000000E+000     0.869293E-006        0.0205
    14        0.00198781     0.000000E+000     0.649117E-006        0.0225
    15        0.00228899     0.000000E+000     0.733312E-006        0.0245
    16        0.00244159     0.000000E+000     0.742093E-006        0.0268
    17        0.00262245     0.000000E+000     0.784910E-006        0.0292
    18        0.00272735     0.000000E+000     0.793805E-006        0.0318
    19        0.00284593     0.000000E+000     0.819721E-006        0.0345
    20        0.00298145     0.000000E+000     0.861407E-006        0.0374
    21        0.00298145     0.000000E+000     0.830822E-006        0.0404
    22        0.00298145     0.000000E+000     0.805963E-006        0.0434
    23        0.00315683     0.000000E+000     0.880012E-006        0.0463
    24        0.00315683     0.000000E+000     0.861707E-006        0.0495
    25        0.00315683     0.000000E+000     0.846921E-006        0.0526
    26        0.00315683     0.000000E+000     0.850480E-006        0.0558
    27 *      0.00157841     0.000000E+000     0.322386E-006        0.0590
    27        0.00157841     0.000000E+000     0.147044E-005        0.0605
    28 *      0.00070152     0.000000E+000     0.200498E-005        0.0621
    28        0.00070152     0.000000E+000     0.195745E-005        0.0628
    29        0.00056121     0.000000E+000     0.954818E-006        0.0635
    30 *      0.00027629     0.000000E+000     0.252309E-006        0.0641
    30        0.00027629     0.000000E+000     0.256296E-006        0.0644
    31        0.00049118     0.000000E+000     0.790643E-006        0.0646
    32        0.00052051     0.000000E+000     0.852507E-006        0.0651
    33        0.00053677     0.000000E+000     0.869853E-006        0.0656
    34        0.00055437     0.000000E+000     0.888303E-006        0.0662
    35        0.00056377     0.000000E+000     0.860165E-006        0.0667
    36        0.00058390     0.000000E+000     0.849801E-006        0.0673
    37        0.00060594     0.000000E+000     0.826281E-006        0.0679
    38        0.00063017     0.000000E+000     0.802234E-006        0.0685
    39        0.00067127     0.000000E+000     0.801851E-006        0.0691
    40        0.00070249     0.000000E+000     0.737423E-006        0.0698
    41        0.00075653     0.000000E+000     0.716511E-006        0.0705
    42        0.00082138     0.000000E+000     0.745887E-006        0.0713
    43        0.00087271     0.000000E+000     0.775394E-006        0.0721
    44        0.00093290     0.000000E+000     0.837135E-006        0.0729
    45        0.00096745     0.000000E+000     0.871520E-006        0.0739
    46        0.00096745     0.000000E+000     0.873292E-006        0.0748
    47        0.00096745     0.000000E+000     0.948150E-006        0.0758
    48 *      0.00048373     0.000000E+000     0.565095E-006        0.0768
    48        0.00048373     0.000000E+000     0.282671E-006        0.0773
    49 *      0.00041206     0.000000E+000     0.485827E-006        0.0777
    49        0.00041206     0.000000E+000     0.248433E-006        0.0782
    50        0.00073887     0.000000E+000     0.584693E-006        0.0786
    51        0.00086202     0.000000E+000     0.866845E-006        0.0793
    52 *      0.00043101     0.000000E+000     0.285215E-006        0.0802
    52        0.00043101     0.000000E+000     0.340454E-006        0.0806
    53 *      0.00033865     0.000000E+000     0.271680E-006        0.0810
    53        0.00033865     0.000000E+000     0.358284E-006        0.0814
    54 *      0.00026124     0.000000E+000     0.324284E-006        0.0817
    54        0.00026124     0.000000E+000     0.528040E-006        0.0820
    55 *      0.00017416     0.000000E+000     0.479652E-006        0.0822
    55        0.00017416     0.000000E+000     0.808342E-006        0.0824
    56        0.00019791     0.000000E+000     0.275378E-006        0.0826
    57 *      0.00015374     0.000000E+000     0.278619E-006        0.0828
    57        0.00015374     0.000000E+000     0.527286E-006        0.0829
    58        0.00020623     0.000000E+000     0.442770E-006        0.0831
    59 *      0.00013471     0.000000E+000     0.395226E-006        0.0833
    59        0.00013471     0.000000E+000     0.283161E-006        0.0834
    60        0.00022827     0.000000E+000     0.230481E-006        0.0836
    61        0.00037691     0.000000E+000     0.673947E-006        0.0838
    62 *      0.00021392     0.000000E+000     0.439051E-006        0.0842
    62        0.00021392     0.000000E+000     0.129271E-005        0.0844
    63        0.00020003     0.000000E+000     0.769036E-006        0.0846
    64        0.00021412     0.000000E+000     0.428647E-006        0.0848
    65        0.00028279     0.000000E+000     0.938919E-006        0.0850
    66        0.00028279     0.000000E+000     0.658770E-006        0.0853
    67 *      0.00016025     0.000000E+000     0.390516E-006        0.0856
    67        0.00016025     0.000000E+000     0.220718E-005        0.0857
    68        0.00012157     0.000000E+000     0.924720E-006        0.0859
    69 *      0.00006132     0.000000E+000     0.394051E-006        0.0860
    69        0.00006132     0.000000E+000     0.380089E-006        0.0861
    70        0.00009363     0.000000E+000     0.827222E-006        0.0861
    71        0.00009832     0.000000E+000     0.831560E-006        0.0862
    72        0.00010275     0.000000E+000     0.849711E-006        0.0863
    73        0.00010680     0.000000E+000     0.882523E-006        0.0864
    74        0.00010940     0.000000E+000     0.905059E-006        0.0865
    75        0.00011122     0.000000E+000     0.923785E-006        0.0867
    76        0.00011217     0.000000E+000     0.934992E-006        0.0868
    77        0.00011217     0.000000E+000     0.936776E-006        0.0869
    78        0.00011217     0.000000E+000     0.944418E-006        0.0870
    79        0.00011217     0.000000E+000     0.958065E-006        0.0871
    80        0.00011119     0.000000E+000     0.961390E-006        0.0872
    81        0.00011022     0.000000E+000     0.970953E-006        0.0873
    82        0.00010927     0.000000E+000     0.986878E-006        0.0874
    83 *      0.00005369     0.000000E+000     0.250089E-006        0.0875
    83        0.00005369     0.000000E+000     0.255867E-006        0.0876
    84        0.00009573     0.000000E+000     0.827843E-006        0.0877
    85        0.00010044     0.000000E+000     0.951941E-006        0.0877
    86        0.00009961     0.000000E+000     0.983630E-006        0.0878
    87 *      0.00004900     0.000000E+000     0.252092E-006        0.0879
    87        0.00004900     0.000000E+000     0.258528E-006        0.0880
    88        0.00008663     0.000000E+000     0.824039E-006        0.0880
    89        0.00009130     0.000000E+000     0.954160E-006        0.0881
    90        0.00009059     0.000000E+000     0.980019E-006        0.0882
    91        0.00008921     0.000000E+000     0.987767E-006        0.0883
    92        0.00008786     0.000000E+000     0.991576E-006        0.0884
    93        0.00008589     0.000000E+000     0.976714E-006        0.0885
    94        0.00008462     0.000000E+000     0.972755E-006        0.0886
    95        0.00008338     0.000000E+000     0.965352E-006        0.0887
    96        0.00008276     0.000000E+000     0.968917E-006        0.0887
    97        0.00008215     0.000000E+000     0.969577E-006        0.0888
    98        0.00008095     0.000000E+000     0.953616E-006        0.0889
    99        0.00008036     0.000000E+000     0.949460E-006        0.0890
   100        0.00008036     0.000000E+000     0.957221E-006        0.0891
   101        0.00007977     0.000000E+000     0.949285E-006        0.0892
   102        0.00007977     0.000000E+000     0.953830E-006        0.0892
   103        0.00007918     0.000000E+000     0.943033E-006        0.0893
   104        0.00007918     0.000000E+000     0.945130E-006        0.0894
   105        0.00007918     0.000000E+000     0.946259E-006        0.0895
   106        0.00007918     0.000000E+000     0.946535E-006        0.0895
   107        0.00007918     0.000000E+000     0.946063E-006        0.0896
   108        0.00007918     0.000000E+000     0.944934E-006        0.0897
   109        0.00007918     0.000000E+000     0.943228E-006        0.0898
   110        0.00007918     0.000000E+000     0.941012E-006        0.0899
   111        0.00007918     0.000000E+000     0.938347E-006        0.0899
   112        0.00007918     0.000000E+000     0.935283E-006        0.0900
   113        0.00007918     0.000000E+000     0.931866E-006        0.0901
   114        0.00007918     0.000000E+000     0.928133E-006        0.0902
   115        0.00007983     0.000000E+000     0.939269E-006        0.0903
   116        0.00007983     0.000000E+000     0.934894E-006        0.0903
   117        0.00007983     0.000000E+000     0.930286E-006        0.0904
   118        0.00007983     0.000000E+000     0.925470E-006        0.0905
   119        0.00008051     0.000000E+000     0.936206E-006        0.0906
   120        0.00008051     0.000000E+000     0.930900E-006        0.0907
   121        0.00008051     0.000000E+000     0.925440E-006        0.0907
   122        0.00008123     0.000000E+000     0.936130E-006        0.0908
   123        0.00008123     0.000000E+000     0.930255E-006        0.0909
   124        0.00008123     0.000000E+000     0.924269E-006        0.0910
   125        0.00008197     0.000000E+000     0.935044E-006        0.0911
   126        0.00008197     0.000000E+000     0.928704E-006        0.0911
   127        0.00008197     0.000000E+000     0.922288E-006        0.0912
   128        0.00008275     0.000000E+000     0.933268E-006        0.0913
   129        0.00008275     0.000000E+000     0.926548E-006        0.0914
   130        0.00008275     0.000000E+000     0.919784E-006        0.0915
   131        0.00008357     0.000000E+000     0.931085E-006        0.0916
   132        0.00008357     0.000000E+000     0.924059E-006        0.0916
   133        0.00008442     0.000000E+000     0.935755E-006        0.0917
   134        0.00008442     0.000000E+000     0.928487E-006        0.0918
   135        0.00008442     0.000000E+000     0.921221E-006        0.0919
   136        0.00008532     0.000000E+000     0.933440E-006        0.0920
   137        0.00008532     0.000000E+000     0.925966E-006        0.0921
   138        0.00008532     0.000000E+000     0.918518E-006        0.0922
   139        0.00008627     0.000000E+000     0.931386E-006        0.0922
   140        0.00008627     0.000000E+000     0.923761E-006        0.0923
   141        0.00008627     0.000000E+000     0.916183E-006        0.0924
   142        0.00008727     0.000000E+000     0.929835E-006        0.0925
   143        0.00008727     0.000000E+000     0.922106E-006        0.0926
   144        0.00008727     0.000000E+000     0.914444E-006        0.0927
   145        0.00008834     0.000000E+000     0.929028E-006        0.0928
   146        0.00008834     0.000000E+000     0.921237E-006        0.0928
   147        0.00008834     0.000000E+000     0.913530E-006        0.0929
   148        0.00008947     0.000000E+000     0.929206E-006        0.0930
   149        0.00008947     0.000000E+000     0.921387E-006        0.0931
   150        0.00008947     0.000000E+000     0.913666E-006        0.0932
   151        0.00009068     0.000000E+000     0.930613E-006        0.0933
   152        0.00009068     0.000000E+000     0.922789E-006        0.0934
   153        0.00009068     0.000000E+000     0.915075E-006        0.0935
   154        0.00009197     0.000000E+000     0.933495E-006        0.0936
   155        0.00009197     0.000000E+000     0.925680E-006        0.0937
   156        0.00009197     0.000000E+000     0.917984E-006        0.0937
   157        0.00009197     0.000000E+000     0.910407E-006        0.0938
   158        0.00009339     0.000000E+000     0.930849E-006        0.0939
   159        0.00009339     0.000000E+000     0.923167E-006        0.0940
   160        0.00009339     0.000000E+000     0.915609E-006        0.0941
   161        0.00009339     0.000000E+000     0.908174E-006        0.0942
   162        0.00009495     0.000000E+000     0.931039E-006        0.0943
   163        0.00009495     0.000000E+000     0.923485E-006        0.0944
   164        0.00009495     0.000000E+000     0.916058E-006        0.0945
   165        0.00009495     0.000000E+000     0.908757E-006        0.0946
   166        0.00009495     0.000000E+000     0.901580E-006        0.0947
   167        0.00009670     0.000000E+000     0.927853E-006        0.0948
   168        0.00009670     0.000000E+000     0.920528E-006        0.0949
   169        0.00009670     0.000000E+000     0.913331E-006        0.0950
   170        0.00009670     0.000000E+000     0.906258E-006        0.0951
   171        0.00009670     0.000000E+000     0.899309E-006        0.0952
   172        0.00009872     0.000000E+000     0.929932E-006        0.0953
   173        0.00009872     0.000000E+000     0.922796E-006        0.0954
   174        0.00009872     0.000000E+000     0.915785E-006        0.0955
   175        0.00009872     0.000000E+000     0.908898E-006        0.0956
   176        0.00009872     0.000000E+000     0.902132E-006        0.0957
   177        0.00009872     0.000000E+000     0.895484E-006        0.0958
   178        0.00009872     0.000000E+000     0.888952E-006        0.0959
   179        0.00010119     0.000000E+000     0.927072E-006        0.0960
   180        0.00010119     0.000000E+000     0.920285E-006        0.0961
   181        0.00010119     0.000000E+000     0.913617E-006        0.0962
   182        0.00010119     0.000000E+000     0.907068E-006        0.0963
   183        0.00010119     0.000000E+000     0.900634E-006        0.0964
   184        0.00010119     0.000000E+000     0.894312E-006        0.0965
   185        0.00010119     0.000000E+000     0.888102E-006        0.0966
   186        0.00010119     0.000000E+000     0.882000E-006        0.0967
   187        0.00010119     0.000000E+000     0.876003E-006        0.0968
   188        0.00010119     0.000000E+000     0.870111E-006        0.0969
   189        0.00010468     0.000000E+000     0.924773E-006        0.0970
   190        0.00010468     0.000000E+000     0.918478E-006        0.0971
   191        0.00010468     0.000000E+000     0.912294E-006        0.0972
   192        0.00010468     0.000000E+000     0.906219E-006        0.0973
   193        0.00010468     0.000000E+000     0.900251E-006        0.0974
   194        0.00010468     0.000000E+000     0.894387E-006        0.0975
   195        0.00010468     0.000000E+000     0.888626E-006        0.0976
   196        0.00010468     0.000000E+000     0.882965E-006        0.0977
   197        0.00010468     0.000000E+000     0.877401E-006        0.0978
   198        0.00010468     0.000000E+000     0.871934E-006        0.0979
   199        0.00010468     0.000000E+000     0.866561E-006        0.0980
   200        0.00010468     0.000000E+000     0.861280E-006        0.0981
   201        0.00010468     0.000000E+000     0.856089E-006        0.0982
   202        0.00010468     0.000000E+000     0.850986E-006        0.0983
   203        0.00010468     0.000000E+000     0.845970E-006        0.0984
   204        0.00010468     0.000000E+000     0.841039E-006        0.0985
   205        0.00010468     0.000000E+000     0.836191E-006        0.0986
   206        0.00010468     0.000000E+000     0.831424E-006        0.0987
   207        0.00010468     0.000000E+000     0.826737E-006        0.0988
   208        0.00010468     0.000000E+000     0.822129E-006        0.0990
   209        0.00010468     0.000000E+000     0.817596E-006        0.0991
   210        0.00010468     0.000000E+000     0.813139E-006        0.0992
   211        0.00010468     0.000000E+000     0.808755E-006        0.0993
   212        0.00010468     0.000000E+000     0.804444E-006        0.0994
   213        0.00010468     0.000000E+000     0.800203E-006        0.0995
   214        0.00010468     0.000000E+000     0.796032E-006        0.0996
   215        0.00010468     0.000000E+000     0.791928E-006        0.0997
   216        0.00010468     0.000000E+000     0.787891E-006        0.0998
   217        0.00010468     0.000000E+000     0.783920E-006        0.0999
   218        0.00011249     0.000000E+000     0.900427E-006        0.1000
   219        0.00011468     0.000000E+000     0.930874E-006        0.1001
   220        0.00011548     0.000000E+000     0.938786E-006        0.1002
   221        0.00011588     0.000000E+000     0.940322E-006        0.1003
   222        0.00011629     0.000000E+000     0.941936E-006        0.1005
   223        0.00011656     0.000000E+000     0.941423E-006        0.1006
   224        0.00011683     0.000000E+000     0.940976E-006        0.1007
   225        0.00011725     0.000000E+000     0.942814E-006        0.1008
   226        0.00011753     0.000000E+000     0.942496E-006        0.1009
   227        0.00011781     0.000000E+000     0.942243E-006        0.1010
   228        0.00011809     0.000000E+000     0.942055E-006        0.1012
   229        0.00011837     0.000000E+000     0.941931E-006        0.1013
   230        0.00011866     0.000000E+000     0.941871E-006        0.1014
   231        0.00011894     0.000000E+000     0.941874E-006        0.1015
   232        0.00011923     0.000000E+000     0.941941E-006        0.1016
   233        0.00011952     0.000000E+000     0.942072E-006        0.1018
   234        0.00011981     0.000000E+000     0.942265E-006        0.1019
   235        0.00012011     0.000000E+000     0.942521E-006        0.1020
   236        0.00012040     0.000000E+000     0.942840E-006        0.1021
   237        0.00012070     0.000000E+000     0.943221E-006        0.1022
   238        0.00012100     0.000000E+000     0.943663E-006        0.1024
   239        0.00012130     0.000000E+000     0.944168E-006        0.1025
   240        0.00012145     0.000000E+000     0.942386E-006        0.1026
   241        0.00012175     0.000000E+000     0.943012E-006        0.1027
   242        0.00012206     0.000000E+000     0.943698E-006        0.1028
   243        0.00012237     0.000000E+000     0.944446E-006        0.1030
   244        0.00012252     0.000000E+000     0.942872E-006        0.1031
   245        0.00012283     0.000000E+000     0.943738E-006        0.1032
   246        0.00012299     0.000000E+000     0.942267E-006        0.1033
   247        0.00012330     0.000000E+000     0.943249E-006        0.1035
   248        0.00012362     0.000000E+000     0.944291E-006        0.1036
   249        0.00012378     0.000000E+000     0.942970E-006        0.1037
   250        0.00012410     0.000000E+000     0.944127E-006        0.1038
   251        0.00012426     0.000000E+000     0.942904E-006        0.1039
   252        0.00012458     0.000000E+000     0.944174E-006        0.1041
   253        0.00012474     0.000000E+000     0.943048E-006        0.1042
   254        0.00012507     0.000000E+000     0.944430E-006        0.1043
   255        0.00012523     0.000000E+000     0.943398E-006        0.1044
   256        0.00012556     0.000000E+000     0.944891E-006        0.1046
   257        0.00012573     0.000000E+000     0.943951E-006        0.1047
   258        0.00012590     0.000000E+000     0.943059E-006        0.1048
   259        0.00012623     0.000000E+000     0.944712E-006        0.1049
   260        0.00012640     0.000000E+000     0.943909E-006        0.1051
   261        0.00012657     0.000000E+000     0.943152E-006        0.1052
   262        0.00012691     0.000000E+000     0.944962E-006        0.1053
   263        0.00012708     0.000000E+000     0.944291E-006        0.1055
   264        0.00012725     0.000000E+000     0.943663E-006        0.1056
   265        0.00012742     0.000000E+000     0.943079E-006        0.1057
   266        0.00012777     0.000000E+000     0.945090E-006        0.1058
   267        0.00012794     0.000000E+000     0.944587E-006        0.1060
   268        0.00012811     0.000000E+000     0.944126E-006        0.1061
   269        0.00012829     0.000000E+000     0.943706E-006        0.1062
   270        0.00012847     0.000000E+000     0.943325E-006        0.1063
   271        0.00012864     0.000000E+000     0.942984E-006        0.1065
   272        0.00012900     0.000000E+000     0.945282E-006        0.1066
   273        0.00012918     0.000000E+000     0.945018E-006        0.1067
   274        0.00012936     0.000000E+000     0.944791E-006        0.1069
   275        0.00012954     0.000000E+000     0.944601E-006        0.1070
   276        0.00012972     0.000000E+000     0.944448E-006        0.1071
   277        0.00012990     0.000000E+000     0.944331E-006        0.1073
   278        0.00013008     0.000000E+000     0.944250E-006        0.1074
   279        0.00013026     0.000000E+000     0.944204E-006        0.1075
   280        0.00013045     0.000000E+000     0.944193E-006        0.1076
   281        0.00013063     0.000000E+000     0.944215E-006        0.1078
   282        0.00013082     0.000000E+000     0.944271E-006        0.1079
   283        0.00013100     0.000000E+000     0.944360E-006        0.1080
   284        0.00013119     0.000000E+000     0.944481E-006        0.1082
   285        0.00013138     0.000000E+000     0.944634E-006        0.1083
   286        0.00013157     0.000000E+000     0.944819E-006        0.1084
   287        0.00013176     0.000000E+000     0.945034E-006        0.1086
   288        0.00013195     0.000000E+000     0.945281E-006        0.1087
   289        0.00013214     0.000000E+000     0.945557E-006        0.1088
   290        0.00013233     0.000000E+000     0.945862E-006        0.1090
   291        0.00013252     0.000000E+000     0.946197E-006        0.1091
   292        0.00013272     0.000000E+000     0.946560E-006        0.1092
   293        0.00013272     0.000000E+000     0.944187E-006        0.1094
   294        0.00013291     0.000000E+000     0.944604E-006        0.1095
   295        0.00013311     0.000000E+000     0.945048E-006        0.1096
   296        0.00013331     0.000000E+000     0.945520E-006        0.1098
   297        0.00013350     0.000000E+000     0.946017E-006        0.1099
   298        0.00013370     0.000000E+000     0.946541E-006        0.1100
   299        0.00013370     0.000000E+000     0.944280E-006        0.1102
   300        0.00013390     0.000000E+000     0.944852E-006        0.1103
   301        0.00013410     0.000000E+000     0.945448E-006        0.1104
   302        0.00013430     0.000000E+000     0.946069E-006        0.1106
   303        0.00013451     0.000000E+000     0.946714E-006        0.1107
   304        0.00013451     0.000000E+000     0.944533E-006        0.1108
   305        0.00013471     0.000000E+000     0.945221E-006        0.1110
   306        0.00013491     0.000000E+000     0.945933E-006        0.1111
   307        0.00013512     0.000000E+000     0.946667E-006        0.1112
   308        0.00013512     0.000000E+000     0.944542E-006        0.1114
   309        0.00013533     0.000000E+000     0.945317E-006        0.1115
   310        0.00013553     0.000000E+000     0.946112E-006        0.1116
   311        0.00013574     0.000000E+000     0.946929E-006        0.1118
   312        0.00013574     0.000000E+000     0.944855E-006        0.1119
   313        0.00013595     0.000000E+000     0.945709E-006        0.1120
   314        0.00013616     0.000000E+000     0.946583E-006        0.1122
   315        0.00013616     0.000000E+000     0.944544E-006        0.1123
   316        0.00013637     0.000000E+000     0.945453E-006        0.1124
   317        0.00013659     0.000000E+000     0.946382E-006        0.1126
   318        0.00013659     0.000000E+000     0.944373E-006        0.1127
   319        0.00013680     0.000000E+000     0.945335E-006        0.1129
   320        0.00013702     0.000000E+000     0.946316E-006        0.1130
   321        0.00013702     0.000000E+000     0.944334E-006        0.1131
   322        0.00013723     0.000000E+000     0.945346E-006        0.1133
   323        0.00013745     0.000000E+000     0.946375E-006        0.1134
   324        0.00013745     0.000000E+000     0.944417E-006        0.1135
   325        0.00013767     0.000000E+000     0.945475E-006        0.1137
   326        0.00013789     0.000000E+000     0.946550E-006        0.1138
   327        0.00013789     0.000000E+000     0.944613E-006        0.1140
   328        0.00013811     0.000000E+000     0.945716E-006        0.1141
   329        0.00013834     0.000000E+000     0.946835E-006        0.1142
   330        0.00013834     0.000000E+000     0.944915E-006        0.1144
   331        0.00013856     0.000000E+000     0.946060E-006        0.1145
   332        0.00013856     0.000000E+000     0.944153E-006        0.1146
   333        0.00013879     0.000000E+000     0.945322E-006        0.1148
   334        0.00013901     0.000000E+000     0.946506E-006        0.1149
   335        0.00013901     0.000000E+000     0.944612E-006        0.1151
   336        0.00013924     0.000000E+000     0.945820E-006        0.1152
   337        0.00013947     0.000000E+000     0.947041E-006        0.1153
   338        0.00013947     0.000000E+000     0.945156E-006        0.1155
   339        0.00013970     0.000000E+000     0.946400E-006        0.1156
   340        0.00013970     0.000000E+000     0.944523E-006        0.1158
   341        0.00013993     0.000000E+000     0.945787E-006        0.1159
   342        0.00014017     0.000000E+000     0.947065E-006        0.1160
   343        0.00014017     0.000000E+000     0.945193E-006        0.1162
   344        0.00014040     0.000000E+000     0.946490E-006        0.1163
   345        0.00014040     0.000000E+000     0.944623E-006        0.1165
   346        0.00014064     0.000000E+000     0.945939E-006        0.1166
   347        0.00014064     0.000000E+000     0.944076E-006        0.1167
   348        0.00014088     0.000000E+000     0.945409E-006        0.1169
   349        0.00014112     0.000000E+000     0.946755E-006        0.1170
   350        0.00014112     0.000000E+000     0.944891E-006        0.1172
   351        0.00014136     0.000000E+000     0.946253E-006        0.1173
   352        0.00014136     0.000000E+000     0.944391E-006        0.1174
   353        0.00014160     0.000000E+000     0.945768E-006        0.1176
   354        0.00014184     0.000000E+000     0.947158E-006        0.1177
   355        0.00014184     0.000000E+000     0.945291E-006        0.1179
   356        0.00014209     0.000000E+000     0.946695E-006        0.1180
   357        0.00014209     0.000000E+000     0.944827E-006        0.1182
   358        0.00014234     0.000000E+000     0.946245E-006        0.1183
   359        0.00014234     0.000000E+000     0.944375E-006        0.1184
   360        0.00014259     0.000000E+000     0.945807E-006        0.1186
   361        0.00014259     0.000000E+000     0.943935E-006        0.1187
   362        0.00014284     0.000000E+000     0.945379E-006        0.1189
   363        0.00014309     0.000000E+000     0.946833E-006        0.1190
   364        0.00014309     0.000000E+000     0.944951E-006        0.1192
   365        0.00014334     0.000000E+000     0.946417E-006        0.1193
   366        0.00014334     0.000000E+000     0.944530E-006        0.1194
   367        0.00014360     0.000000E+000     0.946007E-006        0.1196
   368        0.00014360     0.000000E+000     0.944115E-006        0.1197
   369        0.00014386     0.000000E+000     0.945603E-006        0.1199
   370        0.00014386     0.000000E+000     0.943704E-006        0.1200
   371        0.00014412     0.000000E+000     0.945204E-006        0.1202
   372        0.00014438     0.000000E+000     0.946712E-006        0.1203
   373        0.00014438     0.000000E+000     0.944797E-006        0.1204
   374        0.00014464     0.000000E+000     0.946316E-006        0.1206
   375        0.00014464     0.000000E+000     0.944393E-006        0.1207
   376        0.00014491     0.000000E+000     0.945921E-006        0.1209
   377        0.00014491     0.000000E+000     0.943990E-006        0.1210
   378        0.00014517     0.000000E+000     0.945527E-006        0.1212
   379        0.00014517     0.000000E+000     0.943587E-006        0.1213
   380        0.00014544     0.000000E+000     0.945132E-006        0.1215
   381        0.00014571     0.000000E+000     0.946686E-006        0.1216
   382        0.00014571     0.000000E+000     0.944727E-006        0.1218
   383        0.00014599     0.000000E+000     0.946289E-006        0.1219
   384        0.00014599     0.000000E+000     0.944319E-006        0.1220
   385        0.00014626     0.000000E+000     0.945889E-006        0.1222
   386        0.00014626     0.000000E+000     0.943909E-006        0.1223
   387        0.00014654     0.000000E+000     0.945487E-006        0.1225
   388        0.00014654     0.000000E+000     0.943495E-006        0.1226
   389        0.00014682     0.000000E+000     0.945080E-006        0.1228
   390        0.00014710     0.000000E+000     0.946673E-006        0.1229
   391        0.00014710     0.000000E+000     0.944659E-006        0.1231
   392        0.00014738     0.000000E+000     0.946259E-006        0.1232
   393        0.00014738     0.000000E+000     0.944233E-006        0.1234
   394        0.00014766     0.000000E+000     0.945840E-006        0.1235
   395        0.00014766     0.000000E+000     0.943801E-006        0.1237
   396        0.00014795     0.000000E+000     0.945415E-006        0.1238
   397        0.00014795     0.000000E+000     0.943363E-006        0.1240
   398        0.00014824     0.000000E+000     0.944984E-006        0.1241
   399        0.00014853     0.000000E+000     0.946614E-006        0.1243
   400        0.00014853     0.000000E+000     0.944536E-006        0.1244
   401        0.00014882     0.000000E+000     0.946172E-006        0.1245
   402        0.00014882     0.000000E+000     0.944080E-006        0.1247
   403        0.00014912     0.000000E+000     0.945723E-006        0.1248
   404        0.00014912     0.000000E+000     0.943618E-006        0.1250
   405        0.00014941     0.000000E+000     0.945267E-006        0.1251
   406        0.00014941     0.000000E+000     0.943148E-006        0.1253
   407        0.00014971     0.000000E+000     0.944804E-006        0.1254
   408        0.00015002     0.000000E+000     0.946468E-006        0.1256
   409        0.00015002     0.000000E+000     0.944321E-006        0.1257
   410        0.00015032     0.000000E+000     0.945992E-006        0.1259
   411        0.00015032     0.000000E+000     0.943830E-006        0.1260
   412        0.00015063     0.000000E+000     0.945508E-006        0.1262
   413        0.00015063     0.000000E+000     0.943332E-006        0.1263
   414        0.00015094     0.000000E+000     0.945016E-006        0.1265
   415        0.00015094     0.000000E+000     0.942825E-006        0.1266
   416        0.00015125     0.000000E+000     0.944517E-006        0.1268
   417        0.00015156     0.000000E+000     0.946218E-006        0.1269
   418        0.00015156     0.000000E+000     0.943997E-006        0.1271
   419        0.00015188     0.000000E+000     0.945705E-006        0.1273
   420        0.00015188     0.000000E+000     0.943469E-006        0.1274
   421        0.00015220     0.000000E+000     0.945184E-006        0.1276
   422        0.00015220     0.000000E+000     0.942933E-006        0.1277
   423        0.00015252     0.000000E+000     0.944656E-006        0.1279
   424        0.00015284     0.000000E+000     0.946389E-006        0.1280
   425        0.00015284     0.000000E+000     0.944107E-006        0.1282
   426        0.00015317     0.000000E+000     0.945847E-006        0.1283
   427        0.00015317     0.000000E+000     0.943550E-006        0.1285
   428        0.00015350     0.000000E+000     0.945299E-006        0.1286
   429        0.00015350     0.000000E+000     0.942987E-006        0.1288
   430        0.00015383     0.000000E+000     0.944744E-006        0.1289
   431        0.00015383     0.000000E+000     0.942415E-006        0.1291
   432        0.00015417     0.000000E+000     0.944181E-006        0.1292
   433        0.00015450     0.000000E+000     0.945957E-006        0.1294
   434        0.00015450     0.000000E+000     0.943598E-006        0.1295
   435        0.00015484     0.000000E+000     0.945383E-006        0.1297
   436        0.00015484     0.000000E+000     0.943009E-006        0.1299
   437        0.00015519     0.000000E+000     0.944803E-006        0.1300
   438        0.00015519     0.000000E+000     0.942413E-006        0.1302
   439        0.00015553     0.000000E+000     0.944217E-006        0.1303
   440        0.00015588     0.000000E+000     0.946033E-006        0.1305
   441        0.00015588     0.000000E+000     0.943611E-006        0.1306
   442        0.00015623     0.000000E+000     0.945437E-006        0.1308
   443        0.00015623     0.000000E+000     0.943000E-006        0.1309
   444        0.00015659     0.000000E+000     0.944837E-006        0.1311
   445        0.00015659     0.000000E+000     0.942384E-006        0.1313
   446        0.00015695     0.000000E+000     0.944232E-006        0.1314
   447        0.00015731     0.000000E+000     0.946092E-006        0.1316
   448        0.00015731     0.000000E+000     0.943607E-006        0.1317
   449        0.00015767     0.000000E+000     0.945479E-006        0.1319
   450        0.00015767     0.000000E+000     0.942979E-006        0.1320
   451        0.00015804     0.000000E+000     0.944863E-006        0.1322
   452        0.00015804     0.000000E+000     0.942348E-006        0.1324
   453        0.00015841     0.000000E+000     0.944245E-006        0.1325
   454        0.00015879     0.000000E+000     0.946155E-006        0.1327
   455        0.00015879     0.000000E+000     0.943608E-006        0.1328
   456        0.00015916     0.000000E+000     0.945531E-006        0.1330
   457        0.00015916     0.000000E+000     0.942969E-006        0.1332
   458        0.00015954     0.000000E+000     0.944906E-006        0.1333
   459        0.00015954     0.000000E+000     0.942329E-006        0.1335
   460        0.00015993     0.000000E+000     0.944281E-006        0.1336
   461        0.00015993     0.000000E+000     0.941689E-006        0.1338
   462        0.00016032     0.000000E+000     0.943656E-006        0.1339
   463        0.00016071     0.000000E+000     0.945638E-006        0.1341
   464        0.00016071     0.000000E+000     0.943014E-006        0.1343
   465        0.00016110     0.000000E+000     0.945012E-006        0.1344
   466        0.00016110     0.000000E+000     0.942373E-006        0.1346
   467        0.00016150     0.000000E+000     0.944388E-006        0.1348
   468        0.00016150     0.000000E+000     0.941735E-006        0.1349
   469        0.00016190     0.000000E+000     0.943767E-006        0.1351
   470        0.00016231     0.000000E+000     0.945816E-006        0.1352
   471        0.00016231     0.000000E+000     0.943131E-006        0.1354
   472        0.00016272     0.000000E+000     0.945199E-006        0.1356
   473        0.00016272     0.000000E+000     0.942500E-006        0.1357
   474        0.00016313     0.000000E+000     0.944586E-006        0.1359
   475        0.00016313     0.000000E+000     0.941874E-006        0.1361
   476        0.00016355     0.000000E+000     0.943981E-006        0.1362
   477        0.00016355     0.000000E+000     0.941255E-006        0.1364
   478        0.00016397     0.000000E+000     0.943383E-006        0.1365
   479        0.00016440     0.000000E+000     0.945529E-006        0.1367
   480        0.00016440     0.000000E+000     0.942773E-006        0.1369
   481        0.00016483     0.000000E+000     0.944943E-006        0.1370
   482        0.00016483     0.000000E+000     0.942174E-006        0.1372
   483        0.00016526     0.000000E+000     0.944367E-006        0.1374
   484        0.00016526     0.000000E+000     0.941586E-006        0.1375
   485        0.00016570     0.000000E+000     0.943803E-006        0.1377
   486        0.00016570     0.000000E+000     0.941011E-006        0.1379
   487        0.00016615     0.000000E+000     0.943254E-006        0.1380
   488        0.00016660     0.000000E+000     0.945519E-006        0.1382
   489        0.00016660     0.000000E+000     0.942699E-006        0.1384
   490        0.00016705     0.000000E+000     0.944992E-006        0.1385
   491        0.00016705     0.000000E+000     0.942162E-006        0.1387
   492        0.00016751     0.000000E+000     0.944484E-006        0.1389
   493        0.00016751     0.000000E+000     0.941644E-006        0.1390
   494        0.00016797     0.000000E+000     0.943997E-006        0.1392
   495        0.00016797     0.000000E+000     0.941148E-006        0.1394
   496        0.00016844     0.000000E+000     0.943534E-006        0.1395
   497        0.00016844     0.000000E+000     0.940676E-006        0.1397
   498        0.00016891     0.000000E+000     0.943096E-006        0.1399
   499        0.00016939     0.000000E+000     0.945543E-006        0.1400
   500        0.00016939     0.000000E+000     0.942664E-006        0.1402
   501        0.00016987     0.000000E+000     0.945148E-006        0.1404
   502        0.00016987     0.000000E+000     0.942263E-006        0.1405
   503        0.00017036     0.000000E+000     0.944786E-006        0.1407
   504        0.00017036     0.000000E+000     0.941896E-006        0.1409
   505        0.00017085     0.000000E+000     0.944460E-006        0.1411
   506        0.00017085     0.000000E+000     0.941567E-006        0.1412
   507        0.00017135     0.000000E+000     0.944174E-006        0.1414
   508        0.00017135     0.000000E+000     0.941279E-006        0.1416
   509        0.00017186     0.000000E+000     0.943931E-006        0.1417
   510        0.00017186     0.000000E+000     0.941035E-006        0.1419
   511        0.00017237     0.000000E+000     0.943735E-006        0.1421
   512        0.00017237     0.000000E+000     0.940839E-006        0.1423
   513        0.00017289     0.000000E+000     0.943590E-006        0.1424
   514        0.00017289     0.000000E+000     0.940695E-006        0.1426
   515        0.00017341     0.000000E+000     0.943499E-006        0.1428
   516        0.00017341     0.000000E+000     0.940607E-006        0.1429
   517        0.00017394     0.000000E+000     0.943466E-006        0.1431
   518        0.00017394     0.000000E+000     0.940579E-006        0.1433
   519        0.00017448     0.000000E+000     0.943496E-006        0.1435
   520        0.00017448     0.000000E+000     0.940614E-006        0.1436
   521        0.00017502     0.000000E+000     0.943592E-006        0.1438
   522        0.00017502     0.000000E+000     0.940717E-006        0.1440
   523        0.00017557     0.000000E+000     0.943759E-006        0.1442
   524        0.00017557     0.000000E+000     0.940892E-006        0.1443
   525        0.00017613     0.000000E+000     0.943999E-006        0.1445
   526        0.00017613     0.000000E+000     0.941141E-006        0.1447
   527        0.00017669     0.000000E+000     0.944318E-006        0.1449
   528        0.00017669     0.000000E+000     0.941470E-006        0.1450
   529        0.00017727     0.000000E+000     0.944717E-006        0.1452
   530        0.00017727     0.000000E+000     0.941880E-006        0.1454
   531        0.00017784     0.000000E+000     0.945201E-006        0.1456
   532        0.00017784     0.000000E+000     0.942375E-006        0.1458
   533        0.00017784     0.000000E+000     0.939569E-006        0.1459
   534        0.00017843     0.000000E+000     0.942987E-006        0.1461
   535        0.00017843     0.000000E+000     0.940193E-006        0.1463
   536        0.00017903     0.000000E+000     0.943689E-006        0.1465
   537        0.00017903     0.000000E+000     0.940905E-006        0.1466
   538        0.00017964     0.000000E+000     0.944481E-006        0.1468
   539        0.00017964     0.000000E+000     0.941708E-006        0.1470
   540        0.00017964     0.000000E+000     0.938954E-006        0.1472
   541        0.00018025     0.000000E+000     0.942632E-006        0.1474
   542        0.00018025     0.000000E+000     0.939887E-006        0.1475
   543        0.00018087     0.000000E+000     0.943645E-006        0.1477
   544        0.00018087     0.000000E+000     0.940907E-006        0.1479
   545        0.00018151     0.000000E+000     0.944747E-006        0.1481
   546        0.00018151     0.000000E+000     0.942014E-006        0.1483
   547        0.00018151     0.000000E+000     0.939296E-006        0.1485
   548        0.00018215     0.000000E+000     0.943236E-006        0.1486
   549        0.00018215     0.000000E+000     0.940518E-006        0.1488
   550        0.00018280     0.000000E+000     0.944537E-006        0.1490
   551        0.00018280     0.000000E+000     0.941815E-006        0.1492
   552        0.00018280     0.000000E+000     0.939106E-006        0.1494
   553        0.00018347     0.000000E+000     0.943216E-006        0.1495
   554        0.00018347     0.000000E+000     0.940497E-006        0.1497
   555        0.00018414     0.000000E+000     0.944680E-006        0.1499
   556        0.00018414     0.000000E+000     0.941945E-006        0.1501
   557        0.00018414     0.000000E+000     0.939215E-006        0.1503
   558        0.00018483     0.000000E+000     0.943479E-006        0.1505
   559        0.00018483     0.000000E+000     0.940725E-006        0.1507
   560        0.00018553     0.000000E+000     0.945052E-006        0.1508
   561        0.00018553     0.000000E+000     0.942269E-006        0.1510
   562        0.00018553     0.000000E+000     0.939484E-006        0.1512
   563        0.00018624     0.000000E+000     0.943873E-006        0.1514
   564        0.00018624     0.000000E+000     0.941049E-006        0.1516
   565        0.00018624     0.000000E+000     0.938218E-006        0.1518
   566        0.00018696     0.000000E+000     0.942658E-006        0.1520
   567        0.00018696     0.000000E+000     0.939776E-006        0.1521
   568        0.00018770     0.000000E+000     0.944261E-006        0.1523
   569        0.00018770     0.000000E+000     0.941322E-006        0.1525
   570        0.00018770     0.000000E+000     0.938370E-006        0.1527
   571        0.00018845     0.000000E+000     0.942884E-006        0.1529
   572        0.00018845     0.000000E+000     0.939864E-006        0.1531
   573        0.00018921     0.000000E+000     0.944410E-006        0.1533
   574        0.00018921     0.000000E+000     0.941316E-006        0.1535
   575        0.00018921     0.000000E+000     0.938200E-006        0.1536
   576        0.00018999     0.000000E+000     0.942758E-006        0.1538
   577        0.00018999     0.000000E+000     0.939559E-006        0.1540
   578        0.00019078     0.000000E+000     0.944138E-006        0.1542
   579        0.00019078     0.000000E+000     0.940850E-006        0.1544
   580        0.00019078     0.000000E+000     0.937537E-006        0.1546
   581        0.00019159     0.000000E+000     0.942113E-006        0.1548
   582        0.00019159     0.000000E+000     0.938704E-006        0.1550
   583        0.00019241     0.000000E+000     0.943294E-006        0.1552
   584        0.00019241     0.000000E+000     0.939785E-006        0.1554
   585        0.00019241     0.000000E+000     0.936249E-006        0.1556
   586        0.00019325     0.000000E+000     0.940828E-006        0.1557
   587        0.00019325     0.000000E+000     0.937188E-006        0.1559
   588        0.00019411     0.000000E+000     0.941780E-006        0.1561
   589        0.00019411     0.000000E+000     0.938036E-006        0.1563
   590        0.00019498     0.000000E+000     0.942642E-006        0.1565
   591        0.00019498     0.000000E+000     0.938793E-006        0.1567
   592        0.00019586     0.000000E+000     0.943414E-006        0.1569
   593        0.00019586     0.000000E+000     0.939460E-006        0.1571
   594        0.00019586     0.000000E+000     0.935480E-006        0.1573
   595        0.00019677     0.000000E+000     0.940100E-006        0.1575
   596        0.00019677     0.000000E+000     0.936018E-006        0.1577
   597        0.00019770     0.000000E+000     0.940662E-006        0.1579
   598        0.00019770     0.000000E+000     0.936480E-006        0.1581
   599        0.00019864     0.000000E+000     0.941155E-006        0.1583
   600        0.00019864     0.000000E+000     0.936875E-006        0.1585
   601        0.00019960     0.000000E+000     0.941586E-006        0.1587
   602        0.00019960     0.000000E+000     0.937212E-006        0.1589
   603        0.00020057     0.000000E+000     0.941968E-006        0.1591
   604        0.00020057     0.000000E+000     0.937503E-006        0.1593
   605        0.00020157     0.000000E+000     0.942310E-006        0.1595
   606        0.00020157     0.000000E+000     0.937759E-006        0.1597
   607        0.00020157     0.000000E+000     0.933202E-006        0.1599
   608        0.00020260     0.000000E+000     0.938064E-006        0.1601
   609        0.00020260     0.000000E+000     0.933428E-006        0.1603
   610        0.00020364     0.000000E+000     0.938364E-006        0.1605
   611        0.00020364     0.000000E+000     0.933654E-006        0.1607
   612        0.00020471     0.000000E+000     0.938671E-006        0.1609
   613        0.00020471     0.000000E+000     0.933892E-006        0.1611
   614        0.00020580     0.000000E+000     0.939001E-006        0.1613
   615        0.00020580     0.000000E+000     0.934158E-006        0.1615
   616        0.00020691     0.000000E+000     0.939368E-006        0.1617
   617        0.00020691     0.000000E+000     0.934465E-006        0.1619
   618        0.00020804     0.000000E+000     0.939787E-006        0.1621
   619        0.00020804     0.000000E+000     0.934828E-006        0.1623
   620        0.00020921     0.000000E+000     0.940272E-006        0.1626
   621        0.00020921     0.000000E+000     0.935260E-006        0.1628
   622        0.00021040     0.000000E+000     0.940837E-006        0.1630
   623        0.00021040     0.000000E+000     0.935777E-006        0.1632
   624        0.00021161     0.000000E+000     0.941496E-006        0.1634
   625        0.00021161     0.000000E+000     0.936390E-006        0.1636
   626        0.00021161     0.000000E+000     0.931307E-006        0.1638
   627        0.00021286     0.000000E+000     0.937209E-006        0.1640
   628        0.00021286     0.000000E+000     0.932083E-006        0.1642
   629        0.00021415     0.000000E+000     0.938153E-006        0.1645
   630        0.00021415     0.000000E+000     0.932987E-006        0.1647
   631        0.00021546     0.000000E+000     0.939235E-006        0.1649
   632        0.00021546     0.000000E+000     0.934031E-006        0.1651
   633        0.00021681     0.000000E+000     0.940467E-006        0.1653
   634        0.00021681     0.000000E+000     0.935224E-006        0.1655
   635        0.00021681     0.000000E+000     0.930012E-006        0.1657
   636        0.00021820     0.000000E+000     0.936689E-006        0.1660
   637        0.00021820     0.000000E+000     0.931439E-006        0.1662
   638        0.00021962     0.000000E+000     0.938330E-006        0.1664
   639        0.00021962     0.000000E+000     0.933041E-006        0.1666
   640        0.00022109     0.000000E+000     0.940157E-006        0.1668
   641        0.00022109     0.000000E+000     0.934829E-006        0.1671
   642        0.00022109     0.000000E+000     0.929533E-006        0.1673
   643        0.00022260     0.000000E+000     0.936936E-006        0.1675
   644        0.00022260     0.000000E+000     0.931598E-006        0.1677
   645        0.00022416     0.000000E+000     0.939254E-006        0.1679
   646        0.00022416     0.000000E+000     0.933873E-006        0.1682
   647        0.00022416     0.000000E+000     0.928526E-006        0.1684
   648        0.00022577     0.000000E+000     0.936500E-006        0.1686
   649        0.00022577     0.000000E+000     0.931106E-006        0.1688
   650        0.00022743     0.000000E+000     0.939365E-006        0.1691
   651        0.00022743     0.000000E+000     0.933920E-006        0.1693
   652        0.00022743     0.000000E+000     0.928509E-006        0.1695
   653        0.00022915     0.000000E+000     0.937125E-006        0.1698
   654        0.00022915     0.000000E+000     0.931659E-006        0.1700
   655        0.00022915     0.000000E+000     0.926226E-006        0.1702
   656        0.00023094     0.000000E+000     0.935224E-006        0.1704
   657        0.00023094     0.000000E+000     0.929731E-006        0.1707
   658        0.00023279     0.000000E+000     0.939070E-006        0.1709
   659        0.00023279     0.000000E+000     0.933514E-006        0.1711
   660        0.00023279     0.000000E+000     0.927991E-006        0.1714
   661        0.00023472     0.000000E+000     0.937760E-006        0.1716
   662        0.00023472     0.000000E+000     0.932167E-006        0.1718
   663        0.00023472     0.000000E+000     0.926607E-006        0.1721
   664        0.00023672     0.000000E+000     0.936838E-006        0.1723
   665        0.00023672     0.000000E+000     0.931202E-006        0.1725
   666        0.00023672     0.000000E+000     0.925599E-006        0.1728
   667        0.00023882     0.000000E+000     0.936328E-006        0.1730
   668        0.00023882     0.000000E+000     0.930642E-006        0.1733
   669        0.00023882     0.000000E+000     0.924989E-006        0.1735
   670        0.00024101     0.000000E+000     0.936256E-006        0.1737
   671        0.00024101     0.000000E+000     0.930513E-006        0.1740
   672        0.00024101     0.000000E+000     0.924803E-006        0.1742
   673        0.00024330     0.000000E+000     0.936655E-006        0.1745
   674        0.00024330     0.000000E+000     0.930848E-006        0.1747
   675        0.00024330     0.000000E+000     0.925074E-006        0.1749
   676        0.00024571     0.000000E+000     0.937563E-006        0.1752
   677        0.00024571     0.000000E+000     0.931684E-006        0.1754
   678        0.00024571     0.000000E+000     0.925838E-006        0.1757
   679        0.00024571     0.000000E+000     0.920026E-006        0.1759
   680        0.00024827     0.000000E+000     0.933324E-006        0.1762
   681        0.00024827     0.000000E+000     0.927397E-006        0.1764
   682        0.00024827     0.000000E+000     0.921503E-006        0.1767
   683        0.00025097     0.000000E+000     0.935584E-006        0.1769
   684        0.00025097     0.000000E+000     0.929566E-006        0.1772
   685        0.00025097     0.000000E+000     0.923583E-006        0.1774
   686        0.00025097     0.000000E+000     0.917634E-006        0.1777
   687        0.00025385     0.000000E+000     0.932722E-006        0.1779
   688        0.00025385     0.000000E+000     0.926637E-006        0.1782
   689        0.00025385     0.000000E+000     0.920587E-006        0.1784
   690        0.00025691     0.000000E+000     0.936663E-006        0.1787
   691        0.00025691     0.000000E+000     0.930465E-006        0.1789
   692        0.00025691     0.000000E+000     0.924304E-006        0.1792
   693        0.00025691     0.000000E+000     0.918180E-006        0.1794
   694        0.00026021     0.000000E+000     0.935543E-006        0.1797
   695        0.00026021     0.000000E+000     0.929256E-006        0.1800
   696        0.00026021     0.000000E+000     0.923007E-006        0.1802
   697        0.00026021     0.000000E+000     0.916796E-006        0.1805
   698        0.00026377     0.000000E+000     0.935651E-006        0.1807
   699        0.00026377     0.000000E+000     0.929260E-006        0.1810
   700        0.00026377     0.000000E+000     0.922910E-006        0.1813
   701        0.00026377     0.000000E+000     0.916599E-006        0.1815
   702        0.00026377     0.000000E+000     0.910327E-006        0.1818
   703        0.00026771     0.000000E+000     0.931183E-006        0.1821
   704        0.00026771     0.000000E+000     0.924709E-006        0.1823
   705        0.00026771     0.000000E+000     0.918277E-006        0.1826
   706        0.00026771     0.000000E+000     0.911886E-006        0.1829
   707        0.00026771     0.000000E+000     0.905536E-006        0.1831
   708        0.00027210     0.000000E+000     0.928842E-006        0.1834
   709        0.00027210     0.000000E+000     0.922262E-006        0.1837
   710        0.00027210     0.000000E+000     0.915726E-006        0.1839
   711        0.00027210     0.000000E+000     0.909234E-006        0.1842
   712        0.00027210     0.000000E+000     0.902784E-006        0.1845
   713        0.00027704     0.000000E+000     0.929148E-006        0.1848
   714        0.00027704     0.000000E+000     0.922434E-006        0.1850
   715        0.00027704     0.000000E+000     0.915766E-006        0.1853
   716        0.00027704     0.000000E+000     0.909144E-006        0.1856
   717        0.00027704     0.000000E+000     0.902568E-006        0.1859
   718        0.00027704     0.000000E+000     0.896037E-006        0.1861
   719        0.00028282     0.000000E+000     0.926863E-006        0.1864
   720        0.00028282     0.000000E+000     0.920016E-006        0.1867
   721        0.00028282     0.000000E+000     0.913217E-006        0.1870
   722        0.00028282     0.000000E+000     0.906467E-006        0.1873
   723        0.00028282     0.000000E+000     0.899767E-006        0.1876
   724        0.00028282     0.000000E+000     0.893115E-006        0.1878
   725        0.00028282     0.000000E+000     0.886511E-006        0.1881
   726        0.00028989     0.000000E+000     0.924336E-006        0.1884
   727        0.00028989     0.000000E+000     0.917331E-006        0.1887
   728        0.00028989     0.000000E+000     0.910379E-006        0.1890
   729        0.00028989     0.000000E+000     0.903480E-006        0.1893
   730        0.00028989     0.000000E+000     0.896633E-006        0.1896
   731        0.00028989     0.000000E+000     0.889838E-006        0.1899
   732        0.00028989     0.000000E+000     0.883094E-006        0.1901
   733        0.00028989     0.000000E+000     0.876403E-006        0.1904
   734        0.00028989     0.000000E+000     0.869762E-006        0.1907
   735        0.00029955     0.000000E+000     0.921452E-006        0.1910
   736        0.00029955     0.000000E+000     0.914241E-006        0.1913
   737        0.00029955     0.000000E+000     0.907087E-006        0.1916
   738        0.00029955     0.000000E+000     0.899989E-006        0.1919
   739        0.00029955     0.000000E+000     0.892949E-006        0.1922
   740        0.00029955     0.000000E+000     0.885964E-006        0.1925
   741        0.00029955     0.000000E+000     0.879035E-006        0.1928
   742        0.00029955     0.000000E+000     0.872161E-006        0.1931
   743        0.00029955     0.000000E+000     0.865342E-006        0.1934
   744        0.00029955     0.000000E+000     0.858578E-006        0.1937
   745        0.00029955     0.000000E+000     0.851868E-006        0.1940
   746        0.00029955     0.000000E+000     0.845211E-006        0.1943
   747        0.00029955     0.000000E+000     0.838607E-006        0.1946
   748        0.00029955     0.000000E+000     0.832056E-006        0.1949
   749        0.00029955     0.000000E+000     0.825556E-006        0.1952
   750        0.00029955     0.000000E+000     0.819109E-006        0.1955
   751        0.00029955     0.000000E+000     0.812712E-006        0.1958
   752        0.00029955     0.000000E+000     0.806366E-006        0.1961
   753        0.00029955     0.000000E+000     0.800071E-006        0.1964
   754        0.00029955     0.000000E+000     0.793824E-006        0.1967
   755        0.00029955     0.000000E+000     0.787627E-006        0.1970
   756        0.00029955     0.000000E+000     0.781478E-006        0.1973
   757        0.00029955     0.000000E+000     0.775377E-006        0.1976
   758        0.00029955     0.000000E+000     0.769323E-006        0.1979
   759        0.00029955     0.000000E+000     0.763316E-006        0.1982
   760        0.00029955     0.000000E+000     0.757355E-006        0.1985
   761        0.00029955     0.000000E+000     0.751440E-006        0.1988
   762        0.00029955     0.000000E+000     0.745569E-006        0.1991
   763        0.00029955     0.000000E+000     0.739743E-006        0.1994
   764        0.00029955     0.000000E+000     0.733961E-006        0.1997
   765        0.00033003     0.000000E+000     0.883334E-006        0.2000
   766        0.00033901     0.000000E+000     0.923833E-006        0.2003
   767        0.00034252     0.000000E+000     0.934621E-006        0.2007
   768        0.00034371     0.000000E+000     0.932676E-006        0.2010
   769        0.00034612     0.000000E+000     0.937261E-006        0.2014
   770        0.00034734     0.000000E+000     0.935323E-006        0.2017
   771        0.00034858     0.000000E+000     0.933399E-006        0.2020
   772        0.00034983     0.000000E+000     0.931487E-006        0.2024
   773        0.00035237     0.000000E+000     0.936306E-006        0.2027
   774        0.00035365     0.000000E+000     0.934396E-006        0.2031
   775        0.00035495     0.000000E+000     0.932497E-006        0.2035
   776        0.00035627     0.000000E+000     0.930607E-006        0.2038
   777        0.00035893     0.000000E+000     0.935666E-006        0.2042
   778        0.00036029     0.000000E+000     0.933772E-006        0.2045
   779        0.00036166     0.000000E+000     0.931885E-006        0.2049
   780        0.00036304     0.000000E+000     0.930005E-006        0.2052
   781        0.00036586     0.000000E+000     0.935307E-006        0.2056
   782        0.00036729     0.000000E+000     0.933415E-006        0.2060
   783        0.00036873     0.000000E+000     0.931527E-006        0.2063
   784        0.00037020     0.000000E+000     0.929641E-006        0.2067
   785        0.00037317     0.000000E+000     0.935191E-006        0.2071
   786        0.00037468     0.000000E+000     0.933285E-006        0.2075
   787        0.00037621     0.000000E+000     0.931379E-006        0.2078
   788        0.00037776     0.000000E+000     0.929471E-006        0.2082
   789        0.00038091     0.000000E+000     0.935273E-006        0.2086
   790        0.00038251     0.000000E+000     0.933336E-006        0.2090
   791        0.00038413     0.000000E+000     0.931394E-006        0.2093
   792        0.00038577     0.000000E+000     0.929446E-006        0.2097
   793        0.00038743     0.000000E+000     0.927492E-006        0.2101
   794        0.00039082     0.000000E+000     0.933595E-006        0.2105
   795        0.00039254     0.000000E+000     0.931598E-006        0.2109
   796        0.00039428     0.000000E+000     0.929589E-006        0.2113
   797        0.00039605     0.000000E+000     0.927568E-006        0.2117
   798        0.00039965     0.000000E+000     0.933929E-006        0.2121
   799        0.00040148     0.000000E+000     0.931849E-006        0.2125
   800        0.00040334     0.000000E+000     0.929750E-006        0.2129
   801        0.00040523     0.000000E+000     0.927629E-006        0.2133
   802        0.00040714     0.000000E+000     0.925482E-006        0.2137
   803        0.00041104     0.000000E+000     0.932124E-006        0.2141
   804        0.00041302     0.000000E+000     0.929881E-006        0.2145
   805        0.00041504     0.000000E+000     0.927595E-006        0.2149
   806        0.00041708     0.000000E+000     0.925259E-006        0.2153
   807        0.00042125     0.000000E+000     0.932074E-006        0.2157
   808        0.00042338     0.000000E+000     0.929565E-006        0.2162
   809        0.00042554     0.000000E+000     0.926961E-006        0.2166
   810        0.00042773     0.000000E+000     0.924236E-006        0.2170
   811        0.00043221     0.000000E+000     0.930991E-006        0.2174
   812        0.00043450     0.000000E+000     0.927864E-006        0.2179
   813        0.00043682     0.000000E+000     0.924463E-006        0.2183
   814        0.00043918     0.000000E+000     0.920690E-006        0.2188
   815        0.00044401     0.000000E+000     0.926454E-006        0.2192
   816        0.00044648     0.000000E+000     0.921334E-006        0.2196
   817        0.00045152     0.000000E+000     0.925509E-006        0.2201
   818        0.00045410     0.000000E+000     0.918588E-006        0.2205
   819 *      0.00022969     0.000000E+000     0.410349E-006        0.2210
   819        0.00022969     0.000000E+000     0.419678E-006        0.2212
   820        0.00033714     0.000000E+000     0.834038E-006        0.2214
   821        0.00035392     0.000000E+000     0.842309E-006        0.2218
   822        0.00036902     0.000000E+000     0.841552E-006        0.2221
   823        0.00038554     0.000000E+000     0.847154E-006        0.2225
   824        0.00040161     0.000000E+000     0.850757E-006        0.2229
   825        0.00041689     0.000000E+000     0.851487E-006        0.2233
   826        0.00043347     0.000000E+000     0.857829E-006        0.2237
   827        0.00044886     0.000000E+000     0.859842E-006        0.2241
   828        0.00046548     0.000000E+000     0.866875E-006        0.2246
   829        0.00048040     0.000000E+000     0.868023E-006        0.2251
   830        0.00049641     0.000000E+000     0.873575E-006        0.2255
   831        0.00051011     0.000000E+000     0.871676E-006        0.2260
   832        0.00052468     0.000000E+000     0.873564E-006        0.2265
   833        0.00054023     0.000000E+000     0.879207E-006        0.2271
   834        0.00055260     0.000000E+000     0.875398E-006        0.2276
   835        0.00056565     0.000000E+000     0.874806E-006        0.2282
   836        0.00057945     0.000000E+000     0.877396E-006        0.2287
   837        0.00059406     0.000000E+000     0.883206E-006        0.2293
   838        0.00060955     0.000000E+000     0.892346E-006        0.2299
   839        0.00062044     0.000000E+000     0.889137E-006        0.2305
   840        0.00063182     0.000000E+000     0.888820E-006        0.2311
   841        0.00064374     0.000000E+000     0.891465E-006        0.2318
   842        0.00065624     0.000000E+000     0.897261E-006        0.2324
   843        0.00066937     0.000000E+000     0.906821E-006        0.2331
   844        0.00067620     0.000000E+000     0.906211E-006        0.2337
   845        0.00068324     0.000000E+000     0.900365E-006        0.2344
   846        0.00069051     0.000000E+000     0.888865E-006        0.2351
   847        0.00070569     0.000000E+000     0.895568E-006        0.2358
   848        0.00072173     0.000000E+000     0.904250E-006        0.2365
   849        0.00073012     0.000000E+000     0.896145E-006        0.2372
   850        0.00073881     0.000000E+000     0.893457E-006        0.2379
   851        0.00074782     0.000000E+000     0.898126E-006        0.2387
   852        0.00075717     0.000000E+000     0.912204E-006        0.2394
   853        0.00076687     0.000000E+000     0.937905E-006        0.2402
   854        0.00076687     0.000000E+000     0.952649E-006        0.2410
   855        0.00075692     0.000000E+000     0.955810E-006        0.2417
   856        0.00074709     0.000000E+000     0.971286E-006        0.2425
   857 *      0.00036869     0.000000E+000     0.253443E-006        0.2432
   857        0.00036869     0.000000E+000     0.261825E-006        0.2436
   858        0.00065164     0.000000E+000     0.834719E-006        0.2440
   859        0.00068382     0.000000E+000     0.975265E-006        0.2446
   860 *      0.00033769     0.000000E+000     0.259915E-006        0.2453
   860        0.00033769     0.000000E+000     0.269242E-006        0.2456
   861        0.00058729     0.000000E+000     0.828133E-006        0.2460
   862        0.00061429     0.000000E+000     0.956090E-006        0.2466
   863 *      0.00030361     0.000000E+000     0.252994E-006        0.2472
   863        0.00030361     0.000000E+000     0.259872E-006        0.2475
   864        0.00053837     0.000000E+000     0.821370E-006        0.2478
   865        0.00056795     0.000000E+000     0.949326E-006        0.2483
   866 *      0.00028397     0.000000E+000     0.253518E-006        0.2489
   866        0.00028397     0.000000E+000     0.258830E-006        0.2492
   867        0.00050047     0.000000E+000     0.802975E-006        0.2495
   868        0.00053241     0.000000E+000     0.936959E-006        0.2500
   869 *      0.00026621     0.000000E+000     0.251051E-006        0.2505
   869        0.00026621     0.000000E+000     0.257329E-006        0.2508
   870        0.00047098     0.000000E+000     0.805662E-006        0.2510
   871        0.00050011     0.000000E+000     0.949430E-006        0.2515
   872 *      0.00025006     0.000000E+000     0.260704E-006        0.2520
   872        0.00025006     0.000000E+000     0.260467E-006        0.2522
   873        0.00043991     0.000000E+000     0.769450E-006        0.2525
   874        0.00047546     0.000000E+000     0.878413E-006        0.2529
   875        0.00048537     0.000000E+000     0.883739E-006        0.2534
   876        0.00049581     0.000000E+000     0.902838E-006        0.2539
   877        0.00050125     0.000000E+000     0.882660E-006        0.2544
   878        0.00051265     0.000000E+000     0.901096E-006        0.2549
   879        0.00051861     0.000000E+000     0.882647E-006        0.2554
   880        0.00053110     0.000000E+000     0.895172E-006        0.2559
   881        0.00053766     0.000000E+000     0.880954E-006        0.2564
   882        0.00055145     0.000000E+000     0.890555E-006        0.2570
   883        0.00055870     0.000000E+000     0.877743E-006        0.2575
   884        0.00057401     0.000000E+000     0.888712E-006        0.2581
   885        0.00058209     0.000000E+000     0.876734E-006        0.2587
   886        0.00059922     0.000000E+000     0.890630E-006        0.2593
   887        0.00060829     0.000000E+000     0.880225E-006        0.2599
   888        0.00061780     0.000000E+000     0.871108E-006        0.2605
   889        0.00063805     0.000000E+000     0.891271E-006        0.2611
   890        0.00064887     0.000000E+000     0.884882E-006        0.2617
   891        0.00066025     0.000000E+000     0.880297E-006        0.2624
   892        0.00067226     0.000000E+000     0.877654E-006        0.2630
   893        0.00068494     0.000000E+000     0.877097E-006        0.2637
   894        0.00069837     0.000000E+000     0.878783E-006        0.2644
   895        0.00071262     0.000000E+000     0.882895E-006        0.2651
   896        0.00072779     0.000000E+000     0.889649E-006        0.2658
   897        0.00074396     0.000000E+000     0.899307E-006        0.2665
   898        0.00074396     0.000000E+000     0.871969E-006        0.2673
   899        0.00076167     0.000000E+000     0.887377E-006        0.2680
   900        0.00078071     0.000000E+000     0.906608E-006        0.2688
   901        0.00078071     0.000000E+000     0.884066E-006        0.2696
   902        0.00080181     0.000000E+000     0.910772E-006        0.2703
   903        0.00080181     0.000000E+000     0.892348E-006        0.2711
   904        0.00080181     0.000000E+000     0.876476E-006        0.2719
   905        0.00082611     0.000000E+000     0.913632E-006        0.2727
   906        0.00082611     0.000000E+000     0.894426E-006        0.2736
   907        0.00082611     0.000000E+000     0.875771E-006        0.2744
   908        0.00082611     0.000000E+000     0.853821E-006        0.2752
   909        0.00085562     0.000000E+000     0.899289E-006        0.2760
   910        0.00085562     0.000000E+000     0.831475E-006        0.2769
   911        0.00088984     0.000000E+000     0.880319E-006        0.2778
   912        0.00088984     0.000000E+000     0.882748E-006        0.2786
   913        0.00088984     0.000000E+000     0.786679E-006        0.2795
   914        0.00093221     0.000000E+000     0.788394E-006        0.2804
   915        0.00098128     0.000000E+000     0.822897E-006        0.2814
   916        0.00098128     0.000000E+000     0.792276E-006        0.2823
   917        0.00104261     0.000000E+000     0.869310E-006        0.2833
   918        0.00104261     0.000000E+000     0.849644E-006        0.2844
   919        0.00104261     0.000000E+000     0.833445E-006        0.2854
   920        0.00104261     0.000000E+000     0.820430E-006        0.2864
   921        0.00104261     0.000000E+000     0.811456E-006        0.2875
   922        0.00104261     0.000000E+000     0.808581E-006        0.2885
   923        0.00104261     0.000000E+000     0.812217E-006        0.2896
   924        0.00104261     0.000000E+000     0.821689E-006        0.2906
   925        0.00104261     0.000000E+000     0.841451E-006        0.2917
   926        0.00104261     0.000000E+000     0.818926E-006        0.2927
   927        0.00104261     0.000000E+000     0.789664E-006        0.2937
   928        0.00104261     0.000000E+000     0.761651E-006        0.2948
   929        0.00104261     0.000000E+000     0.736455E-006        0.2958
   930        0.00104261     0.000000E+000     0.714113E-006        0.2969
   931        0.00104261     0.000000E+000     0.694182E-006        0.2979
   932        0.00104261     0.000000E+000     0.676111E-006        0.2990
   933        0.00117647     0.000000E+000     0.837711E-006        0.3000
   934        0.00122004     0.000000E+000     0.876547E-006        0.3012
   935        0.00125133     0.000000E+000     0.897531E-006        0.3024
   936        0.00126779     0.000000E+000     0.897402E-006        0.3036
   937        0.00128492     0.000000E+000     0.898500E-006        0.3049
   938        0.00130277     0.000000E+000     0.900687E-006        0.3062
   939        0.00132138     0.000000E+000     0.903814E-006        0.3075
   940        0.00134081     0.000000E+000     0.907760E-006        0.3088
   941        0.00136113     0.000000E+000     0.912443E-006        0.3102
   942        0.00138240     0.000000E+000     0.917817E-006        0.3115
   943        0.00138240     0.000000E+000     0.895001E-006        0.3129
   944        0.00140506     0.000000E+000     0.901396E-006        0.3143
   945        0.00142887     0.000000E+000     0.908449E-006        0.3157
   946        0.00142887     0.000000E+000     0.885131E-006        0.3171
   947        0.00145439     0.000000E+000     0.893180E-006        0.3186
   948        0.00148132     0.000000E+000     0.901988E-006        0.3200
   949        0.00150981     0.000000E+000     0.911627E-006        0.3215
   950        0.00150981     0.000000E+000     0.886674E-006        0.3230
   951        0.00154062     0.000000E+000     0.897572E-006        0.3245
   952        0.00157340     0.000000E+000     0.909531E-006        0.3261
   953        0.00157340     0.000000E+000     0.883345E-006        0.3276
   954        0.00160916     0.000000E+000     0.896908E-006        0.3292
   955        0.00160916     0.000000E+000     0.870331E-006        0.3308
   956        0.00164841     0.000000E+000     0.885771E-006        0.3324
   957        0.00169067     0.000000E+000     0.902908E-006        0.3341
   958        0.00169067     0.000000E+000     0.874557E-006        0.3358
   959        0.00173764     0.000000E+000     0.894272E-006        0.3374
   960        0.00173764     0.000000E+000     0.865266E-006        0.3392
   961        0.00179029     0.000000E+000     0.888129E-006        0.3409
   962        0.00179029     0.000000E+000     0.858325E-006        0.3427
   963        0.00184997     0.000000E+000     0.885110E-006        0.3445
   964        0.00184997     0.000000E+000     0.854315E-006        0.3464
   965        0.00191849     0.000000E+000     0.886099E-006        0.3482
   966        0.00191849     0.000000E+000     0.854052E-006        0.3501
   967        0.00199842     0.000000E+000     0.892386E-006        0.3520
   968        0.00199842     0.000000E+000     0.858720E-006        0.3540
   969        0.00199842     0.000000E+000     0.826298E-006        0.3560
   970        0.00209834     0.000000E+000     0.875646E-006        0.3580
   971        0.00209834     0.000000E+000     0.840935E-006        0.3601
   972        0.00209834     0.000000E+000     0.807595E-006        0.3622
   973        0.00222949     0.000000E+000     0.874339E-006        0.3643
   974        0.00222949     0.000000E+000     0.837571E-006        0.3666
   975        0.00222949     0.000000E+000     0.802368E-006        0.3688
   976        0.00222949     0.000000E+000     0.768677E-006        0.3710
   977        0.00222949     0.000000E+000     0.736460E-006        0.3732
   978        0.00245244     0.000000E+000     0.851999E-006        0.3755
   979        0.00245244     0.000000E+000     0.813629E-006        0.3779
   980        0.00245244     0.000000E+000     0.776542E-006        0.3804
   981        0.00245244     0.000000E+000     0.740634E-006        0.3828
   982        0.00245244     0.000000E+000     0.706154E-006        0.3853
   983        0.00245244     0.000000E+000     0.673222E-006        0.3877
   984        0.00245244     0.000000E+000     0.641888E-006        0.3902
   985        0.00245244     0.000000E+000     0.612124E-006        0.3926
   986        0.00245244     0.000000E+000     0.583854E-006        0.3951
   987        0.00245244     0.000000E+000     0.556994E-006        0.3975
   988        0.00294118     0.000000E+000     0.760425E-006        0.4000
   989        0.00313093     0.000000E+000     0.813099E-006        0.4029
   990        0.00323889     0.000000E+000     0.819019E-006        0.4061
   991        0.00335885     0.000000E+000     0.827494E-006        0.4093
   992        0.00349321     0.000000E+000     0.839067E-006        0.4127
   993        0.00364508     0.000000E+000     0.854469E-006        0.4162
   994        0.00364508     0.000000E+000     0.798489E-006        0.4198
   995        0.00382734     0.000000E+000     0.821397E-006        0.4235
   996        0.00403997     0.000000E+000     0.851150E-006        0.4273
   997        0.00403997     0.000000E+000     0.790745E-006        0.4313
   998        0.00430930     0.000000E+000     0.833889E-006        0.4354
   999        0.00430930     0.000000E+000     0.771949E-006        0.4397
  1000        0.00466841     0.000000E+000     0.835971E-006        0.4440
  1001        0.00466841     0.000000E+000     0.770270E-006        0.4486
  1002        0.00466841     0.000000E+000     0.710602E-006        0.4533
  1003        0.00466841     0.000000E+000     0.656421E-006        0.4580
  1004        0.00533532     0.000000E+000     0.786571E-006        0.4627
  1005        0.00533532     0.000000E+000     0.720476E-006        0.4680
  1006        0.00533532     0.000000E+000     0.661605E-006        0.4733
  1007        0.00533532     0.000000E+000     0.609216E-006        0.4787
  1008        0.00533532     0.000000E+000     0.562730E-006        0.4840
  1009        0.00533532     0.000000E+000     0.521653E-006        0.4893
  1010        0.00533532     0.000000E+000     0.485561E-006        0.4947
  1011        0.00666667     0.000000E+000     0.692663E-006        0.5000
  1012        0.00717949     0.000000E+000     0.733372E-006        0.5067
  1013        0.00783217     0.000000E+000     0.795956E-006        0.5138
  1014        0.00783217     0.000000E+000     0.737249E-006        0.5217
  1015        0.00783217     0.000000E+000     0.694180E-006        0.5295
  1016        0.00783217     0.000000E+000     0.665326E-006        0.5373
  1017        0.00783217     0.000000E+000     0.650087E-006        0.5452
  1018        0.00783217     0.000000E+000     0.648289E-006        0.5530
  1019        0.00783217     0.000000E+000     0.660087E-006        0.5608
  1020        0.00783217     0.000000E+000     0.685904E-006        0.5687
  1021        0.00783217     0.000000E+000     0.726349E-006        0.5765
  1022        0.00783217     0.000000E+000     0.782079E-006        0.5843
  1023 *      0.00391608     0.000000E+000     0.263599E-006        0.5922
  1023        0.00391608     0.000000E+000     0.281314E-006        0.5961
  1024        0.00666667     0.000000E+000     0.754181E-006        0.6000
  1025 *      0.00358974     0.000000E+000     0.278576E-006        0.6067
  1025        0.00358974     0.000000E+000     0.295311E-006        0.6103
  1026        0.00574359     0.000000E+000     0.714814E-006        0.6138
  1027 *      0.00309270     0.000000E+000     0.254803E-006        0.6196
  1027        0.00309270     0.000000E+000     0.265719E-006        0.6227
  1028        0.00530178     0.000000E+000     0.726569E-006        0.6258
  1029 *      0.00287179     0.000000E+000     0.252430E-006        0.6311
  1029        0.00287179     0.000000E+000     0.259338E-006        0.6339
  1030        0.00485996     0.000000E+000     0.690839E-006        0.6368
  1031        0.00530178     0.000000E+000     0.824281E-006        0.6417
  1032        0.00530178     0.000000E+000     0.837129E-006        0.6470
  1033        0.00530178     0.000000E+000     0.841509E-006        0.6523
  1034        0.00530178     0.000000E+000     0.835192E-006        0.6576
  1035        0.00530178     0.000000E+000     0.817982E-006        0.6629
  1036        0.00530178     0.000000E+000     0.790732E-006        0.6682
  1037        0.00530178     0.000000E+000     0.754979E-006        0.6735
  1038        0.00530178     0.000000E+000     0.712660E-006        0.6788
  1039        0.00530178     0.000000E+000     0.665837E-006        0.6841
  1040        0.00530178     0.000000E+000     0.616481E-006        0.6894
  1041        0.00530178     0.000000E+000     0.566326E-006        0.6947
  1042        0.00625000     0.000000E+000     0.698533E-006        0.7000
  1043        0.00669643     0.000000E+000     0.706048E-006        0.7063
  1044        0.00725446     0.000000E+000     0.718520E-006        0.7129
  1045        0.00797991     0.000000E+000     0.739925E-006        0.7202
  1046        0.00797991     0.000000E+000     0.629040E-006        0.7282
  1047        0.00911990     0.000000E+000     0.679798E-006        0.7362
  1048        0.00911990     0.000000E+000     0.561213E-006        0.7453
  1049        0.00911990     0.000000E+000     0.463083E-006        0.7544
  1050        0.00911990     0.000000E+000     0.381697E-006        0.7635
  1051        0.00911990     0.000000E+000     0.314410E-006        0.7726
  1052        0.00911990     0.000000E+000     0.258947E-006        0.7818
  1053        0.00911990     0.000000E+000     0.213329E-006        0.7909
  1054        0.01428571     0.000000E+000     0.399195E-006        0.8000
  1055        0.01714286     0.000000E+000     0.409714E-006        0.8143
  1056        0.02285714     0.000000E+000     0.478151E-006        0.8314
  1057        0.02285714     0.000000E+000     0.303540E-006        0.8543
  1058        0.02285714     0.000000E+000     0.195099E-006        0.8771
  1059        0.03333333     0.000000E+000     0.240059E-006        0.9000
  1060        0.03333333     0.000000E+000     0.128815E-006        0.9333
  1061        0.03333333     0.000000E+000     0.702091E-007        0.9667
