#Update-step  Updatetime     Error of A        Error of phi      Time in fs
     1                                         0.268108E-004
     1        0.00434783     0.000000E+000     0.767862E-006        0.0000
     2        0.00455487     0.000000E+000     0.649462E-006        0.0043
     3        0.00506096     0.000000E+000     0.618603E-006        0.0089
     4        0.00573576     0.000000E+000     0.605334E-006        0.0140
     5        0.00669172     0.000000E+000     0.731108E-006        0.0197
     6        0.00736089     0.000000E+000     0.543035E-006        0.0264
     7        0.00828100     0.000000E+000     0.834886E-006        0.0338
     8 *      0.00414050     0.000000E+000     0.371224E-006        0.0420
     8        0.00414050     0.000000E+000     0.654579E-006        0.0462
     9 *      0.00248430     0.000000E+000     0.565380E-006        0.0503
     9        0.00248430     0.000000E+000     0.104237E-005        0.0528
    10        0.00248430     0.000000E+000     0.753560E-006        0.0553
    11        0.00263957     0.000000E+000     0.756545E-006        0.0578
    12        0.00282811     0.000000E+000     0.328969E-006        0.0604
    13 *      0.00204252     0.000000E+000     0.103390E-005        0.0632
    13        0.00204252     0.000000E+000     0.540282E-007        0.0653
    14        0.00544673     0.000000E+000     0.308458E-006        0.0673
    15        0.00680841     0.000000E+000     0.329676E-006        0.0728
    16        0.00680841     0.000000E+000     0.310423E-006        0.0796
    17        0.00680841     0.000000E+000     0.277452E-006        0.0864
    18        0.00680841     0.000000E+000     0.370704E-006        0.0932
    19        0.00909091     0.000000E+000     0.524477E-006        0.1000
    20 *      0.00568182     0.000000E+000     0.293039E-006        0.1091
    20        0.00568182     0.000000E+000     0.215420E-006        0.1148
    21 *      0.00497159     0.000000E+000     0.384427E-006        0.1205
    21        0.00497159     0.000000E+000     0.204104E-006        0.1254
    22        0.00870028     0.000000E+000     0.618821E-006        0.1304
    23        0.01015033     0.000000E+000     0.607280E-006        0.1391
    24 *      0.00507517     0.000000E+000     0.247811E-005        0.1492
    24        0.00507517     0.000000E+000     0.650481E-004        0.1543
    25        0.00099028     0.000000E+000     0.369547E-006        0.1594
    26        0.00136590     0.000000E+000     0.427769E-006        0.1604
    27        0.00182120     0.000000E+000     0.445193E-006        0.1618
    28        0.00227650     0.000000E+000     0.402722E-006        0.1636
    29        0.00310431     0.000000E+000     0.441079E-006        0.1659
    30        0.00388039     0.000000E+000     0.403875E-006        0.1690
    31        0.00452712     0.000000E+000     0.339360E-006        0.1728
    32        0.00565891     0.000000E+000     0.351402E-006        0.1774
    33        0.00565891     0.000000E+000     0.256580E-006        0.1830
    34        0.00565891     0.000000E+000     0.223904E-006        0.1887
    35                                         0.604005E-004
    35        0.00020210     0.000000E+000     0.341348E-006        0.1943
    36        0.00028720     0.000000E+000     0.259266E-006        0.1945
    37        0.00043080     0.000000E+000     0.237144E-006        0.1948
    38        0.00067697     0.000000E+000     0.243607E-006        0.1953
    39        0.00101546     0.000000E+000     0.226576E-006        0.1959
    40        0.00152319     0.000000E+000     0.218918E-006        0.1970
    41        0.00152319     0.000000E+000     0.100246E-006        0.1985
    42        0.00322581     0.000000E+000     0.251103E-006        0.2000
    43        0.00509338     0.000000E+000     0.301958E-006        0.2032
    44        0.00764007     0.000000E+000     0.391406E-006        0.2083
    45 *      0.00525255     0.000000E+000     0.114047E-005        0.2160
    45        0.00525255     0.000000E+000     0.170036E-004        0.2212
    46        0.00175085     0.000000E+000     0.766463E-006        0.2265
    47        0.00188907     0.000000E+000     0.358878E-006        0.2282
    48        0.00268830     0.000000E+000     0.368668E-006        0.2301
    49        0.00373375     0.000000E+000     0.363493E-006        0.2328
    50        0.00528947     0.000000E+000     0.388835E-006        0.2365
    51        0.00727303     0.000000E+000     0.397729E-006        0.2418
    52                                         0.357284E-004
    52        0.00034633     0.000000E+000     0.280137E-006        0.2491
    53        0.00053792     0.000000E+000     0.357045E-006        0.2494
    54        0.00076965     0.000000E+000     0.363055E-006        0.2500
    55        0.00109461     0.000000E+000     0.365337E-006        0.2507
    56        0.00155363     0.000000E+000     0.368598E-006        0.2518
    57        0.00211859     0.000000E+000     0.348039E-006        0.2534
    58        0.00296603     0.000000E+000     0.359136E-006        0.2555
    59        0.00415244     0.000000E+000     0.380950E-006        0.2585
    60        0.00533885     0.000000E+000     0.361254E-006        0.2626
    61        0.00640662     0.000000E+000     0.338047E-006        0.2680
    62        0.00854217     0.000000E+000     0.492855E-006        0.2744
    63        0.00854217     0.000000E+000     0.525943E-006        0.2829
    64        0.00854217     0.000000E+000     0.774254E-006        0.2915
    65        0.00909091     0.000000E+000     0.520262E-006        0.3000
    66 *      0.00568182     0.000000E+000     0.496525E-006        0.3091
    66        0.00568182     0.000000E+000     0.233046E-006        0.3148
    67 *      0.00497159     0.000000E+000     0.634100E-006        0.3205
    67        0.00497159     0.000000E+000     0.311382E-006        0.3254
    68        0.00773359     0.000000E+000     0.471711E-006        0.3304
    69        0.00883838     0.000000E+000     0.513035E-006        0.3381
    70        0.01060606     0.000000E+000     0.676345E-006        0.3470
    71 *      0.00530303     0.000000E+000     0.425211E-006        0.3576
    71        0.00530303     0.000000E+000     0.209292E-006        0.3629
    72        0.00795455     0.000000E+000     0.586900E-006        0.3682
    73        0.00795455     0.000000E+000     0.378864E-006        0.3761
    74 *      0.00397727     0.000000E+000     0.723860E-006        0.3841
    74        0.00397727     0.000000E+000     0.377507E-005        0.3881
    75                                         0.323885E-005
    75        0.00014731     0.000000E+000     0.726869E-007        0.3920
    76        0.00033945     0.000000E+000     0.279498E-006        0.3922
    77        0.00049785     0.000000E+000     0.329874E-006        0.3925
    78        0.00069699     0.000000E+000     0.335635E-006        0.3930
    79        0.00089614     0.000000E+000     0.284889E-006        0.3937
    80        0.00134420     0.000000E+000     0.341672E-006        0.3946
    81        0.00134420     0.000000E+000     0.176058E-006        0.3960
    82        0.00134420     0.000000E+000     0.107740E-006        0.3973
    83        0.00134420     0.000000E+000     0.731760E-007        0.3987
    84        0.00303030     0.000000E+000     0.261207E-006        0.4000
    85        0.00461760     0.000000E+000     0.350121E-006        0.4030
    86        0.00659658     0.000000E+000     0.412417E-006        0.4076
    87        0.00857555     0.000000E+000     0.485360E-006        0.4142
    88                                         0.346080E-005
    88        0.00081242     0.000000E+000     0.867745E-007        0.4228
    89        0.00177599     0.000000E+000     0.585971E-006        0.4236
    90 *      0.00103599     0.000000E+000     0.654091E-006        0.4254
    90        0.00103599     0.000000E+000     0.223801E-005        0.4264
    91                                         0.371101E-005
    91        0.00005617     0.000000E+000     0.776883E-007        0.4275
    92        0.00012780     0.000000E+000     0.465987E-006        0.4275
    93 *      0.00008314     0.000000E+000     0.260620E-006        0.4277
    93        0.00008314     0.000000E+000     0.296893E-006        0.4277
    94        0.00013986     0.000000E+000     0.922037E-006        0.4278
    95 *      0.00007062     0.000000E+000     0.259971E-006        0.4280
    95        0.00007062     0.000000E+000     0.268315E-006        0.4280
    96        0.00012373     0.000000E+000     0.842034E-006        0.4281
    97        0.00012931     0.000000E+000     0.944582E-006        0.4282
    98        0.00012954     0.000000E+000     0.965133E-006        0.4284
    99        0.00012861     0.000000E+000     0.963740E-006        0.4285
   100        0.00012769     0.000000E+000     0.960078E-006        0.4286
   101        0.00012700     0.000000E+000     0.958407E-006        0.4288
   102        0.00012655     0.000000E+000     0.958921E-006        0.4289
   103        0.00012610     0.000000E+000     0.958361E-006        0.4290
   104        0.00012566     0.000000E+000     0.956895E-006        0.4291
   105        0.00012521     0.000000E+000     0.954677E-006        0.4293
   106        0.00012477     0.000000E+000     0.951838E-006        0.4294
   107        0.00012455     0.000000E+000     0.951826E-006        0.4295
   108        0.00012433     0.000000E+000     0.951347E-006        0.4296
   109        0.00012411     0.000000E+000     0.950449E-006        0.4298
   110        0.00012389     0.000000E+000     0.949166E-006        0.4299
   111        0.00012389     0.000000E+000     0.950871E-006        0.4300
   112        0.00012367     0.000000E+000     0.948866E-006        0.4301
   113        0.00012367     0.000000E+000     0.949872E-006        0.4303
   114        0.00012367     0.000000E+000     0.950540E-006        0.4304
   115        0.00012345     0.000000E+000     0.947514E-006        0.4305
   116        0.00012345     0.000000E+000     0.947573E-006        0.4306
   117        0.00012345     0.000000E+000     0.947456E-006        0.4307
   118        0.00012345     0.000000E+000     0.947413E-006        0.4309
   119        0.00012345     0.000000E+000     0.948052E-006        0.4310
   120        0.00012345     0.000000E+000     0.950895E-006        0.4311
   121        0.00012323     0.000000E+000     0.956746E-006        0.4312
   122        0.00012279     0.000000E+000     0.979452E-006        0.4314
   123 *      0.00006063     0.000000E+000     0.268362E-006        0.4315
   123        0.00006063     0.000000E+000     0.310888E-006        0.4315
   124 *      0.00005014     0.000000E+000     0.309767E-006        0.4316
   124        0.00005014     0.000000E+000     0.675368E-006        0.4317
   125 *      0.00003063     0.000000E+000     0.304259E-006        0.4317
   125        0.00003063     0.000000E+000     0.602561E-007        0.4317
   126        0.00009296     0.000000E+000     0.645008E-006        0.4318
   127        0.00010748     0.000000E+000     0.959658E-006        0.4319
   128 *      0.00005348     0.000000E+000     0.253442E-006        0.4320
   128        0.00005348     0.000000E+000     0.257980E-006        0.4320
   129        0.00009513     0.000000E+000     0.828587E-006        0.4321
   130        0.00010004     0.000000E+000     0.940630E-006        0.4322
   131        0.00010034     0.000000E+000     0.969453E-006        0.4323
   132        0.00009946     0.000000E+000     0.974557E-006        0.4324
   133        0.00009844     0.000000E+000     0.976781E-006        0.4325
   134        0.00009730     0.000000E+000     0.977192E-006        0.4326
   135        0.00009619     0.000000E+000     0.979485E-006        0.4327
   136        0.00009497     0.000000E+000     0.981735E-006        0.4328
   137        0.00009378     0.000000E+000     0.987650E-006        0.4329
   138        0.00009235     0.000000E+000     0.992969E-006        0.4330
   139 *      0.00004536     0.000000E+000     0.250910E-006        0.4330
   139        0.00004536     0.000000E+000     0.256909E-006        0.4331
   140        0.00008076     0.000000E+000     0.833024E-006        0.4331
   141        0.00008486     0.000000E+000     0.972059E-006        0.4332
   142 *      0.00004206     0.000000E+000     0.258771E-006        0.4333
   142        0.00004206     0.000000E+000     0.271783E-006        0.4333
   143        0.00007329     0.000000E+000     0.874813E-006        0.4334
   144 *      0.00003777     0.000000E+000     0.266754E-006        0.4335
   144        0.00003777     0.000000E+000     0.284812E-006        0.4335
   145        0.00006466     0.000000E+000     0.901441E-006        0.4335
   146 *      0.00003297     0.000000E+000     0.292786E-006        0.4336
   146        0.00003297     0.000000E+000     0.366997E-006        0.4336
   147 *      0.00002557     0.000000E+000     0.317442E-006        0.4337
   147        0.00002557     0.000000E+000     0.302674E-006        0.4337
   148        0.00004277     0.000000E+000     0.879172E-006        0.4337
   149        0.00004402     0.000000E+000     0.973895E-006        0.4338
   150        0.00004358     0.000000E+000     0.973336E-006        0.4338
   151        0.00004315     0.000000E+000     0.967742E-006        0.4338
   152        0.00004285     0.000000E+000     0.949527E-006        0.4339
   153        0.00004285     0.000000E+000     0.946303E-006        0.4339
   154        0.00004290     0.000000E+000     0.945877E-006        0.4340
   155        0.00004296     0.000000E+000     0.945272E-006        0.4340
   156        0.00004301     0.000000E+000     0.944239E-006        0.4341
   157        0.00004310     0.000000E+000     0.943859E-006        0.4341
   158        0.00004318     0.000000E+000     0.942835E-006        0.4341
   159        0.00004330     0.000000E+000     0.942342E-006        0.4342
   160        0.00004341     0.000000E+000     0.941099E-006        0.4342
   161        0.00004356     0.000000E+000     0.940296E-006        0.4343
   162        0.00004370     0.000000E+000     0.938626E-006        0.4343
   163        0.00004388     0.000000E+000     0.937249E-006        0.4344
   164        0.00004408     0.000000E+000     0.936055E-006        0.4344
   165        0.00004432     0.000000E+000     0.934898E-006        0.4344
   166        0.00004456     0.000000E+000     0.932323E-006        0.4345
   167        0.00004487     0.000000E+000     0.930631E-006        0.4345
   168        0.00004521     0.000000E+000     0.928270E-006        0.4346
   169        0.00004559     0.000000E+000     0.924915E-006        0.4346
   170        0.00004604     0.000000E+000     0.921501E-006        0.4347
   171        0.00004656     0.000000E+000     0.917673E-006        0.4347
   172        0.00004717     0.000000E+000     0.913103E-006        0.4348
   173        0.00004786     0.000000E+000     0.907549E-006        0.4348
   174        0.00004868     0.000000E+000     0.902272E-006        0.4349
   175        0.00004961     0.000000E+000     0.896092E-006        0.4349
   176        0.00005069     0.000000E+000     0.890872E-006        0.4350
   177        0.00005191     0.000000E+000     0.886087E-006        0.4350
   178        0.00005327     0.000000E+000     0.882967E-006        0.4351
   179        0.00005475     0.000000E+000     0.881570E-006        0.4351
   180        0.00005632     0.000000E+000     0.882018E-006        0.4352
   181        0.00005788     0.000000E+000     0.882714E-006        0.4352
   182        0.00005948     0.000000E+000     0.886398E-006        0.4353
   183        0.00006105     0.000000E+000     0.892251E-006        0.4353
   184        0.00006247     0.000000E+000     0.897120E-006        0.4354
   185        0.00006383     0.000000E+000     0.904205E-006        0.4355
   186        0.00006499     0.000000E+000     0.909395E-006        0.4355
   187        0.00006605     0.000000E+000     0.915542E-006        0.4356
   188        0.00006695     0.000000E+000     0.919977E-006        0.4357
   189        0.00006772     0.000000E+000     0.923793E-006        0.4357
   190        0.00006845     0.000000E+000     0.928264E-006        0.4358
   191        0.00006904     0.000000E+000     0.930857E-006        0.4359
   192        0.00006956     0.000000E+000     0.933084E-006        0.4359
   193        0.00007002     0.000000E+000     0.934580E-006        0.4360
   194        0.00007040     0.000000E+000     0.935050E-006        0.4361
   195        0.00007079     0.000000E+000     0.936322E-006        0.4361
   196        0.00007111     0.000000E+000     0.936151E-006        0.4362
   197        0.00007151     0.000000E+000     0.938556E-006        0.4363
   198        0.00007183     0.000000E+000     0.939242E-006        0.4364
   199        0.00007207     0.000000E+000     0.938091E-006        0.4364
   200        0.00007240     0.000000E+000     0.939262E-006        0.4365
   201        0.00007265     0.000000E+000     0.938439E-006        0.4366
   202        0.00007299     0.000000E+000     0.939860E-006        0.4366
   203        0.00007324     0.000000E+000     0.939201E-006        0.4367
   204        0.00007350     0.000000E+000     0.938612E-006        0.4368
   205        0.00007375     0.000000E+000     0.938109E-006        0.4369
   206        0.00007410     0.000000E+000     0.939922E-006        0.4369
   207        0.00007436     0.000000E+000     0.939724E-006        0.4370
   208        0.00007463     0.000000E+000     0.939792E-006        0.4371
   209        0.00007489     0.000000E+000     0.940232E-006        0.4372
   210        0.00007516     0.000000E+000     0.941175E-006        0.4372
   211        0.00007534     0.000000E+000     0.940532E-006        0.4373
   212        0.00007562     0.000000E+000     0.942997E-006        0.4374
   213        0.00007580     0.000000E+000     0.944285E-006        0.4375
   214        0.00007589     0.000000E+000     0.944661E-006        0.4375
   215        0.00007598     0.000000E+000     0.946746E-006        0.4376
   216        0.00007608     0.000000E+000     0.950984E-006        0.4377
   217        0.00007598     0.000000E+000     0.953321E-006        0.4378
   218        0.00007580     0.000000E+000     0.956773E-006        0.4378
   219        0.00007552     0.000000E+000     0.962323E-006        0.4379
   220        0.00007507     0.000000E+000     0.969032E-006        0.4380
   221        0.00007443     0.000000E+000     0.978927E-006        0.4381
   222        0.00007355     0.000000E+000     0.992854E-006        0.4381
   223 *      0.00003613     0.000000E+000     0.254626E-006        0.4382
   223        0.00003613     0.000000E+000     0.263306E-006        0.4383
   224        0.00006375     0.000000E+000     0.849554E-006        0.4383
   225 *      0.00003325     0.000000E+000     0.258434E-006        0.4384
   225        0.00003325     0.000000E+000     0.278251E-006        0.4384
   226        0.00005744     0.000000E+000     0.909085E-006        0.4384
   227 *      0.00002918     0.000000E+000     0.306070E-006        0.4385
   227        0.00002918     0.000000E+000     0.323230E-006        0.4385
   228        0.00004757     0.000000E+000     0.873254E-006        0.4385
   229        0.00004909     0.000000E+000     0.955248E-006        0.4386
   230        0.00004898     0.000000E+000     0.980408E-006        0.4386
   231        0.00004836     0.000000E+000     0.988452E-006        0.4387
   232        0.00004761     0.000000E+000     0.992630E-006        0.4387
   233 *      0.00002340     0.000000E+000     0.250494E-006        0.4388
   233        0.00002340     0.000000E+000     0.255514E-006        0.4388
   234        0.00004179     0.000000E+000     0.826868E-006        0.4388
   235        0.00004401     0.000000E+000     0.948686E-006        0.4389
   236        0.00004401     0.000000E+000     0.982795E-006        0.4389
   237        0.00004345     0.000000E+000     0.990967E-006        0.4390
   238        0.00004275     0.000000E+000     0.990017E-006        0.4390
   239        0.00004207     0.000000E+000     0.986361E-006        0.4390
   240        0.00004147     0.000000E+000     0.982320E-006        0.4391
   241        0.00004094     0.000000E+000     0.977644E-006        0.4391
   242        0.00004047     0.000000E+000     0.972249E-006        0.4392
   243        0.00004010     0.000000E+000     0.967450E-006        0.4392
   244        0.00003981     0.000000E+000     0.963343E-006        0.4392
   245        0.00003958     0.000000E+000     0.958849E-006        0.4393
   246        0.00003942     0.000000E+000     0.955431E-006        0.4393
   247        0.00003932     0.000000E+000     0.952082E-006        0.4394
   248        0.00003927     0.000000E+000     0.949047E-006        0.4394
   249        0.00003927     0.000000E+000     0.946560E-006        0.4394
   250        0.00003932     0.000000E+000     0.944843E-006        0.4395
   251        0.00003940     0.000000E+000     0.942877E-006        0.4395
   252        0.00003950     0.000000E+000     0.940850E-006        0.4396
   253        0.00003963     0.000000E+000     0.938928E-006        0.4396
   254        0.00003979     0.000000E+000     0.937258E-006        0.4396
   255        0.00003997     0.000000E+000     0.935969E-006        0.4397
   256        0.00004019     0.000000E+000     0.935176E-006        0.4397
   257        0.00004040     0.000000E+000     0.933734E-006        0.4398
   258        0.00004065     0.000000E+000     0.932975E-006        0.4398
   259        0.00004092     0.000000E+000     0.932981E-006        0.4398
   260        0.00004120     0.000000E+000     0.932555E-006        0.4399
   261        0.00004149     0.000000E+000     0.931749E-006        0.4399
   262        0.00004178     0.000000E+000     0.930606E-006        0.4400
   263        0.00004210     0.000000E+000     0.930463E-006        0.4400
   264        0.00004243     0.000000E+000     0.930064E-006        0.4401
   265        0.00004276     0.000000E+000     0.929440E-006        0.4401
   266        0.00004310     0.000000E+000     0.928616E-006        0.4401
   267        0.00004344     0.000000E+000     0.927616E-006        0.4402
   268        0.00004383     0.000000E+000     0.927814E-006        0.4402
   269        0.00004421     0.000000E+000     0.927887E-006        0.4403
   270        0.00004461     0.000000E+000     0.927853E-006        0.4403
   271        0.00004498     0.000000E+000     0.926336E-006        0.4404
   272        0.00004539     0.000000E+000     0.926132E-006        0.4404
   273        0.00004581     0.000000E+000     0.925864E-006        0.4404
   274        0.00004624     0.000000E+000     0.925544E-006        0.4405
   275        0.00004667     0.000000E+000     0.925183E-006        0.4405
   276        0.00004712     0.000000E+000     0.924793E-006        0.4406
   277        0.00004757     0.000000E+000     0.924382E-006        0.4406
   278        0.00004803     0.000000E+000     0.923962E-006        0.4407
   279        0.00004851     0.000000E+000     0.923541E-006        0.4407
   280        0.00004903     0.000000E+000     0.924648E-006        0.4408
   281        0.00004952     0.000000E+000     0.924251E-006        0.4408
   282        0.00005002     0.000000E+000     0.923879E-006        0.4409
   283        0.00005054     0.000000E+000     0.923540E-006        0.4409
   284        0.00005106     0.000000E+000     0.923242E-006        0.4410
   285        0.00005160     0.000000E+000     0.922993E-006        0.4410
   286        0.00005214     0.000000E+000     0.922801E-006        0.4411
   287        0.00005270     0.000000E+000     0.922673E-006        0.4411
   288        0.00005328     0.000000E+000     0.922618E-006        0.4412
   289        0.00005386     0.000000E+000     0.922644E-006        0.4412
   290        0.00005446     0.000000E+000     0.922758E-006        0.4413
   291        0.00005503     0.000000E+000     0.921250E-006        0.4413
   292        0.00005565     0.000000E+000     0.921565E-006        0.4414
   293        0.00005629     0.000000E+000     0.921992E-006        0.4415
   294        0.00005690     0.000000E+000     0.920761E-006        0.4415
   295        0.00005757     0.000000E+000     0.921440E-006        0.4416
   296        0.00005820     0.000000E+000     0.920434E-006        0.4416
   297        0.00005885     0.000000E+000     0.919554E-006        0.4417
   298        0.00005957     0.000000E+000     0.920675E-006        0.4417
   299        0.00006025     0.000000E+000     0.920071E-006        0.4418
   300        0.00006094     0.000000E+000     0.919620E-006        0.4419
   301        0.00006165     0.000000E+000     0.919331E-006        0.4419
   302        0.00006238     0.000000E+000     0.919212E-006        0.4420
   303        0.00006313     0.000000E+000     0.919275E-006        0.4420
   304        0.00006390     0.000000E+000     0.919528E-006        0.4421
   305        0.00006468     0.000000E+000     0.919984E-006        0.4422
   306        0.00006542     0.000000E+000     0.918586E-006        0.4422
   307        0.00006624     0.000000E+000     0.919476E-006        0.4423
   308        0.00006701     0.000000E+000     0.918481E-006        0.4424
   309        0.00006780     0.000000E+000     0.917703E-006        0.4424
   310        0.00006869     0.000000E+000     0.919329E-006        0.4425
   311        0.00006952     0.000000E+000     0.919018E-006        0.4426
   312        0.00007038     0.000000E+000     0.918958E-006        0.4426
   313        0.00007125     0.000000E+000     0.919162E-006        0.4427
   314        0.00007215     0.000000E+000     0.919640E-006        0.4428
   315        0.00007298     0.000000E+000     0.918077E-006        0.4429
   316        0.00007393     0.000000E+000     0.919139E-006        0.4429
   317        0.00007480     0.000000E+000     0.918123E-006        0.4430
   318        0.00007569     0.000000E+000     0.917399E-006        0.4431
   319        0.00007661     0.000000E+000     0.916978E-006        0.4432
   320        0.00007755     0.000000E+000     0.916872E-006        0.4432
   321        0.00007852     0.000000E+000     0.917093E-006        0.4433
   322        0.00007951     0.000000E+000     0.917655E-006        0.4434
   323        0.00008053     0.000000E+000     0.918572E-006        0.4435
   324        0.00008146     0.000000E+000     0.917233E-006        0.4435
   325        0.00008254     0.000000E+000     0.918897E-006        0.4436
   326        0.00008352     0.000000E+000     0.918260E-006        0.4437
   327        0.00008452     0.000000E+000     0.917995E-006        0.4438
   328        0.00008555     0.000000E+000     0.918113E-006        0.4439
   329        0.00008661     0.000000E+000     0.918629E-006        0.4440
   330        0.00008769     0.000000E+000     0.919557E-006        0.4441
   331        0.00008867     0.000000E+000     0.918023E-006        0.4441
   332        0.00008981     0.000000E+000     0.919812E-006        0.4442
   333        0.00009084     0.000000E+000     0.919086E-006        0.4443
   334        0.00009189     0.000000E+000     0.918784E-006        0.4444
   335        0.00009297     0.000000E+000     0.918916E-006        0.4445
   336        0.00009407     0.000000E+000     0.919494E-006        0.4446
   337        0.00009520     0.000000E+000     0.920530E-006        0.4447
   338        0.00009620     0.000000E+000     0.918865E-006        0.4448
   339        0.00009739     0.000000E+000     0.920846E-006        0.4449
   340        0.00009843     0.000000E+000     0.920061E-006        0.4450
   341        0.00009950     0.000000E+000     0.919728E-006        0.4451
   342        0.00010060     0.000000E+000     0.919855E-006        0.4452
   343        0.00010172     0.000000E+000     0.920446E-006        0.4453
   344        0.00010287     0.000000E+000     0.921510E-006        0.4454
   345        0.00010405     0.000000E+000     0.923050E-006        0.4455
   346        0.00010505     0.000000E+000     0.921554E-006        0.4456
   347        0.00010608     0.000000E+000     0.920496E-006        0.4457
   348        0.00010734     0.000000E+000     0.923473E-006        0.4458
   349        0.00010841     0.000000E+000     0.923287E-006        0.4459
   350        0.00010951     0.000000E+000     0.923535E-006        0.4460
   351        0.00011064     0.000000E+000     0.924215E-006        0.4461
   352        0.00011179     0.000000E+000     0.925325E-006        0.4462
   353        0.00011273     0.000000E+000     0.923023E-006        0.4463
   354        0.00011393     0.000000E+000     0.924967E-006        0.4465
   355        0.00011491     0.000000E+000     0.923399E-006        0.4466
   356        0.00011591     0.000000E+000     0.922187E-006        0.4467
   357        0.00011718     0.000000E+000     0.925324E-006        0.4468
   358        0.00011823     0.000000E+000     0.924786E-006        0.4469
   359        0.00011929     0.000000E+000     0.924571E-006        0.4470
   360        0.00012038     0.000000E+000     0.924666E-006        0.4472
   361        0.00012149     0.000000E+000     0.925058E-006        0.4473
   362        0.00012262     0.000000E+000     0.925737E-006        0.4474
   363        0.00012378     0.000000E+000     0.926689E-006        0.4475
   364        0.00012466     0.000000E+000     0.923556E-006        0.4476
   365        0.00012586     0.000000E+000     0.925006E-006        0.4478
   366        0.00012709     0.000000E+000     0.926692E-006        0.4479
   367        0.00012803     0.000000E+000     0.924105E-006        0.4480
   368        0.00012931     0.000000E+000     0.926210E-006        0.4481
   369        0.00013028     0.000000E+000     0.923917E-006        0.4483
   370        0.00013161     0.000000E+000     0.926391E-006        0.4484
   371        0.00013263     0.000000E+000     0.924337E-006        0.4485
   372        0.00013402     0.000000E+000     0.927131E-006        0.4487
   373        0.00013508     0.000000E+000     0.925261E-006        0.4488
   374        0.00013616     0.000000E+000     0.923471E-006        0.4489
   375        0.00013763     0.000000E+000     0.926653E-006        0.4491
   376        0.00013876     0.000000E+000     0.924971E-006        0.4492
   377        0.00013991     0.000000E+000     0.923335E-006        0.4494
   378        0.00014108     0.000000E+000     0.921734E-006        0.4495
   379        0.00014268     0.000000E+000     0.925286E-006        0.4496
   380        0.00014391     0.000000E+000     0.923713E-006        0.4498
   381        0.00014516     0.000000E+000     0.922146E-006        0.4499
   382        0.00014643     0.000000E+000     0.920576E-006        0.4501
   383        0.00014818     0.000000E+000     0.924375E-006        0.4502
   384        0.00014952     0.000000E+000     0.922768E-006        0.4504
   385        0.00015088     0.000000E+000     0.921137E-006        0.4505
   386        0.00015228     0.000000E+000     0.919475E-006        0.4507
   387        0.00015419     0.000000E+000     0.923431E-006        0.4508
   388        0.00015566     0.000000E+000     0.921680E-006        0.4510
   389        0.00015716     0.000000E+000     0.919881E-006        0.4511
   390        0.00015870     0.000000E+000     0.918031E-006        0.4513
   391        0.00016027     0.000000E+000     0.916125E-006        0.4514
   392        0.00016242     0.000000E+000     0.920181E-006        0.4516
   393        0.00016408     0.000000E+000     0.918135E-006        0.4518
   394        0.00016577     0.000000E+000     0.916020E-006        0.4519
   395        0.00016751     0.000000E+000     0.913832E-006        0.4521
   396        0.00016990     0.000000E+000     0.917933E-006        0.4523
   397        0.00017174     0.000000E+000     0.915570E-006        0.4524
   398        0.00017362     0.000000E+000     0.913123E-006        0.4526
   399        0.00017622     0.000000E+000     0.917249E-006        0.4528
   400        0.00017822     0.000000E+000     0.914599E-006        0.4530
   401        0.00018027     0.000000E+000     0.911852E-006        0.4531
   402        0.00018310     0.000000E+000     0.915987E-006        0.4533
   403        0.00018529     0.000000E+000     0.913005E-006        0.4535
   404        0.00018754     0.000000E+000     0.909912E-006        0.4537
   405        0.00019064     0.000000E+000     0.914036E-006        0.4539
   406        0.00019304     0.000000E+000     0.910669E-006        0.4541
   407        0.00019552     0.000000E+000     0.907173E-006        0.4542
   408        0.00019893     0.000000E+000     0.911255E-006        0.4544
   409        0.00020159     0.000000E+000     0.907435E-006        0.4546
   410        0.00020432     0.000000E+000     0.903462E-006        0.4548
   411        0.00020811     0.000000E+000     0.907460E-006        0.4550
   412        0.00021105     0.000000E+000     0.903098E-006        0.4553
   413        0.00021513     0.000000E+000     0.907026E-006        0.4555
   414        0.00021831     0.000000E+000     0.902220E-006        0.4557
   415        0.00022160     0.000000E+000     0.897202E-006        0.4559
   416        0.00022617     0.000000E+000     0.900925E-006        0.4561
   417        0.00022974     0.000000E+000     0.895364E-006        0.4563
   418        0.00023471     0.000000E+000     0.898915E-006        0.4566
   419        0.00023860     0.000000E+000     0.892729E-006        0.4568
   420        0.00024402     0.000000E+000     0.896055E-006        0.4571
   421        0.00024828     0.000000E+000     0.889154E-006        0.4573
   422        0.00025422     0.000000E+000     0.892199E-006        0.4575
   423        0.00025890     0.000000E+000     0.884492E-006        0.4578
   424        0.00026546     0.000000E+000     0.887210E-006        0.4581
   425        0.00027240     0.000000E+000     0.889784E-006        0.4583
   426        0.00027788     0.000000E+000     0.880647E-006        0.4586
   427        0.00028560     0.000000E+000     0.882891E-006        0.4589
   428        0.00029172     0.000000E+000     0.872828E-006        0.4592
   429        0.00030036     0.000000E+000     0.874859E-006        0.4595
   430        0.00030961     0.000000E+000     0.876910E-006        0.4598
   431        0.00031698     0.000000E+000     0.865644E-006        0.4601
   432        0.00032746     0.000000E+000     0.868069E-006        0.4604
   433        0.00033875     0.000000E+000     0.871027E-006        0.4607
   434        0.00034782     0.000000E+000     0.859782E-006        0.4610
   435        0.00036082     0.000000E+000     0.864736E-006        0.4614
   436        0.00037133     0.000000E+000     0.855177E-006        0.4618
   437        0.00038649     0.000000E+000     0.864176E-006        0.4621
   438        0.00039883     0.000000E+000     0.858496E-006        0.4625
   439        0.00041212     0.000000E+000     0.855911E-006        0.4629
   440        0.00042650     0.000000E+000     0.857207E-006        0.4633
   441        0.00044210     0.000000E+000     0.863247E-006        0.4637
   442        0.00045329     0.000000E+000     0.853477E-006        0.4642
   443        0.00047142     0.000000E+000     0.871123E-006        0.4646
   444        0.00048452     0.000000E+000     0.871985E-006        0.4651
   445        0.00049856     0.000000E+000     0.878683E-006        0.4656
   446        0.00051367     0.000000E+000     0.891367E-006        0.4661
   447        0.00052170     0.000000E+000     0.882441E-006        0.4666
   448        0.00053011     0.000000E+000     0.877839E-006        0.4671
   449        0.00053895     0.000000E+000     0.877040E-006        0.4677
   450        0.00054824     0.000000E+000     0.879624E-006        0.4682
   451        0.00055803     0.000000E+000     0.885271E-006        0.4688
   452        0.00056836     0.000000E+000     0.893764E-006        0.4693
   453        0.00057929     0.000000E+000     0.904978E-006        0.4699
   454        0.00057929     0.000000E+000     0.883599E-006        0.4705
   455        0.00059111     0.000000E+000     0.899226E-006        0.4710
   456        0.00060369     0.000000E+000     0.917483E-006        0.4716
   457        0.00060369     0.000000E+000     0.898599E-006        0.4722
   458        0.00060369     0.000000E+000     0.881042E-006        0.4728
   459        0.00061773     0.000000E+000     0.904929E-006        0.4734
   460        0.00061773     0.000000E+000     0.888522E-006        0.4741
   461        0.00063317     0.000000E+000     0.916905E-006        0.4747
   462        0.00063317     0.000000E+000     0.901353E-006        0.4753
   463        0.00063317     0.000000E+000     0.886713E-006        0.4759
   464        0.00063317     0.000000E+000     0.872902E-006        0.4766
   465        0.00065127     0.000000E+000     0.909238E-006        0.4772
   466        0.00065127     0.000000E+000     0.895820E-006        0.4779
   467        0.00065127     0.000000E+000     0.883113E-006        0.4785
   468        0.00065127     0.000000E+000     0.871060E-006        0.4792
   469        0.00067297     0.000000E+000     0.917386E-006        0.4798
   470        0.00067297     0.000000E+000     0.905403E-006        0.4805
   471        0.00067297     0.000000E+000     0.894006E-006        0.4812
   472        0.00067297     0.000000E+000     0.883154E-006        0.4818
   473        0.00067297     0.000000E+000     0.872808E-006        0.4825
   474        0.00067297     0.000000E+000     0.862932E-006        0.4832
   475        0.00067297     0.000000E+000     0.853493E-006        0.4838
   476        0.00067297     0.000000E+000     0.844463E-006        0.4845
   477        0.00067297     0.000000E+000     0.835813E-006        0.4852
   478        0.00070662     0.000000E+000     0.911714E-006        0.4859
   479        0.00070662     0.000000E+000     0.902527E-006        0.4866
   480        0.00070662     0.000000E+000     0.893710E-006        0.4873
   481        0.00070662     0.000000E+000     0.885240E-006        0.4880
   482        0.00070662     0.000000E+000     0.877091E-006        0.4887
   483        0.00070662     0.000000E+000     0.869242E-006        0.4894
   484        0.00070662     0.000000E+000     0.861672E-006        0.4901
   485        0.00070662     0.000000E+000     0.854361E-006        0.4908
   486        0.00070662     0.000000E+000     0.847292E-006        0.4915
   487        0.00070662     0.000000E+000     0.840446E-006        0.4922
   488        0.00070662     0.000000E+000     0.833810E-006        0.4929
   489        0.00070662     0.000000E+000     0.827368E-006        0.4936
   490        0.00070662     0.000000E+000     0.821107E-006        0.4943
   491        0.00070662     0.000000E+000     0.815016E-006        0.4951
   492        0.00070662     0.000000E+000     0.809083E-006        0.4958
   493        0.00070662     0.000000E+000     0.803299E-006        0.4965
   494        0.00070662     0.000000E+000     0.797655E-006        0.4972
   495        0.00070662     0.000000E+000     0.792145E-006        0.4979
   496        0.00070662     0.000000E+000     0.786762E-006        0.4986
   497        0.00070662     0.000000E+000     0.781502E-006        0.4993
   498        0.00075758     0.000000E+000     0.891568E-006        0.5000
   499        0.00077533     0.000000E+000     0.927098E-006        0.5008
   500        0.00078148     0.000000E+000     0.935217E-006        0.5015
   501        0.00078148     0.000000E+000     0.928778E-006        0.5023
   502        0.00078784     0.000000E+000     0.937463E-006        0.5031
   503        0.00078784     0.000000E+000     0.931215E-006        0.5039
   504        0.00078784     0.000000E+000     0.925147E-006        0.5047
   505        0.00079446     0.000000E+000     0.934671E-006        0.5055
   506        0.00079446     0.000000E+000     0.928841E-006        0.5063
   507        0.00080131     0.000000E+000     0.939088E-006        0.5070
   508        0.00080131     0.000000E+000     0.933539E-006        0.5078
   509        0.00080131     0.000000E+000     0.928218E-006        0.5087
   510        0.00080846     0.000000E+000     0.939563E-006        0.5095
   511        0.00080846     0.000000E+000     0.934580E-006        0.5103
   512        0.00080846     0.000000E+000     0.929839E-006        0.5111
   513        0.00080846     0.000000E+000     0.925330E-006        0.5119
   514        0.00081602     0.000000E+000     0.938195E-006        0.5127
   515        0.00081602     0.000000E+000     0.933975E-006        0.5135
   516        0.00081602     0.000000E+000     0.929908E-006        0.5143
   517        0.00081602     0.000000E+000     0.925932E-006        0.5151
   518        0.00082402     0.000000E+000     0.939976E-006        0.5160
   519        0.00082402     0.000000E+000     0.935785E-006        0.5168
   520        0.00082402     0.000000E+000     0.931350E-006        0.5176
   521        0.00082402     0.000000E+000     0.926501E-006        0.5184
   522        0.00082402     0.000000E+000     0.921050E-006        0.5192
   523        0.00083260     0.000000E+000     0.933788E-006        0.5201
   524        0.00083260     0.000000E+000     0.926322E-006        0.5209
   525        0.00083260     0.000000E+000     0.917686E-006        0.5217
   526        0.00084165     0.000000E+000     0.927478E-006        0.5226
   527        0.00084165     0.000000E+000     0.916017E-006        0.5234
   528        0.00085111     0.000000E+000     0.923671E-006        0.5243
   529        0.00085111     0.000000E+000     0.909711E-006        0.5251
   530        0.00086101     0.000000E+000     0.915859E-006        0.5260
   531        0.00087126     0.000000E+000     0.921737E-006        0.5268
   532        0.00087126     0.000000E+000     0.905546E-006        0.5277
   533        0.00088201     0.000000E+000     0.911416E-006        0.5286
   534        0.00089318     0.000000E+000     0.917707E-006        0.5294
   535        0.00090478     0.000000E+000     0.924591E-006        0.5303
   536        0.00090478     0.000000E+000     0.907995E-006        0.5312
   537        0.00091700     0.000000E+000     0.916124E-006        0.5321
   538        0.00092974     0.000000E+000     0.925159E-006        0.5331
   539        0.00092974     0.000000E+000     0.909178E-006        0.5340
   540        0.00094321     0.000000E+000     0.919798E-006        0.5349
   541        0.00094321     0.000000E+000     0.904462E-006        0.5359
   542        0.00095750     0.000000E+000     0.916769E-006        0.5368
   543        0.00095750     0.000000E+000     0.902011E-006        0.5378
   544        0.00097270     0.000000E+000     0.916100E-006        0.5387
   545        0.00097270     0.000000E+000     0.901839E-006        0.5397
   546        0.00098891     0.000000E+000     0.917832E-006        0.5407
   547        0.00098891     0.000000E+000     0.903992E-006        0.5417
   548        0.00100626     0.000000E+000     0.922053E-006        0.5426
   549        0.00100626     0.000000E+000     0.908572E-006        0.5436
   550        0.00100626     0.000000E+000     0.895602E-006        0.5447
   551        0.00102525     0.000000E+000     0.916601E-006        0.5457
   552        0.00102525     0.000000E+000     0.903904E-006        0.5467
   553        0.00102525     0.000000E+000     0.891688E-006        0.5477
   554        0.00104617     0.000000E+000     0.916052E-006        0.5487
   555        0.00104617     0.000000E+000     0.904048E-006        0.5498
   556        0.00104617     0.000000E+000     0.892507E-006        0.5508
   557        0.00106942     0.000000E+000     0.920849E-006        0.5519
   558        0.00106942     0.000000E+000     0.909474E-006        0.5529
   559        0.00106942     0.000000E+000     0.898554E-006        0.5540
   560        0.00106942     0.000000E+000     0.888075E-006        0.5551
   561        0.00109616     0.000000E+000     0.922283E-006        0.5562
   562        0.00109616     0.000000E+000     0.911914E-006        0.5572
   563        0.00109616     0.000000E+000     0.901983E-006        0.5583
   564        0.00109616     0.000000E+000     0.892476E-006        0.5594
   565        0.00109616     0.000000E+000     0.883378E-006        0.5605
   566        0.00109616     0.000000E+000     0.874674E-006        0.5616
   567        0.00112937     0.000000E+000     0.919434E-006        0.5627
   568        0.00112937     0.000000E+000     0.910740E-006        0.5639
   569        0.00112937     0.000000E+000     0.902439E-006        0.5650
   570        0.00112937     0.000000E+000     0.894511E-006        0.5661
   571        0.00112937     0.000000E+000     0.886940E-006        0.5672
   572        0.00112937     0.000000E+000     0.879706E-006        0.5684
   573        0.00112937     0.000000E+000     0.872790E-006        0.5695
   574        0.00112937     0.000000E+000     0.866175E-006        0.5706
   575        0.00112937     0.000000E+000     0.859842E-006        0.5718
   576        0.00112937     0.000000E+000     0.853770E-006        0.5729
   577        0.00112937     0.000000E+000     0.847942E-006        0.5740
   578        0.00112937     0.000000E+000     0.842338E-006        0.5752
   579        0.00112937     0.000000E+000     0.836941E-006        0.5763
   580        0.00112937     0.000000E+000     0.831733E-006        0.5774
   581        0.00112937     0.000000E+000     0.826697E-006        0.5785
   582        0.00112937     0.000000E+000     0.821816E-006        0.5797
   583        0.00112937     0.000000E+000     0.817075E-006        0.5808
   584        0.00112937     0.000000E+000     0.812460E-006        0.5819
   585        0.00112937     0.000000E+000     0.807958E-006        0.5831
   586        0.00112937     0.000000E+000     0.803555E-006        0.5842
   587        0.00112937     0.000000E+000     0.799240E-006        0.5853
   588        0.00112937     0.000000E+000     0.795005E-006        0.5864
   589        0.00112937     0.000000E+000     0.790839E-006        0.5876
   590        0.00112937     0.000000E+000     0.786735E-006        0.5887
   591        0.00112937     0.000000E+000     0.782685E-006        0.5898
   592        0.00112937     0.000000E+000     0.778685E-006        0.5910
   593        0.00112937     0.000000E+000     0.774730E-006        0.5921
   594        0.00112937     0.000000E+000     0.770814E-006        0.5932
   595        0.00112937     0.000000E+000     0.766936E-006        0.5944
   596        0.00112937     0.000000E+000     0.763091E-006        0.5955
   597        0.00112937     0.000000E+000     0.759279E-006        0.5966
   598        0.00112937     0.000000E+000     0.755497E-006        0.5977
   599        0.00112937     0.000000E+000     0.751744E-006        0.5989
   600        0.00121951     0.000000E+000     0.871660E-006        0.6000
   601        0.00125039     0.000000E+000     0.911286E-006        0.6012
   602        0.00126662     0.000000E+000     0.929920E-006        0.6025
   603        0.00126662     0.000000E+000     0.924809E-006        0.6037
   604        0.00126662     0.000000E+000     0.919741E-006        0.6050
   605        0.00126662     0.000000E+000     0.914715E-006        0.6063
   606        0.00128422     0.000000E+000     0.935067E-006        0.6075
   607        0.00128422     0.000000E+000     0.929920E-006        0.6088
   608        0.00128422     0.000000E+000     0.924818E-006        0.6101
   609        0.00128422     0.000000E+000     0.919763E-006        0.6114
   610        0.00128422     0.000000E+000     0.914753E-006        0.6127
   611        0.00128422     0.000000E+000     0.909790E-006        0.6140
   612        0.00130397     0.000000E+000     0.932804E-006        0.6152
   613        0.00130397     0.000000E+000     0.927708E-006        0.6165
   614        0.00130397     0.000000E+000     0.922662E-006        0.6178
   615        0.00130397     0.000000E+000     0.917664E-006        0.6192
   616        0.00130397     0.000000E+000     0.912716E-006        0.6205
   617        0.00130397     0.000000E+000     0.907816E-006        0.6218
   618        0.00132646     0.000000E+000     0.934226E-006        0.6231
   619        0.00132646     0.000000E+000     0.929173E-006        0.6244
   620        0.00132646     0.000000E+000     0.924171E-006        0.6257
   621        0.00132646     0.000000E+000     0.919219E-006        0.6270
   622        0.00132646     0.000000E+000     0.914317E-006        0.6284
   623        0.00132646     0.000000E+000     0.909464E-006        0.6297
   624        0.00132646     0.000000E+000     0.904659E-006        0.6310
   625        0.00132646     0.000000E+000     0.899901E-006        0.6324
   626        0.00135353     0.000000E+000     0.931920E-006        0.6337
   627        0.00135353     0.000000E+000     0.926965E-006        0.6350
   628        0.00135353     0.000000E+000     0.922058E-006        0.6364
   629        0.00135353     0.000000E+000     0.917198E-006        0.6377
   630        0.00135353     0.000000E+000     0.912384E-006        0.6391
   631        0.00135353     0.000000E+000     0.907615E-006        0.6404
   632        0.00135353     0.000000E+000     0.902888E-006        0.6418
   633        0.00135353     0.000000E+000     0.898204E-006        0.6432
   634        0.00135353     0.000000E+000     0.893561E-006        0.6445
   635        0.00135353     0.000000E+000     0.888957E-006        0.6459
   636        0.00135353     0.000000E+000     0.884391E-006        0.6472
   637        0.00139011     0.000000E+000     0.927805E-006        0.6486
   638        0.00139011     0.000000E+000     0.922942E-006        0.6500
   639        0.00139011     0.000000E+000     0.918116E-006        0.6513
   640        0.00139011     0.000000E+000     0.913327E-006        0.6527
   641        0.00139011     0.000000E+000     0.908573E-006        0.6541
   642        0.00139011     0.000000E+000     0.903852E-006        0.6555
   643        0.00139011     0.000000E+000     0.899163E-006        0.6569
   644        0.00139011     0.000000E+000     0.894503E-006        0.6583
   645        0.00139011     0.000000E+000     0.889872E-006        0.6597
   646        0.00139011     0.000000E+000     0.885268E-006        0.6611
   647        0.00139011     0.000000E+000     0.880689E-006        0.6625
   648        0.00139011     0.000000E+000     0.876134E-006        0.6639
   649        0.00139011     0.000000E+000     0.871601E-006        0.6652
   650        0.00139011     0.000000E+000     0.867088E-006        0.6666
   651        0.00139011     0.000000E+000     0.862594E-006        0.6680
   652        0.00139011     0.000000E+000     0.858117E-006        0.6694
   653        0.00139011     0.000000E+000     0.853656E-006        0.6708
   654        0.00139011     0.000000E+000     0.849209E-006        0.6722
   655        0.00139011     0.000000E+000     0.844774E-006        0.6736
   656        0.00139011     0.000000E+000     0.840350E-006        0.6750
   657        0.00139011     0.000000E+000     0.835935E-006        0.6764
   658        0.00139011     0.000000E+000     0.831528E-006        0.6778
   659        0.00139011     0.000000E+000     0.827127E-006        0.6791
   660        0.00139011     0.000000E+000     0.822731E-006        0.6805
   661        0.00139011     0.000000E+000     0.818339E-006        0.6819
   662        0.00139011     0.000000E+000     0.813948E-006        0.6833
   663        0.00139011     0.000000E+000     0.809558E-006        0.6847
   664        0.00139011     0.000000E+000     0.805167E-006        0.6861
   665        0.00139011     0.000000E+000     0.800773E-006        0.6875
   666        0.00139011     0.000000E+000     0.796376E-006        0.6889
   667        0.00139011     0.000000E+000     0.791974E-006        0.6903
   668        0.00139011     0.000000E+000     0.787566E-006        0.6917
   669        0.00139011     0.000000E+000     0.783150E-006        0.6930
   670        0.00139011     0.000000E+000     0.778726E-006        0.6944
   671        0.00139011     0.000000E+000     0.774292E-006        0.6958
   672        0.00139011     0.000000E+000     0.769847E-006        0.6972
   673        0.00139011     0.000000E+000     0.765391E-006        0.6986
   674        0.00149254     0.000000E+000     0.876319E-006        0.7000
   675        0.00153918     0.000000E+000     0.925642E-006        0.7015
   676        0.00153918     0.000000E+000     0.919562E-006        0.7030
   677        0.00153918     0.000000E+000     0.913459E-006        0.7046
   678        0.00153918     0.000000E+000     0.907332E-006        0.7061
   679        0.00156527     0.000000E+000     0.931748E-006        0.7076
   680        0.00156527     0.000000E+000     0.925256E-006        0.7092
   681        0.00156527     0.000000E+000     0.918735E-006        0.7108
   682        0.00156527     0.000000E+000     0.912185E-006        0.7123
   683        0.00156527     0.000000E+000     0.905606E-006        0.7139
   684        0.00156527     0.000000E+000     0.898996E-006        0.7155
   685        0.00159537     0.000000E+000     0.926729E-006        0.7170
   686        0.00159537     0.000000E+000     0.919674E-006        0.7186
   687        0.00159537     0.000000E+000     0.912587E-006        0.7202
   688        0.00159537     0.000000E+000     0.905469E-006        0.7218
   689        0.00159537     0.000000E+000     0.898320E-006        0.7234
   690        0.00163005     0.000000E+000     0.929984E-006        0.7250
   691        0.00163005     0.000000E+000     0.922304E-006        0.7266
   692        0.00163005     0.000000E+000     0.914594E-006        0.7283
   693        0.00163005     0.000000E+000     0.906856E-006        0.7299
   694        0.00163005     0.000000E+000     0.899092E-006        0.7315
   695        0.00163005     0.000000E+000     0.891303E-006        0.7332
   696        0.00163005     0.000000E+000     0.883491E-006        0.7348
   697        0.00167295     0.000000E+000     0.921957E-006        0.7364
   698        0.00167295     0.000000E+000     0.913483E-006        0.7381
   699        0.00167295     0.000000E+000     0.904992E-006        0.7398
   700        0.00167295     0.000000E+000     0.896487E-006        0.7414
   701        0.00167295     0.000000E+000     0.887971E-006        0.7431
   702        0.00167295     0.000000E+000     0.879447E-006        0.7448
   703        0.00167295     0.000000E+000     0.870919E-006        0.7465
   704        0.00172871     0.000000E+000     0.920333E-006        0.7481
   705        0.00172871     0.000000E+000     0.910940E-006        0.7499
   706        0.00172871     0.000000E+000     0.901553E-006        0.7516
   707        0.00172871     0.000000E+000     0.892176E-006        0.7533
   708        0.00172871     0.000000E+000     0.882813E-006        0.7551
   709        0.00172871     0.000000E+000     0.873467E-006        0.7568
   710        0.00172871     0.000000E+000     0.864143E-006        0.7585
   711        0.00172871     0.000000E+000     0.854843E-006        0.7602
   712        0.00172871     0.000000E+000     0.845571E-006        0.7620
   713        0.00172871     0.000000E+000     0.836331E-006        0.7637
   714        0.00172871     0.000000E+000     0.827126E-006        0.7654
   715        0.00172871     0.000000E+000     0.817959E-006        0.7672
   716        0.00183040     0.000000E+000     0.905904E-006        0.7689
   717        0.00183040     0.000000E+000     0.895153E-006        0.7707
   718        0.00183040     0.000000E+000     0.884459E-006        0.7725
   719        0.00183040     0.000000E+000     0.873827E-006        0.7744
   720        0.00183040     0.000000E+000     0.863260E-006        0.7762
   721        0.00183040     0.000000E+000     0.852759E-006        0.7780
   722        0.00183040     0.000000E+000     0.842328E-006        0.7799
   723        0.00183040     0.000000E+000     0.831970E-006        0.7817
   724        0.00183040     0.000000E+000     0.821687E-006        0.7835
   725        0.00183040     0.000000E+000     0.811481E-006        0.7854
   726        0.00183040     0.000000E+000     0.801354E-006        0.7872
   727        0.00183040     0.000000E+000     0.791308E-006        0.7890
   728        0.00183040     0.000000E+000     0.781345E-006        0.7908
   729        0.00183040     0.000000E+000     0.771466E-006        0.7927
   730        0.00183040     0.000000E+000     0.761672E-006        0.7945
   731        0.00183040     0.000000E+000     0.751964E-006        0.7963
   732        0.00183040     0.000000E+000     0.742345E-006        0.7982
   733        0.00200000     0.000000E+000     0.873551E-006        0.8000
   734        0.00204167     0.000000E+000     0.897205E-006        0.8020
   735        0.00208605     0.000000E+000     0.922797E-006        0.8040
   736        0.00208605     0.000000E+000     0.909196E-006        0.8061
   737        0.00208605     0.000000E+000     0.895747E-006        0.8082
   738        0.00208605     0.000000E+000     0.882448E-006        0.8103
   739        0.00213693     0.000000E+000     0.911807E-006        0.8124
   740        0.00213693     0.000000E+000     0.897855E-006        0.8145
   741        0.00213693     0.000000E+000     0.884070E-006        0.8167
   742        0.00219468     0.000000E+000     0.917667E-006        0.8188
   743        0.00219468     0.000000E+000     0.903115E-006        0.8210
   744        0.00219468     0.000000E+000     0.888748E-006        0.8232
   745        0.00219468     0.000000E+000     0.874566E-006        0.8254
   746        0.00226327     0.000000E+000     0.914640E-006        0.8276
   747        0.00226327     0.000000E+000     0.899512E-006        0.8298
   748        0.00226327     0.000000E+000     0.884591E-006        0.8321
   749        0.00226327     0.000000E+000     0.869875E-006        0.8344
   750        0.00226327     0.000000E+000     0.855363E-006        0.8366
   751        0.00235032     0.000000E+000     0.906304E-006        0.8389
   752        0.00235032     0.000000E+000     0.890535E-006        0.8412
   753        0.00235032     0.000000E+000     0.874997E-006        0.8436
   754        0.00235032     0.000000E+000     0.859690E-006        0.8459
   755        0.00235032     0.000000E+000     0.844612E-006        0.8483
   756        0.00235032     0.000000E+000     0.829760E-006        0.8506
   757        0.00247402     0.000000E+000     0.902228E-006        0.8530
   758        0.00247402     0.000000E+000     0.885470E-006        0.8555
   759        0.00247402     0.000000E+000     0.868981E-006        0.8579
   760        0.00247402     0.000000E+000     0.852759E-006        0.8604
   761        0.00247402     0.000000E+000     0.836802E-006        0.8629
   762        0.00247402     0.000000E+000     0.821106E-006        0.8654
   763        0.00247402     0.000000E+000     0.805669E-006        0.8678
   764        0.00247402     0.000000E+000     0.790488E-006        0.8703
   765        0.00247402     0.000000E+000     0.775560E-006        0.8728
   766        0.00247402     0.000000E+000     0.760883E-006        0.8753
   767        0.00247402     0.000000E+000     0.746453E-006        0.8777
   768        0.00247402     0.000000E+000     0.732268E-006        0.8802
   769        0.00247402     0.000000E+000     0.718324E-006        0.8827
   770        0.00247402     0.000000E+000     0.704619E-006        0.8852
   771        0.00247402     0.000000E+000     0.691150E-006        0.8876
   772        0.00247402     0.000000E+000     0.677914E-006        0.8901
   773        0.00247402     0.000000E+000     0.664907E-006        0.8926
   774        0.00247402     0.000000E+000     0.652127E-006        0.8951
   775        0.00247402     0.000000E+000     0.639572E-006        0.8975
   776        0.00285714     0.000000E+000     0.833861E-006        0.9000
   777        0.00294372     0.000000E+000     0.864864E-006        0.9029
   778        0.00303868     0.000000E+000     0.899722E-006        0.9058
   779        0.00303868     0.000000E+000     0.878409E-006        0.9088
   780        0.00303868     0.000000E+000     0.857558E-006        0.9119
   781        0.00315123     0.000000E+000     0.899483E-006        0.9149
   782        0.00315123     0.000000E+000     0.877279E-006        0.9181
   783        0.00315123     0.000000E+000     0.855581E-006        0.9212
   784        0.00315123     0.000000E+000     0.834381E-006        0.9244
   785        0.00329446     0.000000E+000     0.888269E-006        0.9275
   786        0.00329446     0.000000E+000     0.865205E-006        0.9308
   787        0.00329446     0.000000E+000     0.842701E-006        0.9341
   788        0.00329446     0.000000E+000     0.820743E-006        0.9374
   789        0.00329446     0.000000E+000     0.799322E-006        0.9407
   790        0.00350037     0.000000E+000     0.877293E-006        0.9440
   791        0.00350037     0.000000E+000     0.852932E-006        0.9475
   792        0.00350037     0.000000E+000     0.829211E-006        0.9510
   793        0.00350037     0.000000E+000     0.806113E-006        0.9545
   794        0.00350037     0.000000E+000     0.783626E-006        0.9580
   795        0.00350037     0.000000E+000     0.761736E-006        0.9615
   796        0.00350037     0.000000E+000     0.740429E-006        0.9650
   797        0.00350037     0.000000E+000     0.719692E-006        0.9685
   798        0.00350037     0.000000E+000     0.699511E-006        0.9720
   799        0.00350037     0.000000E+000     0.679875E-006        0.9755
   800        0.00350037     0.000000E+000     0.660767E-006        0.9790
   801        0.00350037     0.000000E+000     0.642178E-006        0.9825
   802        0.00350037     0.000000E+000     0.624097E-006        0.9860
   803        0.00350037     0.000000E+000     0.606508E-006        0.9895
   804        0.00350037     0.000000E+000     0.589399E-006        0.9930
   805        0.00350037     0.000000E+000     0.572760E-006        0.9965
