#Update-step  Updatetime     Error of A        Error of phi      Time in fs
     1                                         0.479384E-004
     1 *      0.00192308     0.000000E+000     0.263649E-006        0.0000
     1        0.00192308     0.000000E+000     0.237644E-006        0.0019
     2        0.00343407     0.000000E+000     0.658469E-006        0.0038
     3        0.00386332     0.000000E+000     0.686376E-006        0.0073
     4        0.00423126     0.000000E+000     0.671056E-006        0.0111
     5        0.00470140     0.000000E+000     0.670986E-006        0.0154
     6        0.00532825     0.000000E+000     0.680135E-006        0.0201
     7        0.00573812     0.000000E+000     0.654060E-006        0.0254
     8        0.00625977     0.000000E+000     0.667693E-006        0.0311
     9 *      0.00347765     0.000000E+000     0.322349E-006        0.0374
     9        0.00347765     0.000000E+000     0.220406E-006        0.0409
    10        0.00618248     0.000000E+000     0.634744E-006        0.0444
    11 *      0.00353285     0.000000E+000     0.791311E-006        0.0505
    11        0.00353285     0.000000E+000     0.283734E-005        0.0541
    12                                         0.111252E-004
    12        0.00012886     0.000000E+000     0.136209E-006        0.0576
    13        0.00025158     0.000000E+000     0.668710E-006        0.0577
    14 *      0.00014290     0.000000E+000     0.326700E-006        0.0580
    14        0.00014290     0.000000E+000     0.385801E-006        0.0581
    15 *      0.00010867     0.000000E+000     0.250608E-006        0.0583
    15        0.00010867     0.000000E+000     0.268485E-006        0.0584
    16        0.00018955     0.000000E+000     0.864346E-006        0.0585
    17        0.00019583     0.000000E+000     0.993181E-006        0.0587
    18 *      0.00009609     0.000000E+000     0.253789E-006        0.0589
    18        0.00009609     0.000000E+000     0.259644E-006        0.0590
    19        0.00016985     0.000000E+000     0.825969E-006        0.0591
    20        0.00017879     0.000000E+000     0.944983E-006        0.0592
    21        0.00017879     0.000000E+000     0.979224E-006        0.0594
    22 *      0.00008822     0.000000E+000     0.250736E-006        0.0596
    22        0.00008822     0.000000E+000     0.258935E-006        0.0597
    23        0.00015653     0.000000E+000     0.852550E-006        0.0598
    24 *      0.00008145     0.000000E+000     0.304946E-006        0.0599
    24        0.00008145     0.000000E+000     0.899157E-006        0.0600
    25        0.00008889     0.000000E+000     0.437834E-006        0.0601
    26        0.00011816     0.000000E+000     0.724411E-006        0.0602
    27 *      0.00006530     0.000000E+000     0.264216E-006        0.0603
    27        0.00006530     0.000000E+000     0.330095E-006        0.0604
    28 *      0.00005276     0.000000E+000     0.370484E-006        0.0604
    28        0.00005276     0.000000E+000     0.106861E-006        0.0605
    29        0.00013068     0.000000E+000     0.702199E-006        0.0605
    30        0.00014623     0.000000E+000     0.950453E-006        0.0607
    31 *      0.00007284     0.000000E+000     0.251153E-006        0.0608
    31        0.00007284     0.000000E+000     0.257129E-006        0.0609
    32        0.00012971     0.000000E+000     0.826302E-006        0.0610
    33        0.00013654     0.000000E+000     0.939153E-006        0.0611
    34        0.00013702     0.000000E+000     0.966173E-006        0.0612
    35        0.00013606     0.000000E+000     0.969039E-006        0.0614
    36        0.00013463     0.000000E+000     0.961952E-006        0.0615
    37        0.00013369     0.000000E+000     0.959172E-006        0.0616
    38        0.00013276     0.000000E+000     0.954556E-006        0.0618
    39        0.00013230     0.000000E+000     0.955086E-006        0.0619
    40        0.00013184     0.000000E+000     0.954461E-006        0.0620
    41        0.00013139     0.000000E+000     0.952916E-006        0.0622
    42        0.00013093     0.000000E+000     0.950644E-006        0.0623
    43        0.00013048     0.000000E+000     0.947803E-006        0.0624
    44        0.00013048     0.000000E+000     0.951082E-006        0.0626
    45        0.00013002     0.000000E+000     0.947463E-006        0.0627
    46        0.00013002     0.000000E+000     0.950227E-006        0.0628
    47        0.00012957     0.000000E+000     0.946322E-006        0.0629
    48        0.00012957     0.000000E+000     0.949105E-006        0.0631
    49        0.00012957     0.000000E+000     0.952204E-006        0.0632
    50        0.00012911     0.000000E+000     0.949248E-006        0.0633
    51        0.00012911     0.000000E+000     0.954035E-006        0.0635
    52        0.00012865     0.000000E+000     0.953956E-006        0.0636
    53        0.00012820     0.000000E+000     0.956985E-006        0.0637
    54        0.00012775     0.000000E+000     0.965506E-006        0.0638
    55        0.00012685     0.000000E+000     0.977654E-006        0.0640
    56 *      0.00006254     0.000000E+000     0.250829E-006        0.0641
    56        0.00006254     0.000000E+000     0.262689E-006        0.0642
    57        0.00011041     0.000000E+000     0.879950E-006        0.0642
    58 *      0.00005679     0.000000E+000     0.293652E-006        0.0643
    58        0.00005679     0.000000E+000     0.283055E-006        0.0644
    59        0.00009739     0.000000E+000     0.812380E-006        0.0645
    60        0.00010306     0.000000E+000     0.883218E-006        0.0645
    61        0.00010583     0.000000E+000     0.901264E-006        0.0647
    62        0.00010777     0.000000E+000     0.900445E-006        0.0648
    63        0.00010980     0.000000E+000     0.898413E-006        0.0649
    64        0.00011190     0.000000E+000     0.903134E-006        0.0650
    65        0.00011372     0.000000E+000     0.926521E-006        0.0651
    66        0.00011447     0.000000E+000     0.981655E-006        0.0652
    67 *      0.00005649     0.000000E+000     0.271665E-006        0.0653
    67        0.00005649     0.000000E+000     0.298554E-006        0.0654
    68        0.00009498     0.000000E+000     0.961247E-006        0.0654
    69 *      0.00004723     0.000000E+000     0.368757E-006        0.0655
    69        0.00004723     0.000000E+000     0.542619E-006        0.0656
    70        0.00006286     0.000000E+000     0.650206E-006        0.0656
    71 *      0.00003620     0.000000E+000     0.350087E-006        0.0657
    71        0.00003620     0.000000E+000     0.268803E-006        0.0657
    72        0.00006330     0.000000E+000     0.678617E-006        0.0658
    73 *      0.00003591     0.000000E+000     0.321406E-006        0.0658
    73        0.00003591     0.000000E+000     0.238268E-006        0.0659
    74        0.00006585     0.000000E+000     0.816874E-006        0.0659
    75        0.00006962     0.000000E+000     0.837303E-006        0.0660
    76 *      0.00003646     0.000000E+000     0.342478E-006        0.0660
    76        0.00003646     0.000000E+000     0.251026E-006        0.0661
    77        0.00006545     0.000000E+000     0.742455E-006        0.0661
    78 *      0.00003585     0.000000E+000     0.325553E-006        0.0662
    78        0.00003585     0.000000E+000     0.235940E-006        0.0662
    79        0.00006595     0.000000E+000     0.793772E-006        0.0662
    80        0.00007050     0.000000E+000     0.884972E-006        0.0663
    81 *      0.00003616     0.000000E+000     0.273436E-006        0.0664
    81        0.00003616     0.000000E+000     0.171685E-006        0.0664
    82        0.00007507     0.000000E+000     0.993781E-006        0.0664
    83 *      0.00003688     0.000000E+000     0.327630E-006        0.0665
    83        0.00003688     0.000000E+000     0.223809E-006        0.0666
    84 *      0.00003458     0.000000E+000     0.314478E-006        0.0666
    84        0.00003458     0.000000E+000     0.237126E-006        0.0666
    85        0.00006350     0.000000E+000     0.596984E-006        0.0667
    86 *      0.00003773     0.000000E+000     0.427749E-006        0.0667
    86        0.00003773     0.000000E+000     0.350394E-006        0.0668
    87        0.00005961     0.000000E+000     0.646022E-006        0.0668
    88        0.00006890     0.000000E+000     0.993139E-006        0.0669
    89        0.00006763     0.000000E+000     0.603287E-006        0.0669
    90        0.00008011     0.000000E+000     0.914513E-006        0.0670
    91 *      0.00004055     0.000000E+000     0.308015E-006        0.0671
    91        0.00004055     0.000000E+000     0.309778E-006        0.0671
    92        0.00006716     0.000000E+000     0.811785E-006        0.0672
    93 *      0.00003563     0.000000E+000     0.287768E-006        0.0672
    93        0.00003563     0.000000E+000     0.212355E-006        0.0673
    94 *      0.00003414     0.000000E+000     0.253552E-006        0.0673
    94        0.00003414     0.000000E+000     0.188845E-006        0.0673
    95        0.00006842     0.000000E+000     0.905697E-006        0.0674
    96        0.00006959     0.000000E+000     0.748792E-006        0.0674
    97 *      0.00003805     0.000000E+000     0.323044E-006        0.0675
    97        0.00003805     0.000000E+000     0.245448E-006        0.0675
    98        0.00006898     0.000000E+000     0.957478E-006        0.0676
    99        0.00006869     0.000000E+000     0.690064E-006        0.0676
   100        0.00007742     0.000000E+000     0.989415E-006        0.0677
   101 *      0.00003807     0.000000E+000     0.338175E-006        0.0678
   101        0.00003807     0.000000E+000     0.276018E-006        0.0678
   102        0.00006598     0.000000E+000     0.874992E-006        0.0679
   103        0.00006793     0.000000E+000     0.724507E-006        0.0679
   104 *      0.00003756     0.000000E+000     0.250699E-006        0.0680
   104        0.00003756     0.000000E+000     0.296349E-006        0.0680
   105        0.00006321     0.000000E+000     0.680095E-006        0.0681
   106 *      0.00003580     0.000000E+000     0.257558E-006        0.0681
   106        0.00003580     0.000000E+000     0.244672E-006        0.0682
   107        0.00006487     0.000000E+000     0.965896E-006        0.0682
   108        0.00006435     0.000000E+000     0.736663E-006        0.0683
   109        0.00007082     0.000000E+000     0.942965E-006        0.0683
   110 *      0.00003549     0.000000E+000     0.283871E-006        0.0684
   110        0.00003549     0.000000E+000     0.248025E-006        0.0684
   111        0.00006406     0.000000E+000     0.879449E-006        0.0685
   112        0.00006594     0.000000E+000     0.777923E-006        0.0685
   113        0.00007101     0.000000E+000     0.876561E-006        0.0686
   114        0.00007317     0.000000E+000     0.906532E-006        0.0687
   115        0.00007439     0.000000E+000     0.914721E-006        0.0688
   116        0.00007528     0.000000E+000     0.915396E-006        0.0688
   117        0.00007621     0.000000E+000     0.916563E-006        0.0689
   118        0.00007716     0.000000E+000     0.918665E-006        0.0690
   119        0.00007813     0.000000E+000     0.922520E-006        0.0691
   120        0.00007893     0.000000E+000     0.923863E-006        0.0691
   121        0.00007975     0.000000E+000     0.927157E-006        0.0692
   122        0.00008037     0.000000E+000     0.928110E-006        0.0693
   123        0.00008101     0.000000E+000     0.928485E-006        0.0694
   124 *      0.00004083     0.000000E+000     0.467907E-006        0.0695
   124        0.00004083     0.000000E+000     0.984014E-006        0.0695
   125 *      0.00002148     0.000000E+000     0.283397E-006        0.0695
   125        0.00002148     0.000000E+000     0.285884E-006        0.0696
   126        0.00003669     0.000000E+000     0.835825E-006        0.0696
   127        0.00003850     0.000000E+000     0.925438E-006        0.0696
   128        0.00003885     0.000000E+000     0.946882E-006        0.0697
   129        0.00003885     0.000000E+000     0.951934E-006        0.0697
   130        0.00003880     0.000000E+000     0.955225E-006        0.0697
   131        0.00003870     0.000000E+000     0.957140E-006        0.0698
   132        0.00003855     0.000000E+000     0.958083E-006        0.0698
   133        0.00003840     0.000000E+000     0.960959E-006        0.0699
   134        0.00003821     0.000000E+000     0.963924E-006        0.0699
   135        0.00003797     0.000000E+000     0.967758E-006        0.0699
   136        0.00003768     0.000000E+000     0.973522E-006        0.0700
   137        0.00003731     0.000000E+000     0.980264E-006        0.0700
   138        0.00003685     0.000000E+000     0.989724E-006        0.0700
   139 *      0.00001813     0.000000E+000     0.250803E-006        0.0701
   139        0.00001813     0.000000E+000     0.254856E-006        0.0701
   140        0.00003241     0.000000E+000     0.800851E-006        0.0701
   141        0.00003455     0.000000E+000     0.573772E-006        0.0701
   142 *      0.00002085     0.000000E+000     0.287696E-006        0.0702
   142        0.00002085     0.000000E+000     0.212990E-006        0.0702
   143        0.00003991     0.000000E+000     0.938015E-006        0.0702
   144 *      0.00002004     0.000000E+000     0.274165E-006        0.0703
   144        0.00002004     0.000000E+000     0.216639E-006        0.0703
   145        0.00003812     0.000000E+000     0.917726E-006        0.0703
   146        0.00003862     0.000000E+000     0.815700E-006        0.0703
   147 *      0.00002046     0.000000E+000     0.284203E-006        0.0704
   147        0.00002046     0.000000E+000     0.246320E-006        0.0704
   148        0.00003702     0.000000E+000     0.871508E-006        0.0704
   149        0.00003822     0.000000E+000     0.838839E-006        0.0705
   150 *      0.00002002     0.000000E+000     0.270635E-006        0.0705
   150        0.00002002     0.000000E+000     0.242764E-006        0.0705
   151        0.00003642     0.000000E+000     0.839196E-006        0.0705
   152        0.00003817     0.000000E+000     0.888019E-006        0.0706
   153 *      0.00001957     0.000000E+000     0.252427E-006        0.0706
   153        0.00001957     0.000000E+000     0.236456E-006        0.0706
   154        0.00003597     0.000000E+000     0.822780E-006        0.0707
   155        0.00003797     0.000000E+000     0.892145E-006        0.0707
   156        0.00003888     0.000000E+000     0.980586E-006        0.0707
   157        0.00003837     0.000000E+000     0.856795E-006        0.0708
   158 *      0.00001994     0.000000E+000     0.265356E-006        0.0708
   158        0.00001994     0.000000E+000     0.245070E-006        0.0708
   159        0.00003618     0.000000E+000     0.821116E-006        0.0708
   160        0.00003822     0.000000E+000     0.899810E-006        0.0709
   161        0.00003899     0.000000E+000     0.952369E-006        0.0709
   162        0.00003893     0.000000E+000     0.908775E-006        0.0710
   163        0.00003957     0.000000E+000     0.989341E-006        0.0710
   164        0.00003893     0.000000E+000     0.850851E-006        0.0710
   165 *      0.00002029     0.000000E+000     0.261118E-006        0.0711
   165        0.00002029     0.000000E+000     0.246062E-006        0.0711
   166        0.00003675     0.000000E+000     0.810298E-006        0.0711
   167        0.00003899     0.000000E+000     0.899876E-006        0.0711
   168        0.00003979     0.000000E+000     0.935049E-006        0.0712
   169        0.00004002     0.000000E+000     0.927094E-006        0.0712
   170        0.00004035     0.000000E+000     0.947248E-006        0.0713
   171        0.00004035     0.000000E+000     0.913144E-006        0.0713
   172        0.00004093     0.000000E+000     0.966383E-006        0.0713
   173        0.00004064     0.000000E+000     0.872833E-006        0.0714
   174 *      0.00002098     0.000000E+000     0.254455E-006        0.0714
   174        0.00002098     0.000000E+000     0.241065E-006        0.0715
   175        0.00003829     0.000000E+000     0.804299E-006        0.0715
   176        0.00004076     0.000000E+000     0.894061E-006        0.0715
   177        0.00004165     0.000000E+000     0.929787E-006        0.0716
   178        0.00004196     0.000000E+000     0.914822E-006        0.0716
   179        0.00004253     0.000000E+000     0.952385E-006        0.0716
   180        0.00004246     0.000000E+000     0.878397E-006        0.0717
   181 *      0.00002185     0.000000E+000     0.251443E-006        0.0717
   181        0.00002185     0.000000E+000     0.239983E-006        0.0717
   182        0.00003994     0.000000E+000     0.801316E-006        0.0718
   183        0.00004259     0.000000E+000     0.889888E-006        0.0718
   184        0.00004365     0.000000E+000     0.931970E-006        0.0718
   185        0.00004392     0.000000E+000     0.899275E-006        0.0719
   186        0.00004483     0.000000E+000     0.968336E-006        0.0719
   187        0.00004448     0.000000E+000     0.837342E-006        0.0720
   188 *      0.00002331     0.000000E+000     0.258019E-006        0.0720
   188        0.00002331     0.000000E+000     0.253237E-006        0.0720
   189        0.00004175     0.000000E+000     0.803376E-006        0.0721
   190        0.00004448     0.000000E+000     0.894991E-006        0.0721
   191        0.00004550     0.000000E+000     0.920950E-006        0.0722
   192        0.00004602     0.000000E+000     0.921518E-006        0.0722
   193        0.00004649     0.000000E+000     0.927083E-006        0.0722
   194        0.00004688     0.000000E+000     0.911067E-006        0.0723
   195        0.00004761     0.000000E+000     0.942103E-006        0.0723
   196        0.00004769     0.000000E+000     0.865467E-006        0.0724
   197 *      0.00002470     0.000000E+000     0.256565E-006        0.0724
   197        0.00002470     0.000000E+000     0.253461E-006        0.0725
   198        0.00004423     0.000000E+000     0.801706E-006        0.0725
   199        0.00004712     0.000000E+000     0.891504E-006        0.0725
   200        0.00004819     0.000000E+000     0.913683E-006        0.0726
   201        0.00004888     0.000000E+000     0.919230E-006        0.0726
   202        0.00004941     0.000000E+000     0.918756E-006        0.0727
   203        0.00004996     0.000000E+000     0.916895E-006        0.0727
   204        0.00005061     0.000000E+000     0.918613E-006        0.0728
   205        0.00005118     0.000000E+000     0.929229E-006        0.0728
   206 *      0.00002578     0.000000E+000     0.254434E-006        0.0729
   206        0.00002578     0.000000E+000     0.251536E-006        0.0729
   207        0.00004628     0.000000E+000     0.797775E-006        0.0729
   208        0.00004941     0.000000E+000     0.889872E-006        0.0730
   209        0.00005061     0.000000E+000     0.912643E-006        0.0730
   210        0.00005139     0.000000E+000     0.918368E-006        0.0731
   211        0.00005198     0.000000E+000     0.917824E-006        0.0731
   212        0.00005259     0.000000E+000     0.913379E-006        0.0732
   213        0.00005333     0.000000E+000     0.926979E-006        0.0732
   214        0.00005376     0.000000E+000     0.876485E-006        0.0733
   215        0.00005532     0.000000E+000     0.986578E-006        0.0733
   216 *      0.00002726     0.000000E+000     0.258123E-006        0.0734
   216        0.00002726     0.000000E+000     0.253681E-006        0.0734
   217        0.00004881     0.000000E+000     0.804567E-006        0.0734
   218        0.00005197     0.000000E+000     0.886036E-006        0.0735
   219        0.00005333     0.000000E+000     0.922045E-006        0.0735
   220        0.00005388     0.000000E+000     0.893387E-006        0.0736
   221        0.00005512     0.000000E+000     0.985686E-006        0.0737
   222        0.00005432     0.000000E+000     0.958331E-006        0.0737
   223        0.00005410     0.000000E+000     0.985310E-006        0.0738
   224        0.00005332     0.000000E+000     0.940541E-006        0.0738
   225        0.00005343     0.000000E+000     0.984786E-006        0.0739
   226        0.00005268     0.000000E+000     0.936041E-006        0.0739
   227        0.00005289     0.000000E+000     0.968947E-006        0.0740
   228        0.00005246     0.000000E+000     0.924669E-006        0.0740
   229        0.00005300     0.000000E+000     0.961554E-006        0.0741
   230        0.00005268     0.000000E+000     0.915769E-006        0.0741
   231        0.00005333     0.000000E+000     0.955792E-006        0.0742
   232        0.00005311     0.000000E+000     0.909300E-006        0.0742
   233        0.00005389     0.000000E+000     0.958015E-006        0.0743
   234        0.00005366     0.000000E+000     0.907025E-006        0.0743
   235        0.00005458     0.000000E+000     0.968843E-006        0.0744
   236        0.00005412     0.000000E+000     0.905912E-006        0.0745
   237        0.00005505     0.000000E+000     0.977265E-006        0.0745
   238        0.00005446     0.000000E+000     0.907125E-006        0.0746
   239        0.00005541     0.000000E+000     0.983911E-006        0.0746
   240        0.00005458     0.000000E+000     0.902654E-006        0.0747
   241        0.00005554     0.000000E+000     0.980240E-006        0.0747
   242        0.00005481     0.000000E+000     0.899880E-006        0.0748
   243        0.00005591     0.000000E+000     0.981708E-006        0.0748
   244        0.00005517     0.000000E+000     0.897177E-006        0.0749
   245        0.00005629     0.000000E+000     0.981370E-006        0.0750
   246        0.00005554     0.000000E+000     0.892448E-006        0.0750
   247        0.00005680     0.000000E+000     0.985513E-006        0.0751
   248        0.00005591     0.000000E+000     0.887469E-006        0.0751
   249        0.00005733     0.000000E+000     0.990996E-006        0.0752
   250        0.00005642     0.000000E+000     0.887589E-006        0.0752
   251 *      0.00002893     0.000000E+000     0.250760E-006        0.0753
   251        0.00002893     0.000000E+000     0.238296E-006        0.0753
   252        0.00005301     0.000000E+000     0.785042E-006        0.0753
   253        0.00005694     0.000000E+000     0.874432E-006        0.0754
   254        0.00005871     0.000000E+000     0.896882E-006        0.0755
   255        0.00006001     0.000000E+000     0.900073E-006        0.0755
   256        0.00006121     0.000000E+000     0.902663E-006        0.0756
   257        0.00006231     0.000000E+000     0.892166E-006        0.0756
   258        0.00006378     0.000000E+000     0.909718E-006        0.0757
   259        0.00006480     0.000000E+000     0.864298E-006        0.0758
   260 *      0.00003357     0.000000E+000     0.260436E-006        0.0758
   260        0.00003357     0.000000E+000     0.216078E-006        0.0759
   261        0.00006377     0.000000E+000     0.912236E-006        0.0759
   262        0.00006462     0.000000E+000     0.753717E-006        0.0760
   263 *      0.00003526     0.000000E+000     0.361265E-006        0.0760
   263        0.00003526     0.000000E+000     0.313580E-006        0.0761
   264        0.00005816     0.000000E+000     0.771217E-006        0.0761
   265        0.00006292     0.000000E+000     0.936979E-006        0.0762
   266        0.00006309     0.000000E+000     0.808571E-006        0.0762
   267 *      0.00003350     0.000000E+000     0.291966E-006        0.0763
   267        0.00003350     0.000000E+000     0.247515E-006        0.0763
   268        0.00006050     0.000000E+000     0.819326E-006        0.0763
   269        0.00006394     0.000000E+000     0.843402E-006        0.0764
   270        0.00006685     0.000000E+000     0.950331E-006        0.0765
   271        0.00006666     0.000000E+000     0.774844E-006        0.0765
   272 *      0.00003599     0.000000E+000     0.352029E-006        0.0766
   272        0.00003599     0.000000E+000     0.279929E-006        0.0766
   273        0.00006203     0.000000E+000     0.794307E-006        0.0767
   274        0.00006627     0.000000E+000     0.870389E-006        0.0767
   275        0.00006842     0.000000E+000     0.852853E-006        0.0768
   276        0.00007116     0.000000E+000     0.950477E-006        0.0769
   277        0.00007094     0.000000E+000     0.716877E-006        0.0769
   278        0.00007872     0.000000E+000     0.563769E-006        0.0770
   279        0.00009544     0.000000E+000     0.732358E-006        0.0771
   280        0.00010512     0.000000E+000     0.824188E-006        0.0772
   281        0.00011076     0.000000E+000     0.860506E-006        0.0773
   282        0.00011470     0.000000E+000     0.872767E-006        0.0774
   283        0.00011832     0.000000E+000     0.881309E-006        0.0775
   284        0.00012153     0.000000E+000     0.884386E-006        0.0776
   285        0.00012425     0.000000E+000     0.880961E-006        0.0778
   286        0.00012784     0.000000E+000     0.890455E-006        0.0779
   287        0.00013088     0.000000E+000     0.892663E-006        0.0780
   288        0.00013328     0.000000E+000     0.886907E-006        0.0781
   289        0.00013663     0.000000E+000     0.894693E-006        0.0783
   290        0.00013928     0.000000E+000     0.893911E-006        0.0784
   291        0.00014204     0.000000E+000     0.895637E-006        0.0786
   292        0.00014494     0.000000E+000     0.899882E-006        0.0787
   293        0.00014695     0.000000E+000     0.894281E-006        0.0788
   294        0.00015010     0.000000E+000     0.903534E-006        0.0790
   295        0.00015229     0.000000E+000     0.902303E-006        0.0791
   296        0.00015457     0.000000E+000     0.903270E-006        0.0793
   297        0.00015693     0.000000E+000     0.906435E-006        0.0794
   298        0.00015938     0.000000E+000     0.911831E-006        0.0796
   299        0.00016064     0.000000E+000     0.905143E-006        0.0798
   300        0.00016326     0.000000E+000     0.915003E-006        0.0799
   301        0.00016461     0.000000E+000     0.912259E-006        0.0801
   302        0.00016599     0.000000E+000     0.911614E-006        0.0802
   303        0.00016741     0.000000E+000     0.913170E-006        0.0804
   304        0.00016886     0.000000E+000     0.917115E-006        0.0806
   305        0.00017036     0.000000E+000     0.923757E-006        0.0807
   306        0.00017189     0.000000E+000     0.933585E-006        0.0809
   307        0.00017189     0.000000E+000     0.930420E-006        0.0811
   308        0.00017189     0.000000E+000     0.931822E-006        0.0813
   309        0.00017189     0.000000E+000     0.939555E-006        0.0814
   310        0.00017189     0.000000E+000     0.957219E-006        0.0816
   311        0.00017029     0.000000E+000     0.975270E-006        0.0818
   312 *      0.00008357     0.000000E+000     0.257920E-006        0.0819
   312        0.00008357     0.000000E+000     0.278394E-006        0.0820
   313 *      0.00007211     0.000000E+000     0.254906E-006        0.0821
   313        0.00007211     0.000000E+000     0.126904E-006        0.0822
   314        0.00016735     0.000000E+000     0.862239E-006        0.0823
   315 *      0.00008614     0.000000E+000     0.735649E-006        0.0824
   315        0.00008614     0.000000E+000     0.198536E-005        0.0825
   316 *      0.00003425     0.000000E+000     0.440021E-006        0.0826
   316        0.00003425     0.000000E+000     0.440179E-006        0.0826
   317        0.00004952     0.000000E+000     0.913759E-006        0.0827
   318        0.00005024     0.000000E+000     0.933242E-006        0.0827
   319        0.00005053     0.000000E+000     0.934204E-006        0.0828
   320        0.00005083     0.000000E+000     0.933384E-006        0.0828
   321        0.00005113     0.000000E+000     0.931300E-006        0.0829
   322        0.00005144     0.000000E+000     0.928254E-006        0.0829
   323        0.00005175     0.000000E+000     0.924420E-006        0.0830
   324        0.00005223     0.000000E+000     0.925529E-006        0.0830
   325        0.00005272     0.000000E+000     0.926028E-006        0.0831
   326        0.00005322     0.000000E+000     0.925920E-006        0.0831
   327        0.00005373     0.000000E+000     0.925186E-006        0.0832
   328        0.00005425     0.000000E+000     0.923794E-006        0.0832
   329        0.00005478     0.000000E+000     0.921704E-006        0.0833
   330        0.00005533     0.000000E+000     0.918887E-006        0.0833
   331        0.00005589     0.000000E+000     0.915338E-006        0.0834
   332        0.00005665     0.000000E+000     0.917305E-006        0.0835
   333        0.00005725     0.000000E+000     0.912445E-006        0.0835
   334        0.00005805     0.000000E+000     0.913583E-006        0.0836
   335        0.00005889     0.000000E+000     0.914684E-006        0.0836
   336        0.00005953     0.000000E+000     0.909432E-006        0.0837
   337        0.00006042     0.000000E+000     0.911330E-006        0.0837
   338        0.00006134     0.000000E+000     0.913968E-006        0.0838
   339        0.00006204     0.000000E+000     0.910465E-006        0.0839
   340        0.00006302     0.000000E+000     0.914780E-006        0.0839
   341        0.00006377     0.000000E+000     0.912697E-006        0.0840
   342        0.00006454     0.000000E+000     0.911265E-006        0.0841
   343        0.00006534     0.000000E+000     0.910423E-006        0.0841
   344        0.00006616     0.000000E+000     0.910119E-006        0.0842
   345        0.00006701     0.000000E+000     0.910306E-006        0.0843
   346        0.00006788     0.000000E+000     0.910950E-006        0.0843
   347        0.00006877     0.000000E+000     0.912026E-006        0.0844
   348        0.00006970     0.000000E+000     0.913516E-006        0.0845
   349        0.00007065     0.000000E+000     0.915410E-006        0.0845
   350        0.00007164     0.000000E+000     0.917702E-006        0.0846
   351        0.00007231     0.000000E+000     0.911804E-006        0.0847
   352        0.00007336     0.000000E+000     0.914854E-006        0.0847
   353        0.00007407     0.000000E+000     0.909450E-006        0.0848
   354        0.00007518     0.000000E+000     0.913268E-006        0.0849
   355        0.00007594     0.000000E+000     0.908349E-006        0.0850
   356        0.00007711     0.000000E+000     0.912972E-006        0.0850
   357        0.00007792     0.000000E+000     0.908555E-006        0.0851
   358        0.00007917     0.000000E+000     0.914045E-006        0.0852
   359        0.00008003     0.000000E+000     0.910163E-006        0.0853
   360        0.00008091     0.000000E+000     0.906596E-006        0.0854
   361        0.00008229     0.000000E+000     0.913499E-006        0.0854
   362        0.00008323     0.000000E+000     0.910547E-006        0.0855
   363        0.00008421     0.000000E+000     0.907953E-006        0.0856
   364        0.00008521     0.000000E+000     0.905735E-006        0.0857
   365        0.00008677     0.000000E+000     0.914865E-006        0.0858
   366        0.00008784     0.000000E+000     0.913429E-006        0.0859
   367        0.00008896     0.000000E+000     0.912439E-006        0.0859
   368        0.00009010     0.000000E+000     0.911920E-006        0.0860
   369        0.00009129     0.000000E+000     0.911901E-006        0.0861
   370        0.00009251     0.000000E+000     0.912414E-006        0.0862
   371        0.00009378     0.000000E+000     0.913492E-006        0.0863
   372        0.00009509     0.000000E+000     0.915175E-006        0.0864
   373        0.00009645     0.000000E+000     0.917506E-006        0.0865
   374        0.00009715     0.000000E+000     0.907360E-006        0.0866
   375        0.00009859     0.000000E+000     0.911048E-006        0.0867
   376        0.00010008     0.000000E+000     0.915519E-006        0.0868
   377        0.00010085     0.000000E+000     0.906854E-006        0.0869
   378        0.00010244     0.000000E+000     0.912943E-006        0.0870
   379        0.00010326     0.000000E+000     0.905472E-006        0.0871
   380        0.00010495     0.000000E+000     0.913384E-006        0.0872
   381        0.00010583     0.000000E+000     0.907241E-006        0.0873
   382        0.00010764     0.000000E+000     0.917231E-006        0.0874
   383        0.00010857     0.000000E+000     0.912586E-006        0.0875
   384        0.00010954     0.000000E+000     0.908817E-006        0.0876
   385        0.00011052     0.000000E+000     0.905957E-006        0.0877
   386        0.00011154     0.000000E+000     0.904045E-006        0.0878
   387        0.00011364     0.000000E+000     0.920089E-006        0.0880
   388        0.00011473     0.000000E+000     0.920220E-006        0.0881
   389        0.00011586     0.000000E+000     0.921489E-006        0.0882
   390        0.00011702     0.000000E+000     0.923963E-006        0.0883
   391        0.00011821     0.000000E+000     0.927718E-006        0.0884
   392        0.00011821     0.000000E+000     0.913869E-006        0.0885
   393        0.00011946     0.000000E+000     0.920243E-006        0.0887
   394        0.00012074     0.000000E+000     0.928126E-006        0.0888
   395        0.00012074     0.000000E+000     0.917536E-006        0.0889
   396        0.00012208     0.000000E+000     0.928442E-006        0.0890
   397        0.00012208     0.000000E+000     0.920328E-006        0.0891
   398        0.00012348     0.000000E+000     0.934581E-006        0.0893
   399        0.00012348     0.000000E+000     0.929129E-006        0.0894
   400        0.00012348     0.000000E+000     0.925170E-006        0.0895
   401        0.00012348     0.000000E+000     0.922717E-006        0.0896
   402        0.00012348     0.000000E+000     0.921794E-006        0.0898
   403        0.00012348     0.000000E+000     0.922430E-006        0.0899
   404        0.00012348     0.000000E+000     0.924660E-006        0.0900
   405        0.00012348     0.000000E+000     0.928530E-006        0.0901
   406        0.00012348     0.000000E+000     0.934092E-006        0.0902
   407        0.00012348     0.000000E+000     0.941406E-006        0.0904
   408        0.00012348     0.000000E+000     0.950540E-006        0.0905
   409        0.00012348     0.000000E+000     0.961568E-006        0.0906
   410        0.00012186     0.000000E+000     0.949259E-006        0.0907
   411        0.00012186     0.000000E+000     0.963714E-006        0.0909
   412        0.00012023     0.000000E+000     0.954392E-006        0.0910
   413        0.00011863     0.000000E+000     0.946621E-006        0.0911
   414        0.00011863     0.000000E+000     0.965677E-006        0.0912
   415        0.00011703     0.000000E+000     0.960358E-006        0.0913
   416        0.00011545     0.000000E+000     0.956176E-006        0.0915
   417        0.00011389     0.000000E+000     0.952938E-006        0.0916
   418        0.00011235     0.000000E+000     0.950435E-006        0.0917
   419        0.00011235     0.000000E+000     0.974466E-006        0.0918
   420        0.00011081     0.000000E+000     0.972716E-006        0.0919
   421        0.00010929     0.000000E+000     0.971049E-006        0.0920
   422        0.00010779     0.000000E+000     0.969247E-006        0.0921
   423        0.00010632     0.000000E+000     0.967118E-006        0.0922
   424        0.00010486     0.000000E+000     0.964499E-006        0.0923
   425        0.00010342     0.000000E+000     0.961263E-006        0.0925
   426        0.00010201     0.000000E+000     0.957319E-006        0.0926
   427        0.00010061     0.000000E+000     0.952611E-006        0.0927
   428        0.00009923     0.000000E+000     0.947110E-006        0.0928
   429        0.00009923     0.000000E+000     0.967004E-006        0.0929
   430        0.00009785     0.000000E+000     0.959630E-006        0.0930
   431        0.00009649     0.000000E+000     0.951461E-006        0.0931
   432        0.00009515     0.000000E+000     0.942538E-006        0.0931
   433        0.00009515     0.000000E+000     0.959254E-006        0.0932
   434        0.00009381     0.000000E+000     0.948533E-006        0.0933
   435        0.00009381     0.000000E+000     0.964026E-006        0.0934
   436        0.00009247     0.000000E+000     0.951578E-006        0.0935
   437        0.00009115     0.000000E+000     0.938578E-006        0.0936
   438        0.00009115     0.000000E+000     0.951981E-006        0.0937
   439        0.00008983     0.000000E+000     0.937447E-006        0.0938
   440        0.00008983     0.000000E+000     0.949729E-006        0.0939
   441        0.00008983     0.000000E+000     0.961734E-006        0.0940
   442        0.00008849     0.000000E+000     0.944730E-006        0.0941
   443        0.00008849     0.000000E+000     0.955659E-006        0.0942
   444        0.00008715     0.000000E+000     0.937368E-006        0.0942
   445        0.00008715     0.000000E+000     0.947282E-006        0.0943
   446        0.00008715     0.000000E+000     0.956934E-006        0.0944
   447        0.00008579     0.000000E+000     0.936480E-006        0.0945
   448        0.00008579     0.000000E+000     0.945190E-006        0.0946
   449        0.00008579     0.000000E+000     0.953659E-006        0.0947
   450        0.00008440     0.000000E+000     0.931225E-006        0.0948
   451        0.00008440     0.000000E+000     0.938839E-006        0.0949
   452        0.00008440     0.000000E+000     0.946237E-006        0.0949
   453        0.00008440     0.000000E+000     0.953425E-006        0.0950
   454        0.00008297     0.000000E+000     0.928247E-006        0.0951
   455        0.00008297     0.000000E+000     0.934695E-006        0.0952
   456        0.00008297     0.000000E+000     0.940968E-006        0.0953
   457        0.00008297     0.000000E+000     0.947073E-006        0.0954
   458        0.00008297     0.000000E+000     0.953018E-006        0.0954
   459        0.00008147     0.000000E+000     0.924388E-006        0.0955
   460        0.00008147     0.000000E+000     0.929742E-006        0.0956
   461        0.00008147     0.000000E+000     0.934975E-006        0.0957
   462        0.00008147     0.000000E+000     0.940099E-006        0.0958
   463        0.00008147     0.000000E+000     0.945123E-006        0.0958
   464        0.00008147     0.000000E+000     0.950057E-006        0.0959
   465        0.00008147     0.000000E+000     0.954913E-006        0.0960
   466        0.00007980     0.000000E+000     0.921063E-006        0.0961
   467        0.00007980     0.000000E+000     0.925513E-006        0.0962
   468        0.00007980     0.000000E+000     0.929923E-006        0.0962
   469        0.00007980     0.000000E+000     0.934304E-006        0.0963
   470        0.00007980     0.000000E+000     0.938667E-006        0.0964
   471        0.00007980     0.000000E+000     0.943023E-006        0.0965
   472        0.00007980     0.000000E+000     0.947384E-006        0.0966
   473        0.00007980     0.000000E+000     0.951762E-006        0.0966
   474        0.00007790     0.000000E+000     0.911330E-006        0.0967
   475        0.00007790     0.000000E+000     0.915471E-006        0.0968
   476        0.00007790     0.000000E+000     0.919660E-006        0.0969
   477        0.00007790     0.000000E+000     0.923912E-006        0.0970
   478        0.00007790     0.000000E+000     0.928236E-006        0.0970
   479        0.00007790     0.000000E+000     0.932647E-006        0.0971
   480        0.00007790     0.000000E+000     0.937155E-006        0.0972
   481        0.00007790     0.000000E+000     0.941776E-006        0.0973
   482        0.00007790     0.000000E+000     0.946521E-006        0.0974
   483        0.00007790     0.000000E+000     0.951406E-006        0.0974
   484        0.00007790     0.000000E+000     0.956443E-006        0.0975
   485        0.00007547     0.000000E+000     0.902686E-006        0.0976
   486        0.00007547     0.000000E+000     0.907588E-006        0.0977
   487        0.00007547     0.000000E+000     0.912664E-006        0.0977
   488        0.00007547     0.000000E+000     0.917929E-006        0.0978
   489        0.00007547     0.000000E+000     0.923397E-006        0.0979
   490        0.00007547     0.000000E+000     0.929082E-006        0.0980
   491        0.00007547     0.000000E+000     0.934999E-006        0.0980
   492        0.00007547     0.000000E+000     0.941164E-006        0.0981
   493        0.00007547     0.000000E+000     0.947592E-006        0.0982
   494        0.00007547     0.000000E+000     0.954298E-006        0.0983
   495        0.00007219     0.000000E+000     0.879820E-006        0.0983
   496        0.00007219     0.000000E+000     0.886224E-006        0.0984
   497        0.00007219     0.000000E+000     0.892901E-006        0.0985
   498        0.00007219     0.000000E+000     0.899865E-006        0.0986
   499        0.00007219     0.000000E+000     0.907128E-006        0.0986
   500        0.00007219     0.000000E+000     0.914703E-006        0.0987
   501        0.00007219     0.000000E+000     0.922601E-006        0.0988
   502        0.00007219     0.000000E+000     0.930834E-006        0.0988
   503        0.00007219     0.000000E+000     0.939413E-006        0.0989
   504        0.00007219     0.000000E+000     0.948346E-006        0.0990
   505        0.00007219     0.000000E+000     0.957641E-006        0.0991
   506        0.00006663     0.000000E+000     0.824778E-006        0.0991
   507        0.00006663     0.000000E+000     0.832688E-006        0.0992
   508        0.00006663     0.000000E+000     0.840872E-006        0.0993
   509        0.00006663     0.000000E+000     0.849329E-006        0.0993
   510        0.00006663     0.000000E+000     0.858056E-006        0.0994
   511        0.00006663     0.000000E+000     0.867050E-006        0.0995
   512        0.00006663     0.000000E+000     0.876302E-006        0.0995
   513        0.00006663     0.000000E+000     0.885803E-006        0.0996
   514        0.00006663     0.000000E+000     0.895539E-006        0.0997
   515        0.00006663     0.000000E+000     0.905493E-006        0.0997
   516        0.00006663     0.000000E+000     0.915644E-006        0.0998
   517        0.00006663     0.000000E+000     0.925966E-006        0.0999
   518        0.00006663     0.000000E+000     0.936428E-006        0.0999
   519        0.00006698     0.000000E+000     0.956767E-006        0.1000
   520        0.00006676     0.000000E+000     0.961143E-006        0.1001
   521        0.00006644     0.000000E+000     0.962866E-006        0.1001
   522        0.00006609     0.000000E+000     0.963156E-006        0.1002
   523        0.00006574     0.000000E+000     0.963235E-006        0.1003
   524        0.00006540     0.000000E+000     0.963049E-006        0.1003
   525        0.00006506     0.000000E+000     0.962540E-006        0.1004
   526        0.00006472     0.000000E+000     0.961651E-006        0.1005
   527        0.00006438     0.000000E+000     0.960325E-006        0.1005
   528        0.00006409     0.000000E+000     0.959732E-006        0.1006
   529        0.00006385     0.000000E+000     0.959801E-006        0.1007
   530        0.00006356     0.000000E+000     0.958020E-006        0.1007
   531        0.00006336     0.000000E+000     0.957990E-006        0.1008
   532        0.00006316     0.000000E+000     0.957211E-006        0.1008
   533        0.00006295     0.000000E+000     0.955629E-006        0.1009
   534        0.00006279     0.000000E+000     0.954391E-006        0.1010
   535        0.00006268     0.000000E+000     0.953427E-006        0.1010
   536        0.00006256     0.000000E+000     0.951455E-006        0.1011
   537        0.00006252     0.000000E+000     0.950761E-006        0.1012
   538        0.00006248     0.000000E+000     0.948792E-006        0.1012
   539        0.00006248     0.000000E+000     0.946505E-006        0.1013
   540        0.00006256     0.000000E+000     0.944724E-006        0.1013
   541        0.00006268     0.000000E+000     0.941710E-006        0.1014
   542        0.00006288     0.000000E+000     0.937852E-006        0.1015
   543        0.00006316     0.000000E+000     0.932021E-006        0.1015
   544        0.00006361     0.000000E+000     0.925075E-006        0.1016
   545        0.00006423     0.000000E+000     0.915010E-006        0.1017
   546        0.00006512     0.000000E+000     0.901801E-006        0.1017
   547        0.00006640     0.000000E+000     0.885123E-006        0.1018
   548        0.00006820     0.000000E+000     0.864870E-006        0.1019
   549        0.00007066     0.000000E+000     0.840991E-006        0.1019
   550        0.00007396     0.000000E+000     0.815717E-006        0.1020
   551        0.00007834     0.000000E+000     0.792373E-006        0.1021
   552        0.00008385     0.000000E+000     0.770536E-006        0.1021
   553        0.00009069     0.000000E+000     0.752760E-006        0.1022
   554        0.00009896     0.000000E+000     0.738626E-006        0.1023
   555        0.00010878     0.000000E+000     0.728301E-006        0.1024
   556        0.00012018     0.000000E+000     0.720635E-006        0.1025
   557        0.00013335     0.000000E+000     0.716436E-006        0.1027
   558        0.00014819     0.000000E+000     0.713093E-006        0.1028
   559        0.00016508     0.000000E+000     0.712928E-006        0.1029
   560        0.00018387     0.000000E+000     0.712799E-006        0.1031
   561        0.00020491     0.000000E+000     0.713760E-006        0.1033
   562        0.00022816     0.000000E+000     0.713788E-006        0.1035
   563        0.00025405     0.000000E+000     0.714360E-006        0.1037
   564        0.00028244     0.000000E+000     0.715987E-006        0.1040
   565        0.00031393     0.000000E+000     0.738480E-006        0.1043
   566 *      0.00017226     0.000000E+000     0.261563E-006        0.1046
   566        0.00017226     0.000000E+000     0.476271E-006        0.1047
   567 *      0.00012067     0.000000E+000     0.409698E-006        0.1049
   567        0.00012067     0.000000E+000     0.658462E-006        0.1050
   568 *      0.00007445     0.000000E+000     0.419512E-006        0.1052
   568        0.00007445     0.000000E+000     0.569355E-006        0.1052
   569 *      0.00004861     0.000000E+000     0.315563E-006        0.1053
   569        0.00004861     0.000000E+000     0.360783E-006        0.1053
   570        0.00007592     0.000000E+000     0.971035E-006        0.1054
   571 *      0.00003763     0.000000E+000     0.268306E-006        0.1055
   571        0.00003763     0.000000E+000     0.278478E-006        0.1055
   572        0.00006496     0.000000E+000     0.848763E-006        0.1055
   573        0.00006776     0.000000E+000     0.952898E-006        0.1056
   574        0.00006766     0.000000E+000     0.967773E-006        0.1057
   575        0.00006718     0.000000E+000     0.962101E-006        0.1057
   576        0.00006684     0.000000E+000     0.954247E-006        0.1058
   577        0.00006670     0.000000E+000     0.947621E-006        0.1059
   578        0.00006675     0.000000E+000     0.943515E-006        0.1060
   579        0.00006689     0.000000E+000     0.940194E-006        0.1060
   580        0.00006713     0.000000E+000     0.938414E-006        0.1061
   581        0.00006742     0.000000E+000     0.937461E-006        0.1062
   582        0.00006776     0.000000E+000     0.937467E-006        0.1062
   583        0.00006806     0.000000E+000     0.934888E-006        0.1063
   584        0.00006845     0.000000E+000     0.933964E-006        0.1064
   585        0.00006886     0.000000E+000     0.932668E-006        0.1064
   586        0.00006932     0.000000E+000     0.932635E-006        0.1065
   587        0.00006978     0.000000E+000     0.932590E-006        0.1066
   588        0.00007026     0.000000E+000     0.932558E-006        0.1066
   589        0.00007073     0.000000E+000     0.932536E-006        0.1067
   590        0.00007122     0.000000E+000     0.932502E-006        0.1068
   591        0.00007171     0.000000E+000     0.932430E-006        0.1068
   592        0.00007221     0.000000E+000     0.932281E-006        0.1069
   593        0.00007272     0.000000E+000     0.932020E-006        0.1070
   594        0.00007324     0.000000E+000     0.931610E-006        0.1071
   595        0.00007376     0.000000E+000     0.931026E-006        0.1071
   596        0.00007429     0.000000E+000     0.930252E-006        0.1072
   597        0.00007483     0.000000E+000     0.929288E-006        0.1073
   598        0.00007544     0.000000E+000     0.929653E-006        0.1074
   599        0.00007606     0.000000E+000     0.929883E-006        0.1074
   600        0.00007663     0.000000E+000     0.928483E-006        0.1075
   601        0.00007727     0.000000E+000     0.928561E-006        0.1076
   602        0.00007792     0.000000E+000     0.928630E-006        0.1077
   603        0.00007859     0.000000E+000     0.928738E-006        0.1077
   604        0.00007926     0.000000E+000     0.928933E-006        0.1078
   605        0.00007988     0.000000E+000     0.927655E-006        0.1079
   606        0.00008058     0.000000E+000     0.928149E-006        0.1080
   607        0.00008129     0.000000E+000     0.928853E-006        0.1081
   608        0.00008195     0.000000E+000     0.928153E-006        0.1081
   609        0.00008261     0.000000E+000     0.927715E-006        0.1082
   610        0.00008328     0.000000E+000     0.927566E-006        0.1083
   611        0.00008397     0.000000E+000     0.927732E-006        0.1084
   612        0.00008467     0.000000E+000     0.928238E-006        0.1085
   613        0.00008538     0.000000E+000     0.929105E-006        0.1086
   614        0.00008611     0.000000E+000     0.930354E-006        0.1086
   615        0.00008676     0.000000E+000     0.930242E-006        0.1087
   616        0.00008743     0.000000E+000     0.930529E-006        0.1088
   617        0.00008810     0.000000E+000     0.931227E-006        0.1089
   618        0.00008870     0.000000E+000     0.930543E-006        0.1090
   619        0.00008940     0.000000E+000     0.932098E-006        0.1091
   620        0.00009002     0.000000E+000     0.932260E-006        0.1092
   621        0.00009065     0.000000E+000     0.932858E-006        0.1093
   622        0.00009120     0.000000E+000     0.932032E-006        0.1093
   623        0.00009185     0.000000E+000     0.933520E-006        0.1094
   624        0.00009241     0.000000E+000     0.933566E-006        0.1095
   625        0.00009298     0.000000E+000     0.934053E-006        0.1096
   626        0.00009356     0.000000E+000     0.934986E-006        0.1097
   627        0.00009405     0.000000E+000     0.934425E-006        0.1098
   628        0.00009464     0.000000E+000     0.936253E-006        0.1099
   629        0.00009514     0.000000E+000     0.936563E-006        0.1100
   630        0.00009564     0.000000E+000     0.937308E-006        0.1101
   631        0.00009605     0.000000E+000     0.936492E-006        0.1102
   632        0.00009657     0.000000E+000     0.938104E-006        0.1103
   633        0.00009699     0.000000E+000     0.938128E-006        0.1104
   634        0.00009741     0.000000E+000     0.938567E-006        0.1105
   635        0.00009784     0.000000E+000     0.939421E-006        0.1106
   636        0.00009816     0.000000E+000     0.938629E-006        0.1107
   637        0.00009859     0.000000E+000     0.940298E-006        0.1108
   638        0.00009892     0.000000E+000     0.940292E-006        0.1109
   639        0.00009925     0.000000E+000     0.940673E-006        0.1110
   640        0.00009959     0.000000E+000     0.941436E-006        0.1111
   641        0.00009992     0.000000E+000     0.942577E-006        0.1112
   642        0.00010015     0.000000E+000     0.941970E-006        0.1113
   643        0.00010038     0.000000E+000     0.941721E-006        0.1114
   644        0.00010060     0.000000E+000     0.941823E-006        0.1115
   645        0.00010083     0.000000E+000     0.942268E-006        0.1116
   646        0.00010106     0.000000E+000     0.943052E-006        0.1117
   647        0.00010130     0.000000E+000     0.944168E-006        0.1118
   648        0.00010153     0.000000E+000     0.945611E-006        0.1119
   649        0.00010165     0.000000E+000     0.945199E-006        0.1120
   650        0.00010176     0.000000E+000     0.945093E-006        0.1121
   651        0.00010188     0.000000E+000     0.945284E-006        0.1122
   652        0.00010200     0.000000E+000     0.945767E-006        0.1123
   653        0.00010212     0.000000E+000     0.946533E-006        0.1124
   654        0.00010224     0.000000E+000     0.947577E-006        0.1125
   655        0.00010224     0.000000E+000     0.946682E-006        0.1126
   656        0.00010236     0.000000E+000     0.948256E-006        0.1127
   657        0.00010236     0.000000E+000     0.947867E-006        0.1128
   658        0.00010236     0.000000E+000     0.947720E-006        0.1129
   659        0.00010236     0.000000E+000     0.947806E-006        0.1130
   660        0.00010236     0.000000E+000     0.948117E-006        0.1131
   661        0.00010236     0.000000E+000     0.948645E-006        0.1132
   662        0.00010236     0.000000E+000     0.949381E-006        0.1133
   663        0.00010236     0.000000E+000     0.950318E-006        0.1134
   664        0.00010224     0.000000E+000     0.949208E-006        0.1135
   665        0.00010224     0.000000E+000     0.950517E-006        0.1136
   666        0.00010212     0.000000E+000     0.949757E-006        0.1137
   667        0.00010212     0.000000E+000     0.951400E-006        0.1138
   668        0.00010200     0.000000E+000     0.950952E-006        0.1139
   669        0.00010187     0.000000E+000     0.950645E-006        0.1140
   670        0.00010175     0.000000E+000     0.950470E-006        0.1141
   671        0.00010163     0.000000E+000     0.950416E-006        0.1142
   672        0.00010151     0.000000E+000     0.950472E-006        0.1143
   673        0.00010139     0.000000E+000     0.950627E-006        0.1144
   674        0.00010127     0.000000E+000     0.950872E-006        0.1145
   675        0.00010115     0.000000E+000     0.951195E-006        0.1146
   676        0.00010103     0.000000E+000     0.951585E-006        0.1147
   677        0.00010091     0.000000E+000     0.952032E-006        0.1148
   678        0.00010079     0.000000E+000     0.952526E-006        0.1149
   679        0.00010067     0.000000E+000     0.953054E-006        0.1150
   680        0.00010044     0.000000E+000     0.951362E-006        0.1151
   681        0.00010032     0.000000E+000     0.951928E-006        0.1152
   682        0.00010020     0.000000E+000     0.952499E-006        0.1153
   683        0.00010008     0.000000E+000     0.953065E-006        0.1154
   684        0.00009984     0.000000E+000     0.951372E-006        0.1155
   685        0.00009972     0.000000E+000     0.951897E-006        0.1156
   686        0.00009961     0.000000E+000     0.952390E-006        0.1157
   687        0.00009949     0.000000E+000     0.952841E-006        0.1158
   688        0.00009937     0.000000E+000     0.953242E-006        0.1159
   689        0.00009914     0.000000E+000     0.951345E-006        0.1160
   690        0.00009902     0.000000E+000     0.951625E-006        0.1161
   691        0.00009890     0.000000E+000     0.951833E-006        0.1162
   692        0.00009879     0.000000E+000     0.951963E-006        0.1163
   693        0.00009867     0.000000E+000     0.952011E-006        0.1164
   694        0.00009855     0.000000E+000     0.951970E-006        0.1165
   695        0.00009844     0.000000E+000     0.951834E-006        0.1166
   696        0.00009832     0.000000E+000     0.951601E-006        0.1167
   697        0.00009820     0.000000E+000     0.951264E-006        0.1168
   698        0.00009809     0.000000E+000     0.950821E-006        0.1169
   699        0.00009797     0.000000E+000     0.950268E-006        0.1170
   700        0.00009786     0.000000E+000     0.949602E-006        0.1171
   701        0.00009786     0.000000E+000     0.951054E-006        0.1172
   702        0.00009774     0.000000E+000     0.950150E-006        0.1173
   703        0.00009763     0.000000E+000     0.949125E-006        0.1174
   704        0.00009763     0.000000E+000     0.950212E-006        0.1175
   705        0.00009751     0.000000E+000     0.948935E-006        0.1176
   706        0.00009751     0.000000E+000     0.949768E-006        0.1177
   707        0.00009751     0.000000E+000     0.950473E-006        0.1178
   708        0.00009739     0.000000E+000     0.948802E-006        0.1179
   709        0.00009739     0.000000E+000     0.949241E-006        0.1180
   710        0.00009739     0.000000E+000     0.949547E-006        0.1181
   711        0.00009739     0.000000E+000     0.949716E-006        0.1182
   712        0.00009739     0.000000E+000     0.949749E-006        0.1183
   713        0.00009739     0.000000E+000     0.949644E-006        0.1184
   714        0.00009739     0.000000E+000     0.949399E-006        0.1185
   715        0.00009739     0.000000E+000     0.949013E-006        0.1186
   716        0.00009739     0.000000E+000     0.948486E-006        0.1187
   717        0.00009739     0.000000E+000     0.947817E-006        0.1188
   718        0.00009739     0.000000E+000     0.947005E-006        0.1189
   719        0.00009751     0.000000E+000     0.948318E-006        0.1190
   720        0.00009751     0.000000E+000     0.947216E-006        0.1191
   721        0.00009751     0.000000E+000     0.945970E-006        0.1192
   722        0.00009763     0.000000E+000     0.946854E-006        0.1193
   723        0.00009775     0.000000E+000     0.947596E-006        0.1194
   724        0.00009775     0.000000E+000     0.945905E-006        0.1195
   725        0.00009787     0.000000E+000     0.946356E-006        0.1196
   726        0.00009799     0.000000E+000     0.946661E-006        0.1197
   727        0.00009811     0.000000E+000     0.946820E-006        0.1197
   728        0.00009823     0.000000E+000     0.946830E-006        0.1198
   729        0.00009835     0.000000E+000     0.946692E-006        0.1199
   730        0.00009847     0.000000E+000     0.946405E-006        0.1200
   731        0.00009859     0.000000E+000     0.945968E-006        0.1201
   732        0.00009871     0.000000E+000     0.945381E-006        0.1202
   733        0.00009883     0.000000E+000     0.944644E-006        0.1203
   734        0.00009896     0.000000E+000     0.943755E-006        0.1204
   735        0.00009920     0.000000E+000     0.945060E-006        0.1205
   736        0.00009933     0.000000E+000     0.943866E-006        0.1206
   737        0.00009945     0.000000E+000     0.942521E-006        0.1207
   738        0.00009970     0.000000E+000     0.943386E-006        0.1208
   739        0.00009996     0.000000E+000     0.944106E-006        0.1209
   740        0.00010008     0.000000E+000     0.942299E-006        0.1210
   741        0.00010034     0.000000E+000     0.942725E-006        0.1211
   742        0.00010059     0.000000E+000     0.943005E-006        0.1212
   743        0.00010085     0.000000E+000     0.943139E-006        0.1213
   744        0.00010111     0.000000E+000     0.943127E-006        0.1214
   745        0.00010137     0.000000E+000     0.942969E-006        0.1215
   746        0.00010163     0.000000E+000     0.942665E-006        0.1216
   747        0.00010190     0.000000E+000     0.942217E-006        0.1217
   748        0.00010217     0.000000E+000     0.941626E-006        0.1218
   749        0.00010243     0.000000E+000     0.940892E-006        0.1219
   750        0.00010270     0.000000E+000     0.940018E-006        0.1220
   751        0.00010311     0.000000E+000     0.941481E-006        0.1222
   752        0.00010339     0.000000E+000     0.940326E-006        0.1223
   753        0.00010366     0.000000E+000     0.939035E-006        0.1224
   754        0.00010408     0.000000E+000     0.940118E-006        0.1225
   755        0.00010436     0.000000E+000     0.938558E-006        0.1226
   756        0.00010478     0.000000E+000     0.939398E-006        0.1227
   757        0.00010521     0.000000E+000     0.940122E-006        0.1228
   758        0.00010550     0.000000E+000     0.938172E-006        0.1229
   759        0.00010594     0.000000E+000     0.938668E-006        0.1230
   760        0.00010638     0.000000E+000     0.939055E-006        0.1231
   761        0.00010682     0.000000E+000     0.939337E-006        0.1232
   762        0.00010727     0.000000E+000     0.939516E-006        0.1233
   763        0.00010772     0.000000E+000     0.939595E-006        0.1234
   764        0.00010802     0.000000E+000     0.936939E-006        0.1235
   765        0.00010848     0.000000E+000     0.936830E-006        0.1236
   766        0.00010895     0.000000E+000     0.936633E-006        0.1237
   767        0.00010942     0.000000E+000     0.936351E-006        0.1238
   768        0.00010989     0.000000E+000     0.935989E-006        0.1240
   769        0.00011037     0.000000E+000     0.935551E-006        0.1241
   770        0.00011102     0.000000E+000     0.937767E-006        0.1242
   771        0.00011151     0.000000E+000     0.937188E-006        0.1243
   772        0.00011201     0.000000E+000     0.936544E-006        0.1244
   773        0.00011251     0.000000E+000     0.935841E-006        0.1245
   774        0.00011301     0.000000E+000     0.935083E-006        0.1246
   775        0.00011370     0.000000E+000     0.937086E-006        0.1247
   776        0.00011421     0.000000E+000     0.936228E-006        0.1248
   777        0.00011474     0.000000E+000     0.935329E-006        0.1250
   778        0.00011527     0.000000E+000     0.934393E-006        0.1251
   779        0.00011598     0.000000E+000     0.936305E-006        0.1252
   780        0.00011652     0.000000E+000     0.935304E-006        0.1253
   781        0.00011707     0.000000E+000     0.934277E-006        0.1254
   782        0.00011781     0.000000E+000     0.936171E-006        0.1255
   783        0.00011838     0.000000E+000     0.935104E-006        0.1257
   784        0.00011895     0.000000E+000     0.934025E-006        0.1258
   785        0.00011972     0.000000E+000     0.935939E-006        0.1259
   786        0.00012030     0.000000E+000     0.934842E-006        0.1260
   787        0.00012089     0.000000E+000     0.933746E-006        0.1261
   788        0.00012169     0.000000E+000     0.935717E-006        0.1263
   789        0.00012229     0.000000E+000     0.934626E-006        0.1264
   790        0.00012291     0.000000E+000     0.933545E-006        0.1265
   791        0.00012353     0.000000E+000     0.932478E-006        0.1266
   792        0.00012437     0.000000E+000     0.934577E-006        0.1267
   793        0.00012501     0.000000E+000     0.933543E-006        0.1269
   794        0.00012565     0.000000E+000     0.932533E-006        0.1270
   795        0.00012652     0.000000E+000     0.934770E-006        0.1271
   796        0.00012719     0.000000E+000     0.933811E-006        0.1272
   797        0.00012786     0.000000E+000     0.932885E-006        0.1274
   798        0.00012854     0.000000E+000     0.931995E-006        0.1275
   799        0.00012946     0.000000E+000     0.934460E-006        0.1276
   800        0.00013016     0.000000E+000     0.933645E-006        0.1278
   801        0.00013087     0.000000E+000     0.932874E-006        0.1279
   802        0.00013158     0.000000E+000     0.932149E-006        0.1280
   803        0.00013231     0.000000E+000     0.931473E-006        0.1282
   804        0.00013330     0.000000E+000     0.934293E-006        0.1283
   805        0.00013404     0.000000E+000     0.933719E-006        0.1284
   806        0.00013480     0.000000E+000     0.933201E-006        0.1286
   807        0.00013557     0.000000E+000     0.932742E-006        0.1287
   808        0.00013635     0.000000E+000     0.932343E-006        0.1288
   809        0.00013714     0.000000E+000     0.932008E-006        0.1290
   810        0.00013794     0.000000E+000     0.931738E-006        0.1291
   811        0.00013875     0.000000E+000     0.931535E-006        0.1292
   812        0.00013957     0.000000E+000     0.931402E-006        0.1294
   813        0.00014041     0.000000E+000     0.931342E-006        0.1295
   814        0.00014125     0.000000E+000     0.931355E-006        0.1297
   815        0.00014211     0.000000E+000     0.931445E-006        0.1298
   816        0.00014298     0.000000E+000     0.931614E-006        0.1299
   817        0.00014387     0.000000E+000     0.931864E-006        0.1301
   818        0.00014476     0.000000E+000     0.932197E-006        0.1302
   819        0.00014567     0.000000E+000     0.932615E-006        0.1304
   820        0.00014659     0.000000E+000     0.933123E-006        0.1305
   821        0.00014753     0.000000E+000     0.933720E-006        0.1307
   822        0.00014848     0.000000E+000     0.934411E-006        0.1308
   823        0.00014912     0.000000E+000     0.931182E-006        0.1310
   824        0.00015009     0.000000E+000     0.932061E-006        0.1311
   825        0.00015108     0.000000E+000     0.933040E-006        0.1313
   826        0.00015209     0.000000E+000     0.934122E-006        0.1314
   827        0.00015277     0.000000E+000     0.931159E-006        0.1316
   828        0.00015380     0.000000E+000     0.932447E-006        0.1317
   829        0.00015485     0.000000E+000     0.933846E-006        0.1319
   830        0.00015556     0.000000E+000     0.931105E-006        0.1320
   831        0.00015663     0.000000E+000     0.932725E-006        0.1322
   832        0.00015773     0.000000E+000     0.934465E-006        0.1323
   833        0.00015847     0.000000E+000     0.931958E-006        0.1325
   834        0.00015960     0.000000E+000     0.933935E-006        0.1327
   835        0.00016036     0.000000E+000     0.931600E-006        0.1328
   836        0.00016152     0.000000E+000     0.933825E-006        0.1330
   837        0.00016230     0.000000E+000     0.931669E-006        0.1331
   838        0.00016349     0.000000E+000     0.934154E-006        0.1333
   839        0.00016430     0.000000E+000     0.932184E-006        0.1335
   840        0.00016512     0.000000E+000     0.930318E-006        0.1336
   841        0.00016636     0.000000E+000     0.933207E-006        0.1338
   842        0.00016721     0.000000E+000     0.931540E-006        0.1340
   843        0.00016806     0.000000E+000     0.929982E-006        0.1341
   844        0.00016936     0.000000E+000     0.933304E-006        0.1343
   845        0.00017024     0.000000E+000     0.931959E-006        0.1345
   846        0.00017113     0.000000E+000     0.930728E-006        0.1346
   847        0.00017203     0.000000E+000     0.929615E-006        0.1348
   848        0.00017341     0.000000E+000     0.933558E-006        0.1350
   849        0.00017434     0.000000E+000     0.932680E-006        0.1351
   850        0.00017529     0.000000E+000     0.931925E-006        0.1353
   851        0.00017624     0.000000E+000     0.931298E-006        0.1355
   852        0.00017722     0.000000E+000     0.930800E-006        0.1357
   853        0.00017820     0.000000E+000     0.930435E-006        0.1358
   854        0.00017920     0.000000E+000     0.930203E-006        0.1360
   855        0.00018021     0.000000E+000     0.930109E-006        0.1362
   856        0.00018124     0.000000E+000     0.930154E-006        0.1364
   857        0.00018228     0.000000E+000     0.930342E-006        0.1366
   858        0.00018334     0.000000E+000     0.930676E-006        0.1367
   859        0.00018441     0.000000E+000     0.931158E-006        0.1369
   860        0.00018550     0.000000E+000     0.931791E-006        0.1371
   861        0.00018660     0.000000E+000     0.932578E-006        0.1373
   862        0.00018772     0.000000E+000     0.933524E-006        0.1375
   863        0.00018886     0.000000E+000     0.934630E-006        0.1377
   864        0.00019001     0.000000E+000     0.935900E-006        0.1379
   865        0.00019060     0.000000E+000     0.931602E-006        0.1381
   866        0.00019178     0.000000E+000     0.933195E-006        0.1382
   867        0.00019298     0.000000E+000     0.934960E-006        0.1384
   868        0.00019359     0.000000E+000     0.931023E-006        0.1386
   869        0.00019483     0.000000E+000     0.933122E-006        0.1388
   870        0.00019608     0.000000E+000     0.935402E-006        0.1390
   871        0.00019671     0.000000E+000     0.931829E-006        0.1392
   872        0.00019800     0.000000E+000     0.934454E-006        0.1394
   873        0.00019865     0.000000E+000     0.931135E-006        0.1396
   874        0.00019997     0.000000E+000     0.934111E-006        0.1398
   875        0.00020064     0.000000E+000     0.931045E-006        0.1400
   876        0.00020200     0.000000E+000     0.934376E-006        0.1402
   877        0.00020268     0.000000E+000     0.931561E-006        0.1404
   878        0.00020408     0.000000E+000     0.935253E-006        0.1406
   879        0.00020478     0.000000E+000     0.932685E-006        0.1408
   880        0.00020621     0.000000E+000     0.936744E-006        0.1410
   881        0.00020694     0.000000E+000     0.934420E-006        0.1412
   882        0.00020767     0.000000E+000     0.932228E-006        0.1414
   883        0.00020916     0.000000E+000     0.936820E-006        0.1416
   884        0.00020992     0.000000E+000     0.934865E-006        0.1419
   885        0.00021068     0.000000E+000     0.933035E-006        0.1421
   886        0.00021145     0.000000E+000     0.931330E-006        0.1423
   887        0.00021302     0.000000E+000     0.936619E-006        0.1425
   888        0.00021381     0.000000E+000     0.935138E-006        0.1427
   889        0.00021462     0.000000E+000     0.933775E-006        0.1429
   890        0.00021543     0.000000E+000     0.932527E-006        0.1431
   891        0.00021625     0.000000E+000     0.931392E-006        0.1433
   892        0.00021708     0.000000E+000     0.930367E-006        0.1436
   893        0.00021877     0.000000E+000     0.936672E-006        0.1438
   894        0.00021963     0.000000E+000     0.935854E-006        0.1440
   895        0.00022050     0.000000E+000     0.935141E-006        0.1442
   896        0.00022138     0.000000E+000     0.934531E-006        0.1444
   897        0.00022227     0.000000E+000     0.934024E-006        0.1447
   898        0.00022317     0.000000E+000     0.933616E-006        0.1449
   899        0.00022408     0.000000E+000     0.933306E-006        0.1451
   900        0.00022500     0.000000E+000     0.933092E-006        0.1453
   901        0.00022593     0.000000E+000     0.932973E-006        0.1456
   902        0.00022688     0.000000E+000     0.932948E-006        0.1458
   903        0.00022784     0.000000E+000     0.933015E-006        0.1460
   904        0.00022881     0.000000E+000     0.933173E-006        0.1462
   905        0.00022979     0.000000E+000     0.933422E-006        0.1465
   906        0.00023078     0.000000E+000     0.933760E-006        0.1467
   907        0.00023179     0.000000E+000     0.934187E-006        0.1469
   908        0.00023281     0.000000E+000     0.934702E-006        0.1472
   909        0.00023385     0.000000E+000     0.935304E-006        0.1474
   910        0.00023489     0.000000E+000     0.935995E-006        0.1476
   911        0.00023596     0.000000E+000     0.936772E-006        0.1479
   912        0.00023703     0.000000E+000     0.937637E-006        0.1481
   913        0.00023813     0.000000E+000     0.938590E-006        0.1483
   914        0.00023923     0.000000E+000     0.939631E-006        0.1486
   915        0.00023923     0.000000E+000     0.932018E-006        0.1488
   916        0.00024036     0.000000E+000     0.933218E-006        0.1490
   917        0.00024151     0.000000E+000     0.934507E-006        0.1493
   918        0.00024267     0.000000E+000     0.935884E-006        0.1495
   919        0.00024385     0.000000E+000     0.937351E-006        0.1498
   920        0.00024504     0.000000E+000     0.938909E-006        0.1500
   921        0.00024504     0.000000E+000     0.931347E-006        0.1503
   922        0.00024626     0.000000E+000     0.933064E-006        0.1505
   923        0.00024750     0.000000E+000     0.934874E-006        0.1507
   924        0.00024876     0.000000E+000     0.936780E-006        0.1510
   925        0.00025003     0.000000E+000     0.938782E-006        0.1512
   926        0.00025003     0.000000E+000     0.931240E-006        0.1515
   927        0.00025133     0.000000E+000     0.933407E-006        0.1517
   928        0.00025266     0.000000E+000     0.935674E-006        0.1520
   929        0.00025400     0.000000E+000     0.938044E-006        0.1522
   930        0.00025400     0.000000E+000     0.930521E-006        0.1525
   931        0.00025537     0.000000E+000     0.933062E-006        0.1528
   932        0.00025677     0.000000E+000     0.935711E-006        0.1530
   933        0.00025819     0.000000E+000     0.938470E-006        0.1533
   934        0.00025819     0.000000E+000     0.930949E-006        0.1535
   935        0.00025964     0.000000E+000     0.933889E-006        0.1538
   936        0.00026111     0.000000E+000     0.936946E-006        0.1540
   937        0.00026111     0.000000E+000     0.929447E-006        0.1543
   938        0.00026262     0.000000E+000     0.932692E-006        0.1546
   939        0.00026416     0.000000E+000     0.936062E-006        0.1548
   940        0.00026416     0.000000E+000     0.928577E-006        0.1551
   941        0.00026573     0.000000E+000     0.932144E-006        0.1554
   942        0.00026733     0.000000E+000     0.935844E-006        0.1556
   943        0.00026733     0.000000E+000     0.928364E-006        0.1559
   944        0.00026897     0.000000E+000     0.932271E-006        0.1562
   945        0.00027064     0.000000E+000     0.936320E-006        0.1564
   946        0.00027064     0.000000E+000     0.928837E-006        0.1567
   947        0.00027235     0.000000E+000     0.933104E-006        0.1570
   948        0.00027410     0.000000E+000     0.937525E-006        0.1572
   949        0.00027410     0.000000E+000     0.930029E-006        0.1575
   950        0.00027589     0.000000E+000     0.934680E-006        0.1578
   951        0.00027589     0.000000E+000     0.927219E-006        0.1581
   952        0.00027773     0.000000E+000     0.932108E-006        0.1583
   953        0.00027961     0.000000E+000     0.937171E-006        0.1586
   954        0.00027961     0.000000E+000     0.929678E-006        0.1589
   955        0.00028154     0.000000E+000     0.934994E-006        0.1592
   956        0.00028154     0.000000E+000     0.927525E-006        0.1595
   957        0.00028352     0.000000E+000     0.933103E-006        0.1597
   958        0.00028352     0.000000E+000     0.925653E-006        0.1600
   959        0.00028556     0.000000E+000     0.931504E-006        0.1603
   960        0.00028764     0.000000E+000     0.937560E-006        0.1606
   961        0.00028764     0.000000E+000     0.930048E-006        0.1609
   962        0.00028979     0.000000E+000     0.936396E-006        0.1612
   963        0.00028979     0.000000E+000     0.928891E-006        0.1615
   964        0.00029200     0.000000E+000     0.935542E-006        0.1617
   965        0.00029200     0.000000E+000     0.928037E-006        0.1620
   966        0.00029428     0.000000E+000     0.935006E-006        0.1623
   967        0.00029428     0.000000E+000     0.927495E-006        0.1626
   968        0.00029664     0.000000E+000     0.934794E-006        0.1629
   969        0.00029664     0.000000E+000     0.927270E-006        0.1632
   970        0.00029907     0.000000E+000     0.934915E-006        0.1635
   971        0.00029907     0.000000E+000     0.927372E-006        0.1638
   972        0.00030158     0.000000E+000     0.935379E-006        0.1641
   973        0.00030158     0.000000E+000     0.927809E-006        0.1644
   974        0.00030418     0.000000E+000     0.936197E-006        0.1647
   975        0.00030418     0.000000E+000     0.928592E-006        0.1650
   976        0.00030687     0.000000E+000     0.937380E-006        0.1653
   977        0.00030687     0.000000E+000     0.929733E-006        0.1656
   978        0.00030687     0.000000E+000     0.922162E-006        0.1659
   979        0.00030969     0.000000E+000     0.931465E-006        0.1662
   980        0.00030969     0.000000E+000     0.923840E-006        0.1666
   981        0.00031261     0.000000E+000     0.933594E-006        0.1669
   982        0.00031261     0.000000E+000     0.925903E-006        0.1672
   983        0.00031565     0.000000E+000     0.936136E-006        0.1675
   984        0.00031565     0.000000E+000     0.928371E-006        0.1678
   985        0.00031565     0.000000E+000     0.920679E-006        0.1681
   986        0.00031883     0.000000E+000     0.931526E-006        0.1684
   987        0.00031883     0.000000E+000     0.923745E-006        0.1688
   988        0.00032215     0.000000E+000     0.935143E-006        0.1691
   989        0.00032215     0.000000E+000     0.927261E-006        0.1694
   990        0.00032215     0.000000E+000     0.919448E-006        0.1697
   991        0.00032566     0.000000E+000     0.931554E-006        0.1700
   992        0.00032566     0.000000E+000     0.923625E-006        0.1704
   993        0.00032566     0.000000E+000     0.915764E-006        0.1707
   994        0.00032936     0.000000E+000     0.928639E-006        0.1710
   995        0.00032936     0.000000E+000     0.920644E-006        0.1713
   996        0.00033323     0.000000E+000     0.934230E-006        0.1717
   997        0.00033323     0.000000E+000     0.926087E-006        0.1720
   998        0.00033323     0.000000E+000     0.918010E-006        0.1723
   999        0.00033735     0.000000E+000     0.932514E-006        0.1727
  1000        0.00033735     0.000000E+000     0.924269E-006        0.1730
  1001        0.00033735     0.000000E+000     0.916089E-006        0.1733
  1002        0.00034173     0.000000E+000     0.931612E-006        0.1737
  1003        0.00034173     0.000000E+000     0.923243E-006        0.1740
  1004        0.00034173     0.000000E+000     0.914939E-006        0.1744
  1005        0.00034641     0.000000E+000     0.931604E-006        0.1747
  1006        0.00034641     0.000000E+000     0.923088E-006        0.1751
  1007        0.00034641     0.000000E+000     0.914636E-006        0.1754
  1008        0.00035143     0.000000E+000     0.932592E-006        0.1758
  1009        0.00035143     0.000000E+000     0.923902E-006        0.1761
  1010        0.00035143     0.000000E+000     0.915277E-006        0.1765
  1011        0.00035143     0.000000E+000     0.906717E-006        0.1768
  1012        0.00035692     0.000000E+000     0.926385E-006        0.1772
  1013        0.00035692     0.000000E+000     0.917552E-006        0.1775
  1014        0.00035692     0.000000E+000     0.908785E-006        0.1779
  1015        0.00036287     0.000000E+000     0.930201E-006        0.1782
  1016        0.00036287     0.000000E+000     0.921128E-006        0.1786
  1017        0.00036287     0.000000E+000     0.912124E-006        0.1790
  1018        0.00036287     0.000000E+000     0.903187E-006        0.1793
  1019        0.00036947     0.000000E+000     0.926982E-006        0.1797
  1020        0.00036947     0.000000E+000     0.917694E-006        0.1800
  1021        0.00036947     0.000000E+000     0.908476E-006        0.1804
  1022        0.00036947     0.000000E+000     0.899328E-006        0.1808
  1023        0.00037686     0.000000E+000     0.926048E-006        0.1812
  1024        0.00037686     0.000000E+000     0.916493E-006        0.1815
  1025        0.00037686     0.000000E+000     0.907013E-006        0.1819
  1026        0.00037686     0.000000E+000     0.897608E-006        0.1823
  1027        0.00037686     0.000000E+000     0.888277E-006        0.1827
  1028        0.00038542     0.000000E+000     0.919235E-006        0.1830
  1029        0.00038542     0.000000E+000     0.909416E-006        0.1834
  1030        0.00038542     0.000000E+000     0.899679E-006        0.1838
  1031        0.00038542     0.000000E+000     0.890021E-006        0.1842
  1032        0.00038542     0.000000E+000     0.880444E-006        0.1846
  1033        0.00039556     0.000000E+000     0.917158E-006        0.1850
  1034        0.00039556     0.000000E+000     0.906984E-006        0.1854
  1035        0.00039556     0.000000E+000     0.896898E-006        0.1858
  1036        0.00039556     0.000000E+000     0.886900E-006        0.1862
  1037        0.00039556     0.000000E+000     0.876990E-006        0.1866
  1038        0.00040792     0.000000E+000     0.921930E-006        0.1869
  1039        0.00040792     0.000000E+000     0.911262E-006        0.1874
  1040        0.00040792     0.000000E+000     0.900694E-006        0.1878
  1041        0.00040792     0.000000E+000     0.890224E-006        0.1882
  1042        0.00040792     0.000000E+000     0.879854E-006        0.1886
  1043        0.00040792     0.000000E+000     0.869582E-006        0.1890
  1044        0.00040792     0.000000E+000     0.859409E-006        0.1894
  1045        0.00040792     0.000000E+000     0.849334E-006        0.1898
  1046        0.00042566     0.000000E+000     0.913529E-006        0.1902
  1047        0.00042566     0.000000E+000     0.902318E-006        0.1906
  1048        0.00042566     0.000000E+000     0.891221E-006        0.1911
  1049        0.00042566     0.000000E+000     0.880241E-006        0.1915
  1050        0.00042566     0.000000E+000     0.869375E-006        0.1919
  1051        0.00042566     0.000000E+000     0.858624E-006        0.1923
  1052        0.00042566     0.000000E+000     0.847988E-006        0.1928
  1053        0.00042566     0.000000E+000     0.837467E-006        0.1932
  1054        0.00042566     0.000000E+000     0.827059E-006        0.1936
  1055        0.00042566     0.000000E+000     0.816765E-006        0.1940
  1056        0.00042566     0.000000E+000     0.806584E-006        0.1945
  1057        0.00042566     0.000000E+000     0.796515E-006        0.1949
  1058        0.00042566     0.000000E+000     0.786559E-006        0.1953
  1059        0.00042566     0.000000E+000     0.776715E-006        0.1957
  1060        0.00042566     0.000000E+000     0.766981E-006        0.1962
  1061        0.00042566     0.000000E+000     0.757358E-006        0.1966
  1062        0.00042566     0.000000E+000     0.747846E-006        0.1970
  1063        0.00042566     0.000000E+000     0.738442E-006        0.1974
  1064        0.00042566     0.000000E+000     0.729148E-006        0.1979
  1065        0.00042566     0.000000E+000     0.719961E-006        0.1983
  1066        0.00042566     0.000000E+000     0.710882E-006        0.1987
  1067        0.00042566     0.000000E+000     0.701910E-006        0.1991
  1068        0.00042566     0.000000E+000     0.693044E-006        0.1996
  1069        0.00047847     0.000000E+000     0.863502E-006        0.2000
  1070        0.00049513     0.000000E+000     0.911203E-006        0.2005
  1071        0.00050267     0.000000E+000     0.925200E-006        0.2010
  1072        0.00050525     0.000000E+000     0.920706E-006        0.2015
  1073        0.00051051     0.000000E+000     0.925761E-006        0.2020
  1074        0.00051320     0.000000E+000     0.921275E-006        0.2025
  1075        0.00051869     0.000000E+000     0.926602E-006        0.2030
  1076        0.00052149     0.000000E+000     0.922129E-006        0.2035
  1077        0.00052722     0.000000E+000     0.927750E-006        0.2040
  1078        0.00053015     0.000000E+000     0.923296E-006        0.2046
  1079        0.00053313     0.000000E+000     0.918891E-006        0.2051
  1080        0.00053922     0.000000E+000     0.924950E-006        0.2056
  1081        0.00054234     0.000000E+000     0.920572E-006        0.2062
  1082        0.00054872     0.000000E+000     0.926990E-006        0.2067
  1083        0.00055199     0.000000E+000     0.922646E-006        0.2073
  1084        0.00055531     0.000000E+000     0.918361E-006        0.2078
  1085        0.00056213     0.000000E+000     0.925312E-006        0.2084
  1086        0.00056562     0.000000E+000     0.921072E-006        0.2089
  1087        0.00056917     0.000000E+000     0.916896E-006        0.2095
  1088        0.00057647     0.000000E+000     0.924448E-006        0.2101
  1089        0.00058021     0.000000E+000     0.920330E-006        0.2106
  1090        0.00058403     0.000000E+000     0.916282E-006        0.2112
  1091        0.00059187     0.000000E+000     0.924513E-006        0.2118
  1092        0.00059590     0.000000E+000     0.920537E-006        0.2124
  1093        0.00060001     0.000000E+000     0.916641E-006        0.2130
  1094        0.00060420     0.000000E+000     0.912826E-006        0.2136
  1095        0.00061283     0.000000E+000     0.922040E-006        0.2142
  1096        0.00061728     0.000000E+000     0.918319E-006        0.2148
  1097        0.00062181     0.000000E+000     0.914689E-006        0.2154
  1098        0.00062645     0.000000E+000     0.911153E-006        0.2161
  1099        0.00063602     0.000000E+000     0.921530E-006        0.2167
  1100        0.00064095     0.000000E+000     0.918116E-006        0.2173
  1101        0.00064600     0.000000E+000     0.914808E-006        0.2180
  1102        0.00065116     0.000000E+000     0.911610E-006        0.2186
  1103        0.00065646     0.000000E+000     0.908526E-006        0.2193
  1104        0.00066740     0.000000E+000     0.920607E-006        0.2199
  1105        0.00067306     0.000000E+000     0.917693E-006        0.2206
  1106        0.00067886     0.000000E+000     0.914908E-006        0.2213
  1107        0.00068481     0.000000E+000     0.912258E-006        0.2219
  1108        0.00069093     0.000000E+000     0.909749E-006        0.2226
  1109        0.00069721     0.000000E+000     0.907386E-006        0.2233
  1110        0.00070366     0.000000E+000     0.905176E-006        0.2240
  1111        0.00071030     0.000000E+000     0.903124E-006        0.2247
  1112        0.00072409     0.000000E+000     0.918696E-006        0.2254
  1113        0.00073126     0.000000E+000     0.916938E-006        0.2261
  1114        0.00073865     0.000000E+000     0.915369E-006        0.2269
  1115        0.00074626     0.000000E+000     0.914000E-006        0.2276
  1116        0.00075412     0.000000E+000     0.912840E-006        0.2284
  1117        0.00076223     0.000000E+000     0.911901E-006        0.2291
  1118        0.00077061     0.000000E+000     0.911195E-006        0.2299
  1119        0.00077926     0.000000E+000     0.910735E-006        0.2306
  1120        0.00078822     0.000000E+000     0.910537E-006        0.2314
  1121        0.00079749     0.000000E+000     0.910616E-006        0.2322
  1122        0.00080710     0.000000E+000     0.910990E-006        0.2330
  1123        0.00081707     0.000000E+000     0.911678E-006        0.2338
  1124        0.00082741     0.000000E+000     0.912702E-006        0.2346
  1125        0.00083815     0.000000E+000     0.914084E-006        0.2355
  1126        0.00084933     0.000000E+000     0.915851E-006        0.2363
  1127        0.00086096     0.000000E+000     0.918031E-006        0.2371
  1128        0.00086096     0.000000E+000     0.895448E-006        0.2380
  1129        0.00087326     0.000000E+000     0.898418E-006        0.2389
  1130        0.00088611     0.000000E+000     0.901879E-006        0.2397
  1131        0.00089953     0.000000E+000     0.905870E-006        0.2406
  1132        0.00091359     0.000000E+000     0.910439E-006        0.2415
  1133        0.00092832     0.000000E+000     0.915635E-006        0.2424
  1134        0.00092832     0.000000E+000     0.891779E-006        0.2434
  1135        0.00094406     0.000000E+000     0.898081E-006        0.2443
  1136        0.00096062     0.000000E+000     0.905155E-006        0.2452
  1137        0.00097809     0.000000E+000     0.913079E-006        0.2462
  1138        0.00097809     0.000000E+000     0.888374E-006        0.2472
  1139        0.00099689     0.000000E+000     0.897724E-006        0.2482
  1140        0.00101683     0.000000E+000     0.908149E-006        0.2492
  1141        0.00101683     0.000000E+000     0.882906E-006        0.2502
  1142        0.00103847     0.000000E+000     0.895082E-006        0.2512
  1143        0.00106154     0.000000E+000     0.908653E-006        0.2522
  1144        0.00106154     0.000000E+000     0.882621E-006        0.2533
  1145        0.00108682     0.000000E+000     0.898412E-006        0.2544
  1146        0.00108682     0.000000E+000     0.872289E-006        0.2554
  1147        0.00111469     0.000000E+000     0.890656E-006        0.2565
  1148        0.00111469     0.000000E+000     0.864328E-006        0.2576
  1149        0.00114565     0.000000E+000     0.885734E-006        0.2588
  1150        0.00114565     0.000000E+000     0.859062E-006        0.2599
  1151        0.00118037     0.000000E+000     0.884123E-006        0.2610
  1152        0.00118037     0.000000E+000     0.856935E-006        0.2622
  1153        0.00121971     0.000000E+000     0.886492E-006        0.2634
  1154        0.00121971     0.000000E+000     0.858568E-006        0.2646
  1155        0.00126489     0.000000E+000     0.893800E-006        0.2658
  1156        0.00126489     0.000000E+000     0.864854E-006        0.2671
  1157        0.00126489     0.000000E+000     0.836953E-006        0.2684
  1158        0.00131988     0.000000E+000     0.881339E-006        0.2696
  1159        0.00131988     0.000000E+000     0.851911E-006        0.2710
  1160        0.00131988     0.000000E+000     0.823565E-006        0.2723
  1161        0.00138935     0.000000E+000     0.881420E-006        0.2736
  1162        0.00138935     0.000000E+000     0.850782E-006        0.2750
  1163        0.00138935     0.000000E+000     0.821302E-006        0.2764
  1164        0.00138935     0.000000E+000     0.792927E-006        0.2778
  1165        0.00148859     0.000000E+000     0.877675E-006        0.2792
  1166        0.00148859     0.000000E+000     0.845404E-006        0.2806
  1167        0.00148859     0.000000E+000     0.814398E-006        0.2821
  1168        0.00148859     0.000000E+000     0.784599E-006        0.2836
  1169        0.00148859     0.000000E+000     0.755950E-006        0.2851
  1170        0.00148859     0.000000E+000     0.728401E-006        0.2866
  1171        0.00148859     0.000000E+000     0.701901E-006        0.2881
  1172        0.00148859     0.000000E+000     0.676405E-006        0.2896
  1173        0.00148859     0.000000E+000     0.651869E-006        0.2911
  1174        0.00148859     0.000000E+000     0.628250E-006        0.2926
  1175        0.00148859     0.000000E+000     0.605511E-006        0.2940
  1176        0.00148859     0.000000E+000     0.583614E-006        0.2955
  1177        0.00148859     0.000000E+000     0.562524E-006        0.2970
  1178        0.00148859     0.000000E+000     0.542208E-006        0.2985
  1179        0.00181818     0.000000E+000     0.776118E-006        0.3000
  1180        0.00192513     0.000000E+000     0.830669E-006        0.3018
  1181        0.00200535     0.000000E+000     0.858531E-006        0.3037
  1182        0.00204894     0.000000E+000     0.852447E-006        0.3057
  1183        0.00209551     0.000000E+000     0.847086E-006        0.3078
  1184        0.00214540     0.000000E+000     0.842513E-006        0.3099
  1185        0.00219904     0.000000E+000     0.838808E-006        0.3120
  1186        0.00225691     0.000000E+000     0.836068E-006        0.3142
  1187        0.00231960     0.000000E+000     0.834414E-006        0.3165
  1188        0.00238782     0.000000E+000     0.833993E-006        0.3188
  1189        0.00246244     0.000000E+000     0.834994E-006        0.3212
  1190        0.00254452     0.000000E+000     0.837655E-006        0.3237
  1191        0.00263540     0.000000E+000     0.842282E-006        0.3262
  1192        0.00273676     0.000000E+000     0.849273E-006        0.3288
  1193        0.00285079     0.000000E+000     0.859159E-006        0.3316
  1194        0.00285079     0.000000E+000     0.799917E-006        0.3344
  1195        0.00298654     0.000000E+000     0.815644E-006        0.3373
  1196        0.00314373     0.000000E+000     0.836381E-006        0.3403
  1197        0.00314373     0.000000E+000     0.772555E-006        0.3434
  1198        0.00334021     0.000000E+000     0.803120E-006        0.3466
  1199        0.00334021     0.000000E+000     0.737810E-006        0.3499
  1200        0.00359715     0.000000E+000     0.782968E-006        0.3532
  1201        0.00359715     0.000000E+000     0.714224E-006        0.3568
  1202        0.00395687     0.000000E+000     0.783974E-006        0.3604
  1203        0.00395687     0.000000E+000     0.708141E-006        0.3644
  1204        0.00395687     0.000000E+000     0.639422E-006        0.3683
  1205        0.00395687     0.000000E+000     0.577175E-006        0.3723
  1206        0.00474824     0.000000E+000     0.741305E-006        0.3763
  1207        0.00474824     0.000000E+000     0.655050E-006        0.3810
  1208        0.00474824     0.000000E+000     0.578570E-006        0.3858
  1209        0.00474824     0.000000E+000     0.510798E-006        0.3905
  1210        0.00474824     0.000000E+000     0.450777E-006        0.3953
  1211        0.00625000     0.000000E+000     0.673878E-006        0.4000
  1212        0.00669643     0.000000E+000     0.651266E-006        0.4063
  1213        0.00725446     0.000000E+000     0.634458E-006        0.4129
  1214        0.00797991     0.000000E+000     0.625891E-006        0.4202
  1215        0.00897740     0.000000E+000     0.630463E-006        0.4282
  1216        0.01047363     0.000000E+000     0.659646E-006        0.4372
  1217        0.01047363     0.000000E+000     0.497402E-006        0.4476
  1218        0.01047363     0.000000E+000     0.374673E-006        0.4581
  1219        0.01047363     0.000000E+000     0.281973E-006        0.4686
  1220        0.01047363     0.000000E+000     0.212046E-006        0.4791
  1221        0.01047363     0.000000E+000     0.159358E-006        0.4895
  1222        0.01666667     0.000000E+000     0.277346E-006        0.5000
  1223        0.02083333     0.000000E+000     0.259249E-006        0.5167
  1224        0.03125000     0.000000E+000     0.286096E-006        0.5375
  1225        0.03125000     0.000000E+000     0.122180E-006        0.5688
  1226        0.05000000     0.000000E+000     0.104326E-006        0.6000
  1227        0.05000000     0.000000E+000     0.269796E-007        0.6500
  1228        0.10000000     0.000000E+000     0.154467E-007        0.7000
  1229        0.10000000     0.000000E+000     0.111104E-008        0.8000
  1230        0.10000000     0.000000E+000     0.827288E-010        0.9000
