#Update-step  Updatetime     Error of A        Error of phi      Time in fs
     1 *      0.05000000     0.000000E+000     0.454024E-006        0.0000
     1        0.05000000     0.000000E+000     0.688821E-006        0.0500
     2 *      0.02500000     0.000000E+000     0.886900E-006        0.1000
     2        0.02500000     0.000000E+000     0.160536E-006        0.1250
     3        0.05000000     0.000000E+000     0.258049E-006        0.1500
     4 *      0.02500000     0.000000E+000     0.433589E-006        0.2000
     4        0.02500000     0.000000E+000     0.131094E-005        0.2250
     5        0.01666667     0.000000E+000     0.606045E-007        0.2500
     6        0.03333333     0.000000E+000     0.111022E-006        0.2667
     7 *      0.02500000     0.000000E+000     0.263183E-005        0.3000
     7        0.02500000     0.000000E+000     0.113006E-006        0.3250
     8        0.05000000     0.000000E+000     0.208252E-006        0.3500
     9        0.05000000     0.000000E+000     0.229103E-006        0.4000
    10 *      0.02500000     0.000000E+000     0.240122E-005        0.4500
    10        0.02500000     0.000000E+000     0.832871E-006        0.4750
    11        0.02500000     0.000000E+000     0.146354E-006        0.5000
    12        0.03750000     0.000000E+000     0.136644E-006        0.5250
    13                                         0.158251E-004
    13        0.00187500     0.000000E+000     0.206724E-006        0.5625
    14 *      0.00148438     0.000000E+000     0.299505E-006        0.5644
    14        0.00148438     0.000000E+000     0.336559E-007        0.5659
    15        0.00544271     0.000000E+000     0.156102E-006        0.5673
    16        0.00907118     0.000000E+000     0.788386E-007        0.5728
    17        0.01814236     0.000000E+000     0.927074E-007        0.5819
    18        0.03333333     0.000000E+000     0.101325E-006        0.6000
    19                                         0.524290E-005
    19        0.00444444     0.000000E+000     0.151085E-006        0.6333
    20        0.00777778     0.000000E+000     0.822382E-007        0.6378
    21        0.01361111     0.000000E+000     0.732755E-007        0.6456
    22        0.02041667     0.000000E+000     0.666310E-007        0.6592
    23        0.02041667     0.000000E+000     0.388524E-007        0.6796
    24        0.05000000     0.000000E+000     0.160583E-006        0.7000
    25 *      0.02500000     0.000000E+000     0.104763E-005        0.7500
    25        0.02500000     0.000000E+000     0.696980E-006        0.7750
    26        0.02500000     0.000000E+000     0.123383E-006        0.8000
    27        0.03750000     0.000000E+000     0.127149E-006        0.8250
    28 *      0.01875000     0.000000E+000     0.287735E-006        0.8625
    28        0.01875000     0.000000E+000     0.423115E-007        0.8812
    29        0.05000000     0.000000E+000     0.249894E-006        0.9000
    30 *      0.02500000     0.000000E+000     0.307347E-006        0.9500
    30        0.02500000     0.000000E+000     0.685293E-007        0.9750
