#Update-step  Updatetime     Error of A        Error of phi      Time in fs
     1        0.05000000     0.000000E+000     0.906334E-017        0.0000
     2        0.05000000     0.000000E+000     0.100133E-018        0.0500
     3        0.10000000     0.000000E+000     0.297917E-015        0.1000
     4        0.10000000     0.000000E+000     0.128895E-016        0.2000
     5        0.10000000     0.000000E+000     0.139006E-017        0.3000
     6        0.10000000     0.000000E+000     0.182080E-018        0.4000
     7        0.10000000     0.000000E+000     0.255642E-019        0.5000
     8        0.10000000     0.000000E+000     0.368644E-020        0.6000
     9        0.10000000     0.000000E+000     0.536533E-021        0.7000
    10        0.10000000     0.000000E+000     0.790302E-022        0.8000
    11        0.10000000     0.000000E+000     0.125522E-022        0.9000
