#Update-step  Updatetime     Error of A        Error of phi      Time in fs
     1                                         0.772215E-004
     1 *      0.00166667     0.000000E+000     0.297900E-006        0.0000
     1        0.00166667     0.000000E+000     0.272248E-006        0.0017
     2        0.00284314     0.000000E+000     0.703716E-006        0.0033
     3        0.00312745     0.000000E+000     0.726590E-006        0.0062
     4        0.00335911     0.000000E+000     0.709822E-006        0.0093
     5        0.00363904     0.000000E+000     0.701452E-006        0.0127
     6        0.00398562     0.000000E+000     0.702231E-006        0.0163
     7        0.00442846     0.000000E+000     0.715413E-006        0.0203
     8        0.00470524     0.000000E+000     0.680965E-006        0.0247
     9 *      0.00252066     0.000000E+000     0.738226E-006        0.0294
     9        0.00252066     0.000000E+000     0.217566E-005        0.0319
    10        0.00192757     0.000000E+000     0.315323E-006        0.0345
    11 *      0.00138282     0.000000E+000     0.326630E-006        0.0364
    11        0.00138282     0.000000E+000     0.329856E-006        0.0378
    12        0.00217300     0.000000E+000     0.540946E-006        0.0392
    13        0.00266687     0.000000E+000     0.285225E-006        0.0413
    14        0.00400030     0.000000E+000     0.489102E-006        0.0440
    15        0.00472763     0.000000E+000     0.563201E-006        0.0480
    16        0.00525292     0.000000E+000     0.738652E-006        0.0527
    17        0.00525292     0.000000E+000     0.584567E-006        0.0580
    18 *      0.00306420     0.000000E+000     0.397215E-006        0.0632
    18        0.00306420     0.000000E+000     0.239378E-006        0.0663
    19 *      0.00255350     0.000000E+000     0.269626E-006        0.0694
    19        0.00255350     0.000000E+000     0.163824E-006        0.0719
    20        0.00510700     0.000000E+000     0.522558E-006        0.0745
    21 *      0.00255350     0.000000E+000     0.826841E-006        0.0796
    21        0.00255350     0.000000E+000     0.817363E-005        0.0821
    22        0.00109436     0.000000E+000     0.581824E-006        0.0847
    23        0.00129333     0.000000E+000     0.206952E-006        0.0858
    24        0.00215555     0.000000E+000     0.286470E-006        0.0871
    25        0.00269444     0.000000E+000     0.249915E-006        0.0892
    26        0.00404166     0.000000E+000     0.706629E-006        0.0919
    27 *      0.00202083     0.000000E+000     0.179630E-005        0.0960
    27        0.00202083     0.000000E+000     0.695756E-004        0.0980
    28        0.00038760     0.000000E+000     0.318575E-007        0.1000
    29        0.00104855     0.000000E+000     0.200966E-006        0.1004
    30        0.00179207     0.000000E+000     0.465539E-006        0.1014
    31        0.00230409     0.000000E+000     0.636241E-006        0.1032
    32        0.00262410     0.000000E+000     0.907100E-006        0.1055
    33 *      0.00131205     0.000000E+000     0.468657E-006        0.1082
    33        0.00131205     0.000000E+000     0.857417E-006        0.1095
    34 *      0.00071951     0.000000E+000     0.425249E-006        0.1108
    34        0.00071951     0.000000E+000     0.145844E-005        0.1115
    35 *      0.00032272     0.000000E+000     0.913385E-006        0.1122
    35        0.00032272     0.000000E+000     0.172724E-005        0.1125
    36 *      0.00013572     0.000000E+000     0.499314E-006        0.1129
    36        0.00013572     0.000000E+000     0.589572E-006        0.1130
    37 *      0.00008739     0.000000E+000     0.285210E-006        0.1131
    37        0.00008739     0.000000E+000     0.328970E-006        0.1132
    38 *      0.00007071     0.000000E+000     0.260046E-006        0.1133
    38        0.00007071     0.000000E+000     0.340393E-006        0.1134
    39 *      0.00005649     0.000000E+000     0.581810E-006        0.1135
    39        0.00005649     0.000000E+000     0.346083E-006        0.1135
    40        0.00008966     0.000000E+000     0.826099E-006        0.1136
    41        0.00009447     0.000000E+000     0.641769E-006        0.1137
    42        0.00010945     0.000000E+000     0.923553E-006        0.1137
    43 *      0.00005529     0.000000E+000     0.253119E-006        0.1139
    43        0.00005529     0.000000E+000     0.261330E-006        0.1139
    44        0.00009787     0.000000E+000     0.841212E-006        0.1140
    45        0.00010242     0.000000E+000     0.969864E-006        0.1141
    46 *      0.00005079     0.000000E+000     0.252519E-006        0.1142
    46        0.00005079     0.000000E+000     0.258259E-006        0.1142
    47        0.00009024     0.000000E+000     0.827784E-006        0.1143
    48 *      0.00004752     0.000000E+000     0.285331E-006        0.1144
    48        0.00004752     0.000000E+000     0.355832E-006        0.1144
    49        0.00007464     0.000000E+000     0.729971E-006        0.1145
    50        0.00008242     0.000000E+000     0.837266E-006        0.1145
    51        0.00008642     0.000000E+000     0.905574E-006        0.1146
    52        0.00008794     0.000000E+000     0.941082E-006        0.1147
    53 *      0.00004411     0.000000E+000     0.314760E-006        0.1148
    53        0.00004411     0.000000E+000     0.283341E-006        0.1148
    54        0.00007567     0.000000E+000     0.815803E-006        0.1149
    55        0.00008008     0.000000E+000     0.919002E-006        0.1150
    56        0.00008108     0.000000E+000     0.959028E-006        0.1150
    57        0.00008077     0.000000E+000     0.978631E-006        0.1151
    58 *      0.00003993     0.000000E+000     0.251195E-006        0.1152
    58        0.00003993     0.000000E+000     0.259546E-006        0.1152
    59        0.00007084     0.000000E+000     0.859323E-006        0.1153
    60 *      0.00003677     0.000000E+000     0.449880E-006        0.1153
    60        0.00003677     0.000000E+000     0.171902E-006        0.1154
    61        0.00007634     0.000000E+000     0.740962E-006        0.1154
    62        0.00008383     0.000000E+000     0.898097E-006        0.1155
    63        0.00008562     0.000000E+000     0.943455E-006        0.1156
    64        0.00008579     0.000000E+000     0.956314E-006        0.1157
    65        0.00008553     0.000000E+000     0.962857E-006        0.1157
    66        0.00008501     0.000000E+000     0.980491E-006        0.1158
    67        0.00008400     0.000000E+000     0.960919E-006        0.1159
    68        0.00008358     0.000000E+000     0.975723E-006        0.1160
    69        0.00008267     0.000000E+000     0.988129E-006        0.1161
    70 *      0.00004069     0.000000E+000     0.252193E-006        0.1162
    70        0.00004069     0.000000E+000     0.260006E-006        0.1162
    71        0.00007213     0.000000E+000     0.844726E-006        0.1163
    72 *      0.00003769     0.000000E+000     0.253318E-006        0.1163
    72        0.00003769     0.000000E+000     0.270523E-006        0.1164
    73        0.00006583     0.000000E+000     0.896545E-006        0.1164
    74 *      0.00003363     0.000000E+000     0.299782E-006        0.1165
    74        0.00003363     0.000000E+000     0.379943E-006        0.1165
    75 *      0.00002575     0.000000E+000     0.345301E-006        0.1165
    75        0.00002575     0.000000E+000     0.506573E-006        0.1166
    76        0.00003523     0.000000E+000     0.926298E-006        0.1166
    77        0.00003556     0.000000E+000     0.914623E-006        0.1166
    78        0.00003606     0.000000E+000     0.912411E-006        0.1167
    79        0.00003662     0.000000E+000     0.915352E-006        0.1167
    80        0.00003713     0.000000E+000     0.919180E-006        0.1167
    81        0.00003758     0.000000E+000     0.923292E-006        0.1168
    82        0.00003797     0.000000E+000     0.926795E-006        0.1168
    83        0.00003832     0.000000E+000     0.929663E-006        0.1168
    84        0.00003863     0.000000E+000     0.931153E-006        0.1169
    85        0.00003891     0.000000E+000     0.932370E-006        0.1169
    86        0.00003919     0.000000E+000     0.932801E-006        0.1170
    87        0.00003945     0.000000E+000     0.932002E-006        0.1170
    88        0.00003973     0.000000E+000     0.931348E-006        0.1170
    89        0.00004002     0.000000E+000     0.929609E-006        0.1171
    90        0.00004035     0.000000E+000     0.928296E-006        0.1171
    91        0.00004069     0.000000E+000     0.925341E-006        0.1172
    92        0.00004109     0.000000E+000     0.923272E-006        0.1172
    93        0.00004153     0.000000E+000     0.920184E-006        0.1172
    94        0.00004201     0.000000E+000     0.916978E-006        0.1173
    95        0.00004257     0.000000E+000     0.914660E-006        0.1173
    96        0.00004318     0.000000E+000     0.911492E-006        0.1174
    97        0.00004384     0.000000E+000     0.908641E-006        0.1174
    98        0.00004457     0.000000E+000     0.906330E-006        0.1174
    99        0.00004536     0.000000E+000     0.903847E-006        0.1175
   100        0.00004622     0.000000E+000     0.902468E-006        0.1175
   101        0.00004712     0.000000E+000     0.900475E-006        0.1176
   102        0.00004808     0.000000E+000     0.899209E-006        0.1176
   103        0.00004909     0.000000E+000     0.897991E-006        0.1177
   104        0.00005013     0.000000E+000     0.897249E-006        0.1177
   105        0.00005123     0.000000E+000     0.897530E-006        0.1178
   106        0.00005234     0.000000E+000     0.898413E-006        0.1178
   107        0.00005343     0.000000E+000     0.899631E-006        0.1179
   108        0.00005453     0.000000E+000     0.903515E-006        0.1179
   109        0.00005556     0.000000E+000     0.909278E-006        0.1180
   110        0.00005648     0.000000E+000     0.918006E-006        0.1180
   111        0.00005719     0.000000E+000     0.931655E-006        0.1181
   112 *      0.00002880     0.000000E+000     0.252771E-006        0.1182
   112        0.00002880     0.000000E+000     0.269324E-006        0.1182
   113        0.00005039     0.000000E+000     0.865811E-006        0.1182
   114 *      0.00002610     0.000000E+000     0.252129E-006        0.1183
   114        0.00002610     0.000000E+000     0.262606E-006        0.1183
   115        0.00004609     0.000000E+000     0.846806E-006        0.1183
   116        0.00004813     0.000000E+000     0.987083E-006        0.1184
   117 *      0.00002372     0.000000E+000     0.261117E-006        0.1184
   117        0.00002372     0.000000E+000     0.273461E-006        0.1184
   118        0.00004124     0.000000E+000     0.864277E-006        0.1185
   119 *      0.00002137     0.000000E+000     0.256396E-006        0.1185
   119        0.00002137     0.000000E+000     0.271786E-006        0.1185
   120        0.00003724     0.000000E+000     0.874711E-006        0.1185
   121 *      0.00001921     0.000000E+000     0.262547E-006        0.1186
   121        0.00001921     0.000000E+000     0.280696E-006        0.1186
   122        0.00003308     0.000000E+000     0.886983E-006        0.1186
   123 *      0.00001697     0.000000E+000     0.262538E-006        0.1187
   123        0.00001697     0.000000E+000     0.279015E-006        0.1187
   124        0.00002930     0.000000E+000     0.881306E-006        0.1187
   125 *      0.00001507     0.000000E+000     0.262044E-006        0.1187
   125        0.00001507     0.000000E+000     0.284521E-006        0.1187
   126        0.00002581     0.000000E+000     0.877595E-006        0.1187
   127        0.00002660     0.000000E+000     0.992622E-006        0.1188
   128        0.00002615     0.000000E+000     0.992933E-006        0.1188
   129        0.00002571     0.000000E+000     0.974325E-006        0.1188
   130        0.00002546     0.000000E+000     0.959380E-006        0.1189
   131        0.00002537     0.000000E+000     0.950458E-006        0.1189
   132        0.00002536     0.000000E+000     0.944872E-006        0.1189
   133        0.00002541     0.000000E+000     0.941198E-006        0.1189
   134        0.00002549     0.000000E+000     0.938655E-006        0.1190
   135        0.00002561     0.000000E+000     0.936235E-006        0.1190
   136        0.00002575     0.000000E+000     0.934029E-006        0.1190
   137        0.00002591     0.000000E+000     0.932091E-006        0.1190
   138        0.00002609     0.000000E+000     0.929855E-006        0.1191
   139        0.00002631     0.000000E+000     0.927926E-006        0.1191
   140        0.00002654     0.000000E+000     0.925692E-006        0.1191
   141        0.00002679     0.000000E+000     0.923130E-006        0.1191
   142        0.00002708     0.000000E+000     0.920822E-006        0.1192
   143        0.00002740     0.000000E+000     0.918735E-006        0.1192
   144        0.00002775     0.000000E+000     0.916201E-006        0.1192
   145        0.00002813     0.000000E+000     0.913139E-006        0.1192
   146        0.00002855     0.000000E+000     0.910040E-006        0.1193
   147        0.00002901     0.000000E+000     0.906706E-006        0.1193
   148        0.00002952     0.000000E+000     0.902784E-006        0.1193
   149        0.00003009     0.000000E+000     0.898426E-006        0.1194
   150        0.00003073     0.000000E+000     0.892939E-006        0.1194
   151        0.00003145     0.000000E+000     0.885540E-006        0.1194
   152        0.00003230     0.000000E+000     0.877850E-006        0.1195
   153        0.00003327     0.000000E+000     0.869807E-006        0.1195
   154        0.00003439     0.000000E+000     0.863983E-006        0.1195
   155        0.00003564     0.000000E+000     0.862454E-006        0.1196
   156        0.00003697     0.000000E+000     0.866370E-006        0.1196
   157        0.00003827     0.000000E+000     0.873120E-006        0.1196
   158        0.00003952     0.000000E+000     0.881674E-006        0.1197
   159        0.00004064     0.000000E+000     0.888840E-006        0.1197
   160        0.00004167     0.000000E+000     0.895640E-006        0.1197
   161        0.00004260     0.000000E+000     0.900842E-006        0.1198
   162        0.00004345     0.000000E+000     0.905525E-006        0.1198
   163        0.00004425     0.000000E+000     0.910135E-006        0.1199
   164        0.00004497     0.000000E+000     0.914153E-006        0.1199
   165        0.00004561     0.000000E+000     0.916945E-006        0.1200
   166        0.00004621     0.000000E+000     0.919904E-006        0.1200
   167        0.00004678     0.000000E+000     0.922393E-006        0.1201
   168        0.00004731     0.000000E+000     0.923828E-006        0.1201
   169        0.00004779     0.000000E+000     0.923715E-006        0.1201
   170        0.00004828     0.000000E+000     0.923873E-006        0.1202
   171        0.00004878     0.000000E+000     0.924035E-006        0.1202
   172        0.00004929     0.000000E+000     0.924005E-006        0.1203
   173        0.00004979     0.000000E+000     0.922506E-006        0.1203
   174        0.00005032     0.000000E+000     0.921754E-006        0.1204
   175        0.00005090     0.000000E+000     0.921750E-006        0.1204
   176        0.00005146     0.000000E+000     0.920174E-006        0.1205
   177        0.00005207     0.000000E+000     0.919453E-006        0.1205
   178        0.00005269     0.000000E+000     0.918499E-006        0.1206
   179        0.00005336     0.000000E+000     0.918670E-006        0.1206
   180        0.00005402     0.000000E+000     0.917683E-006        0.1207
   181        0.00005473     0.000000E+000     0.918223E-006        0.1208
   182        0.00005542     0.000000E+000     0.918007E-006        0.1208
   183        0.00005612     0.000000E+000     0.918555E-006        0.1209
   184        0.00005681     0.000000E+000     0.918861E-006        0.1209
   185        0.00005751     0.000000E+000     0.920525E-006        0.1210
   186        0.00005819     0.000000E+000     0.922346E-006        0.1210
   187        0.00005884     0.000000E+000     0.924073E-006        0.1211
   188        0.00005946     0.000000E+000     0.925181E-006        0.1212
   189        0.00006005     0.000000E+000     0.925154E-006        0.1212
   190        0.00006065     0.000000E+000     0.925085E-006        0.1213
   191        0.00006127     0.000000E+000     0.924871E-006        0.1213
   192        0.00006189     0.000000E+000     0.924517E-006        0.1214
   193        0.00006253     0.000000E+000     0.924072E-006        0.1215
   194        0.00006319     0.000000E+000     0.923594E-006        0.1215
   195        0.00006386     0.000000E+000     0.923139E-006        0.1216
   196        0.00006454     0.000000E+000     0.922752E-006        0.1216
   197        0.00006524     0.000000E+000     0.922476E-006        0.1217
   198        0.00006596     0.000000E+000     0.922339E-006        0.1218
   199        0.00006669     0.000000E+000     0.922369E-006        0.1218
   200        0.00006744     0.000000E+000     0.922580E-006        0.1219
   201        0.00006814     0.000000E+000     0.921386E-006        0.1220
   202        0.00006893     0.000000E+000     0.921965E-006        0.1220
   203        0.00006967     0.000000E+000     0.921116E-006        0.1221
   204        0.00007049     0.000000E+000     0.926477E-006        0.1222
   205        0.00007113     0.000000E+000     0.944783E-006        0.1223
   206        0.00007126     0.000000E+000     0.964438E-006        0.1223
   207        0.00007081     0.000000E+000     0.949976E-006        0.1224
   208        0.00007081     0.000000E+000     0.937091E-006        0.1225
   209        0.00007113     0.000000E+000     0.947353E-006        0.1225
   210        0.00007120     0.000000E+000     0.931964E-006        0.1226
   211        0.00007166     0.000000E+000     0.942120E-006        0.1227
   212        0.00007186     0.000000E+000     0.937221E-006        0.1228
   213        0.00007220     0.000000E+000     0.936209E-006        0.1228
   214        0.00007253     0.000000E+000     0.934137E-006        0.1229
   215        0.00007295     0.000000E+000     0.933042E-006        0.1230
   216        0.00007343     0.000000E+000     0.932943E-006        0.1230
   217        0.00007393     0.000000E+000     0.932085E-006        0.1231
   218        0.00007443     0.000000E+000     0.930484E-006        0.1232
   219        0.00007501     0.000000E+000     0.929983E-006        0.1233
   220        0.00007560     0.000000E+000     0.928861E-006        0.1233
   221        0.00007621     0.000000E+000     0.927200E-006        0.1234
   222        0.00007689     0.000000E+000     0.926924E-006        0.1235
   223        0.00007760     0.000000E+000     0.926273E-006        0.1236
   224        0.00007831     0.000000E+000     0.925294E-006        0.1236
   225        0.00007904     0.000000E+000     0.924012E-006        0.1237
   226        0.00007987     0.000000E+000     0.924345E-006        0.1238
   227        0.00008063     0.000000E+000     0.922450E-006        0.1239
   228        0.00008150     0.000000E+000     0.922181E-006        0.1240
   229        0.00008238     0.000000E+000     0.921578E-006        0.1240
   230        0.00008329     0.000000E+000     0.920617E-006        0.1241
   231        0.00008421     0.000000E+000     0.919279E-006        0.1242
   232        0.00008526     0.000000E+000     0.919594E-006        0.1243
   233        0.00008623     0.000000E+000     0.917458E-006        0.1244
   234        0.00008732     0.000000E+000     0.917013E-006        0.1245
   235        0.00008845     0.000000E+000     0.916191E-006        0.1246
   236        0.00008961     0.000000E+000     0.915008E-006        0.1246
   237        0.00009080     0.000000E+000     0.913492E-006        0.1247
   238        0.00009213     0.000000E+000     0.913906E-006        0.1248
   239        0.00009339     0.000000E+000     0.911967E-006        0.1249
   240        0.00009481     0.000000E+000     0.912731E-006        0.1250
   241        0.00009615     0.000000E+000     0.912146E-006        0.1251
   242        0.00009753     0.000000E+000     0.909745E-006        0.1252
   243        0.00009908     0.000000E+000     0.910593E-006        0.1253
   244        0.00010068     0.000000E+000     0.910710E-006        0.1254
   245        0.00010220     0.000000E+000     0.908094E-006        0.1255
   246        0.00010391     0.000000E+000     0.907952E-006        0.1256
   247        0.00010569     0.000000E+000     0.907952E-006        0.1257
   248        0.00010737     0.000000E+000     0.905593E-006        0.1258
   249        0.00010927     0.000000E+000     0.906139E-006        0.1259
   250        0.00011124     0.000000E+000     0.907063E-006        0.1260
   251        0.00011312     0.000000E+000     0.905685E-006        0.1261
   252        0.00011506     0.000000E+000     0.904760E-006        0.1262
   253        0.00011707     0.000000E+000     0.904340E-006        0.1264
   254        0.00011916     0.000000E+000     0.904480E-006        0.1265
   255        0.00012132     0.000000E+000     0.905231E-006        0.1266
   256        0.00012337     0.000000E+000     0.903634E-006        0.1267
   257        0.00012570     0.000000E+000     0.905754E-006        0.1268
   258        0.00012790     0.000000E+000     0.905498E-006        0.1270
   259        0.00013018     0.000000E+000     0.905977E-006        0.1271
   260        0.00013231     0.000000E+000     0.903974E-006        0.1272
   261        0.00013477     0.000000E+000     0.906024E-006        0.1274
   262        0.00013706     0.000000E+000     0.905533E-006        0.1275
   263        0.00013944     0.000000E+000     0.905834E-006        0.1276
   264        0.00014190     0.000000E+000     0.906954E-006        0.1278
   265        0.00014417     0.000000E+000     0.905328E-006        0.1279
   266        0.00014682     0.000000E+000     0.908135E-006        0.1281
   267        0.00014926     0.000000E+000     0.908088E-006        0.1282
   268        0.00015179     0.000000E+000     0.908857E-006        0.1284
   269        0.00015408     0.000000E+000     0.906597E-006        0.1285
   270        0.00015679     0.000000E+000     0.909086E-006        0.1287
   271        0.00015925     0.000000E+000     0.908548E-006        0.1288
   272        0.00016179     0.000000E+000     0.909190E-006        0.1290
   273        0.00016442     0.000000E+000     0.911939E-006        0.1291
   274        0.00016674     0.000000E+000     0.917927E-006        0.1293
   275        0.00016874     0.000000E+000     0.943485E-006        0.1295
   276 *      0.00008457     0.000000E+000     0.414073E-006        0.1296
   276        0.00008457     0.000000E+000     0.113305E-005        0.1297
   277        0.00008417     0.000000E+000     0.289269E-006        0.1298
   278        0.00012959     0.000000E+000     0.546945E-006        0.1299
   279        0.00015905     0.000000E+000     0.747065E-006        0.1300
   280        0.00017412     0.000000E+000     0.851336E-006        0.1302
   281        0.00018137     0.000000E+000     0.888464E-006        0.1304
   282        0.00018574     0.000000E+000     0.899342E-006        0.1305
   283        0.00018929     0.000000E+000     0.903056E-006        0.1307
   284        0.00019245     0.000000E+000     0.903328E-006        0.1309
   285        0.00019573     0.000000E+000     0.904716E-006        0.1311
   286        0.00019914     0.000000E+000     0.907028E-006        0.1313
   287        0.00020267     0.000000E+000     0.910178E-006        0.1315
   288        0.00020573     0.000000E+000     0.908682E-006        0.1317
   289        0.00020888     0.000000E+000     0.907790E-006        0.1319
   290        0.00021214     0.000000E+000     0.907465E-006        0.1321
   291        0.00021552     0.000000E+000     0.907682E-006        0.1323
   292        0.00021902     0.000000E+000     0.908426E-006        0.1325
   293        0.00022265     0.000000E+000     0.909688E-006        0.1328
   294        0.00022565     0.000000E+000     0.905415E-006        0.1330
   295        0.00022952     0.000000E+000     0.907690E-006        0.1332
   296        0.00023273     0.000000E+000     0.904209E-006        0.1334
   297        0.00023689     0.000000E+000     0.907504E-006        0.1337
   298        0.00024033     0.000000E+000     0.904810E-006        0.1339
   299        0.00024480     0.000000E+000     0.909163E-006        0.1341
   300        0.00024851     0.000000E+000     0.907271E-006        0.1344
   301        0.00025235     0.000000E+000     0.905800E-006        0.1346
   302        0.00025632     0.000000E+000     0.904755E-006        0.1349
   303        0.00026044     0.000000E+000     0.904145E-006        0.1352
   304        0.00026471     0.000000E+000     0.903980E-006        0.1354
   305        0.00026914     0.000000E+000     0.904269E-006        0.1357
   306        0.00027374     0.000000E+000     0.905026E-006        0.1359
   307        0.00027852     0.000000E+000     0.906267E-006        0.1362
   308        0.00028350     0.000000E+000     0.908007E-006        0.1365
   309        0.00028736     0.000000E+000     0.902115E-006        0.1368
   310        0.00029271     0.000000E+000     0.904872E-006        0.1371
   311        0.00029687     0.000000E+000     0.899706E-006        0.1374
   312        0.00030263     0.000000E+000     0.903537E-006        0.1377
   313        0.00030713     0.000000E+000     0.899113E-006        0.1380
   314        0.00031337     0.000000E+000     0.904088E-006        0.1383
   315        0.00031824     0.000000E+000     0.900432E-006        0.1386
   316        0.00032329     0.000000E+000     0.897196E-006        0.1389
   317        0.00033032     0.000000E+000     0.903998E-006        0.1392
   318        0.00033582     0.000000E+000     0.901575E-006        0.1396
   319        0.00034155     0.000000E+000     0.899591E-006        0.1399
   320        0.00034750     0.000000E+000     0.898049E-006        0.1402
   321        0.00035371     0.000000E+000     0.896964E-006        0.1406
   322        0.00036018     0.000000E+000     0.896338E-006        0.1409
   323        0.00036693     0.000000E+000     0.896180E-006        0.1413
   324        0.00037399     0.000000E+000     0.896502E-006        0.1417
   325        0.00038137     0.000000E+000     0.897319E-006        0.1420
   326        0.00038910     0.000000E+000     0.898648E-006        0.1424
   327        0.00039721     0.000000E+000     0.900508E-006        0.1428
   328        0.00040284     0.000000E+000     0.890341E-006        0.1432
   329        0.00041166     0.000000E+000     0.893277E-006        0.1436
   330        0.00042095     0.000000E+000     0.896824E-006        0.1440
   331        0.00042742     0.000000E+000     0.887416E-006        0.1444
   332        0.00043760     0.000000E+000     0.892221E-006        0.1449
   333        0.00044472     0.000000E+000     0.883464E-006        0.1453
   334        0.00045593     0.000000E+000     0.889742E-006        0.1457
   335        0.00046379     0.000000E+000     0.881789E-006        0.1462
   336        0.00047621     0.000000E+000     0.889888E-006        0.1467
   337        0.00048495     0.000000E+000     0.883021E-006        0.1471
   338        0.00049410     0.000000E+000     0.876935E-006        0.1476
   339        0.00050863     0.000000E+000     0.888681E-006        0.1481
   340        0.00051891     0.000000E+000     0.884420E-006        0.1486
   341        0.00052972     0.000000E+000     0.881398E-006        0.1491
   342        0.00054111     0.000000E+000     0.879807E-006        0.1497
   343        0.00055313     0.000000E+000     0.879865E-006        0.1502
   344        0.00056585     0.000000E+000     0.881814E-006        0.1508
   345        0.00057932     0.000000E+000     0.885926E-006        0.1513
   346        0.00059363     0.000000E+000     0.892497E-006        0.1519
   347        0.00060114     0.000000E+000     0.879448E-006        0.1525
   348        0.00061696     0.000000E+000     0.891356E-006        0.1531
   349        0.00062530     0.000000E+000     0.882362E-006        0.1537
   350        0.00064291     0.000000E+000     0.899852E-006        0.1544
   351        0.00065223     0.000000E+000     0.894219E-006        0.1550
   352        0.00066196     0.000000E+000     0.889766E-006        0.1556
   353        0.00067215     0.000000E+000     0.886205E-006        0.1563
   354        0.00068282     0.000000E+000     0.883497E-006        0.1570
   355        0.00069401     0.000000E+000     0.881748E-006        0.1577
   356        0.00070577     0.000000E+000     0.881163E-006        0.1584
   357        0.00071815     0.000000E+000     0.882021E-006        0.1591
   358        0.00073121     0.000000E+000     0.884657E-006        0.1598
   359        0.00074501     0.000000E+000     0.889453E-006        0.1605
   360        0.00075962     0.000000E+000     0.896833E-006        0.1613
   361        0.00077512     0.000000E+000     0.907265E-006        0.1620
   362        0.00077512     0.000000E+000     0.883589E-006        0.1628
   363        0.00079197     0.000000E+000     0.900548E-006        0.1636
   364        0.00079197     0.000000E+000     0.881674E-006        0.1644
   365        0.00081039     0.000000E+000     0.906260E-006        0.1652
   366        0.00081039     0.000000E+000     0.892408E-006        0.1660
   367        0.00081039     0.000000E+000     0.881481E-006        0.1668
   368        0.00083117     0.000000E+000     0.918205E-006        0.1676
   369        0.00083117     0.000000E+000     0.911644E-006        0.1684
   370        0.00083117     0.000000E+000     0.907065E-006        0.1692
   371        0.00083117     0.000000E+000     0.904759E-006        0.1701
   372        0.00083117     0.000000E+000     0.905058E-006        0.1709
   373        0.00083117     0.000000E+000     0.907455E-006        0.1717
   374        0.00083117     0.000000E+000     0.911610E-006        0.1726
   375        0.00083117     0.000000E+000     0.917263E-006        0.1734
   376        0.00083117     0.000000E+000     0.924164E-006        0.1742
   377        0.00083117     0.000000E+000     0.932064E-006        0.1751
   378        0.00083117     0.000000E+000     0.940736E-006        0.1759
   379        0.00083117     0.000000E+000     0.949995E-006        0.1767
   380        0.00083117     0.000000E+000     0.959793E-006        0.1776
   381        0.00080038     0.000000E+000     0.899857E-006        0.1784
   382        0.00080038     0.000000E+000     0.907934E-006        0.1792
   383        0.00080038     0.000000E+000     0.916017E-006        0.1800
   384        0.00080038     0.000000E+000     0.923594E-006        0.1808
   385        0.00080038     0.000000E+000     0.930495E-006        0.1816
   386        0.00080038     0.000000E+000     0.936590E-006        0.1824
   387        0.00080038     0.000000E+000     0.941791E-006        0.1832
   388        0.00080038     0.000000E+000     0.946044E-006        0.1840
   389        0.00080038     0.000000E+000     0.949314E-006        0.1848
   390        0.00080038     0.000000E+000     0.951586E-006        0.1856
   391        0.00080038     0.000000E+000     0.952867E-006        0.1864
   392        0.00080038     0.000000E+000     0.953187E-006        0.1872
   393        0.00080038     0.000000E+000     0.952625E-006        0.1880
   394        0.00080038     0.000000E+000     0.951218E-006        0.1888
   395        0.00080038     0.000000E+000     0.949159E-006        0.1896
   396        0.00080038     0.000000E+000     0.946545E-006        0.1904
   397        0.00080038     0.000000E+000     0.943491E-006        0.1912
   398        0.00080038     0.000000E+000     0.940087E-006        0.1920
   399        0.00080038     0.000000E+000     0.936398E-006        0.1928
   400        0.00080038     0.000000E+000     0.932463E-006        0.1936
   401        0.00080038     0.000000E+000     0.928301E-006        0.1944
   402        0.00080038     0.000000E+000     0.923925E-006        0.1952
   403        0.00080038     0.000000E+000     0.919338E-006        0.1960
   404        0.00080038     0.000000E+000     0.914547E-006        0.1968
   405        0.00080038     0.000000E+000     0.909556E-006        0.1976
   406        0.00080038     0.000000E+000     0.904374E-006        0.1984
   407        0.00080038     0.000000E+000     0.899011E-006        0.1992
   408        0.00081301     0.000000E+000     0.921613E-006        0.2000
   409        0.00081973     0.000000E+000     0.930707E-006        0.2008
   410        0.00081973     0.000000E+000     0.924447E-006        0.2016
   411        0.00082667     0.000000E+000     0.933513E-006        0.2025
   412        0.00082667     0.000000E+000     0.926815E-006        0.2033
   413        0.00083386     0.000000E+000     0.935905E-006        0.2041
   414        0.00083386     0.000000E+000     0.928806E-006        0.2049
   415        0.00083386     0.000000E+000     0.921617E-006        0.2058
   416        0.00084137     0.000000E+000     0.930740E-006        0.2066
   417        0.00084137     0.000000E+000     0.923243E-006        0.2074
   418        0.00084917     0.000000E+000     0.932587E-006        0.2083
   419        0.00084917     0.000000E+000     0.924884E-006        0.2091
   420        0.00085725     0.000000E+000     0.934610E-006        0.2100
   421        0.00085725     0.000000E+000     0.926863E-006        0.2108
   422        0.00085725     0.000000E+000     0.919281E-006        0.2117
   423        0.00086574     0.000000E+000     0.929877E-006        0.2126
   424        0.00086574     0.000000E+000     0.922600E-006        0.2134
   425        0.00087457     0.000000E+000     0.934243E-006        0.2143
   426        0.00087457     0.000000E+000     0.927515E-006        0.2152
   427        0.00087457     0.000000E+000     0.921230E-006        0.2160
   428        0.00088388     0.000000E+000     0.934762E-006        0.2169
   429        0.00088388     0.000000E+000     0.929253E-006        0.2178
   430        0.00088388     0.000000E+000     0.924231E-006        0.2187
   431        0.00088388     0.000000E+000     0.919679E-006        0.2196
   432        0.00089381     0.000000E+000     0.936002E-006        0.2205
   433        0.00089381     0.000000E+000     0.932195E-006        0.2213
   434        0.00089381     0.000000E+000     0.928779E-006        0.2222
   435        0.00089381     0.000000E+000     0.925711E-006        0.2231
   436        0.00089381     0.000000E+000     0.922947E-006        0.2240
   437        0.00089381     0.000000E+000     0.920437E-006        0.2249
   438        0.00090471     0.000000E+000     0.940342E-006        0.2258
   439        0.00090471     0.000000E+000     0.938120E-006        0.2267
   440        0.00090471     0.000000E+000     0.935999E-006        0.2276
   441        0.00090471     0.000000E+000     0.933922E-006        0.2285
   442        0.00090471     0.000000E+000     0.931832E-006        0.2294
   443        0.00090471     0.000000E+000     0.929673E-006        0.2303
   444        0.00090471     0.000000E+000     0.927390E-006        0.2312
   445        0.00090471     0.000000E+000     0.924931E-006        0.2321
   446        0.00090471     0.000000E+000     0.922247E-006        0.2331
   447        0.00090471     0.000000E+000     0.919296E-006        0.2340
   448        0.00090471     0.000000E+000     0.916037E-006        0.2349
   449        0.00090471     0.000000E+000     0.912439E-006        0.2358
   450        0.00091782     0.000000E+000     0.934539E-006        0.2367
   451        0.00091782     0.000000E+000     0.930017E-006        0.2376
   452        0.00091782     0.000000E+000     0.925064E-006        0.2385
   453        0.00091782     0.000000E+000     0.919674E-006        0.2394
   454        0.00091782     0.000000E+000     0.913843E-006        0.2403
   455        0.00091782     0.000000E+000     0.907575E-006        0.2413
   456        0.00093262     0.000000E+000     0.929628E-006        0.2422
   457        0.00093262     0.000000E+000     0.922181E-006        0.2431
   458        0.00093262     0.000000E+000     0.914289E-006        0.2440
   459        0.00093262     0.000000E+000     0.905969E-006        0.2450
   460        0.00094899     0.000000E+000     0.928392E-006        0.2459
   461        0.00094899     0.000000E+000     0.918812E-006        0.2469
   462        0.00094899     0.000000E+000     0.908826E-006        0.2478
   463        0.00094899     0.000000E+000     0.898456E-006        0.2488
   464        0.00096724     0.000000E+000     0.921530E-006        0.2497
   465        0.00096724     0.000000E+000     0.909850E-006        0.2507
   466        0.00096724     0.000000E+000     0.897825E-006        0.2516
   467        0.00098739     0.000000E+000     0.922028E-006        0.2526
   468        0.00098739     0.000000E+000     0.908632E-006        0.2536
   469        0.00098739     0.000000E+000     0.894942E-006        0.2546
   470        0.00100983     0.000000E+000     0.920685E-006        0.2556
   471        0.00100983     0.000000E+000     0.905561E-006        0.2566
   472        0.00100983     0.000000E+000     0.890210E-006        0.2576
   473        0.00103507     0.000000E+000     0.918058E-006        0.2586
   474        0.00103507     0.000000E+000     0.901201E-006        0.2596
   475        0.00103507     0.000000E+000     0.884196E-006        0.2607
   476        0.00106383     0.000000E+000     0.914937E-006        0.2617
   477        0.00106383     0.000000E+000     0.896336E-006        0.2628
   478        0.00106383     0.000000E+000     0.877681E-006        0.2638
   479        0.00106383     0.000000E+000     0.859008E-006        0.2649
   480        0.00109814     0.000000E+000     0.894340E-006        0.2660
   481        0.00109814     0.000000E+000     0.873958E-006        0.2671
   482        0.00109814     0.000000E+000     0.853662E-006        0.2682
   483        0.00113881     0.000000E+000     0.895107E-006        0.2693
   484        0.00113881     0.000000E+000     0.872877E-006        0.2704
   485        0.00113881     0.000000E+000     0.850855E-006        0.2715
   486        0.00118833     0.000000E+000     0.901240E-006        0.2727
   487        0.00118833     0.000000E+000     0.876919E-006        0.2739
   488        0.00118833     0.000000E+000     0.852943E-006        0.2750
   489        0.00118833     0.000000E+000     0.829346E-006        0.2762
   490        0.00118833     0.000000E+000     0.806155E-006        0.2774
   491        0.00125823     0.000000E+000     0.876354E-006        0.2786
   492        0.00125823     0.000000E+000     0.850029E-006        0.2799
   493        0.00125823     0.000000E+000     0.824278E-006        0.2811
   494        0.00125823     0.000000E+000     0.799120E-006        0.2824
   495        0.00125823     0.000000E+000     0.774572E-006        0.2836
   496        0.00125823     0.000000E+000     0.750647E-006        0.2849
   497        0.00125823     0.000000E+000     0.727354E-006        0.2862
   498        0.00125823     0.000000E+000     0.704697E-006        0.2874
   499        0.00125823     0.000000E+000     0.682679E-006        0.2887
   500        0.00125823     0.000000E+000     0.661300E-006        0.2899
   501        0.00125823     0.000000E+000     0.640558E-006        0.2912
   502        0.00125823     0.000000E+000     0.620448E-006        0.2925
   503        0.00125823     0.000000E+000     0.600964E-006        0.2937
   504        0.00125823     0.000000E+000     0.582099E-006        0.2950
   505        0.00125823     0.000000E+000     0.563844E-006        0.2962
   506        0.00125823     0.000000E+000     0.546189E-006        0.2975
   507        0.00125823     0.000000E+000     0.529123E-006        0.2987
   508        0.00156250     0.000000E+000     0.784942E-006        0.3000
   509        0.00166843     0.000000E+000     0.858819E-006        0.3016
   510        0.00172802     0.000000E+000     0.882924E-006        0.3032
   511        0.00176002     0.000000E+000     0.877332E-006        0.3050
   512        0.00179387     0.000000E+000     0.872570E-006        0.3067
   513        0.00182974     0.000000E+000     0.868738E-006        0.3085
   514        0.00186786     0.000000E+000     0.865953E-006        0.3103
   515        0.00190847     0.000000E+000     0.864354E-006        0.3122
   516        0.00195184     0.000000E+000     0.864108E-006        0.3141
   517        0.00199832     0.000000E+000     0.865420E-006        0.3161
   518        0.00204827     0.000000E+000     0.868556E-006        0.3181
   519        0.00210218     0.000000E+000     0.873862E-006        0.3201
   520        0.00216057     0.000000E+000     0.881814E-006        0.3222
   521        0.00216057     0.000000E+000     0.843626E-006        0.3244
   522        0.00222604     0.000000E+000     0.857560E-006        0.3265
   523        0.00229785     0.000000E+000     0.875503E-006        0.3288
   524        0.00229785     0.000000E+000     0.838935E-006        0.3311
   525        0.00237991     0.000000E+000     0.859684E-006        0.3334
   526        0.00247145     0.000000E+000     0.882342E-006        0.3357
   527        0.00247145     0.000000E+000     0.838793E-006        0.3382
   528        0.00257890     0.000000E+000     0.867469E-006        0.3407
   529        0.00257890     0.000000E+000     0.824075E-006        0.3433
   530        0.00270785     0.000000E+000     0.862638E-006        0.3458
   531        0.00270785     0.000000E+000     0.819185E-006        0.3486
   532        0.00286713     0.000000E+000     0.871544E-006        0.3513
   533        0.00286713     0.000000E+000     0.827098E-006        0.3541
   534        0.00286713     0.000000E+000     0.785823E-006        0.3570
   535        0.00286713     0.000000E+000     0.747447E-006        0.3599
   536        0.00310606     0.000000E+000     0.833356E-006        0.3627
   537        0.00310606     0.000000E+000     0.791305E-006        0.3658
   538        0.00310606     0.000000E+000     0.752272E-006        0.3689
   539        0.00310606     0.000000E+000     0.715993E-006        0.3720
   540        0.00310606     0.000000E+000     0.682229E-006        0.3752
   541        0.00310606     0.000000E+000     0.650769E-006        0.3783
   542        0.00310606     0.000000E+000     0.621420E-006        0.3814
   543        0.00310606     0.000000E+000     0.594009E-006        0.3845
   544        0.00310606     0.000000E+000     0.568381E-006        0.3876
   545        0.00310606     0.000000E+000     0.544392E-006        0.3907
   546        0.00310606     0.000000E+000     0.521915E-006        0.3938
   547        0.00310606     0.000000E+000     0.500832E-006        0.3969
   548        0.00384615     0.000000E+000     0.733591E-006        0.4000
   549        0.00418060     0.000000E+000     0.823580E-006        0.4038
   550        0.00437968     0.000000E+000     0.857404E-006        0.4080
   551        0.00437968     0.000000E+000     0.813779E-006        0.4124
   552        0.00462299     0.000000E+000     0.860489E-006        0.4168
   553        0.00462299     0.000000E+000     0.817077E-006        0.4214
   554        0.00462299     0.000000E+000     0.777170E-006        0.4260
   555        0.00495321     0.000000E+000     0.848066E-006        0.4307
   556        0.00495321     0.000000E+000     0.806640E-006        0.4356
   557        0.00495321     0.000000E+000     0.768680E-006        0.4406
   558        0.00495321     0.000000E+000     0.733884E-006        0.4455
   559        0.00495321     0.000000E+000     0.701985E-006        0.4505
   560        0.00495321     0.000000E+000     0.672758E-006        0.4554
   561        0.00495321     0.000000E+000     0.646003E-006        0.4604
   562        0.00495321     0.000000E+000     0.621548E-006        0.4653
   563        0.00495321     0.000000E+000     0.599246E-006        0.4703
   564        0.00495321     0.000000E+000     0.578968E-006        0.4752
   565        0.00495321     0.000000E+000     0.560606E-006        0.4802
   566        0.00495321     0.000000E+000     0.544068E-006        0.4851
   567        0.00495321     0.000000E+000     0.529278E-006        0.4901
   568        0.00495321     0.000000E+000     0.516176E-006        0.4950
   569        0.00588235     0.000000E+000     0.706540E-006        0.5000
   570        0.00627451     0.000000E+000     0.782617E-006        0.5059
   571        0.00675716     0.000000E+000     0.885354E-006        0.5122
   572        0.00675716     0.000000E+000     0.870112E-006        0.5189
   573        0.00675716     0.000000E+000     0.860377E-006        0.5257
   574        0.00675716     0.000000E+000     0.856220E-006        0.5324
   575        0.00675716     0.000000E+000     0.857865E-006        0.5392
   576        0.00675716     0.000000E+000     0.865679E-006        0.5459
   577        0.00675716     0.000000E+000     0.880175E-006        0.5527
   578        0.00675716     0.000000E+000     0.902047E-006        0.5595
   579        0.00675716     0.000000E+000     0.932211E-006        0.5662
   580 *      0.00337858     0.000000E+000     0.254426E-006        0.5730
   580        0.00337858     0.000000E+000     0.261289E-006        0.5763
   581        0.00506787     0.000000E+000     0.590935E-006        0.5797
   582        0.00506787     0.000000E+000     0.618908E-006        0.5848
   583        0.00506787     0.000000E+000     0.652230E-006        0.5899
   584        0.00506787     0.000000E+000     0.691656E-006        0.5949
   585        0.00555556     0.000000E+000     0.880254E-006        0.6000
   586 *      0.00277778     0.000000E+000     0.250647E-006        0.6056
   586        0.00277778     0.000000E+000     0.262301E-006        0.6083
   587        0.00467836     0.000000E+000     0.752146E-006        0.6111
   588        0.00495356     0.000000E+000     0.910101E-006        0.6158
   589 *      0.00247678     0.000000E+000     0.264399E-006        0.6207
   589        0.00247678     0.000000E+000     0.279099E-006        0.6232
   590        0.00412797     0.000000E+000     0.788703E-006        0.6257
   591 *      0.00219298     0.000000E+000     0.257543E-006        0.6298
   591        0.00219298     0.000000E+000     0.272762E-006        0.6320
   592        0.00365497     0.000000E+000     0.772585E-006        0.6342
   593 *      0.00194170     0.000000E+000     0.253893E-006        0.6379
   593        0.00194170     0.000000E+000     0.269697E-006        0.6398
   594        0.00323617     0.000000E+000     0.765244E-006        0.6417
   595 *      0.00171922     0.000000E+000     0.253161E-006        0.6450
   595        0.00171922     0.000000E+000     0.269738E-006        0.6467
   596        0.00286536     0.000000E+000     0.766563E-006        0.6484
   597 *      0.00152222     0.000000E+000     0.255517E-006        0.6513
   597        0.00152222     0.000000E+000     0.273203E-006        0.6528
   598        0.00253704     0.000000E+000     0.777759E-006        0.6543
   599 *      0.00134780     0.000000E+000     0.261655E-006        0.6569
   599        0.00134780     0.000000E+000     0.281006E-006        0.6582
   600        0.00224634     0.000000E+000     0.801846E-006        0.6596
   601 *      0.00119337     0.000000E+000     0.273002E-006        0.6618
   601        0.00119337     0.000000E+000     0.294942E-006        0.6630
   602        0.00198894     0.000000E+000     0.844612E-006        0.6642
   603 *      0.00099447     0.000000E+000     0.260009E-006        0.6662
   603        0.00099447     0.000000E+000     0.281883E-006        0.6672
   604        0.00167490     0.000000E+000     0.826061E-006        0.6682
   605 *      0.00083745     0.000000E+000     0.256796E-006        0.6699
   605        0.00083745     0.000000E+000     0.279861E-006        0.6707
   606        0.00142366     0.000000E+000     0.838914E-006        0.6715
   607 *      0.00071183     0.000000E+000     0.264061E-006        0.6730
   607        0.00071183     0.000000E+000     0.289601E-006        0.6737
   608        0.00116482     0.000000E+000     0.813319E-006        0.6744
   609 *      0.00061153     0.000000E+000     0.281842E-006        0.6755
   609        0.00061153     0.000000E+000     0.310736E-006        0.6762
   610        0.00101035     0.000000E+000     0.892995E-006        0.6768
   611 *      0.00050518     0.000000E+000     0.283436E-006        0.6778
   611        0.00050518     0.000000E+000     0.311417E-006        0.6783
   612        0.00081605     0.000000E+000     0.855956E-006        0.6788
   613 *      0.00040803     0.000000E+000     0.265187E-006        0.6796
   613        0.00040803     0.000000E+000     0.287421E-006        0.6800
   614        0.00067535     0.000000E+000     0.818407E-006        0.6804
   615 *      0.00035018     0.000000E+000     0.262887E-006        0.6811
   615        0.00035018     0.000000E+000     0.280495E-006        0.6814
   616        0.00058741     0.000000E+000     0.808247E-006        0.6818
   617        0.00060766     0.000000E+000     0.948707E-006        0.6824
   618 *      0.00030383     0.000000E+000     0.272287E-006        0.6830
   618        0.00030383     0.000000E+000     0.283265E-006        0.6833
   619        0.00051271     0.000000E+000     0.807399E-006        0.6836
   620        0.00052980     0.000000E+000     0.904531E-006        0.6841
   621        0.00052980     0.000000E+000     0.941985E-006        0.6846
   622 *      0.00026490     0.000000E+000     0.252990E-006        0.6852
   622        0.00026490     0.000000E+000     0.255466E-006        0.6854
   623        0.00046144     0.000000E+000     0.756347E-006        0.6857
   624        0.00049440     0.000000E+000     0.869139E-006        0.6862
   625        0.00049440     0.000000E+000     0.868050E-006        0.6867
   626        0.00049440     0.000000E+000     0.860858E-006        0.6871
   627        0.00049440     0.000000E+000     0.848722E-006        0.6876
   628        0.00051590     0.000000E+000     0.904132E-006        0.6881
   629        0.00051590     0.000000E+000     0.883165E-006        0.6887
   630        0.00051590     0.000000E+000     0.860261E-006        0.6892
   631        0.00051590     0.000000E+000     0.836413E-006        0.6897
   632        0.00051590     0.000000E+000     0.812398E-006        0.6902
   633        0.00054624     0.000000E+000     0.881343E-006        0.6907
   634        0.00054624     0.000000E+000     0.854565E-006        0.6913
   635        0.00054624     0.000000E+000     0.829144E-006        0.6918
   636        0.00054624     0.000000E+000     0.805280E-006        0.6924
   637        0.00054624     0.000000E+000     0.783059E-006        0.6929
   638        0.00054624     0.000000E+000     0.762487E-006        0.6934
   639        0.00054624     0.000000E+000     0.743521E-006        0.6940
   640        0.00054624     0.000000E+000     0.726079E-006        0.6945
   641        0.00054624     0.000000E+000     0.710065E-006        0.6951
   642        0.00054624     0.000000E+000     0.695372E-006        0.6956
   643        0.00054624     0.000000E+000     0.681890E-006        0.6962
   644        0.00054624     0.000000E+000     0.669514E-006        0.6967
   645        0.00054624     0.000000E+000     0.658144E-006        0.6973
   646        0.00054624     0.000000E+000     0.647686E-006        0.6978
   647        0.00054624     0.000000E+000     0.638053E-006        0.6984
   648        0.00054624     0.000000E+000     0.629167E-006        0.6989
   649        0.00054624     0.000000E+000     0.620959E-006        0.6995
   650        0.00063694     0.000000E+000     0.829509E-006        0.7000
   651        0.00066687     0.000000E+000     0.895777E-006        0.7006
   652        0.00068066     0.000000E+000     0.920625E-006        0.7013
   653        0.00068542     0.000000E+000     0.922070E-006        0.7020
   654        0.00069028     0.000000E+000     0.924455E-006        0.7027
   655        0.00069525     0.000000E+000     0.927736E-006        0.7034
   656        0.00070033     0.000000E+000     0.931881E-006        0.7041
   657        0.00070551     0.000000E+000     0.936863E-006        0.7048
   658        0.00070551     0.000000E+000     0.928897E-006        0.7055
   659        0.00071086     0.000000E+000     0.935352E-006        0.7062
   660        0.00071086     0.000000E+000     0.928501E-006        0.7069
   661        0.00071637     0.000000E+000     0.936323E-006        0.7076
   662        0.00071637     0.000000E+000     0.930453E-006        0.7083
   663        0.00072205     0.000000E+000     0.939580E-006        0.7090
   664        0.00072205     0.000000E+000     0.934595E-006        0.7097
   665        0.00072205     0.000000E+000     0.930080E-006        0.7105
   666        0.00072797     0.000000E+000     0.940988E-006        0.7112
   667        0.00072797     0.000000E+000     0.937257E-006        0.7119
   668        0.00072797     0.000000E+000     0.933947E-006        0.7126
   669        0.00072797     0.000000E+000     0.931042E-006        0.7134
   670        0.00072797     0.000000E+000     0.928527E-006        0.7141
   671        0.00073425     0.000000E+000     0.942154E-006        0.7148
   672        0.00073425     0.000000E+000     0.940347E-006        0.7156
   673        0.00073425     0.000000E+000     0.938914E-006        0.7163
   674        0.00073425     0.000000E+000     0.937850E-006        0.7170
   675        0.00073425     0.000000E+000     0.937149E-006        0.7178
   676        0.00073425     0.000000E+000     0.936807E-006        0.7185
   677        0.00073425     0.000000E+000     0.936822E-006        0.7192
   678        0.00073425     0.000000E+000     0.937191E-006        0.7200
   679        0.00073425     0.000000E+000     0.937913E-006        0.7207
   680        0.00073425     0.000000E+000     0.938987E-006        0.7214
   681        0.00073425     0.000000E+000     0.940413E-006        0.7222
   682        0.00073425     0.000000E+000     0.942189E-006        0.7229
   683        0.00073425     0.000000E+000     0.944314E-006        0.7236
   684        0.00073425     0.000000E+000     0.946789E-006        0.7244
   685        0.00073425     0.000000E+000     0.949609E-006        0.7251
   686        0.00073425     0.000000E+000     0.952771E-006        0.7258
   687        0.00072698     0.000000E+000     0.937761E-006        0.7266
   688        0.00072698     0.000000E+000     0.941477E-006        0.7273
   689        0.00072698     0.000000E+000     0.945499E-006        0.7280
   690        0.00072698     0.000000E+000     0.949810E-006        0.7288
   691        0.00072698     0.000000E+000     0.954392E-006        0.7295
   692        0.00071948     0.000000E+000     0.939891E-006        0.7302
   693        0.00071948     0.000000E+000     0.944777E-006        0.7309
   694        0.00071948     0.000000E+000     0.949828E-006        0.7316
   695        0.00071948     0.000000E+000     0.954996E-006        0.7324
   696        0.00071183     0.000000E+000     0.940259E-006        0.7331
   697        0.00071183     0.000000E+000     0.945317E-006        0.7338
   698        0.00071183     0.000000E+000     0.950293E-006        0.7345
   699        0.00071183     0.000000E+000     0.955103E-006        0.7352
   700        0.00070401     0.000000E+000     0.939039E-006        0.7359
   701        0.00070401     0.000000E+000     0.943088E-006        0.7366
   702        0.00070401     0.000000E+000     0.946683E-006        0.7373
   703        0.00070401     0.000000E+000     0.949713E-006        0.7380
   704        0.00070401     0.000000E+000     0.952071E-006        0.7388
   705        0.00069591     0.000000E+000     0.932222E-006        0.7395
   706        0.00069591     0.000000E+000     0.932945E-006        0.7402
   707        0.00069591     0.000000E+000     0.932892E-006        0.7408
   708        0.00069591     0.000000E+000     0.932276E-006        0.7415
   709        0.00069591     0.000000E+000     0.931702E-006        0.7422
   710        0.00069591     0.000000E+000     0.932025E-006        0.7429
   711        0.00069591     0.000000E+000     0.936446E-006        0.7436
   712        0.00069591     0.000000E+000     0.947728E-006        0.7443
   713        0.00069591     0.000000E+000     0.964654E-006        0.7450
   714        0.00068711     0.000000E+000     0.959639E-006        0.7457
   715        0.00067841     0.000000E+000     0.954988E-006        0.7464
   716        0.00066982     0.000000E+000     0.949756E-006        0.7471
   717        0.00066982     0.000000E+000     0.967230E-006        0.7478
   718        0.00066123     0.000000E+000     0.958924E-006        0.7484
   719        0.00065276     0.000000E+000     0.948828E-006        0.7491
   720        0.00065276     0.000000E+000     0.955267E-006        0.7497
   721        0.00064428     0.000000E+000     0.941169E-006        0.7504
   722        0.00064428     0.000000E+000     0.947536E-006        0.7510
   723        0.00064428     0.000000E+000     0.955481E-006        0.7517
   724        0.00063569     0.000000E+000     0.934588E-006        0.7523
   725        0.00063569     0.000000E+000     0.939546E-006        0.7530
   726        0.00063569     0.000000E+000     0.942358E-006        0.7536
   727        0.00063569     0.000000E+000     0.944236E-006        0.7542
   728        0.00063569     0.000000E+000     0.944018E-006        0.7549
   729        0.00063569     0.000000E+000     0.942026E-006        0.7555
   730        0.00063569     0.000000E+000     0.937637E-006        0.7561
   731        0.00063569     0.000000E+000     0.932434E-006        0.7568
   732        0.00063569     0.000000E+000     0.925446E-006        0.7574
   733        0.00063569     0.000000E+000     0.916478E-006        0.7580
   734        0.00063569     0.000000E+000     0.911731E-006        0.7587
   735        0.00064578     0.000000E+000     0.922374E-006        0.7593
   736        0.00064578     0.000000E+000     0.912947E-006        0.7600
   737        0.00064578     0.000000E+000     0.903204E-006        0.7606
   738        0.00065672     0.000000E+000     0.924606E-006        0.7613
   739        0.00065672     0.000000E+000     0.914406E-006        0.7619
   740        0.00065672     0.000000E+000     0.900089E-006        0.7626
   741        0.00066866     0.000000E+000     0.922078E-006        0.7632
   742        0.00066866     0.000000E+000     0.908698E-006        0.7639
   743        0.00066866     0.000000E+000     0.897803E-006        0.7646
   744        0.00068178     0.000000E+000     0.920818E-006        0.7652
   745        0.00068178     0.000000E+000     0.906919E-006        0.7659
   746        0.00068178     0.000000E+000     0.899500E-006        0.7666
   747        0.00069628     0.000000E+000     0.917519E-006        0.7673
   748        0.00069628     0.000000E+000     0.907495E-006        0.7680
   749        0.00069628     0.000000E+000     0.894903E-006        0.7687
   750        0.00071247     0.000000E+000     0.923266E-006        0.7694
   751        0.00071247     0.000000E+000     0.908768E-006        0.7701
   752        0.00071247     0.000000E+000     0.895947E-006        0.7708
   753        0.00071247     0.000000E+000     0.885270E-006        0.7715
   754        0.00073122     0.000000E+000     0.918737E-006        0.7722
   755        0.00073122     0.000000E+000     0.907420E-006        0.7729
   756        0.00073122     0.000000E+000     0.895817E-006        0.7737
   757        0.00073122     0.000000E+000     0.883355E-006        0.7744
   758        0.00073122     0.000000E+000     0.874688E-006        0.7751
   759        0.00075407     0.000000E+000     0.915170E-006        0.7759
   760        0.00075407     0.000000E+000     0.907733E-006        0.7766
   761        0.00075407     0.000000E+000     0.896866E-006        0.7774
   762        0.00075407     0.000000E+000     0.885145E-006        0.7781
   763        0.00075407     0.000000E+000     0.874709E-006        0.7789
   764        0.00075407     0.000000E+000     0.864283E-006        0.7796
   765        0.00075407     0.000000E+000     0.853086E-006        0.7804
   766        0.00078549     0.000000E+000     0.912574E-006        0.7811
   767        0.00078549     0.000000E+000     0.903697E-006        0.7819
   768        0.00078549     0.000000E+000     0.894329E-006        0.7827
   769        0.00078549     0.000000E+000     0.884237E-006        0.7835
   770        0.00078549     0.000000E+000     0.874273E-006        0.7843
   771        0.00078549     0.000000E+000     0.864404E-006        0.7851
   772        0.00078549     0.000000E+000     0.854588E-006        0.7859
   773        0.00078549     0.000000E+000     0.847250E-006        0.7866
   774        0.00078549     0.000000E+000     0.839278E-006        0.7874
   775        0.00078549     0.000000E+000     0.831165E-006        0.7882
   776        0.00078549     0.000000E+000     0.822921E-006        0.7890
   777        0.00078549     0.000000E+000     0.814115E-006        0.7898
   778        0.00078549     0.000000E+000     0.805829E-006        0.7906
   779        0.00078549     0.000000E+000     0.800231E-006        0.7914
   780        0.00078549     0.000000E+000     0.794327E-006        0.7921
   781        0.00078549     0.000000E+000     0.787002E-006        0.7929
   782        0.00078549     0.000000E+000     0.781335E-006        0.7937
   783        0.00078549     0.000000E+000     0.774947E-006        0.7945
   784        0.00078549     0.000000E+000     0.767214E-006        0.7953
   785        0.00078549     0.000000E+000     0.758273E-006        0.7961
   786        0.00078549     0.000000E+000     0.749331E-006        0.7969
   787        0.00078549     0.000000E+000     0.741998E-006        0.7976
   788        0.00078549     0.000000E+000     0.738909E-006        0.7984
   789        0.00078549     0.000000E+000     0.738739E-006        0.7992
   790        0.00086207     0.000000E+000     0.886467E-006        0.8000
   791        0.00088516     0.000000E+000     0.931286E-006        0.8009
   792        0.00088516     0.000000E+000     0.927536E-006        0.8017
   793        0.00089328     0.000000E+000     0.939819E-006        0.8026
   794        0.00089328     0.000000E+000     0.934712E-006        0.8035
   795        0.00089328     0.000000E+000     0.929300E-006        0.8044
   796        0.00089328     0.000000E+000     0.923698E-006        0.8053
   797        0.00090187     0.000000E+000     0.935293E-006        0.8062
   798        0.00090187     0.000000E+000     0.929307E-006        0.8071
   799        0.00090187     0.000000E+000     0.923038E-006        0.8080
   800        0.00091089     0.000000E+000     0.934516E-006        0.8089
   801        0.00091089     0.000000E+000     0.927060E-006        0.8098
   802        0.00091089     0.000000E+000     0.918723E-006        0.8107
   803        0.00092038     0.000000E+000     0.928079E-006        0.8116
   804        0.00092038     0.000000E+000     0.916969E-006        0.8126
   805        0.00093027     0.000000E+000     0.923197E-006        0.8135
   806        0.00094050     0.000000E+000     0.926394E-006        0.8144
   807        0.00094050     0.000000E+000     0.911915E-006        0.8154
   808        0.00095118     0.000000E+000     0.921964E-006        0.8163
   809        0.00096224     0.000000E+000     0.931359E-006        0.8172
   810        0.00096224     0.000000E+000     0.919327E-006        0.8182
   811        0.00097384     0.000000E+000     0.929578E-006        0.8192
   812        0.00097384     0.000000E+000     0.918385E-006        0.8201
   813        0.00098601     0.000000E+000     0.930605E-006        0.8211
   814        0.00098601     0.000000E+000     0.920646E-006        0.8221
   815        0.00098601     0.000000E+000     0.911416E-006        0.8231
   816        0.00099898     0.000000E+000     0.926552E-006        0.8241
   817        0.00099898     0.000000E+000     0.918307E-006        0.8251
   818        0.00099898     0.000000E+000     0.910635E-006        0.8261
   819        0.00101286     0.000000E+000     0.928518E-006        0.8271
   820        0.00101286     0.000000E+000     0.921581E-006        0.8281
   821        0.00101286     0.000000E+000     0.915113E-006        0.8291
   822        0.00101286     0.000000E+000     0.909087E-006        0.8301
   823        0.00102798     0.000000E+000     0.930396E-006        0.8311
   824        0.00102798     0.000000E+000     0.924971E-006        0.8322
   825        0.00102798     0.000000E+000     0.919956E-006        0.8332
   826        0.00102798     0.000000E+000     0.915392E-006        0.8342
   827        0.00102798     0.000000E+000     0.911748E-006        0.8352
   828        0.00102798     0.000000E+000     0.909353E-006        0.8363
   829        0.00104511     0.000000E+000     0.933216E-006        0.8373
   830        0.00104511     0.000000E+000     0.926387E-006        0.8383
   831        0.00104511     0.000000E+000     0.919068E-006        0.8394
   832        0.00104511     0.000000E+000     0.911354E-006        0.8404
   833        0.00104511     0.000000E+000     0.903401E-006        0.8415
   834        0.00106446     0.000000E+000     0.928521E-006        0.8425
   835        0.00106446     0.000000E+000     0.920015E-006        0.8436
   836        0.00106446     0.000000E+000     0.911526E-006        0.8446
   837        0.00106446     0.000000E+000     0.903075E-006        0.8457
   838        0.00106446     0.000000E+000     0.894780E-006        0.8468
   839        0.00108664     0.000000E+000     0.923717E-006        0.8478
   840        0.00108664     0.000000E+000     0.915442E-006        0.8489
   841        0.00108664     0.000000E+000     0.907694E-006        0.8500
   842        0.00108664     0.000000E+000     0.900001E-006        0.8511
   843        0.00108664     0.000000E+000     0.893309E-006        0.8522
   844        0.00111251     0.000000E+000     0.928437E-006        0.8533
   845        0.00111251     0.000000E+000     0.923259E-006        0.8544
   846        0.00111251     0.000000E+000     0.914999E-006        0.8555
   847        0.00111251     0.000000E+000     0.914534E-006        0.8566
   848        0.00111251     0.000000E+000     0.905406E-006        0.8577
   849        0.00111251     0.000000E+000     0.906604E-006        0.8588
   850        0.00111251     0.000000E+000     0.898394E-006        0.8599
   851        0.00111251     0.000000E+000     0.899432E-006        0.8611
   852        0.00111251     0.000000E+000     0.898957E-006        0.8622
   853        0.00111251     0.000000E+000     0.888751E-006        0.8633
   854        0.00111251     0.000000E+000     0.889106E-006        0.8644
   855        0.00111251     0.000000E+000     0.888098E-006        0.8655
   856        0.00111251     0.000000E+000     0.885767E-006        0.8666
   857        0.00111251     0.000000E+000     0.881800E-006        0.8677
   858        0.00111251     0.000000E+000     0.876751E-006        0.8688
   859        0.00111251     0.000000E+000     0.872319E-006        0.8700
   860        0.00111251     0.000000E+000     0.867642E-006        0.8711
   861        0.00111251     0.000000E+000     0.862538E-006        0.8722
   862        0.00111251     0.000000E+000     0.856999E-006        0.8733
   863        0.00111251     0.000000E+000     0.851047E-006        0.8744
   864        0.00111251     0.000000E+000     0.844719E-006        0.8755
   865        0.00111251     0.000000E+000     0.838077E-006        0.8766
   866        0.00111251     0.000000E+000     0.831205E-006        0.8777
   867        0.00111251     0.000000E+000     0.824200E-006        0.8789
   868        0.00111251     0.000000E+000     0.817172E-006        0.8800
   869        0.00111251     0.000000E+000     0.810207E-006        0.8811
   870        0.00111251     0.000000E+000     0.803380E-006        0.8822
   871        0.00111251     0.000000E+000     0.796697E-006        0.8833
   872        0.00111251     0.000000E+000     0.790106E-006        0.8844
   873        0.00111251     0.000000E+000     0.783522E-006        0.8855
   874        0.00111251     0.000000E+000     0.776933E-006        0.8866
   875        0.00111251     0.000000E+000     0.770474E-006        0.8878
   876        0.00111251     0.000000E+000     0.764235E-006        0.8889
   877        0.00111251     0.000000E+000     0.758265E-006        0.8900
   878        0.00111251     0.000000E+000     0.752565E-006        0.8911
   879        0.00111251     0.000000E+000     0.747121E-006        0.8922
   880        0.00111251     0.000000E+000     0.741920E-006        0.8933
   881        0.00111251     0.000000E+000     0.736949E-006        0.8944
   882        0.00111251     0.000000E+000     0.732195E-006        0.8955
   883        0.00111251     0.000000E+000     0.727645E-006        0.8967
   884        0.00111251     0.000000E+000     0.723286E-006        0.8978
   885        0.00111251     0.000000E+000     0.719106E-006        0.8989
   886        0.00123457     0.000000E+000     0.879405E-006        0.9000
   887        0.00126622     0.000000E+000     0.919268E-006        0.9012
   888        0.00126622     0.000000E+000     0.913887E-006        0.9025
   889        0.00128311     0.000000E+000     0.932944E-006        0.9038
   890        0.00128311     0.000000E+000     0.927790E-006        0.9051
   891        0.00128311     0.000000E+000     0.922832E-006        0.9063
   892        0.00128311     0.000000E+000     0.918057E-006        0.9076
   893        0.00128311     0.000000E+000     0.913452E-006        0.9089
   894        0.00130170     0.000000E+000     0.935351E-006        0.9102
   895        0.00130170     0.000000E+000     0.930875E-006        0.9115
   896        0.00130170     0.000000E+000     0.926548E-006        0.9128
   897        0.00130170     0.000000E+000     0.922363E-006        0.9141
   898        0.00130170     0.000000E+000     0.918312E-006        0.9154
   899        0.00130170     0.000000E+000     0.914389E-006        0.9167
   900        0.00130170     0.000000E+000     0.910588E-006        0.9180
   901        0.00132304     0.000000E+000     0.936656E-006        0.9193
   902        0.00132304     0.000000E+000     0.932911E-006        0.9206
   903        0.00132304     0.000000E+000     0.929273E-006        0.9219
   904        0.00132304     0.000000E+000     0.925756E-006        0.9233
   905        0.00132304     0.000000E+000     0.922315E-006        0.9246
   906        0.00132304     0.000000E+000     0.918971E-006        0.9259
   907        0.00132304     0.000000E+000     0.915711E-006        0.9272
   908        0.00132304     0.000000E+000     0.912529E-006        0.9286
   909        0.00132304     0.000000E+000     0.909419E-006        0.9299
   910        0.00132304     0.000000E+000     0.906374E-006        0.9312
   911        0.00132304     0.000000E+000     0.903387E-006        0.9325
   912        0.00132304     0.000000E+000     0.900450E-006        0.9338
   913        0.00135060     0.000000E+000     0.935048E-006        0.9352
   914        0.00135060     0.000000E+000     0.932015E-006        0.9365
   915        0.00135060     0.000000E+000     0.929006E-006        0.9379
   916        0.00135060     0.000000E+000     0.926011E-006        0.9392
   917        0.00135060     0.000000E+000     0.923018E-006        0.9406
   918        0.00135060     0.000000E+000     0.920015E-006        0.9419
   919        0.00135060     0.000000E+000     0.916990E-006        0.9433
   920        0.00135060     0.000000E+000     0.913931E-006        0.9446
   921        0.00135060     0.000000E+000     0.910825E-006        0.9460
   922        0.00135060     0.000000E+000     0.907660E-006        0.9473
   923        0.00135060     0.000000E+000     0.904422E-006        0.9487
   924        0.00135060     0.000000E+000     0.901099E-006        0.9500
   925        0.00135060     0.000000E+000     0.897679E-006        0.9514
   926        0.00135060     0.000000E+000     0.894149E-006        0.9527
   927        0.00135060     0.000000E+000     0.890496E-006        0.9541
   928        0.00135060     0.000000E+000     0.886711E-006        0.9554
   929        0.00135060     0.000000E+000     0.882782E-006        0.9568
   930        0.00135060     0.000000E+000     0.878700E-006        0.9581
   931        0.00135060     0.000000E+000     0.874458E-006        0.9595
   932        0.00135060     0.000000E+000     0.870051E-006        0.9608
   933        0.00135060     0.000000E+000     0.865476E-006        0.9622
   934        0.00135060     0.000000E+000     0.860733E-006        0.9635
   935        0.00135060     0.000000E+000     0.855825E-006        0.9649
   936        0.00135060     0.000000E+000     0.850761E-006        0.9662
   937        0.00140933     0.000000E+000     0.920059E-006        0.9676
   938        0.00140933     0.000000E+000     0.914026E-006        0.9690
   939        0.00140933     0.000000E+000     0.907862E-006        0.9704
   940        0.00140933     0.000000E+000     0.901595E-006        0.9718
   941        0.00140933     0.000000E+000     0.895264E-006        0.9732
   942        0.00140933     0.000000E+000     0.888900E-006        0.9746
   943        0.00140933     0.000000E+000     0.882533E-006        0.9760
   944        0.00140933     0.000000E+000     0.876297E-006        0.9775
   945        0.00140933     0.000000E+000     0.869888E-006        0.9789
   946        0.00140933     0.000000E+000     0.866731E-006        0.9803
   947        0.00140933     0.000000E+000     0.863450E-006        0.9817
   948        0.00140933     0.000000E+000     0.862193E-006        0.9831
   949        0.00140933     0.000000E+000     0.857082E-006        0.9845
   950        0.00140933     0.000000E+000     0.856167E-006        0.9859
   951        0.00140933     0.000000E+000     0.849910E-006        0.9873
   952        0.00140933     0.000000E+000     0.843292E-006        0.9887
   953        0.00140933     0.000000E+000     0.842839E-006        0.9901
   954        0.00140933     0.000000E+000     0.835284E-006        0.9915
   955        0.00140933     0.000000E+000     0.833795E-006        0.9930
   956        0.00140933     0.000000E+000     0.831628E-006        0.9944
   957        0.00140933     0.000000E+000     0.825547E-006        0.9958
   958        0.00140933     0.000000E+000     0.819799E-006        0.9972
   959        0.00140933     0.000000E+000     0.819787E-006        0.9986
