#Update-step  Updatetime     Error of A        Error of phi      Time in fs
     1                                         0.287034E-002
     1 *      0.00068493     0.000000E+000     0.264750E-005        0.0000
     1        0.00068493     0.000000E+000     0.225407E-005        0.0007
     2 *      0.00025819     0.000000E+000     0.103781E-005        0.0014
     2        0.00025819     0.000000E+000     0.139540E-005        0.0016
     3        0.00023642     0.000000E+000     0.629539E-006        0.0019
     4 *      0.00013786     0.000000E+000     0.141424E-005        0.0021
     4        0.00013786     0.000000E+000     0.314900E-007        0.0023
     5        0.00051641     0.000000E+000     0.418639E-006        0.0024
     6        0.00069845     0.000000E+000     0.661158E-006        0.0029
     7        0.00079658     0.000000E+000     0.716143E-006        0.0036
     8        0.00088509     0.000000E+000     0.732805E-006        0.0044
     9        0.00097634     0.000000E+000     0.742881E-006        0.0053
    10        0.00106510     0.000000E+000     0.744154E-006        0.0063
    11        0.00115830     0.000000E+000     0.750749E-006        0.0073
    12        0.00125350     0.000000E+000     0.761062E-006        0.0085
    13        0.00134704     0.000000E+000     0.773258E-006        0.0097
    14        0.00143395     0.000000E+000     0.785825E-006        0.0111
    15        0.00153458     0.000000E+000     0.825727E-006        0.0125
    16        0.00159141     0.000000E+000     0.841118E-006        0.0141
    17        0.00165382     0.000000E+000     0.898489E-006        0.0157
    18 *      0.00084379     0.000000E+000     0.257547E-006        0.0173
    18        0.00084379     0.000000E+000     0.283286E-006        0.0182
    19 *      0.00072325     0.000000E+000     0.336759E-006        0.0190
    19        0.00072325     0.000000E+000     0.452782E-006        0.0197
    20 *      0.00051660     0.000000E+000     0.348078E-006        0.0204
    20        0.00051660     0.000000E+000     0.504003E-006        0.0210
    21 *      0.00035371     0.000000E+000     0.370326E-006        0.0215
    21        0.00035371     0.000000E+000     0.529558E-006        0.0218
    22 *      0.00023724     0.000000E+000     0.353780E-006        0.0222
    22        0.00023724     0.000000E+000     0.472448E-006        0.0224
    23 *      0.00016669     0.000000E+000     0.314191E-006        0.0227
    23        0.00016669     0.000000E+000     0.391147E-006        0.0228
    24 *      0.00012583     0.000000E+000     0.277312E-006        0.0230
    24        0.00012583     0.000000E+000     0.322982E-006        0.0231
    25        0.00020523     0.000000E+000     0.933725E-006        0.0232
    26 *      0.00010317     0.000000E+000     0.251810E-006        0.0234
    26        0.00010317     0.000000E+000     0.303093E-006        0.0236
    27 *      0.00008617     0.000000E+000     0.258178E-006        0.0237
    27        0.00008617     0.000000E+000     0.308930E-006        0.0237
    28 *      0.00007146     0.000000E+000     0.255171E-006        0.0238
    28        0.00007146     0.000000E+000     0.298494E-006        0.0239
    29        0.00012011     0.000000E+000     0.984790E-006        0.0240
    30 *      0.00005921     0.000000E+000     0.313161E-006        0.0241
    30        0.00005921     0.000000E+000     0.369837E-006        0.0241
    31 *      0.00004577     0.000000E+000     0.270484E-006        0.0242
    31        0.00004577     0.000000E+000     0.332030E-006        0.0243
    32 *      0.00003693     0.000000E+000     0.290436E-006        0.0243
    32        0.00003693     0.000000E+000     0.401460E-006        0.0243
    33 *      0.00002766     0.000000E+000     0.327405E-006        0.0244
    33        0.00002766     0.000000E+000     0.364897E-006        0.0244
    34        0.00004301     0.000000E+000     0.911027E-006        0.0244
    35        0.00004368     0.000000E+000     0.951095E-006        0.0245
    36        0.00004366     0.000000E+000     0.972884E-006        0.0245
    37        0.00004326     0.000000E+000     0.988031E-006        0.0246
    38        0.00004260     0.000000E+000     0.993266E-006        0.0246
    39        0.00004186     0.000000E+000     0.993141E-006        0.0246
    40        0.00004115     0.000000E+000     0.991747E-006        0.0247
    41        0.00004047     0.000000E+000     0.990028E-006        0.0247
    42        0.00003983     0.000000E+000     0.990916E-006        0.0248
    43        0.00003918     0.000000E+000     0.995461E-006        0.0248
    44 *      0.00001924     0.000000E+000     0.252275E-006        0.0248
    44        0.00001924     0.000000E+000     0.261234E-006        0.0249
    45        0.00003407     0.000000E+000     0.852881E-006        0.0249
    46        0.00003548     0.000000E+000     0.983961E-006        0.0249
    47        0.00003500     0.000000E+000     0.883942E-006        0.0250
    48 *      0.00001798     0.000000E+000     0.258616E-006        0.0250
    48        0.00001798     0.000000E+000     0.263118E-006        0.0250
    49        0.00003174     0.000000E+000     0.847481E-006        0.0250
    50        0.00003313     0.000000E+000     0.916203E-006        0.0251
    51 *      0.00001679     0.000000E+000     0.254528E-006        0.0251
    51        0.00001679     0.000000E+000     0.235005E-006        0.0251
    52        0.00003095     0.000000E+000     0.840542E-006        0.0251
    53        0.00003241     0.000000E+000     0.970404E-006        0.0252
    54        0.00003215     0.000000E+000     0.843174E-006        0.0252
    55 *      0.00001681     0.000000E+000     0.250318E-006        0.0252
    55        0.00001681     0.000000E+000     0.261305E-006        0.0252
    56        0.00002976     0.000000E+000     0.738848E-006        0.0253
    57        0.00003271     0.000000E+000     0.955679E-006        0.0253
    58 *      0.00001631     0.000000E+000     0.252746E-006        0.0253
    58        0.00001631     0.000000E+000     0.254793E-006        0.0253
    59        0.00002916     0.000000E+000     0.837109E-006        0.0253
    60        0.00003058     0.000000E+000     0.745845E-006        0.0254
    61        0.00003349     0.000000E+000     0.948540E-006        0.0254
    62        0.00003351     0.000000E+000     0.988624E-006        0.0254
    63        0.00003300     0.000000E+000     0.536293E-006        0.0255
    64        0.00004086     0.000000E+000     0.912580E-006        0.0255
    65 *      0.00002074     0.000000E+000     0.264406E-006        0.0256
    65        0.00002074     0.000000E+000     0.302798E-006        0.0256
    66        0.00003467     0.000000E+000     0.679057E-006        0.0256
    67        0.00003933     0.000000E+000     0.859752E-006        0.0256
    68        0.00004084     0.000000E+000     0.789531E-006        0.0257
    69        0.00004378     0.000000E+000     0.576153E-006        0.0257
    70        0.00005277     0.000000E+000     0.770937E-006        0.0258
    71        0.00005707     0.000000E+000     0.862581E-006        0.0258
    72 *      0.00002958     0.000000E+000     0.267287E-006        0.0259
    72        0.00002958     0.000000E+000     0.248149E-006        0.0259
    73        0.00005341     0.000000E+000     0.962160E-006        0.0259
    74        0.00005314     0.000000E+000     0.478794E-006        0.0260
    75        0.00006856     0.000000E+000     0.955650E-006        0.0260
    76 *      0.00003418     0.000000E+000     0.445906E-006        0.0261
    76        0.00003418     0.000000E+000     0.573075E-006        0.0261
    77 *      0.00002228     0.000000E+000     0.303833E-006        0.0262
    77        0.00002228     0.000000E+000     0.343879E-006        0.0262
    78        0.00003546     0.000000E+000     0.955748E-006        0.0262
    79 *      0.00001769     0.000000E+000     0.256575E-006        0.0262
    79        0.00001769     0.000000E+000     0.269820E-006        0.0263
    80        0.00003092     0.000000E+000     0.845415E-006        0.0263
    81        0.00003232     0.000000E+000     0.937672E-006        0.0263
    82        0.00003248     0.000000E+000     0.953416E-006        0.0263
    83        0.00003242     0.000000E+000     0.954754E-006        0.0264
    84        0.00003235     0.000000E+000     0.949669E-006        0.0264
    85        0.00003235     0.000000E+000     0.942710E-006        0.0264
    86        0.00003243     0.000000E+000     0.938830E-006        0.0265
    87        0.00003258     0.000000E+000     0.937507E-006        0.0265
    88        0.00003274     0.000000E+000     0.936105E-006        0.0265
    89        0.00003291     0.000000E+000     0.934430E-006        0.0266
    90        0.00003311     0.000000E+000     0.932330E-006        0.0266
    91        0.00003333     0.000000E+000     0.930395E-006        0.0266
    92        0.00003359     0.000000E+000     0.928161E-006        0.0267
    93        0.00003389     0.000000E+000     0.924667E-006        0.0267
    94        0.00003424     0.000000E+000     0.918589E-006        0.0267
    95        0.00003467     0.000000E+000     0.906329E-006        0.0268
    96        0.00003529     0.000000E+000     0.878564E-006        0.0268
    97        0.00003634     0.000000E+000     0.819386E-006        0.0268
    98        0.00003843     0.000000E+000     0.770010E-006        0.0269
    99        0.00004160     0.000000E+000     0.804139E-006        0.0269
   100        0.00004430     0.000000E+000     0.837737E-006        0.0270
   101        0.00004644     0.000000E+000     0.842322E-006        0.0270
   102        0.00004860     0.000000E+000     0.823920E-006        0.0270
   103        0.00005127     0.000000E+000     0.786052E-006        0.0271
   104        0.00005507     0.000000E+000     0.977736E-006        0.0271
   105        0.00005445     0.000000E+000     0.757965E-006        0.0272
   106        0.00005929     0.000000E+000     0.783405E-006        0.0273
   107        0.00006376     0.000000E+000     0.804548E-006        0.0273
   108        0.00006787     0.000000E+000     0.817108E-006        0.0274
   109        0.00007183     0.000000E+000     0.829707E-006        0.0274
   110        0.00007558     0.000000E+000     0.847972E-006        0.0275
   111        0.00007887     0.000000E+000     0.880954E-006        0.0276
   112        0.00008108     0.000000E+000     0.940927E-006        0.0277
   113 *      0.00004068     0.000000E+000     0.258433E-006        0.0278
   113        0.00004068     0.000000E+000     0.267602E-006        0.0278
   114        0.00007131     0.000000E+000     0.846778E-006        0.0278
   115        0.00007448     0.000000E+000     0.987426E-006        0.0279
   116 *      0.00003667     0.000000E+000     0.260440E-006        0.0280
   116        0.00003667     0.000000E+000     0.272041E-006        0.0280
   117        0.00006389     0.000000E+000     0.869899E-006        0.0281
   118        0.00006601     0.000000E+000     0.843389E-006        0.0281
   119        0.00006899     0.000000E+000     0.845106E-006        0.0282
   120        0.00007211     0.000000E+000     0.866222E-006        0.0283
   121        0.00007466     0.000000E+000     0.875777E-006        0.0283
   122        0.00007699     0.000000E+000     0.877492E-006        0.0284
   123        0.00007929     0.000000E+000     0.874316E-006        0.0285
   124        0.00008174     0.000000E+000     0.869129E-006        0.0286
   125        0.00008445     0.000000E+000     0.863759E-006        0.0286
   126        0.00008746     0.000000E+000     0.858558E-006        0.0287
   127        0.00009080     0.000000E+000     0.854391E-006        0.0288
   128        0.00009442     0.000000E+000     0.850581E-006        0.0289
   129        0.00009834     0.000000E+000     0.849614E-006        0.0290
   130        0.00010246     0.000000E+000     0.853316E-006        0.0291
   131        0.00010663     0.000000E+000     0.866375E-006        0.0292
   132        0.00011029     0.000000E+000     0.894268E-006        0.0293
   133        0.00011276     0.000000E+000     0.959321E-006        0.0294
   134 *      0.00005611     0.000000E+000     0.290451E-006        0.0295
   134        0.00005611     0.000000E+000     0.277008E-006        0.0296
   135        0.00009705     0.000000E+000     0.832660E-006        0.0296
   136        0.00010198     0.000000E+000     0.926239E-006        0.0297
   137        0.00010288     0.000000E+000     0.960174E-006        0.0298
   138        0.00010243     0.000000E+000     0.979379E-006        0.0299
   139 *      0.00005062     0.000000E+000     0.252348E-006        0.0300
   139        0.00005062     0.000000E+000     0.260278E-006        0.0301
   140        0.00008967     0.000000E+000     0.842605E-006        0.0301
   141 *      0.00004689     0.000000E+000     0.252911E-006        0.0302
   141        0.00004689     0.000000E+000     0.266120E-006        0.0303
   142        0.00008236     0.000000E+000     0.865630E-006        0.0303
   143 *      0.00004264     0.000000E+000     0.264301E-006        0.0304
   143        0.00004264     0.000000E+000     0.275209E-006        0.0305
   144        0.00007394     0.000000E+000     0.867688E-006        0.0305
   145 *      0.00003823     0.000000E+000     0.257327E-006        0.0306
   145        0.00003823     0.000000E+000     0.262331E-006        0.0306
   146        0.00006753     0.000000E+000     0.859190E-006        0.0306
   147        0.00007013     0.000000E+000     0.976262E-006        0.0307
   148 *      0.00003468     0.000000E+000     0.269475E-006        0.0308
   148        0.00003468     0.000000E+000     0.250494E-006        0.0308
   149        0.00006235     0.000000E+000     0.969993E-006        0.0309
   150        0.00006185     0.000000E+000     0.705222E-006        0.0309
   151 *      0.00003458     0.000000E+000     0.293446E-006        0.0310
   151        0.00003458     0.000000E+000     0.254302E-006        0.0310
   152 *      0.00003092     0.000000E+000     0.259752E-006        0.0310
   152        0.00003092     0.000000E+000     0.214647E-006        0.0311
   153        0.00005903     0.000000E+000     0.903592E-006        0.0311
   154        0.00006012     0.000000E+000     0.732704E-006        0.0312
   155 *      0.00003313     0.000000E+000     0.307389E-006        0.0312
   155        0.00003313     0.000000E+000     0.258339E-006        0.0313
   156        0.00005887     0.000000E+000     0.849502E-006        0.0313
   157        0.00006140     0.000000E+000     0.819033E-006        0.0314
   158 *      0.00003247     0.000000E+000     0.457144E-006        0.0314
   158        0.00003247     0.000000E+000     0.393775E-006        0.0314
   159        0.00004901     0.000000E+000     0.709364E-006        0.0315
   160        0.00005469     0.000000E+000     0.689756E-006        0.0315
   161 *      0.00003085     0.000000E+000     0.417370E-006        0.0316
   161        0.00003085     0.000000E+000     0.356572E-006        0.0316
   162        0.00004841     0.000000E+000     0.689728E-006        0.0316
   163        0.00005460     0.000000E+000     0.702880E-006        0.0317
   164 *      0.00003058     0.000000E+000     0.320470E-006        0.0317
   164        0.00003058     0.000000E+000     0.270547E-006        0.0318
   165        0.00005340     0.000000E+000     0.715581E-006        0.0318
   166 *      0.00002970     0.000000E+000     0.308631E-006        0.0319
   166        0.00002970     0.000000E+000     0.268986E-006        0.0319
   167        0.00005197     0.000000E+000     0.727490E-006        0.0319
   168 *      0.00002873     0.000000E+000     0.305475E-006        0.0320
   168        0.00002873     0.000000E+000     0.271178E-006        0.0320
   169        0.00005013     0.000000E+000     0.742399E-006        0.0320
   170 *      0.00002750     0.000000E+000     0.293842E-006        0.0321
   170        0.00002750     0.000000E+000     0.268642E-006        0.0321
   171        0.00004813     0.000000E+000     0.771041E-006        0.0321
   172        0.00005205     0.000000E+000     0.907944E-006        0.0322
   173        0.00005294     0.000000E+000     0.991860E-006        0.0322
   174 *      0.00002602     0.000000E+000     0.251533E-006        0.0323
   174        0.00002602     0.000000E+000     0.258104E-006        0.0323
   175        0.00004628     0.000000E+000     0.818577E-006        0.0323
   176        0.00004896     0.000000E+000     0.923166E-006        0.0324
   177        0.00004946     0.000000E+000     0.947405E-006        0.0324
   178        0.00004950     0.000000E+000     0.953505E-006        0.0325
   179        0.00004943     0.000000E+000     0.955810E-006        0.0325
   180        0.00004928     0.000000E+000     0.955070E-006        0.0326
   181        0.00004917     0.000000E+000     0.954309E-006        0.0326
   182        0.00004907     0.000000E+000     0.951694E-006        0.0327
   183        0.00004903     0.000000E+000     0.949842E-006        0.0327
   184        0.00004903     0.000000E+000     0.947277E-006        0.0328
   185        0.00004907     0.000000E+000     0.943944E-006        0.0328
   186        0.00004917     0.000000E+000     0.941283E-006        0.0329
   187        0.00004932     0.000000E+000     0.938228E-006        0.0329
   188        0.00004954     0.000000E+000     0.936744E-006        0.0330
   189        0.00004979     0.000000E+000     0.936215E-006        0.0330
   190        0.00005005     0.000000E+000     0.935947E-006        0.0331
   191        0.00005032     0.000000E+000     0.936451E-006        0.0331
   192        0.00005059     0.000000E+000     0.938033E-006        0.0332
   193        0.00005082     0.000000E+000     0.939480E-006        0.0332
   194        0.00005101     0.000000E+000     0.940769E-006        0.0333
   195        0.00005117     0.000000E+000     0.942113E-006        0.0333
   196        0.00005132     0.000000E+000     0.944868E-006        0.0334
   197        0.00005140     0.000000E+000     0.946056E-006        0.0334
   198        0.00005148     0.000000E+000     0.948390E-006        0.0335
   199        0.00005148     0.000000E+000     0.948638E-006        0.0335
   200        0.00005148     0.000000E+000     0.949275E-006        0.0336
   201        0.00005148     0.000000E+000     0.949839E-006        0.0336
   202        0.00005148     0.000000E+000     0.949919E-006        0.0337
   203        0.00005148     0.000000E+000     0.949248E-006        0.0337
   204        0.00005148     0.000000E+000     0.947711E-006        0.0338
   205        0.00005152     0.000000E+000     0.946813E-006        0.0338
   206        0.00005156     0.000000E+000     0.945181E-006        0.0339
   207        0.00005164     0.000000E+000     0.944394E-006        0.0339
   208        0.00005173     0.000000E+000     0.943099E-006        0.0340
   209        0.00005185     0.000000E+000     0.942866E-006        0.0341
   210        0.00005197     0.000000E+000     0.942242E-006        0.0341
   211        0.00005209     0.000000E+000     0.941320E-006        0.0342
   212        0.00005226     0.000000E+000     0.941632E-006        0.0342
   213        0.00005243     0.000000E+000     0.941725E-006        0.0343
   214        0.00005259     0.000000E+000     0.941620E-006        0.0343
   215        0.00005276     0.000000E+000     0.941345E-006        0.0344
   216        0.00005293     0.000000E+000     0.940916E-006        0.0344
   217        0.00005310     0.000000E+000     0.940349E-006        0.0345
   218        0.00005328     0.000000E+000     0.939656E-006        0.0345
   219        0.00005350     0.000000E+000     0.940383E-006        0.0346
   220        0.00005367     0.000000E+000     0.939464E-006        0.0346
   221        0.00005389     0.000000E+000     0.939993E-006        0.0347
   222        0.00005407     0.000000E+000     0.938884E-006        0.0347
   223        0.00005430     0.000000E+000     0.939242E-006        0.0348
   224        0.00005452     0.000000E+000     0.939522E-006        0.0348
   225        0.00005475     0.000000E+000     0.939727E-006        0.0349
   226        0.00005494     0.000000E+000     0.938272E-006        0.0350
   227        0.00005517     0.000000E+000     0.938325E-006        0.0350
   228        0.00005541     0.000000E+000     0.938304E-006        0.0351
   229        0.00005564     0.000000E+000     0.938208E-006        0.0351
   230        0.00005588     0.000000E+000     0.938036E-006        0.0352
   231        0.00005613     0.000000E+000     0.937786E-006        0.0352
   232        0.00005637     0.000000E+000     0.937455E-006        0.0353
   233        0.00005662     0.000000E+000     0.937048E-006        0.0353
   234        0.00005687     0.000000E+000     0.936546E-006        0.0354
   235        0.00005717     0.000000E+000     0.937611E-006        0.0355
   236        0.00005742     0.000000E+000     0.936927E-006        0.0355
   237        0.00005768     0.000000E+000     0.936145E-006        0.0356
   238        0.00005799     0.000000E+000     0.936941E-006        0.0356
   239        0.00005825     0.000000E+000     0.935947E-006        0.0357
   240        0.00005857     0.000000E+000     0.936533E-006        0.0357
   241        0.00005884     0.000000E+000     0.935318E-006        0.0358
   242        0.00005917     0.000000E+000     0.935689E-006        0.0359
   243        0.00005950     0.000000E+000     0.935941E-006        0.0359
   244        0.00005983     0.000000E+000     0.936066E-006        0.0360
   245        0.00006017     0.000000E+000     0.936058E-006        0.0360
   246        0.00006045     0.000000E+000     0.934147E-006        0.0361
   247        0.00006080     0.000000E+000     0.933855E-006        0.0362
   248        0.00006115     0.000000E+000     0.933413E-006        0.0362
   249        0.00006150     0.000000E+000     0.932805E-006        0.0363
   250        0.00006192     0.000000E+000     0.933847E-006        0.0363
   251        0.00006228     0.000000E+000     0.932896E-006        0.0364
   252        0.00006271     0.000000E+000     0.933625E-006        0.0365
   253        0.00006309     0.000000E+000     0.932323E-006        0.0365
   254        0.00006353     0.000000E+000     0.932695E-006        0.0366
   255        0.00006392     0.000000E+000     0.931011E-006        0.0367
   256        0.00006437     0.000000E+000     0.931020E-006        0.0367
   257        0.00006483     0.000000E+000     0.930845E-006        0.0368
   258        0.00006530     0.000000E+000     0.930489E-006        0.0369
   259        0.00006578     0.000000E+000     0.929963E-006        0.0369
   260        0.00006626     0.000000E+000     0.929287E-006        0.0370
   261        0.00006676     0.000000E+000     0.928523E-006        0.0370
   262        0.00006733     0.000000E+000     0.929597E-006        0.0371
   263        0.00006784     0.000000E+000     0.928756E-006        0.0372
   264        0.00006835     0.000000E+000     0.928047E-006        0.0373
   265        0.00006895     0.000000E+000     0.929636E-006        0.0373
   266        0.00006949     0.000000E+000     0.929591E-006        0.0374
   267        0.00007004     0.000000E+000     0.930074E-006        0.0375
   268        0.00007059     0.000000E+000     0.931190E-006        0.0375
   269        0.00007107     0.000000E+000     0.930910E-006        0.0376
   270        0.00007156     0.000000E+000     0.931420E-006        0.0377
   271        0.00007206     0.000000E+000     0.932824E-006        0.0377
   272        0.00007248     0.000000E+000     0.933134E-006        0.0378
   273        0.00007290     0.000000E+000     0.934689E-006        0.0379
   274        0.00007333     0.000000E+000     0.937793E-006        0.0380
   275        0.00007368     0.000000E+000     0.940627E-006        0.0380
   276        0.00007395     0.000000E+000     0.943696E-006        0.0381
   277        0.00007412     0.000000E+000     0.947708E-006        0.0382
   278        0.00007412     0.000000E+000     0.951397E-006        0.0383
   279        0.00007404     0.000000E+000     0.958477E-006        0.0383
   280        0.00007377     0.000000E+000     0.968871E-006        0.0384
   281        0.00007316     0.000000E+000     0.981497E-006        0.0385
   282 *      0.00003611     0.000000E+000     0.251958E-006        0.0385
   282        0.00003611     0.000000E+000     0.259985E-006        0.0386
   283        0.00006400     0.000000E+000     0.846723E-006        0.0386
   284 *      0.00003340     0.000000E+000     0.258593E-006        0.0387
   284        0.00003340     0.000000E+000     0.281363E-006        0.0387
   285        0.00005746     0.000000E+000     0.935932E-006        0.0388
   286 *      0.00002889     0.000000E+000     0.359803E-006        0.0388
   286        0.00002889     0.000000E+000     0.526346E-006        0.0388
   287 *      0.00001947     0.000000E+000     0.262183E-006        0.0389
   287        0.00001947     0.000000E+000     0.229580E-006        0.0389
   288        0.00003621     0.000000E+000     0.735216E-006        0.0389
   289        0.00003988     0.000000E+000     0.770454E-006        0.0389
   290        0.00004315     0.000000E+000     0.765947E-006        0.0390
   291        0.00004680     0.000000E+000     0.757049E-006        0.0390
   292        0.00005099     0.000000E+000     0.752800E-006        0.0391
   293        0.00005565     0.000000E+000     0.753652E-006        0.0391
   294        0.00006070     0.000000E+000     0.760592E-006        0.0392
   295        0.00006597     0.000000E+000     0.772501E-006        0.0392
   296        0.00007132     0.000000E+000     0.788969E-006        0.0393
   297        0.00007645     0.000000E+000     0.805955E-006        0.0394
   298        0.00008127     0.000000E+000     0.824084E-006        0.0395
   299        0.00008577     0.000000E+000     0.844387E-006        0.0395
   300        0.00008958     0.000000E+000     0.861124E-006        0.0396
   301        0.00009290     0.000000E+000     0.878775E-006        0.0397
   302        0.00009555     0.000000E+000     0.895075E-006        0.0398
   303        0.00009773     0.000000E+000     0.913876E-006        0.0399
   304        0.00009902     0.000000E+000     0.927831E-006        0.0400
   305        0.00009984     0.000000E+000     0.944616E-006        0.0401
   306        0.00010001     0.000000E+000     0.959892E-006        0.0402
   307        0.00009951     0.000000E+000     0.971910E-006        0.0403
   308        0.00009852     0.000000E+000     0.981409E-006        0.0404
   309        0.00009723     0.000000E+000     0.987830E-006        0.0405
   310        0.00009567     0.000000E+000     0.985524E-006        0.0406
   311        0.00009430     0.000000E+000     0.977566E-006        0.0407
   312        0.00009326     0.000000E+000     0.966793E-006        0.0408
   313        0.00009253     0.000000E+000     0.988750E-006        0.0409
   314 *      0.00004555     0.000000E+000     0.397203E-006        0.0410
   314        0.00004555     0.000000E+000     0.445418E-006        0.0410
   315        0.00006549     0.000000E+000     0.717662E-006        0.0411
   316        0.00007278     0.000000E+000     0.681737E-006        0.0411
   317        0.00008236     0.000000E+000     0.486611E-006        0.0412
   318 *      0.00005281     0.000000E+000     0.283261E-006        0.0413
   318        0.00005281     0.000000E+000     0.304360E-006        0.0413
   319        0.00008801     0.000000E+000     0.886217E-006        0.0414
   320 *      0.00004516     0.000000E+000     0.252491E-006        0.0415
   320        0.00004516     0.000000E+000     0.261546E-006        0.0415
   321        0.00007983     0.000000E+000     0.839238E-006        0.0416
   322        0.00008361     0.000000E+000     0.970137E-006        0.0416
   323 *      0.00004145     0.000000E+000     0.253244E-006        0.0417
   323        0.00004145     0.000000E+000     0.259778E-006        0.0418
   324        0.00007347     0.000000E+000     0.831387E-006        0.0418
   325        0.00007718     0.000000E+000     0.954301E-006        0.0419
   326        0.00007698     0.000000E+000     0.987110E-006        0.0420
   327        0.00007577     0.000000E+000     0.991600E-006        0.0420
   328        0.00007450     0.000000E+000     0.990518E-006        0.0421
   329        0.00007327     0.000000E+000     0.986607E-006        0.0422
   330        0.00007218     0.000000E+000     0.982520E-006        0.0423
   331        0.00007120     0.000000E+000     0.978382E-006        0.0423
   332        0.00007033     0.000000E+000     0.974321E-006        0.0424
   333        0.00006965     0.000000E+000     0.972800E-006        0.0425
   334        0.00006898     0.000000E+000     0.969261E-006        0.0425
   335        0.00006840     0.000000E+000     0.966173E-006        0.0426
   336        0.00006791     0.000000E+000     0.963653E-006        0.0427
   337        0.00006751     0.000000E+000     0.961811E-006        0.0427
   338        0.00006720     0.000000E+000     0.960755E-006        0.0428
   339        0.00006688     0.000000E+000     0.958351E-006        0.0429
   340        0.00006665     0.000000E+000     0.956941E-006        0.0429
   341        0.00006641     0.000000E+000     0.954398E-006        0.0430
   342        0.00006626     0.000000E+000     0.953026E-006        0.0431
   343        0.00006611     0.000000E+000     0.950701E-006        0.0431
   344        0.00006603     0.000000E+000     0.949699E-006        0.0432
   345        0.00006603     0.000000E+000     0.950087E-006        0.0433
   346        0.00006595     0.000000E+000     0.947538E-006        0.0433
   347        0.00006595     0.000000E+000     0.946507E-006        0.0434
   348        0.00006603     0.000000E+000     0.947048E-006        0.0435
   349        0.00006611     0.000000E+000     0.947017E-006        0.0435
   350        0.00006618     0.000000E+000     0.946458E-006        0.0436
   351        0.00006626     0.000000E+000     0.945414E-006        0.0437
   352        0.00006634     0.000000E+000     0.943925E-006        0.0437
   353        0.00006650     0.000000E+000     0.944246E-006        0.0438
   354        0.00006658     0.000000E+000     0.941970E-006        0.0439
   355        0.00006673     0.000000E+000     0.941577E-006        0.0439
   356        0.00006689     0.000000E+000     0.940870E-006        0.0440
   357        0.00006713     0.000000E+000     0.942120E-006        0.0441
   358        0.00006730     0.000000E+000     0.940859E-006        0.0441
   359        0.00006754     0.000000E+000     0.941618E-006        0.0442
   360        0.00006771     0.000000E+000     0.939893E-006        0.0443
   361        0.00006795     0.000000E+000     0.940245E-006        0.0443
   362        0.00006820     0.000000E+000     0.940423E-006        0.0444
   363        0.00006846     0.000000E+000     0.940442E-006        0.0445
   364        0.00006871     0.000000E+000     0.940320E-006        0.0446
   365        0.00006897     0.000000E+000     0.940071E-006        0.0446
   366        0.00006923     0.000000E+000     0.939711E-006        0.0447
   367        0.00006949     0.000000E+000     0.939253E-006        0.0448
   368        0.00006975     0.000000E+000     0.938712E-006        0.0448
   369        0.00007002     0.000000E+000     0.938099E-006        0.0449
   370        0.00007028     0.000000E+000     0.937429E-006        0.0450
   371        0.00007056     0.000000E+000     0.936712E-006        0.0450
   372        0.00007092     0.000000E+000     0.938363E-006        0.0451
   373        0.00007120     0.000000E+000     0.937584E-006        0.0452
   374        0.00007148     0.000000E+000     0.936791E-006        0.0453
   375        0.00007185     0.000000E+000     0.938437E-006        0.0453
   376        0.00007214     0.000000E+000     0.937642E-006        0.0454
   377        0.00007242     0.000000E+000     0.936861E-006        0.0455
   378        0.00007271     0.000000E+000     0.936102E-006        0.0455
   379        0.00007310     0.000000E+000     0.937867E-006        0.0456
   380        0.00007340     0.000000E+000     0.937166E-006        0.0457
   381        0.00007370     0.000000E+000     0.936503E-006        0.0458
   382        0.00007410     0.000000E+000     0.938423E-006        0.0458
   383        0.00007441     0.000000E+000     0.937839E-006        0.0459
   384        0.00007472     0.000000E+000     0.937294E-006        0.0460
   385        0.00007503     0.000000E+000     0.936783E-006        0.0461
   386        0.00007534     0.000000E+000     0.936296E-006        0.0461
   387        0.00007566     0.000000E+000     0.935821E-006        0.0462
   388        0.00007609     0.000000E+000     0.937969E-006        0.0463
   389        0.00007642     0.000000E+000     0.937453E-006        0.0464
   390        0.00007674     0.000000E+000     0.936873E-006        0.0464
   391        0.00007708     0.000000E+000     0.936193E-006        0.0465
   392        0.00007741     0.000000E+000     0.935369E-006        0.0466
   393        0.00007786     0.000000E+000     0.937059E-006        0.0467
   394        0.00007821     0.000000E+000     0.935796E-006        0.0467
   395        0.00007855     0.000000E+000     0.934244E-006        0.0468
   396        0.00007902     0.000000E+000     0.935112E-006        0.0469
   397        0.00007949     0.000000E+000     0.935628E-006        0.0470
   398        0.00007985     0.000000E+000     0.932965E-006        0.0471
   399        0.00008034     0.000000E+000     0.932693E-006        0.0471
   400        0.00008083     0.000000E+000     0.932004E-006        0.0472
   401        0.00008133     0.000000E+000     0.930889E-006        0.0473
   402        0.00008184     0.000000E+000     0.929344E-006        0.0474
   403        0.00008248     0.000000E+000     0.930252E-006        0.0475
   404        0.00008313     0.000000E+000     0.930746E-006        0.0475
   405        0.00008366     0.000000E+000     0.927882E-006        0.0476
   406        0.00008434     0.000000E+000     0.927543E-006        0.0477
   407        0.00008502     0.000000E+000     0.926786E-006        0.0478
   408        0.00008572     0.000000E+000     0.925612E-006        0.0479
   409        0.00008644     0.000000E+000     0.924021E-006        0.0480
   410        0.00008731     0.000000E+000     0.925085E-006        0.0481
   411        0.00008805     0.000000E+000     0.922659E-006        0.0481
   412        0.00008896     0.000000E+000     0.922951E-006        0.0482
   413        0.00008988     0.000000E+000     0.922862E-006        0.0483
   414        0.00009083     0.000000E+000     0.922393E-006        0.0484
   415        0.00009181     0.000000E+000     0.921546E-006        0.0485
   416        0.00009280     0.000000E+000     0.920328E-006        0.0486
   417        0.00009382     0.000000E+000     0.918743E-006        0.0487
   418        0.00009486     0.000000E+000     0.916800E-006        0.0488
   419        0.00009611     0.000000E+000     0.917905E-006        0.0489
   420        0.00009721     0.000000E+000     0.915257E-006        0.0490
   421        0.00009852     0.000000E+000     0.915767E-006        0.0491
   422        0.00009988     0.000000E+000     0.915995E-006        0.0492
   423        0.00010127     0.000000E+000     0.915951E-006        0.0493
   424        0.00010250     0.000000E+000     0.911991E-006        0.0494
   425        0.00010398     0.000000E+000     0.911443E-006        0.0495
   426        0.00010550     0.000000E+000     0.910665E-006        0.0496
   427        0.00010707     0.000000E+000     0.909672E-006        0.0497
   428        0.00010870     0.000000E+000     0.908483E-006        0.0498
   429        0.00011037     0.000000E+000     0.907116E-006        0.0499
   430        0.00011210     0.000000E+000     0.905594E-006        0.0500
   431        0.00011416     0.000000E+000     0.908023E-006        0.0501
   432        0.00011602     0.000000E+000     0.906251E-006        0.0502
   433        0.00011795     0.000000E+000     0.904399E-006        0.0503
   434        0.00011995     0.000000E+000     0.902498E-006        0.0505
   435        0.00012202     0.000000E+000     0.900581E-006        0.0506
   436        0.00012449     0.000000E+000     0.903162E-006        0.0507
   437        0.00012673     0.000000E+000     0.901315E-006        0.0508
   438        0.00012907     0.000000E+000     0.899574E-006        0.0510
   439        0.00013149     0.000000E+000     0.897984E-006        0.0511
   440        0.00013402     0.000000E+000     0.896599E-006        0.0512
   441        0.00013666     0.000000E+000     0.895473E-006        0.0513
   442        0.00013941     0.000000E+000     0.894667E-006        0.0515
   443        0.00014228     0.000000E+000     0.894245E-006        0.0516
   444        0.00014528     0.000000E+000     0.894276E-006        0.0518
   445        0.00014842     0.000000E+000     0.894835E-006        0.0519
   446        0.00015170     0.000000E+000     0.895999E-006        0.0521
   447        0.00015465     0.000000E+000     0.892144E-006        0.0522
   448        0.00015825     0.000000E+000     0.894742E-006        0.0524
   449        0.00016148     0.000000E+000     0.892199E-006        0.0525
   450        0.00016485     0.000000E+000     0.890422E-006        0.0527
   451        0.00016838     0.000000E+000     0.889475E-006        0.0529
   452        0.00017209     0.000000E+000     0.889418E-006        0.0530
   453        0.00017597     0.000000E+000     0.890314E-006        0.0532
   454        0.00018004     0.000000E+000     0.892233E-006        0.0534
   455        0.00018433     0.000000E+000     0.895263E-006        0.0535
   456        0.00018808     0.000000E+000     0.892357E-006        0.0537
   457        0.00019199     0.000000E+000     0.890653E-006        0.0539
   458        0.00019610     0.000000E+000     0.890374E-006        0.0541
   459        0.00020040     0.000000E+000     0.891788E-006        0.0543
   460        0.00020491     0.000000E+000     0.895119E-006        0.0545
   461        0.00020869     0.000000E+000     0.892313E-006        0.0547
   462        0.00021363     0.000000E+000     0.899554E-006        0.0549
   463        0.00021778     0.000000E+000     0.900164E-006        0.0551
   464        0.00022212     0.000000E+000     0.902608E-006        0.0554
   465        0.00022550     0.000000E+000     0.898111E-006        0.0556
   466        0.00023020     0.000000E+000     0.905061E-006        0.0558
   467        0.00023387     0.000000E+000     0.905392E-006        0.0560
   468        0.00023768     0.000000E+000     0.908711E-006        0.0563
   469        0.00024164     0.000000E+000     0.915347E-006        0.0565
   470        0.00024437     0.000000E+000     0.915293E-006        0.0567
   471        0.00024718     0.000000E+000     0.918607E-006        0.0570
   472        0.00025007     0.000000E+000     0.925289E-006        0.0572
   473        0.00025155     0.000000E+000     0.924407E-006        0.0575
   474        0.00025306     0.000000E+000     0.926406E-006        0.0577
   475        0.00025459     0.000000E+000     0.931080E-006        0.0580
   476        0.00025616     0.000000E+000     0.938242E-006        0.0582
   477        0.00025616     0.000000E+000     0.936204E-006        0.0585
   478        0.00025616     0.000000E+000     0.936089E-006        0.0588
   479        0.00025616     0.000000E+000     0.937706E-006        0.0590
   480        0.00025616     0.000000E+000     0.940916E-006        0.0593
   481        0.00025616     0.000000E+000     0.945612E-006        0.0595
   482        0.00025616     0.000000E+000     0.951717E-006        0.0598
   483        0.00025452     0.000000E+000     0.947112E-006        0.0600
   484        0.00025452     0.000000E+000     0.955710E-006        0.0603
   485        0.00025289     0.000000E+000     0.953344E-006        0.0605
   486        0.00025127     0.000000E+000     0.952025E-006        0.0608
   487        0.00024966     0.000000E+000     0.951691E-006        0.0611
   488        0.00024806     0.000000E+000     0.952296E-006        0.0613
   489        0.00024647     0.000000E+000     0.953794E-006        0.0616
   490        0.00024489     0.000000E+000     0.956163E-006        0.0618
   491        0.00024332     0.000000E+000     0.959372E-006        0.0620
   492        0.00024176     0.000000E+000     0.963411E-006        0.0623
   493        0.00024021     0.000000E+000     0.968260E-006        0.0625
   494        0.00023715     0.000000E+000     0.961650E-006        0.0628
   495        0.00023564     0.000000E+000     0.967982E-006        0.0630
   496        0.00023266     0.000000E+000     0.962903E-006        0.0632
   497        0.00023119     0.000000E+000     0.970657E-006        0.0635
   498        0.00022828     0.000000E+000     0.967013E-006        0.0637
   499        0.00022542     0.000000E+000     0.964073E-006        0.0639
   500        0.00022401     0.000000E+000     0.973797E-006        0.0642
   501        0.00022123     0.000000E+000     0.972179E-006        0.0644
   502        0.00021850     0.000000E+000     0.971220E-006        0.0646
   503        0.00021582     0.000000E+000     0.970877E-006        0.0648
   504        0.00021319     0.000000E+000     0.971153E-006        0.0650
   505        0.00021060     0.000000E+000     0.972002E-006        0.0653
   506        0.00020807     0.000000E+000     0.973425E-006        0.0655
   507        0.00020557     0.000000E+000     0.975392E-006        0.0657
   508        0.00020313     0.000000E+000     0.977892E-006        0.0659
   509        0.00020072     0.000000E+000     0.980916E-006        0.0661
   510        0.00019720     0.000000E+000     0.973056E-006        0.0663
   511        0.00019491     0.000000E+000     0.977014E-006        0.0665
   512        0.00019266     0.000000E+000     0.981448E-006        0.0667
   513        0.00018935     0.000000E+000     0.975179E-006        0.0669
   514        0.00018720     0.000000E+000     0.980435E-006        0.0671
   515        0.00018405     0.000000E+000     0.975146E-006        0.0672
   516        0.00018199     0.000000E+000     0.981149E-006        0.0674
   517        0.00017897     0.000000E+000     0.976742E-006        0.0676
   518        0.00017701     0.000000E+000     0.983422E-006        0.0678
   519        0.00017412     0.000000E+000     0.979801E-006        0.0680
   520        0.00017131     0.000000E+000     0.976560E-006        0.0681
   521        0.00016948     0.000000E+000     0.984035E-006        0.0683
   522        0.00016679     0.000000E+000     0.981413E-006        0.0685
   523        0.00016417     0.000000E+000     0.979061E-006        0.0686
   524        0.00016162     0.000000E+000     0.976943E-006        0.0688
   525        0.00015913     0.000000E+000     0.975011E-006        0.0690
   526        0.00015751     0.000000E+000     0.983110E-006        0.0691
   527        0.00015512     0.000000E+000     0.981365E-006        0.0693
   528        0.00015279     0.000000E+000     0.979627E-006        0.0694
   529        0.00015053     0.000000E+000     0.977820E-006        0.0696
   530        0.00014831     0.000000E+000     0.975854E-006        0.0697
   531        0.00014615     0.000000E+000     0.973625E-006        0.0699
   532        0.00014474     0.000000E+000     0.980378E-006        0.0700
   533        0.00014266     0.000000E+000     0.977244E-006        0.0702
   534        0.00014063     0.000000E+000     0.973474E-006        0.0703
   535        0.00013931     0.000000E+000     0.978042E-006        0.0705
   536        0.00013735     0.000000E+000     0.972514E-006        0.0706
   537        0.00013608     0.000000E+000     0.974890E-006        0.0707
   538        0.00013420     0.000000E+000     0.967047E-006        0.0709
   539        0.00013296     0.000000E+000     0.966706E-006        0.0710
   540        0.00013175     0.000000E+000     0.964875E-006        0.0711
   541        0.00013055     0.000000E+000     0.961507E-006        0.0713
   542        0.00012996     0.000000E+000     0.965276E-006        0.0714
   543        0.00012878     0.000000E+000     0.958811E-006        0.0715
   544        0.00012820     0.000000E+000     0.959523E-006        0.0717
   545        0.00012762     0.000000E+000     0.958842E-006        0.0718
   546        0.00012704     0.000000E+000     0.956883E-006        0.0719
   547        0.00012647     0.000000E+000     0.953789E-006        0.0721
   548        0.00012590     0.000000E+000     0.949698E-006        0.0722
   549        0.00012590     0.000000E+000     0.953324E-006        0.0723
   550        0.00012532     0.000000E+000     0.947615E-006        0.0724
   551        0.00012532     0.000000E+000     0.949900E-006        0.0726
   552        0.00012532     0.000000E+000     0.951694E-006        0.0727
   553        0.00012475     0.000000E+000     0.944417E-006        0.0728
   554        0.00012475     0.000000E+000     0.945484E-006        0.0729
   555        0.00012475     0.000000E+000     0.946316E-006        0.0731
   556        0.00012475     0.000000E+000     0.946975E-006        0.0732
   557        0.00012475     0.000000E+000     0.947518E-006        0.0733
   558        0.00012475     0.000000E+000     0.947991E-006        0.0734
   559        0.00012475     0.000000E+000     0.948437E-006        0.0736
   560        0.00012475     0.000000E+000     0.948893E-006        0.0737
   561        0.00012475     0.000000E+000     0.949386E-006        0.0738
   562        0.00012475     0.000000E+000     0.949952E-006        0.0739
   563        0.00012475     0.000000E+000     0.950612E-006        0.0741
   564        0.00012415     0.000000E+000     0.942314E-006        0.0742
   565        0.00012415     0.000000E+000     0.943212E-006        0.0743
   566        0.00012415     0.000000E+000     0.944260E-006        0.0744
   567        0.00012415     0.000000E+000     0.945478E-006        0.0745
   568        0.00012415     0.000000E+000     0.946876E-006        0.0747
   569        0.00012415     0.000000E+000     0.948470E-006        0.0748
   570        0.00012415     0.000000E+000     0.950274E-006        0.0749
   571        0.00012353     0.000000E+000     0.942952E-006        0.0750
   572        0.00012353     0.000000E+000     0.945178E-006        0.0752
   573        0.00012353     0.000000E+000     0.947646E-006        0.0753
   574        0.00012353     0.000000E+000     0.950369E-006        0.0754
   575        0.00012291     0.000000E+000     0.943861E-006        0.0755
   576        0.00012291     0.000000E+000     0.947077E-006        0.0757
   577        0.00012291     0.000000E+000     0.950575E-006        0.0758
   578        0.00012229     0.000000E+000     0.944767E-006        0.0759
   579        0.00012229     0.000000E+000     0.948806E-006        0.0760
   580        0.00012229     0.000000E+000     0.953156E-006        0.0762
   581        0.00012166     0.000000E+000     0.948096E-006        0.0763
   582        0.00012166     0.000000E+000     0.953028E-006        0.0764
   583        0.00012103     0.000000E+000     0.948516E-006        0.0765
   584        0.00012103     0.000000E+000     0.954052E-006        0.0766
   585        0.00012041     0.000000E+000     0.950097E-006        0.0768
   586        0.00012041     0.000000E+000     0.956269E-006        0.0769
   587        0.00011978     0.000000E+000     0.952882E-006        0.0770
   588        0.00011916     0.000000E+000     0.949808E-006        0.0771
   589        0.00011916     0.000000E+000     0.956914E-006        0.0772
   590        0.00011853     0.000000E+000     0.954415E-006        0.0774
   591        0.00011791     0.000000E+000     0.952223E-006        0.0775
   592        0.00011729     0.000000E+000     0.950334E-006        0.0776
   593        0.00011668     0.000000E+000     0.948744E-006        0.0777
   594        0.00011668     0.000000E+000     0.957371E-006        0.0778
   595        0.00011607     0.000000E+000     0.956347E-006        0.0779
   596        0.00011546     0.000000E+000     0.955610E-006        0.0781
   597        0.00011485     0.000000E+000     0.955157E-006        0.0782
   598        0.00011424     0.000000E+000     0.954978E-006        0.0783
   599        0.00011364     0.000000E+000     0.955066E-006        0.0784
   600        0.00011304     0.000000E+000     0.955412E-006        0.0785
   601        0.00011245     0.000000E+000     0.956011E-006        0.0786
   602        0.00011186     0.000000E+000     0.956852E-006        0.0787
   603        0.00011127     0.000000E+000     0.957926E-006        0.0789
   604        0.00011068     0.000000E+000     0.959222E-006        0.0790
   605        0.00011010     0.000000E+000     0.960726E-006        0.0791
   606        0.00010952     0.000000E+000     0.962430E-006        0.0792
   607        0.00010894     0.000000E+000     0.964321E-006        0.0793
   608        0.00010780     0.000000E+000     0.956369E-006        0.0794
   609        0.00010724     0.000000E+000     0.958555E-006        0.0795
   610        0.00010668     0.000000E+000     0.960879E-006        0.0796
   611        0.00010612     0.000000E+000     0.963326E-006        0.0797
   612        0.00010556     0.000000E+000     0.965878E-006        0.0798
   613        0.00010446     0.000000E+000     0.958532E-006        0.0799
   614        0.00010392     0.000000E+000     0.961196E-006        0.0800
   615        0.00010338     0.000000E+000     0.963905E-006        0.0802
   616        0.00010231     0.000000E+000     0.956724E-006        0.0803
   617        0.00010178     0.000000E+000     0.959417E-006        0.0804
   618        0.00010125     0.000000E+000     0.962089E-006        0.0805
   619        0.00010073     0.000000E+000     0.964714E-006        0.0806
   620        0.00009969     0.000000E+000     0.957398E-006        0.0807
   621        0.00009917     0.000000E+000     0.959819E-006        0.0808
   622        0.00009866     0.000000E+000     0.962119E-006        0.0809
   623        0.00009815     0.000000E+000     0.964271E-006        0.0810
   624        0.00009715     0.000000E+000     0.956439E-006        0.0811
   625        0.00009665     0.000000E+000     0.958189E-006        0.0812
   626        0.00009615     0.000000E+000     0.959715E-006        0.0813
   627        0.00009566     0.000000E+000     0.960992E-006        0.0813
   628        0.00009517     0.000000E+000     0.961994E-006        0.0814
   629        0.00009468     0.000000E+000     0.962696E-006        0.0815
   630        0.00009420     0.000000E+000     0.963077E-006        0.0816
   631        0.00009371     0.000000E+000     0.963114E-006        0.0817
   632        0.00009323     0.000000E+000     0.962789E-006        0.0818
   633        0.00009275     0.000000E+000     0.962084E-006        0.0819
   634        0.00009228     0.000000E+000     0.960985E-006        0.0820
   635        0.00009181     0.000000E+000     0.959480E-006        0.0821
   636        0.00009133     0.000000E+000     0.957561E-006        0.0822
   637        0.00009087     0.000000E+000     0.955221E-006        0.0823
   638        0.00009040     0.000000E+000     0.952458E-006        0.0824
   639        0.00008994     0.000000E+000     0.949272E-006        0.0825
   640        0.00008994     0.000000E+000     0.955370E-006        0.0826
   641        0.00008947     0.000000E+000     0.951287E-006        0.0826
   642        0.00008901     0.000000E+000     0.946791E-006        0.0827
   643        0.00008901     0.000000E+000     0.951611E-006        0.0828
   644        0.00008855     0.000000E+000     0.946243E-006        0.0829
   645        0.00008855     0.000000E+000     0.950251E-006        0.0830
   646        0.00008855     0.000000E+000     0.953890E-006        0.0831
   647        0.00008809     0.000000E+000     0.947235E-006        0.0832
   648        0.00008809     0.000000E+000     0.950103E-006        0.0833
   649        0.00008809     0.000000E+000     0.952623E-006        0.0834
   650        0.00008762     0.000000E+000     0.944794E-006        0.0834
   651        0.00008762     0.000000E+000     0.946616E-006        0.0835
   652        0.00008762     0.000000E+000     0.948126E-006        0.0836
   653        0.00008762     0.000000E+000     0.949335E-006        0.0837
   654        0.00008762     0.000000E+000     0.950256E-006        0.0838
   655        0.00008762     0.000000E+000     0.950903E-006        0.0839
   656        0.00008714     0.000000E+000     0.941044E-006        0.0840
   657        0.00008714     0.000000E+000     0.941182E-006        0.0841
   658        0.00008714     0.000000E+000     0.941094E-006        0.0841
   659        0.00008714     0.000000E+000     0.940794E-006        0.0842
   660        0.00008714     0.000000E+000     0.940298E-006        0.0843
   661        0.00008714     0.000000E+000     0.939621E-006        0.0844
   662        0.00008714     0.000000E+000     0.938777E-006        0.0845
   663        0.00008714     0.000000E+000     0.937781E-006        0.0846
   664        0.00008714     0.000000E+000     0.936648E-006        0.0847
   665        0.00008714     0.000000E+000     0.935391E-006        0.0847
   666        0.00008765     0.000000E+000     0.944786E-006        0.0848
   667        0.00008765     0.000000E+000     0.943300E-006        0.0849
   668        0.00008765     0.000000E+000     0.941730E-006        0.0850
   669        0.00008765     0.000000E+000     0.940089E-006        0.0851
   670        0.00008765     0.000000E+000     0.938398E-006        0.0852
   671        0.00008765     0.000000E+000     0.936653E-006        0.0853
   672        0.00008765     0.000000E+000     0.934878E-006        0.0854
   673        0.00008818     0.000000E+000     0.944358E-006        0.0855
   674        0.00008818     0.000000E+000     0.942521E-006        0.0855
   675        0.00008818     0.000000E+000     0.940687E-006        0.0856
   676        0.00008818     0.000000E+000     0.938866E-006        0.0857
   677        0.00008818     0.000000E+000     0.937069E-006        0.0858
   678        0.00008818     0.000000E+000     0.935304E-006        0.0859
   679        0.00008818     0.000000E+000     0.933581E-006        0.0860
   680        0.00008874     0.000000E+000     0.943749E-006        0.0861
   681        0.00008874     0.000000E+000     0.942103E-006        0.0862
   682        0.00008874     0.000000E+000     0.940524E-006        0.0862
   683        0.00008874     0.000000E+000     0.939016E-006        0.0863
   684        0.00008874     0.000000E+000     0.937583E-006        0.0864
   685        0.00008874     0.000000E+000     0.936233E-006        0.0865
   686        0.00008874     0.000000E+000     0.934949E-006        0.0866
   687        0.00008874     0.000000E+000     0.933747E-006        0.0867
   688        0.00008874     0.000000E+000     0.932619E-006        0.0868
   689        0.00008934     0.000000E+000     0.944202E-006        0.0869
   690        0.00008934     0.000000E+000     0.943180E-006        0.0870
   691        0.00008934     0.000000E+000     0.942226E-006        0.0870
   692        0.00008934     0.000000E+000     0.941280E-006        0.0871
   693        0.00008934     0.000000E+000     0.940372E-006        0.0872
   694        0.00008934     0.000000E+000     0.939471E-006        0.0873
   695        0.00008934     0.000000E+000     0.938559E-006        0.0874
   696        0.00008934     0.000000E+000     0.937615E-006        0.0875
   697        0.00008934     0.000000E+000     0.936617E-006        0.0876
   698        0.00008934     0.000000E+000     0.935561E-006        0.0877
   699        0.00008934     0.000000E+000     0.934392E-006        0.0878
   700        0.00008934     0.000000E+000     0.933120E-006        0.0878
   701        0.00008934     0.000000E+000     0.931716E-006        0.0879
   702        0.00009002     0.000000E+000     0.944128E-006        0.0880
   703        0.00009002     0.000000E+000     0.942376E-006        0.0881
   704        0.00009002     0.000000E+000     0.940444E-006        0.0882
   705        0.00009002     0.000000E+000     0.938319E-006        0.0883
   706        0.00009002     0.000000E+000     0.935996E-006        0.0884
   707        0.00009002     0.000000E+000     0.933466E-006        0.0885
   708        0.00009002     0.000000E+000     0.930710E-006        0.0886
   709        0.00009002     0.000000E+000     0.927799E-006        0.0887
   710        0.00009074     0.000000E+000     0.939546E-006        0.0887
   711        0.00009074     0.000000E+000     0.936115E-006        0.0888
   712        0.00009074     0.000000E+000     0.932482E-006        0.0889
   713        0.00009074     0.000000E+000     0.928652E-006        0.0890
   714        0.00009151     0.000000E+000     0.940159E-006        0.0891
   715        0.00009151     0.000000E+000     0.935859E-006        0.0892
   716        0.00009151     0.000000E+000     0.931385E-006        0.0893
   717        0.00009151     0.000000E+000     0.926749E-006        0.0894
   718        0.00009231     0.000000E+000     0.938124E-006        0.0895
   719        0.00009231     0.000000E+000     0.933070E-006        0.0896
   720        0.00009231     0.000000E+000     0.927884E-006        0.0897
   721        0.00009315     0.000000E+000     0.939343E-006        0.0898
   722        0.00009315     0.000000E+000     0.933784E-006        0.0898
   723        0.00009315     0.000000E+000     0.928126E-006        0.0899
   724        0.00009315     0.000000E+000     0.922382E-006        0.0900
   725        0.00009403     0.000000E+000     0.934016E-006        0.0901
   726        0.00009403     0.000000E+000     0.927967E-006        0.0902
   727        0.00009403     0.000000E+000     0.921862E-006        0.0903
   728        0.00009496     0.000000E+000     0.933845E-006        0.0904
   729        0.00009496     0.000000E+000     0.927479E-006        0.0905
   730        0.00009496     0.000000E+000     0.921099E-006        0.0906
   731        0.00009594     0.000000E+000     0.933557E-006        0.0907
   732        0.00009594     0.000000E+000     0.926437E-006        0.0908
   733        0.00009594     0.000000E+000     0.920309E-006        0.0909
   734        0.00009698     0.000000E+000     0.933362E-006        0.0910
   735        0.00009698     0.000000E+000     0.926565E-006        0.0911
   736        0.00009698     0.000000E+000     0.919795E-006        0.0912
   737        0.00009807     0.000000E+000     0.933590E-006        0.0913
   738        0.00009807     0.000000E+000     0.926671E-006        0.0914
   739        0.00009807     0.000000E+000     0.919802E-006        0.0915
   740        0.00009922     0.000000E+000     0.934491E-006        0.0916
   741        0.00009922     0.000000E+000     0.927504E-006        0.0917
   742        0.00009922     0.000000E+000     0.920590E-006        0.0918
   743        0.00009922     0.000000E+000     0.913754E-006        0.0919
   744        0.00010046     0.000000E+000     0.929707E-006        0.0920
   745        0.00010046     0.000000E+000     0.922796E-006        0.0921
   746        0.00010046     0.000000E+000     0.915985E-006        0.0922
   747        0.00010178     0.000000E+000     0.933248E-006        0.0923
   748        0.00010178     0.000000E+000     0.926394E-006        0.0924
   749        0.00010178     0.000000E+000     0.919661E-006        0.0925
   750        0.00010178     0.000000E+000     0.913054E-006        0.0926
   751        0.00010321     0.000000E+000     0.932171E-006        0.0927
   752        0.00010321     0.000000E+000     0.925565E-006        0.0928
   753        0.00010321     0.000000E+000     0.919106E-006        0.0929
   754        0.00010321     0.000000E+000     0.912799E-006        0.0930
   755        0.00010478     0.000000E+000     0.934194E-006        0.0931
   756        0.00010478     0.000000E+000     0.927929E-006        0.0932
   757        0.00010478     0.000000E+000     0.921833E-006        0.0933
   758        0.00010478     0.000000E+000     0.915911E-006        0.0934
   759        0.00010478     0.000000E+000     0.910161E-006        0.0935
   760        0.00010652     0.000000E+000     0.934844E-006        0.0936
   761        0.00010652     0.000000E+000     0.929177E-006        0.0937
   762        0.00010652     0.000000E+000     0.923698E-006        0.0938
   763        0.00010652     0.000000E+000     0.918406E-006        0.0939
   764        0.00010652     0.000000E+000     0.913299E-006        0.0940
   765        0.00010652     0.000000E+000     0.908376E-006        0.0941
   766        0.00010652     0.000000E+000     0.903634E-006        0.0942
   767        0.00010857     0.000000E+000     0.933813E-006        0.0944
   768        0.00010857     0.000000E+000     0.929176E-006        0.0945
   769        0.00010857     0.000000E+000     0.924725E-006        0.0946
   770        0.00010857     0.000000E+000     0.920456E-006        0.0947
   771        0.00010857     0.000000E+000     0.916365E-006        0.0948
   772        0.00010857     0.000000E+000     0.912446E-006        0.0949
   773        0.00010857     0.000000E+000     0.908696E-006        0.0950
   774        0.00010857     0.000000E+000     0.905107E-006        0.0951
   775        0.00010857     0.000000E+000     0.901676E-006        0.0952
   776        0.00010857     0.000000E+000     0.898397E-006        0.0953
   777        0.00010857     0.000000E+000     0.895263E-006        0.0954
   778        0.00010857     0.000000E+000     0.892269E-006        0.0955
   779        0.00010857     0.000000E+000     0.889409E-006        0.0957
   780        0.00010857     0.000000E+000     0.886677E-006        0.0958
   781        0.00011151     0.000000E+000     0.932250E-006        0.0959
   782        0.00011151     0.000000E+000     0.929555E-006        0.0960
   783        0.00011151     0.000000E+000     0.926982E-006        0.0961
   784        0.00011151     0.000000E+000     0.924522E-006        0.0962
   785        0.00011151     0.000000E+000     0.922169E-006        0.0963
   786        0.00011151     0.000000E+000     0.919917E-006        0.0964
   787        0.00011151     0.000000E+000     0.917757E-006        0.0965
   788        0.00011151     0.000000E+000     0.915684E-006        0.0967
   789        0.00011151     0.000000E+000     0.913689E-006        0.0968
   790        0.00011151     0.000000E+000     0.911768E-006        0.0969
   791        0.00011151     0.000000E+000     0.909912E-006        0.0970
   792        0.00011151     0.000000E+000     0.908116E-006        0.0971
   793        0.00011151     0.000000E+000     0.906372E-006        0.0972
   794        0.00011151     0.000000E+000     0.904675E-006        0.0973
   795        0.00011151     0.000000E+000     0.903017E-006        0.0974
   796        0.00011151     0.000000E+000     0.901395E-006        0.0975
   797        0.00011151     0.000000E+000     0.899800E-006        0.0977
   798        0.00011151     0.000000E+000     0.898228E-006        0.0978
   799        0.00011151     0.000000E+000     0.896673E-006        0.0979
   800        0.00011151     0.000000E+000     0.895131E-006        0.0980
   801        0.00011151     0.000000E+000     0.893595E-006        0.0981
   802        0.00011151     0.000000E+000     0.892063E-006        0.0982
   803        0.00011151     0.000000E+000     0.890528E-006        0.0983
   804        0.00011151     0.000000E+000     0.888989E-006        0.0984
   805        0.00011151     0.000000E+000     0.887440E-006        0.0986
   806        0.00011151     0.000000E+000     0.885880E-006        0.0987
   807        0.00011151     0.000000E+000     0.884305E-006        0.0988
   808        0.00011151     0.000000E+000     0.882713E-006        0.0989
   809        0.00011151     0.000000E+000     0.881102E-006        0.0990
   810        0.00011151     0.000000E+000     0.879472E-006        0.0991
   811        0.00011151     0.000000E+000     0.877820E-006        0.0992
   812        0.00011151     0.000000E+000     0.876145E-006        0.0993
   813        0.00011151     0.000000E+000     0.874449E-006        0.0994
   814        0.00011151     0.000000E+000     0.872729E-006        0.0996
   815        0.00011151     0.000000E+000     0.870986E-006        0.0997
   816        0.00011151     0.000000E+000     0.869221E-006        0.0998
   817        0.00011151     0.000000E+000     0.867433E-006        0.0999
   818        0.00011534     0.000000E+000     0.925780E-006        0.1000
   819        0.00011642     0.000000E+000     0.940963E-006        0.1001
   820        0.00011682     0.000000E+000     0.945433E-006        0.1002
   821        0.00011696     0.000000E+000     0.945491E-006        0.1003
   822        0.00011710     0.000000E+000     0.945521E-006        0.1005
   823        0.00011724     0.000000E+000     0.945525E-006        0.1006
   824        0.00011738     0.000000E+000     0.945501E-006        0.1007
   825        0.00011752     0.000000E+000     0.945450E-006        0.1008
   826        0.00011765     0.000000E+000     0.945372E-006        0.1009
   827        0.00011779     0.000000E+000     0.945266E-006        0.1011
   828        0.00011794     0.000000E+000     0.945132E-006        0.1012
   829        0.00011808     0.000000E+000     0.944970E-006        0.1013
   830        0.00011822     0.000000E+000     0.944779E-006        0.1014
   831        0.00011836     0.000000E+000     0.944558E-006        0.1015
   832        0.00011850     0.000000E+000     0.944306E-006        0.1016
   833        0.00011865     0.000000E+000     0.944022E-006        0.1018
   834        0.00011893     0.000000E+000     0.945979E-006        0.1019
   835        0.00011908     0.000000E+000     0.945626E-006        0.1020
   836        0.00011922     0.000000E+000     0.945237E-006        0.1021
   837        0.00011937     0.000000E+000     0.944810E-006        0.1022
   838        0.00011951     0.000000E+000     0.944343E-006        0.1024
   839        0.00011966     0.000000E+000     0.943836E-006        0.1025
   840        0.00011996     0.000000E+000     0.945595E-006        0.1026
   841        0.00012010     0.000000E+000     0.944999E-006        0.1027
   842        0.00012025     0.000000E+000     0.944356E-006        0.1028
   843        0.00012040     0.000000E+000     0.943664E-006        0.1030
   844        0.00012070     0.000000E+000     0.945257E-006        0.1031
   845        0.00012085     0.000000E+000     0.944461E-006        0.1032
   846        0.00012100     0.000000E+000     0.943612E-006        0.1033
   847        0.00012131     0.000000E+000     0.945062E-006        0.1034
   848        0.00012146     0.000000E+000     0.944097E-006        0.1036
   849        0.00012161     0.000000E+000     0.943074E-006        0.1037
   850        0.00012192     0.000000E+000     0.944364E-006        0.1038
   851        0.00012208     0.000000E+000     0.943216E-006        0.1039
   852        0.00012239     0.000000E+000     0.944394E-006        0.1040
   853        0.00012255     0.000000E+000     0.943116E-006        0.1042
   854        0.00012286     0.000000E+000     0.944177E-006        0.1043
   855        0.00012302     0.000000E+000     0.942764E-006        0.1044
   856        0.00012334     0.000000E+000     0.943703E-006        0.1045
   857        0.00012350     0.000000E+000     0.942152E-006        0.1047
   858        0.00012382     0.000000E+000     0.942965E-006        0.1048
   859        0.00012414     0.000000E+000     0.943716E-006        0.1049
   860        0.00012430     0.000000E+000     0.941950E-006        0.1050
   861        0.00012463     0.000000E+000     0.942572E-006        0.1052
   862        0.00012496     0.000000E+000     0.943131E-006        0.1053
   863        0.00012529     0.000000E+000     0.943626E-006        0.1054
   864        0.00012546     0.000000E+000     0.941569E-006        0.1055
   865        0.00012579     0.000000E+000     0.941935E-006        0.1057
   866        0.00012613     0.000000E+000     0.942236E-006        0.1058
   867        0.00012647     0.000000E+000     0.942475E-006        0.1059
   868        0.00012681     0.000000E+000     0.942651E-006        0.1060
   869        0.00012715     0.000000E+000     0.942764E-006        0.1062
   870        0.00012750     0.000000E+000     0.942815E-006        0.1063
   871        0.00012785     0.000000E+000     0.942804E-006        0.1064
   872        0.00012820     0.000000E+000     0.942733E-006        0.1065
   873        0.00012855     0.000000E+000     0.942602E-006        0.1067
   874        0.00012890     0.000000E+000     0.942412E-006        0.1068
   875        0.00012926     0.000000E+000     0.942164E-006        0.1069
   876        0.00012962     0.000000E+000     0.941859E-006        0.1071
   877        0.00012999     0.000000E+000     0.941499E-006        0.1072
   878        0.00013035     0.000000E+000     0.941084E-006        0.1073
   879        0.00013072     0.000000E+000     0.940617E-006        0.1075
   880        0.00013109     0.000000E+000     0.940097E-006        0.1076
   881        0.00013146     0.000000E+000     0.939527E-006        0.1077
   882        0.00013184     0.000000E+000     0.938909E-006        0.1078
   883        0.00013241     0.000000E+000     0.940925E-006        0.1080
   884        0.00013279     0.000000E+000     0.940211E-006        0.1081
   885        0.00013318     0.000000E+000     0.939452E-006        0.1082
   886        0.00013357     0.000000E+000     0.938650E-006        0.1084
   887        0.00013415     0.000000E+000     0.940539E-006        0.1085
   888        0.00013455     0.000000E+000     0.939653E-006        0.1086
   889        0.00013495     0.000000E+000     0.938729E-006        0.1088
   890        0.00013555     0.000000E+000     0.940541E-006        0.1089
   891        0.00013595     0.000000E+000     0.939541E-006        0.1090
   892        0.00013636     0.000000E+000     0.938508E-006        0.1092
   893        0.00013698     0.000000E+000     0.940257E-006        0.1093
   894        0.00013740     0.000000E+000     0.939158E-006        0.1095
   895        0.00013782     0.000000E+000     0.938031E-006        0.1096
   896        0.00013845     0.000000E+000     0.939733E-006        0.1097
   897        0.00013888     0.000000E+000     0.938549E-006        0.1099
   898        0.00013931     0.000000E+000     0.937342E-006        0.1100
   899        0.00013996     0.000000E+000     0.939011E-006        0.1101
   900        0.00014040     0.000000E+000     0.937757E-006        0.1103
   901        0.00014106     0.000000E+000     0.939415E-006        0.1104
   902        0.00014150     0.000000E+000     0.938120E-006        0.1106
   903        0.00014218     0.000000E+000     0.939775E-006        0.1107
   904        0.00014264     0.000000E+000     0.938445E-006        0.1109
   905        0.00014309     0.000000E+000     0.937104E-006        0.1110
   906        0.00014379     0.000000E+000     0.938761E-006        0.1111
   907        0.00014426     0.000000E+000     0.937394E-006        0.1113
   908        0.00014496     0.000000E+000     0.939064E-006        0.1114
   909        0.00014544     0.000000E+000     0.937678E-006        0.1116
   910        0.00014616     0.000000E+000     0.939367E-006        0.1117
   911        0.00014665     0.000000E+000     0.937967E-006        0.1119
   912        0.00014714     0.000000E+000     0.936566E-006        0.1120
   913        0.00014788     0.000000E+000     0.938293E-006        0.1122
   914        0.00014838     0.000000E+000     0.936886E-006        0.1123
   915        0.00014914     0.000000E+000     0.938649E-006        0.1125
   916        0.00014965     0.000000E+000     0.937242E-006        0.1126
   917        0.00015043     0.000000E+000     0.939048E-006        0.1128
   918        0.00015095     0.000000E+000     0.937647E-006        0.1129
   919        0.00015148     0.000000E+000     0.936254E-006        0.1131
   920        0.00015227     0.000000E+000     0.938130E-006        0.1132
   921        0.00015281     0.000000E+000     0.936751E-006        0.1134
   922        0.00015362     0.000000E+000     0.938685E-006        0.1135
   923        0.00015417     0.000000E+000     0.937324E-006        0.1137
   924        0.00015473     0.000000E+000     0.935977E-006        0.1138
   925        0.00015557     0.000000E+000     0.938004E-006        0.1140
   926        0.00015613     0.000000E+000     0.936683E-006        0.1141
   927        0.00015670     0.000000E+000     0.935378E-006        0.1143
   928        0.00015757     0.000000E+000     0.937511E-006        0.1144
   929        0.00015815     0.000000E+000     0.936239E-006        0.1146
   930        0.00015874     0.000000E+000     0.934987E-006        0.1148
   931        0.00015963     0.000000E+000     0.937238E-006        0.1149
   932        0.00016024     0.000000E+000     0.936024E-006        0.1151
   933        0.00016084     0.000000E+000     0.934833E-006        0.1152
   934        0.00016177     0.000000E+000     0.937215E-006        0.1154
   935        0.00016239     0.000000E+000     0.936067E-006        0.1156
   936        0.00016302     0.000000E+000     0.934946E-006        0.1157
   937        0.00016397     0.000000E+000     0.937469E-006        0.1159
   938        0.00016461     0.000000E+000     0.936396E-006        0.1160
   939        0.00016526     0.000000E+000     0.935351E-006        0.1162
   940        0.00016592     0.000000E+000     0.934335E-006        0.1164
   941        0.00016691     0.000000E+000     0.937058E-006        0.1165
   942        0.00016759     0.000000E+000     0.936097E-006        0.1167
   943        0.00016826     0.000000E+000     0.935166E-006        0.1169
   944        0.00016895     0.000000E+000     0.934266E-006        0.1170
   945        0.00016999     0.000000E+000     0.937207E-006        0.1172
   946        0.00017069     0.000000E+000     0.936367E-006        0.1174
   947        0.00017140     0.000000E+000     0.935560E-006        0.1176
   948        0.00017212     0.000000E+000     0.934786E-006        0.1177
   949        0.00017284     0.000000E+000     0.934045E-006        0.1179
   950        0.00017395     0.000000E+000     0.937276E-006        0.1181
   951        0.00017469     0.000000E+000     0.936600E-006        0.1182
   952        0.00017544     0.000000E+000     0.935959E-006        0.1184
   953        0.00017620     0.000000E+000     0.935353E-006        0.1186
   954        0.00017697     0.000000E+000     0.934782E-006        0.1188
   955        0.00017774     0.000000E+000     0.934246E-006        0.1189
   956        0.00017853     0.000000E+000     0.933746E-006        0.1191
   957        0.00017932     0.000000E+000     0.933282E-006        0.1193
   958        0.00018053     0.000000E+000     0.937009E-006        0.1195
   959        0.00018134     0.000000E+000     0.936615E-006        0.1197
   960        0.00018217     0.000000E+000     0.936257E-006        0.1198
   961        0.00018300     0.000000E+000     0.935936E-006        0.1200
   962        0.00018384     0.000000E+000     0.935651E-006        0.1202
   963        0.00018470     0.000000E+000     0.935403E-006        0.1204
   964        0.00018556     0.000000E+000     0.935191E-006        0.1206
   965        0.00018643     0.000000E+000     0.935016E-006        0.1208
   966        0.00018732     0.000000E+000     0.934878E-006        0.1210
   967        0.00018821     0.000000E+000     0.934776E-006        0.1211
   968        0.00018912     0.000000E+000     0.934711E-006        0.1213
   969        0.00019003     0.000000E+000     0.934683E-006        0.1215
   970        0.00019096     0.000000E+000     0.934691E-006        0.1217
   971        0.00019190     0.000000E+000     0.934736E-006        0.1219
   972        0.00019285     0.000000E+000     0.934817E-006        0.1221
   973        0.00019381     0.000000E+000     0.934935E-006        0.1223
   974        0.00019478     0.000000E+000     0.935090E-006        0.1225
   975        0.00019577     0.000000E+000     0.935280E-006        0.1227
   976        0.00019677     0.000000E+000     0.935508E-006        0.1229
   977        0.00019778     0.000000E+000     0.935771E-006        0.1231
   978        0.00019880     0.000000E+000     0.936071E-006        0.1233
   979        0.00019984     0.000000E+000     0.936408E-006        0.1235
   980        0.00020089     0.000000E+000     0.936781E-006        0.1237
   981        0.00020196     0.000000E+000     0.937191E-006        0.1239
   982        0.00020250     0.000000E+000     0.932684E-006        0.1241
   983        0.00020359     0.000000E+000     0.933162E-006        0.1243
   984        0.00020469     0.000000E+000     0.933676E-006        0.1245
   985        0.00020581     0.000000E+000     0.934228E-006        0.1247
   986        0.00020694     0.000000E+000     0.934815E-006        0.1249
   987        0.00020809     0.000000E+000     0.935440E-006        0.1251
   988        0.00020926     0.000000E+000     0.936102E-006        0.1253
   989        0.00021044     0.000000E+000     0.936801E-006        0.1255
   990        0.00021104     0.000000E+000     0.932264E-006        0.1257
   991        0.00021225     0.000000E+000     0.933032E-006        0.1259
   992        0.00021348     0.000000E+000     0.933837E-006        0.1261
   993        0.00021472     0.000000E+000     0.934681E-006        0.1264
   994        0.00021598     0.000000E+000     0.935564E-006        0.1266
   995        0.00021662     0.000000E+000     0.931002E-006        0.1268
   996        0.00021792     0.000000E+000     0.931955E-006        0.1270
   997        0.00021923     0.000000E+000     0.932948E-006        0.1272
   998        0.00022056     0.000000E+000     0.933982E-006        0.1274
   999        0.00022191     0.000000E+000     0.935058E-006        0.1277
  1000        0.00022260     0.000000E+000     0.930459E-006        0.1279
  1001        0.00022399     0.000000E+000     0.931608E-006        0.1281
  1002        0.00022539     0.000000E+000     0.932802E-006        0.1283
  1003        0.00022683     0.000000E+000     0.934040E-006        0.1285
  1004        0.00022828     0.000000E+000     0.935324E-006        0.1288
  1005        0.00022902     0.000000E+000     0.930679E-006        0.1290
  1006        0.00023051     0.000000E+000     0.932044E-006        0.1292
  1007        0.00023202     0.000000E+000     0.933458E-006        0.1295
  1008        0.00023357     0.000000E+000     0.934922E-006        0.1297
  1009        0.00023435     0.000000E+000     0.930245E-006        0.1299
  1010        0.00023593     0.000000E+000     0.931797E-006        0.1302
  1011        0.00023754     0.000000E+000     0.933403E-006        0.1304
  1012        0.00023836     0.000000E+000     0.928713E-006        0.1306
  1013        0.00024001     0.000000E+000     0.930413E-006        0.1309
  1014        0.00024170     0.000000E+000     0.932172E-006        0.1311
  1015        0.00024341     0.000000E+000     0.933992E-006        0.1314
  1016        0.00024428     0.000000E+000     0.929270E-006        0.1316
  1017        0.00024604     0.000000E+000     0.931194E-006        0.1318
  1018        0.00024784     0.000000E+000     0.933185E-006        0.1321
  1019        0.00024875     0.000000E+000     0.928451E-006        0.1323
  1020        0.00025060     0.000000E+000     0.930556E-006        0.1326
  1021        0.00025249     0.000000E+000     0.932733E-006        0.1328
  1022        0.00025344     0.000000E+000     0.927990E-006        0.1331
  1023        0.00025538     0.000000E+000     0.930291E-006        0.1333
  1024        0.00025736     0.000000E+000     0.932671E-006        0.1336
  1025        0.00025837     0.000000E+000     0.927922E-006        0.1339
  1026        0.00026041     0.000000E+000     0.930438E-006        0.1341
  1027        0.00026249     0.000000E+000     0.933040E-006        0.1344
  1028        0.00026355     0.000000E+000     0.928288E-006        0.1346
  1029        0.00026570     0.000000E+000     0.931039E-006        0.1349
  1030        0.00026680     0.000000E+000     0.926304E-006        0.1352
  1031        0.00026902     0.000000E+000     0.929212E-006        0.1354
  1032        0.00027129     0.000000E+000     0.932221E-006        0.1357
  1033        0.00027245     0.000000E+000     0.927487E-006        0.1360
  1034        0.00027479     0.000000E+000     0.930669E-006        0.1362
  1035        0.00027599     0.000000E+000     0.925958E-006        0.1365
  1036        0.00027842     0.000000E+000     0.929322E-006        0.1368
  1037        0.00027966     0.000000E+000     0.924635E-006        0.1371
  1038        0.00028218     0.000000E+000     0.928192E-006        0.1374
  1039        0.00028346     0.000000E+000     0.923531E-006        0.1376
  1040        0.00028607     0.000000E+000     0.927293E-006        0.1379
  1041        0.00028740     0.000000E+000     0.922660E-006        0.1382
  1042        0.00029011     0.000000E+000     0.926640E-006        0.1385
  1043        0.00029289     0.000000E+000     0.930765E-006        0.1388
  1044        0.00029431     0.000000E+000     0.926146E-006        0.1391
  1045        0.00029574     0.000000E+000     0.921576E-006        0.1394
  1046        0.00029867     0.000000E+000     0.926032E-006        0.1397
  1047        0.00030016     0.000000E+000     0.921496E-006        0.1400
  1048        0.00030321     0.000000E+000     0.926214E-006        0.1403
  1049        0.00030477     0.000000E+000     0.921715E-006        0.1406
  1050        0.00030794     0.000000E+000     0.926711E-006        0.1409
  1051        0.00030956     0.000000E+000     0.922250E-006        0.1412
  1052        0.00031287     0.000000E+000     0.927543E-006        0.1415
  1053        0.00031456     0.000000E+000     0.923124E-006        0.1418
  1054        0.00031802     0.000000E+000     0.928733E-006        0.1421
  1055        0.00031979     0.000000E+000     0.924359E-006        0.1424
  1056        0.00032158     0.000000E+000     0.920040E-006        0.1428
  1057        0.00032526     0.000000E+000     0.926113E-006        0.1431
  1058        0.00032714     0.000000E+000     0.921842E-006        0.1434
  1059        0.00032905     0.000000E+000     0.917629E-006        0.1437
  1060        0.00033297     0.000000E+000     0.924209E-006        0.1441
  1061        0.00033497     0.000000E+000     0.920047E-006        0.1444
  1062        0.00033908     0.000000E+000     0.927034E-006        0.1447
  1063        0.00034119     0.000000E+000     0.922926E-006        0.1451
  1064        0.00034334     0.000000E+000     0.918879E-006        0.1454
  1065        0.00034774     0.000000E+000     0.926462E-006        0.1458
  1066        0.00035000     0.000000E+000     0.922472E-006        0.1461
  1067        0.00035230     0.000000E+000     0.918546E-006        0.1465
  1068        0.00035465     0.000000E+000     0.914683E-006        0.1468
  1069        0.00035947     0.000000E+000     0.923098E-006        0.1472
  1070        0.00036195     0.000000E+000     0.919295E-006        0.1475
  1071        0.00036448     0.000000E+000     0.915556E-006        0.1479
  1072        0.00036707     0.000000E+000     0.911881E-006        0.1482
  1073        0.00037239     0.000000E+000     0.921235E-006        0.1486
  1074        0.00037513     0.000000E+000     0.917621E-006        0.1490
  1075        0.00037793     0.000000E+000     0.914071E-006        0.1494
  1076        0.00038079     0.000000E+000     0.910584E-006        0.1497
  1077        0.00038669     0.000000E+000     0.921001E-006        0.1501
  1078        0.00038974     0.000000E+000     0.917571E-006        0.1505
  1079        0.00039285     0.000000E+000     0.914202E-006        0.1509
  1080        0.00039605     0.000000E+000     0.910893E-006        0.1513
  1081        0.00039932     0.000000E+000     0.907643E-006        0.1517
  1082        0.00040609     0.000000E+000     0.919521E-006        0.1521
  1083        0.00040959     0.000000E+000     0.916314E-006        0.1525
  1084        0.00041318     0.000000E+000     0.913159E-006        0.1529
  1085        0.00041687     0.000000E+000     0.910054E-006        0.1533
  1086        0.00042066     0.000000E+000     0.906996E-006        0.1537
  1087        0.00042456     0.000000E+000     0.903980E-006        0.1541
  1088        0.00043264     0.000000E+000     0.917853E-006        0.1546
  1089        0.00043685     0.000000E+000     0.914838E-006        0.1550
  1090        0.00044117     0.000000E+000     0.911852E-006        0.1554
  1091        0.00044563     0.000000E+000     0.908888E-006        0.1559
  1092        0.00045022     0.000000E+000     0.905938E-006        0.1563
  1093        0.00045496     0.000000E+000     0.902996E-006        0.1568
  1094        0.00045985     0.000000E+000     0.900053E-006        0.1572
  1095        0.00046491     0.000000E+000     0.897100E-006        0.1577
  1096        0.00047013     0.000000E+000     0.894126E-006        0.1582
  1097        0.00048106     0.000000E+000     0.911432E-006        0.1586
  1098        0.00048679     0.000000E+000     0.908296E-006        0.1591
  1099        0.00049273     0.000000E+000     0.905099E-006        0.1596
  1100        0.00049888     0.000000E+000     0.901826E-006        0.1601
  1101        0.00050528     0.000000E+000     0.898461E-006        0.1606
  1102        0.00051193     0.000000E+000     0.894987E-006        0.1611
  1103        0.00051885     0.000000E+000     0.891387E-006        0.1616
  1104        0.00052605     0.000000E+000     0.887643E-006        0.1621
  1105        0.00053357     0.000000E+000     0.883736E-006        0.1627
  1106        0.00054141     0.000000E+000     0.879650E-006        0.1632
  1107        0.00054962     0.000000E+000     0.875367E-006        0.1637
  1108        0.00056707     0.000000E+000     0.897927E-006        0.1643
  1109        0.00057636     0.000000E+000     0.893014E-006        0.1648
  1110        0.00058613     0.000000E+000     0.887851E-006        0.1654
  1111        0.00059641     0.000000E+000     0.882435E-006        0.1660
  1112        0.00060726     0.000000E+000     0.876774E-006        0.1666
  1113        0.00061872     0.000000E+000     0.870886E-006        0.1672
  1114        0.00063085     0.000000E+000     0.864802E-006        0.1678
  1115        0.00064372     0.000000E+000     0.858573E-006        0.1685
  1116        0.00065742     0.000000E+000     0.852271E-006        0.1691
  1117        0.00067203     0.000000E+000     0.845993E-006        0.1698
  1118        0.00068766     0.000000E+000     0.839869E-006        0.1704
  1119        0.00070443     0.000000E+000     0.834066E-006        0.1711
  1120        0.00072249     0.000000E+000     0.828792E-006        0.1718
  1121        0.00074202     0.000000E+000     0.824305E-006        0.1725
  1122        0.00076322     0.000000E+000     0.820922E-006        0.1733
  1123        0.00078635     0.000000E+000     0.819025E-006        0.1741
  1124        0.00081171     0.000000E+000     0.819078E-006        0.1748
  1125        0.00083970     0.000000E+000     0.821645E-006        0.1756
  1126        0.00087080     0.000000E+000     0.827414E-006        0.1765
  1127        0.00090563     0.000000E+000     0.837247E-006        0.1774
  1128        0.00094501     0.000000E+000     0.852242E-006        0.1783
  1129        0.00094501     0.000000E+000     0.798136E-006        0.1792
  1130        0.00099226     0.000000E+000     0.824095E-006        0.1802
  1131        0.00104738     0.000000E+000     0.859422E-006        0.1811
  1132        0.00104738     0.000000E+000     0.806161E-006        0.1822
  1133        0.00104738     0.000000E+000     0.758378E-006        0.1832
  1134        0.00112220     0.000000E+000     0.818708E-006        0.1843
  1135        0.00112220     0.000000E+000     0.771293E-006        0.1854
  1136        0.00112220     0.000000E+000     0.728474E-006        0.1865
  1137        0.00123442     0.000000E+000     0.831067E-006        0.1877
  1138        0.00123442     0.000000E+000     0.784291E-006        0.1889
  1139        0.00123442     0.000000E+000     0.741630E-006        0.1901
  1140        0.00123442     0.000000E+000     0.702472E-006        0.1914
  1141        0.00123442     0.000000E+000     0.666324E-006        0.1926
  1142        0.00123442     0.000000E+000     0.632784E-006        0.1938
  1143        0.00123442     0.000000E+000     0.601526E-006        0.1951
  1144        0.00123442     0.000000E+000     0.572285E-006        0.1963
  1145        0.00123442     0.000000E+000     0.544847E-006        0.1975
  1146        0.00123442     0.000000E+000     0.519031E-006        0.1988
  1147        0.00153846     0.000000E+000     0.761907E-006        0.2000
  1148        0.00166884     0.000000E+000     0.842153E-006        0.2015
  1149        0.00172844     0.000000E+000     0.846675E-006        0.2032
  1150        0.00179367     0.000000E+000     0.853101E-006        0.2049
  1151        0.00186541     0.000000E+000     0.861685E-006        0.2067
  1152        0.00190427     0.000000E+000     0.837631E-006        0.2086
  1153        0.00198891     0.000000E+000     0.850769E-006        0.2105
  1154        0.00203516     0.000000E+000     0.828274E-006        0.2125
  1155        0.00213692     0.000000E+000     0.847238E-006        0.2145
  1156        0.00219316     0.000000E+000     0.826620E-006        0.2167
  1157        0.00225408     0.000000E+000     0.807893E-006        0.2189
  1158        0.00239069     0.000000E+000     0.838562E-006        0.2211
  1159        0.00246781     0.000000E+000     0.822697E-006        0.2235
  1160        0.00255290     0.000000E+000     0.809420E-006        0.2260
  1161        0.00264745     0.000000E+000     0.799000E-006        0.2285
  1162        0.00275335     0.000000E+000     0.791802E-006        0.2312
  1163        0.00287306     0.000000E+000     0.788322E-006        0.2339
  1164        0.00300988     0.000000E+000     0.789255E-006        0.2368
  1165        0.00316829     0.000000E+000     0.795596E-006        0.2398
  1166        0.00335466     0.000000E+000     0.808821E-006        0.2430
  1167        0.00335466     0.000000E+000     0.733259E-006        0.2463
  1168        0.00359428     0.000000E+000     0.761681E-006        0.2497
  1169        0.00389380     0.000000E+000     0.804468E-006        0.2533
  1170        0.00389380     0.000000E+000     0.723062E-006        0.2572
  1171        0.00389380     0.000000E+000     0.651329E-006        0.2611
  1172        0.00438053     0.000000E+000     0.738830E-006        0.2650
  1173        0.00438053     0.000000E+000     0.660013E-006        0.2693
  1174        0.00438053     0.000000E+000     0.590867E-006        0.2737
  1175        0.00438053     0.000000E+000     0.529990E-006        0.2781
  1176        0.00438053     0.000000E+000     0.476215E-006        0.2825
  1177        0.00438053     0.000000E+000     0.428568E-006        0.2869
  1178        0.00438053     0.000000E+000     0.386231E-006        0.2912
  1179        0.00438053     0.000000E+000     0.348516E-006        0.2956
  1180        0.00625000     0.000000E+000     0.625886E-006        0.3000
  1181        0.00721154     0.000000E+000     0.713750E-006        0.3063
  1182        0.00786713     0.000000E+000     0.716196E-006        0.3135
  1183        0.00874126     0.000000E+000     0.734327E-006        0.3213
  1184        0.00874126     0.000000E+000     0.605779E-006        0.3301
  1185        0.01019814     0.000000E+000     0.669632E-006        0.3388
  1186        0.01019814     0.000000E+000     0.536922E-006        0.3490
  1187        0.01019814     0.000000E+000     0.430993E-006        0.3592
  1188        0.01019814     0.000000E+000     0.346205E-006        0.3694
  1189        0.01019814     0.000000E+000     0.278199E-006        0.3796
  1190        0.01019814     0.000000E+000     0.223573E-006        0.3898
  1191        0.01666667     0.000000E+000     0.445491E-006        0.4000
  1192        0.02083333     0.000000E+000     0.464460E-006        0.4167
  1193        0.02083333     0.000000E+000     0.296716E-006        0.4375
  1194        0.02083333     0.000000E+000     0.189092E-006        0.4583
  1195        0.02083333     0.000000E+000     0.120214E-006        0.4792
  1196        0.03333333     0.000000E+000     0.170230E-006        0.5000
  1197        0.03333333     0.000000E+000     0.822008E-007        0.5333
  1198        0.03333333     0.000000E+000     0.396735E-007        0.5667
  1199        0.05000000     0.000000E+000     0.364234E-007        0.6000
  1200        0.05000000     0.000000E+000     0.124392E-007        0.6500
  1201        0.10000000     0.000000E+000     0.109155E-007        0.7000
  1202        0.10000000     0.000000E+000     0.140086E-008        0.8000
  1203        0.10000000     0.000000E+000     0.189568E-009        0.9000
