#Update-step  Updatetime     Error of A        Error of phi      Time in fs
     1                                         0.419308E-005
     1        0.00714286     0.000000E+000     0.355846E-006        0.0000
     2        0.00928571     0.000000E+000     0.344497E-006        0.0071
     3        0.01193878     0.000000E+000     0.423446E-006        0.0164
     4        0.01432653     0.000000E+000     0.190033E-006        0.0284
     5        0.01910204     0.000000E+000     0.344412E-006        0.0427
     6        0.01910204     0.000000E+000     0.315377E-006        0.0618
     7        0.01910204     0.000000E+000     0.384972E-006        0.0809
     8 *      0.01250000     0.000000E+000     0.272322E-006        0.1000
     8        0.01250000     0.000000E+000     0.131109E-005        0.1125
     9        0.01071429     0.000000E+000     0.210661E-006        0.1250
    10 *      0.00803571     0.000000E+000     0.253046E-006        0.1357
    10        0.00803571     0.000000E+000     0.282850E-006        0.1437
    11        0.01205357     0.000000E+000     0.601807E-006        0.1518
    12        0.01205357     0.000000E+000     0.176334E-006        0.1638
    13                                         0.322324E-004
    13        0.00050223     0.000000E+000     0.243814E-006        0.1759
    14        0.00081396     0.000000E+000     0.152481E-006        0.1764
    15        0.00151940     0.000000E+000     0.189197E-006        0.1772
    16        0.00265894     0.000000E+000     0.421420E-006        0.1787
    17 *      0.00155105     0.000000E+000     0.357584E-006        0.1814
    17        0.00155105     0.000000E+000     0.355845E-006        0.1829
    18        0.00221579     0.000000E+000     0.865667E-006        0.1845
    19        0.00221579     0.000000E+000     0.761187E-007        0.1867
    20        0.00369298     0.000000E+000     0.751520E-007        0.1889
    21        0.00738596     0.000000E+000     0.148646E-006        0.1926
    22        0.01250000     0.000000E+000     0.326066E-006        0.2000
    23 *      0.00875000     0.000000E+000     0.256662E-006        0.2125
    23        0.00875000     0.000000E+000     0.286000E-006        0.2212
    24 *      0.00700000     0.000000E+000     0.384860E-006        0.2300
    24        0.00700000     0.000000E+000     0.782829E-006        0.2370
    25 *      0.00400000     0.000000E+000     0.679578E-006        0.2440
    25        0.00400000     0.000000E+000     0.155912E-005        0.2480
    26 *      0.00171429     0.000000E+000     0.116699E-005        0.2520
    26        0.00171429     0.000000E+000     0.310104E-005        0.2537
    27 *      0.00057143     0.000000E+000     0.113914E-005        0.2554
    27        0.00057143     0.000000E+000     0.152820E-005        0.2560
    28 *      0.00025249     0.000000E+000     0.364032E-006        0.2566
    28        0.00025249     0.000000E+000     0.387995E-006        0.2568
    29        0.00038325     0.000000E+000     0.941800E-006        0.2571
    30 *      0.00019162     0.000000E+000     0.253457E-006        0.2575
    30        0.00019162     0.000000E+000     0.262310E-006        0.2577
    31        0.00033726     0.000000E+000     0.839755E-006        0.2578
    32        0.00035143     0.000000E+000     0.978754E-006        0.2582
    33 *      0.00017279     0.000000E+000     0.263652E-006        0.2585
    33        0.00017279     0.000000E+000     0.283563E-006        0.2587
    34        0.00029585     0.000000E+000     0.919450E-006        0.2589
    35 *      0.00014900     0.000000E+000     0.353141E-006        0.2592
    35        0.00014900     0.000000E+000     0.642705E-006        0.2593
    36        0.00018506     0.000000E+000     0.373885E-006        0.2595
    37        0.00026028     0.000000E+000     0.669319E-006        0.2597
    38        0.00029692     0.000000E+000     0.822111E-006        0.2599
    39        0.00031328     0.000000E+000     0.880561E-006        0.2602
    40        0.00032092     0.000000E+000     0.898071E-006        0.2605
    41        0.00032627     0.000000E+000     0.907618E-006        0.2608
    42        0.00033185     0.000000E+000     0.921643E-006        0.2612
    43        0.00033473     0.000000E+000     0.923183E-006        0.2615
    44        0.00033770     0.000000E+000     0.927102E-006        0.2618
    45        0.00034074     0.000000E+000     0.933029E-006        0.2622
    46        0.00034074     0.000000E+000     0.923821E-006        0.2625
    47        0.00034389     0.000000E+000     0.932904E-006        0.2629
    48        0.00034389     0.000000E+000     0.926046E-006        0.2632
    49        0.00034717     0.000000E+000     0.937740E-006        0.2635
    50        0.00034717     0.000000E+000     0.932740E-006        0.2639
    51        0.00034717     0.000000E+000     0.928617E-006        0.2642
    52        0.00034717     0.000000E+000     0.925294E-006        0.2646
    53        0.00035064     0.000000E+000     0.941139E-006        0.2649
    54        0.00035064     0.000000E+000     0.939199E-006        0.2653
    55        0.00035064     0.000000E+000     0.937938E-006        0.2656
    56        0.00035064     0.000000E+000     0.937327E-006        0.2660
    57        0.00035064     0.000000E+000     0.937341E-006        0.2663
    58        0.00035064     0.000000E+000     0.937963E-006        0.2667
    59        0.00035064     0.000000E+000     0.939181E-006        0.2670
    60        0.00035064     0.000000E+000     0.940990E-006        0.2674
    61        0.00035064     0.000000E+000     0.943389E-006        0.2677
    62        0.00035064     0.000000E+000     0.946383E-006        0.2681
    63        0.00035064     0.000000E+000     0.949986E-006        0.2684
    64        0.00035064     0.000000E+000     0.954214E-006        0.2688
    65        0.00034670     0.000000E+000     0.937799E-006        0.2691
    66        0.00034670     0.000000E+000     0.943171E-006        0.2695
    67        0.00034670     0.000000E+000     0.949254E-006        0.2698
    68        0.00034670     0.000000E+000     0.956117E-006        0.2702
    69        0.00034267     0.000000E+000     0.941712E-006        0.2705
    70        0.00034267     0.000000E+000     0.950128E-006        0.2709
    71        0.00034267     0.000000E+000     0.959697E-006        0.2712
    72        0.00033859     0.000000E+000     0.947895E-006        0.2716
    73        0.00033859     0.000000E+000     0.960359E-006        0.2719
    74        0.00033451     0.000000E+000     0.952423E-006        0.2722
    75        0.00033048     0.000000E+000     0.948844E-006        0.2726
    76        0.00033048     0.000000E+000     0.981434E-006        0.2729
    77        0.00032645     0.000000E+000     0.924827E-006        0.2732
    78        0.00032645     0.000000E+000     0.904949E-006        0.2736
    79        0.00033058     0.000000E+000     0.912351E-006        0.2739
    80        0.00033488     0.000000E+000     0.922934E-006        0.2742
    81        0.00033488     0.000000E+000     0.911753E-006        0.2745
    82        0.00033940     0.000000E+000     0.926568E-006        0.2749
    83        0.00033940     0.000000E+000     0.917916E-006        0.2752
    84        0.00033940     0.000000E+000     0.910363E-006        0.2756
    85        0.00034425     0.000000E+000     0.929601E-006        0.2759
    86        0.00034425     0.000000E+000     0.923533E-006        0.2762
    87        0.00034425     0.000000E+000     0.918208E-006        0.2766
    88        0.00034425     0.000000E+000     0.913541E-006        0.2769
    89        0.00034425     0.000000E+000     0.909467E-006        0.2773
    90        0.00034963     0.000000E+000     0.934310E-006        0.2776
    91        0.00034963     0.000000E+000     0.931119E-006        0.2780
    92        0.00034963     0.000000E+000     0.928407E-006        0.2783
    93        0.00034963     0.000000E+000     0.926137E-006        0.2787
    94        0.00034963     0.000000E+000     0.924279E-006        0.2790
    95        0.00034963     0.000000E+000     0.922807E-006        0.2794
    96        0.00034963     0.000000E+000     0.921699E-006        0.2797
    97        0.00034963     0.000000E+000     0.920932E-006        0.2801
    98        0.00034963     0.000000E+000     0.920491E-006        0.2804
    99        0.00034963     0.000000E+000     0.920360E-006        0.2808
   100        0.00034963     0.000000E+000     0.920524E-006        0.2811
   101        0.00034963     0.000000E+000     0.920971E-006        0.2815
   102        0.00034963     0.000000E+000     0.921691E-006        0.2818
   103        0.00034963     0.000000E+000     0.922673E-006        0.2822
   104        0.00034963     0.000000E+000     0.923909E-006        0.2825
   105        0.00034963     0.000000E+000     0.925389E-006        0.2829
   106        0.00034963     0.000000E+000     0.927107E-006        0.2832
   107        0.00034963     0.000000E+000     0.929057E-006        0.2836
   108        0.00034963     0.000000E+000     0.931231E-006        0.2839
   109        0.00034963     0.000000E+000     0.933623E-006        0.2843
   110        0.00034963     0.000000E+000     0.936230E-006        0.2846
   111        0.00034963     0.000000E+000     0.939045E-006        0.2850
   112        0.00034963     0.000000E+000     0.942064E-006        0.2853
   113        0.00034963     0.000000E+000     0.945282E-006        0.2857
   114        0.00034963     0.000000E+000     0.948696E-006        0.2860
   115        0.00034963     0.000000E+000     0.952301E-006        0.2864
   116        0.00034066     0.000000E+000     0.907919E-006        0.2867
   117        0.00034066     0.000000E+000     0.911603E-006        0.2871
   118        0.00034066     0.000000E+000     0.915451E-006        0.2874
   119        0.00034066     0.000000E+000     0.919459E-006        0.2877
   120        0.00034066     0.000000E+000     0.923624E-006        0.2881
   121        0.00034066     0.000000E+000     0.927943E-006        0.2884
   122        0.00034066     0.000000E+000     0.932415E-006        0.2888
   123        0.00034066     0.000000E+000     0.937035E-006        0.2891
   124        0.00034066     0.000000E+000     0.941802E-006        0.2894
   125        0.00034066     0.000000E+000     0.946712E-006        0.2898
   126        0.00034066     0.000000E+000     0.951763E-006        0.2901
   127        0.00034066     0.000000E+000     0.956952E-006        0.2905
   128        0.00032850     0.000000E+000     0.895088E-006        0.2908
   129        0.00032850     0.000000E+000     0.899991E-006        0.2911
   130        0.00032850     0.000000E+000     0.905006E-006        0.2915
   131        0.00032850     0.000000E+000     0.910133E-006        0.2918
   132        0.00032850     0.000000E+000     0.915367E-006        0.2921
   133        0.00032850     0.000000E+000     0.920708E-006        0.2924
   134        0.00032850     0.000000E+000     0.926153E-006        0.2928
   135        0.00032850     0.000000E+000     0.931698E-006        0.2931
   136        0.00032850     0.000000E+000     0.937343E-006        0.2934
   137        0.00032850     0.000000E+000     0.943085E-006        0.2938
   138        0.00032850     0.000000E+000     0.948921E-006        0.2941
   139        0.00032850     0.000000E+000     0.954848E-006        0.2944
   140        0.00030917     0.000000E+000     0.851652E-006        0.2947
   141        0.00030917     0.000000E+000     0.856754E-006        0.2951
   142        0.00030917     0.000000E+000     0.861922E-006        0.2954
   143        0.00030917     0.000000E+000     0.867154E-006        0.2957
   144        0.00030917     0.000000E+000     0.872448E-006        0.2960
   145        0.00030917     0.000000E+000     0.877803E-006        0.2963
   146        0.00030917     0.000000E+000     0.883216E-006        0.2966
   147        0.00030917     0.000000E+000     0.888685E-006        0.2969
   148        0.00030917     0.000000E+000     0.894208E-006        0.2972
   149        0.00030917     0.000000E+000     0.899784E-006        0.2975
   150        0.00030917     0.000000E+000     0.905409E-006        0.2978
   151        0.00030917     0.000000E+000     0.911082E-006        0.2981
   152        0.00030917     0.000000E+000     0.916800E-006        0.2985
   153        0.00030917     0.000000E+000     0.922563E-006        0.2988
   154        0.00030917     0.000000E+000     0.928366E-006        0.2991
   155        0.00030917     0.000000E+000     0.934209E-006        0.2994
   156        0.00030917     0.000000E+000     0.940088E-006        0.2997
   157        0.00030960     0.000000E+000     0.948585E-006        0.3000
   158        0.00030960     0.000000E+000     0.954556E-006        0.3003
   159        0.00030864     0.000000E+000     0.954630E-006        0.3006
   160        0.00030768     0.000000E+000     0.954677E-006        0.3009
   161        0.00030672     0.000000E+000     0.954693E-006        0.3012
   162        0.00030577     0.000000E+000     0.954678E-006        0.3015
   163        0.00030482     0.000000E+000     0.954629E-006        0.3018
   164        0.00030387     0.000000E+000     0.954545E-006        0.3022
   165        0.00030293     0.000000E+000     0.954423E-006        0.3025
   166        0.00030199     0.000000E+000     0.954262E-006        0.3028
   167        0.00030105     0.000000E+000     0.954060E-006        0.3031
   168        0.00030012     0.000000E+000     0.953816E-006        0.3034
   169        0.00029918     0.000000E+000     0.953528E-006        0.3037
   170        0.00029825     0.000000E+000     0.953195E-006        0.3040
   171        0.00029733     0.000000E+000     0.952816E-006        0.3043
   172        0.00029641     0.000000E+000     0.952389E-006        0.3046
   173        0.00029548     0.000000E+000     0.951913E-006        0.3049
   174        0.00029457     0.000000E+000     0.951388E-006        0.3051
   175        0.00029365     0.000000E+000     0.950812E-006        0.3054
   176        0.00029274     0.000000E+000     0.950185E-006        0.3057
   177        0.00029183     0.000000E+000     0.949506E-006        0.3060
   178        0.00029183     0.000000E+000     0.954664E-006        0.3063
   179        0.00029092     0.000000E+000     0.953870E-006        0.3066
   180        0.00029002     0.000000E+000     0.953022E-006        0.3069
   181        0.00028911     0.000000E+000     0.952118E-006        0.3072
   182        0.00028821     0.000000E+000     0.951158E-006        0.3075
   183        0.00028731     0.000000E+000     0.950142E-006        0.3078
   184        0.00028731     0.000000E+000     0.954981E-006        0.3081
   185        0.00028642     0.000000E+000     0.953841E-006        0.3083
   186        0.00028552     0.000000E+000     0.952644E-006        0.3086
   187        0.00028463     0.000000E+000     0.951388E-006        0.3089
   188        0.00028374     0.000000E+000     0.950075E-006        0.3092
   189        0.00028374     0.000000E+000     0.954633E-006        0.3095
   190        0.00028285     0.000000E+000     0.953191E-006        0.3098
   191        0.00028196     0.000000E+000     0.951690E-006        0.3101
   192        0.00028108     0.000000E+000     0.950131E-006        0.3103
   193        0.00028108     0.000000E+000     0.954461E-006        0.3106
   194        0.00028020     0.000000E+000     0.952771E-006        0.3109
   195        0.00027931     0.000000E+000     0.951022E-006        0.3112
   196        0.00027844     0.000000E+000     0.949216E-006        0.3115
   197        0.00027844     0.000000E+000     0.953311E-006        0.3117
   198        0.00027756     0.000000E+000     0.951372E-006        0.3120
   199        0.00027668     0.000000E+000     0.949377E-006        0.3123
   200        0.00027668     0.000000E+000     0.953301E-006        0.3126
   201        0.00027581     0.000000E+000     0.951173E-006        0.3128
   202        0.00027493     0.000000E+000     0.948989E-006        0.3131
   203        0.00027493     0.000000E+000     0.952742E-006        0.3134
   204        0.00027406     0.000000E+000     0.950425E-006        0.3137
   205        0.00027319     0.000000E+000     0.948055E-006        0.3139
   206        0.00027319     0.000000E+000     0.951635E-006        0.3142
   207        0.00027232     0.000000E+000     0.949133E-006        0.3145
   208        0.00027232     0.000000E+000     0.952608E-006        0.3148
   209        0.00027145     0.000000E+000     0.949977E-006        0.3150
   210        0.00027145     0.000000E+000     0.953347E-006        0.3153
   211        0.00027058     0.000000E+000     0.950586E-006        0.3156
   212        0.00026971     0.000000E+000     0.947774E-006        0.3158
   213        0.00026971     0.000000E+000     0.950972E-006        0.3161
   214        0.00026885     0.000000E+000     0.948033E-006        0.3164
   215        0.00026885     0.000000E+000     0.951126E-006        0.3167
   216        0.00026798     0.000000E+000     0.948062E-006        0.3169
   217        0.00026798     0.000000E+000     0.951050E-006        0.3172
   218        0.00026711     0.000000E+000     0.947863E-006        0.3175
   219        0.00026711     0.000000E+000     0.950747E-006        0.3177
   220        0.00026624     0.000000E+000     0.947439E-006        0.3180
   221        0.00026624     0.000000E+000     0.950220E-006        0.3183
   222        0.00026538     0.000000E+000     0.946791E-006        0.3185
   223        0.00026538     0.000000E+000     0.949470E-006        0.3188
   224        0.00026538     0.000000E+000     0.952109E-006        0.3191
   225        0.00026451     0.000000E+000     0.948488E-006        0.3193
   226        0.00026451     0.000000E+000     0.951027E-006        0.3196
   227        0.00026364     0.000000E+000     0.947291E-006        0.3199
   228        0.00026364     0.000000E+000     0.949729E-006        0.3201
   229        0.00026364     0.000000E+000     0.952129E-006        0.3204
   230        0.00026276     0.000000E+000     0.948207E-006        0.3206
   231        0.00026276     0.000000E+000     0.950507E-006        0.3209
   232        0.00026189     0.000000E+000     0.946477E-006        0.3212
   233        0.00026189     0.000000E+000     0.948680E-006        0.3214
   234        0.00026189     0.000000E+000     0.950845E-006        0.3217
   235        0.00026101     0.000000E+000     0.946637E-006        0.3220
   236        0.00026101     0.000000E+000     0.948706E-006        0.3222
   237        0.00026101     0.000000E+000     0.950739E-006        0.3225
   238        0.00026014     0.000000E+000     0.946357E-006        0.3227
   239        0.00026014     0.000000E+000     0.948296E-006        0.3230
   240        0.00026014     0.000000E+000     0.950198E-006        0.3233
   241        0.00025925     0.000000E+000     0.945647E-006        0.3235
   242        0.00025925     0.000000E+000     0.947458E-006        0.3238
   243        0.00025925     0.000000E+000     0.949233E-006        0.3240
   244        0.00025925     0.000000E+000     0.950972E-006        0.3243
   245        0.00025837     0.000000E+000     0.946188E-006        0.3246
   246        0.00025837     0.000000E+000     0.947839E-006        0.3248
   247        0.00025837     0.000000E+000     0.949455E-006        0.3251
   248        0.00025837     0.000000E+000     0.951035E-006        0.3253
   249        0.00025747     0.000000E+000     0.946027E-006        0.3256
   250        0.00025747     0.000000E+000     0.947522E-006        0.3258
   251        0.00025747     0.000000E+000     0.948983E-006        0.3261
   252        0.00025747     0.000000E+000     0.950410E-006        0.3264
   253        0.00025657     0.000000E+000     0.945185E-006        0.3266
   254        0.00025657     0.000000E+000     0.946530E-006        0.3269
   255        0.00025657     0.000000E+000     0.947842E-006        0.3271
   256        0.00025657     0.000000E+000     0.949121E-006        0.3274
   257        0.00025657     0.000000E+000     0.950367E-006        0.3276
   258        0.00025566     0.000000E+000     0.944870E-006        0.3279
   259        0.00025566     0.000000E+000     0.946039E-006        0.3282
   260        0.00025566     0.000000E+000     0.947176E-006        0.3284
   261        0.00025566     0.000000E+000     0.948281E-006        0.3287
   262        0.00025566     0.000000E+000     0.949354E-006        0.3289
   263        0.00025566     0.000000E+000     0.950397E-006        0.3292
   264        0.00025474     0.000000E+000     0.944577E-006        0.3294
   265        0.00025474     0.000000E+000     0.945547E-006        0.3297
   266        0.00025474     0.000000E+000     0.946487E-006        0.3299
   267        0.00025474     0.000000E+000     0.947397E-006        0.3302
   268        0.00025474     0.000000E+000     0.948277E-006        0.3305
   269        0.00025474     0.000000E+000     0.949127E-006        0.3307
   270        0.00025474     0.000000E+000     0.949949E-006        0.3310
   271        0.00025474     0.000000E+000     0.950741E-006        0.3312
   272        0.00025380     0.000000E+000     0.944495E-006        0.3315
   273        0.00025380     0.000000E+000     0.945222E-006        0.3317
   274        0.00025380     0.000000E+000     0.945921E-006        0.3320
   275        0.00025380     0.000000E+000     0.946592E-006        0.3322
   276        0.00025380     0.000000E+000     0.947236E-006        0.3325
   277        0.00025380     0.000000E+000     0.947852E-006        0.3327
   278        0.00025380     0.000000E+000     0.948442E-006        0.3330
   279        0.00025380     0.000000E+000     0.949005E-006        0.3333
   280        0.00025380     0.000000E+000     0.949541E-006        0.3335
   281        0.00025380     0.000000E+000     0.950051E-006        0.3338
   282        0.00025380     0.000000E+000     0.950535E-006        0.3340
   283        0.00025282     0.000000E+000     0.943719E-006        0.3343
   284        0.00025282     0.000000E+000     0.944147E-006        0.3345
   285        0.00025282     0.000000E+000     0.944550E-006        0.3348
   286        0.00025282     0.000000E+000     0.944929E-006        0.3350
   287        0.00025282     0.000000E+000     0.945284E-006        0.3353
   288        0.00025282     0.000000E+000     0.945615E-006        0.3355
   289        0.00025282     0.000000E+000     0.945922E-006        0.3358
   290        0.00025282     0.000000E+000     0.946205E-006        0.3360
   291        0.00025282     0.000000E+000     0.946465E-006        0.3363
   292        0.00025282     0.000000E+000     0.946703E-006        0.3365
   293        0.00025282     0.000000E+000     0.946917E-006        0.3368
   294        0.00025282     0.000000E+000     0.947109E-006        0.3370
   295        0.00025282     0.000000E+000     0.947279E-006        0.3373
   296        0.00025282     0.000000E+000     0.947427E-006        0.3376
   297        0.00025282     0.000000E+000     0.947554E-006        0.3378
   298        0.00025282     0.000000E+000     0.947659E-006        0.3381
   299        0.00025282     0.000000E+000     0.947742E-006        0.3383
   300        0.00025282     0.000000E+000     0.947805E-006        0.3386
   301        0.00025282     0.000000E+000     0.947848E-006        0.3388
   302        0.00025282     0.000000E+000     0.947869E-006        0.3391
   303        0.00025282     0.000000E+000     0.947871E-006        0.3393
   304        0.00025282     0.000000E+000     0.947853E-006        0.3396
   305        0.00025282     0.000000E+000     0.947816E-006        0.3398
   306        0.00025282     0.000000E+000     0.947758E-006        0.3401
   307        0.00025282     0.000000E+000     0.947682E-006        0.3403
   308        0.00025282     0.000000E+000     0.947587E-006        0.3406
   309        0.00025282     0.000000E+000     0.947474E-006        0.3408
   310        0.00025282     0.000000E+000     0.947342E-006        0.3411
   311        0.00025282     0.000000E+000     0.947192E-006        0.3413
   312        0.00025282     0.000000E+000     0.947024E-006        0.3416
   313        0.00025282     0.000000E+000     0.946839E-006        0.3419
   314        0.00025282     0.000000E+000     0.946636E-006        0.3421
   315        0.00025282     0.000000E+000     0.946416E-006        0.3424
   316        0.00025282     0.000000E+000     0.946180E-006        0.3426
   317        0.00025282     0.000000E+000     0.945926E-006        0.3429
   318        0.00025282     0.000000E+000     0.945657E-006        0.3431
   319        0.00025282     0.000000E+000     0.945371E-006        0.3434
   320        0.00025282     0.000000E+000     0.945069E-006        0.3436
   321        0.00025282     0.000000E+000     0.944751E-006        0.3439
   322        0.00025282     0.000000E+000     0.944419E-006        0.3441
   323        0.00025282     0.000000E+000     0.944070E-006        0.3444
   324        0.00025282     0.000000E+000     0.943707E-006        0.3446
   325        0.00025282     0.000000E+000     0.943329E-006        0.3449
   326        0.00025282     0.000000E+000     0.942937E-006        0.3451
   327        0.00025282     0.000000E+000     0.942530E-006        0.3454
   328        0.00025282     0.000000E+000     0.942110E-006        0.3456
   329        0.00025282     0.000000E+000     0.941675E-006        0.3459
   330        0.00025282     0.000000E+000     0.941227E-006        0.3461
   331        0.00025282     0.000000E+000     0.940765E-006        0.3464
   332        0.00025282     0.000000E+000     0.940290E-006        0.3467
   333        0.00025282     0.000000E+000     0.939802E-006        0.3469
   334        0.00025282     0.000000E+000     0.939301E-006        0.3472
   335        0.00025282     0.000000E+000     0.938788E-006        0.3474
   336        0.00025282     0.000000E+000     0.938262E-006        0.3477
   337        0.00025282     0.000000E+000     0.937724E-006        0.3479
   338        0.00025406     0.000000E+000     0.946359E-006        0.3482
   339        0.00025406     0.000000E+000     0.945789E-006        0.3484
   340        0.00025406     0.000000E+000     0.945207E-006        0.3487
   341        0.00025406     0.000000E+000     0.944614E-006        0.3489
   342        0.00025406     0.000000E+000     0.944009E-006        0.3492
   343        0.00025406     0.000000E+000     0.943393E-006        0.3494
   344        0.00025406     0.000000E+000     0.942766E-006        0.3497
   345        0.00025406     0.000000E+000     0.942128E-006        0.3500
   346        0.00025406     0.000000E+000     0.941480E-006        0.3502
   347        0.00025406     0.000000E+000     0.940821E-006        0.3505
   348        0.00025406     0.000000E+000     0.940152E-006        0.3507
   349        0.00025406     0.000000E+000     0.939473E-006        0.3510
   350        0.00025406     0.000000E+000     0.938784E-006        0.3512
   351        0.00025406     0.000000E+000     0.938085E-006        0.3515
   352        0.00025406     0.000000E+000     0.937377E-006        0.3517
   353        0.00025406     0.000000E+000     0.936659E-006        0.3520
   354        0.00025542     0.000000E+000     0.945942E-006        0.3522
   355        0.00025542     0.000000E+000     0.945195E-006        0.3525
   356        0.00025542     0.000000E+000     0.944438E-006        0.3527
   357        0.00025542     0.000000E+000     0.943672E-006        0.3530
   358        0.00025542     0.000000E+000     0.942898E-006        0.3533
   359        0.00025542     0.000000E+000     0.942115E-006        0.3535
   360        0.00025542     0.000000E+000     0.941324E-006        0.3538
   361        0.00025542     0.000000E+000     0.940525E-006        0.3540
   362        0.00025542     0.000000E+000     0.939718E-006        0.3543
   363        0.00025542     0.000000E+000     0.938903E-006        0.3545
   364        0.00025542     0.000000E+000     0.938080E-006        0.3548
   365        0.00025542     0.000000E+000     0.937249E-006        0.3550
   366        0.00025542     0.000000E+000     0.936412E-006        0.3553
   367        0.00025542     0.000000E+000     0.935566E-006        0.3556
   368        0.00025690     0.000000E+000     0.945588E-006        0.3558
   369        0.00025690     0.000000E+000     0.944714E-006        0.3561
   370        0.00025690     0.000000E+000     0.943833E-006        0.3563
   371        0.00025690     0.000000E+000     0.942945E-006        0.3566
   372        0.00025690     0.000000E+000     0.942050E-006        0.3568
   373        0.00025690     0.000000E+000     0.941149E-006        0.3571
   374        0.00025690     0.000000E+000     0.940242E-006        0.3574
   375        0.00025690     0.000000E+000     0.939328E-006        0.3576
   376        0.00025690     0.000000E+000     0.938409E-006        0.3579
   377        0.00025690     0.000000E+000     0.937483E-006        0.3581
   378        0.00025690     0.000000E+000     0.936552E-006        0.3584
   379        0.00025690     0.000000E+000     0.935615E-006        0.3586
   380        0.00025690     0.000000E+000     0.934672E-006        0.3589
   381        0.00025690     0.000000E+000     0.933724E-006        0.3592
   382        0.00025854     0.000000E+000     0.944663E-006        0.3594
   383        0.00025854     0.000000E+000     0.943686E-006        0.3597
   384        0.00025854     0.000000E+000     0.942704E-006        0.3599
   385        0.00025854     0.000000E+000     0.941718E-006        0.3602
   386        0.00025854     0.000000E+000     0.940726E-006        0.3604
   387        0.00025854     0.000000E+000     0.939729E-006        0.3607
   388        0.00025854     0.000000E+000     0.938728E-006        0.3610
   389        0.00025854     0.000000E+000     0.937722E-006        0.3612
   390        0.00025854     0.000000E+000     0.936712E-006        0.3615
   391        0.00025854     0.000000E+000     0.935698E-006        0.3617
   392        0.00025854     0.000000E+000     0.934679E-006        0.3620
   393        0.00025854     0.000000E+000     0.933657E-006        0.3623
   394        0.00025854     0.000000E+000     0.932630E-006        0.3625
   395        0.00026035     0.000000E+000     0.944646E-006        0.3628
   396        0.00026035     0.000000E+000     0.943590E-006        0.3630
   397        0.00026035     0.000000E+000     0.942530E-006        0.3633
   398        0.00026035     0.000000E+000     0.941467E-006        0.3636
   399        0.00026035     0.000000E+000     0.940401E-006        0.3638
   400        0.00026035     0.000000E+000     0.939331E-006        0.3641
   401        0.00026035     0.000000E+000     0.938258E-006        0.3643
   402        0.00026035     0.000000E+000     0.937182E-006        0.3646
   403        0.00026035     0.000000E+000     0.936103E-006        0.3649
   404        0.00026035     0.000000E+000     0.935020E-006        0.3651
   405        0.00026035     0.000000E+000     0.933935E-006        0.3654
   406        0.00026035     0.000000E+000     0.932848E-006        0.3656
   407        0.00026035     0.000000E+000     0.931758E-006        0.3659
   408        0.00026035     0.000000E+000     0.930665E-006        0.3662
   409        0.00026238     0.000000E+000     0.944120E-006        0.3664
   410        0.00026238     0.000000E+000     0.942997E-006        0.3667
   411        0.00026238     0.000000E+000     0.941871E-006        0.3669
   412        0.00026238     0.000000E+000     0.940744E-006        0.3672
   413        0.00026238     0.000000E+000     0.939614E-006        0.3675
   414        0.00026238     0.000000E+000     0.938482E-006        0.3677
   415        0.00026238     0.000000E+000     0.937348E-006        0.3680
   416        0.00026238     0.000000E+000     0.936213E-006        0.3683
   417        0.00026238     0.000000E+000     0.935076E-006        0.3685
   418        0.00026238     0.000000E+000     0.933937E-006        0.3688
   419        0.00026238     0.000000E+000     0.932797E-006        0.3690
   420        0.00026238     0.000000E+000     0.931655E-006        0.3693
   421        0.00026238     0.000000E+000     0.930512E-006        0.3696
   422        0.00026238     0.000000E+000     0.929368E-006        0.3698
   423        0.00026238     0.000000E+000     0.928223E-006        0.3701
   424        0.00026472     0.000000E+000     0.943672E-006        0.3704
   425        0.00026472     0.000000E+000     0.942494E-006        0.3706
   426        0.00026472     0.000000E+000     0.941315E-006        0.3709
   427        0.00026472     0.000000E+000     0.940135E-006        0.3711
   428        0.00026472     0.000000E+000     0.938955E-006        0.3714
   429        0.00026472     0.000000E+000     0.937774E-006        0.3717
   430        0.00026472     0.000000E+000     0.936592E-006        0.3719
   431        0.00026472     0.000000E+000     0.935410E-006        0.3722
   432        0.00026472     0.000000E+000     0.934228E-006        0.3725
   433        0.00026472     0.000000E+000     0.933045E-006        0.3727
   434        0.00026472     0.000000E+000     0.931862E-006        0.3730
   435        0.00026472     0.000000E+000     0.930679E-006        0.3733
   436        0.00026472     0.000000E+000     0.929496E-006        0.3735
   437        0.00026472     0.000000E+000     0.928314E-006        0.3738
   438        0.00026472     0.000000E+000     0.927131E-006        0.3741
   439        0.00026472     0.000000E+000     0.925947E-006        0.3743
   440        0.00026472     0.000000E+000     0.924762E-006        0.3746
   441        0.00026472     0.000000E+000     0.923575E-006        0.3749
   442        0.00026757     0.000000E+000     0.942291E-006        0.3751
   443        0.00026757     0.000000E+000     0.941058E-006        0.3754
   444        0.00026757     0.000000E+000     0.939819E-006        0.3757
   445        0.00026757     0.000000E+000     0.938575E-006        0.3759
   446        0.00026757     0.000000E+000     0.937323E-006        0.3762
   447        0.00026757     0.000000E+000     0.936062E-006        0.3765
   448        0.00026757     0.000000E+000     0.934792E-006        0.3767
   449        0.00026757     0.000000E+000     0.933510E-006        0.3770
   450        0.00026757     0.000000E+000     0.932217E-006        0.3773
   451        0.00026757     0.000000E+000     0.930912E-006        0.3775
   452        0.00026757     0.000000E+000     0.929594E-006        0.3778
   453        0.00026757     0.000000E+000     0.928263E-006        0.3781
   454        0.00026757     0.000000E+000     0.926920E-006        0.3783
   455        0.00026757     0.000000E+000     0.925564E-006        0.3786
   456        0.00026757     0.000000E+000     0.924198E-006        0.3789
   457        0.00026757     0.000000E+000     0.922824E-006        0.3791
   458        0.00026757     0.000000E+000     0.921443E-006        0.3794
   459        0.00026757     0.000000E+000     0.920059E-006        0.3797
   460        0.00026757     0.000000E+000     0.918676E-006        0.3799
   461        0.00026757     0.000000E+000     0.917299E-006        0.3802
   462        0.00026757     0.000000E+000     0.915935E-006        0.3805
   463        0.00027134     0.000000E+000     0.940493E-006        0.3807
   464        0.00027134     0.000000E+000     0.939123E-006        0.3810
   465        0.00027134     0.000000E+000     0.937793E-006        0.3813
   466        0.00027134     0.000000E+000     0.936517E-006        0.3815
   467        0.00027134     0.000000E+000     0.935310E-006        0.3818
   468        0.00027134     0.000000E+000     0.934187E-006        0.3821
   469        0.00027134     0.000000E+000     0.933167E-006        0.3824
   470        0.00027134     0.000000E+000     0.932273E-006        0.3826
   471        0.00027134     0.000000E+000     0.931528E-006        0.3829
   472        0.00027134     0.000000E+000     0.930958E-006        0.3832
   473        0.00027134     0.000000E+000     0.930595E-006        0.3834
   474        0.00027134     0.000000E+000     0.930471E-006        0.3837
   475        0.00027134     0.000000E+000     0.930627E-006        0.3840
   476        0.00027134     0.000000E+000     0.931103E-006        0.3843
   477        0.00027134     0.000000E+000     0.931947E-006        0.3845
   478        0.00027134     0.000000E+000     0.933212E-006        0.3848
   479        0.00027134     0.000000E+000     0.934957E-006        0.3851
   480        0.00027134     0.000000E+000     0.937248E-006        0.3853
   481        0.00027134     0.000000E+000     0.940156E-006        0.3856
   482        0.00027134     0.000000E+000     0.943765E-006        0.3859
   483        0.00027134     0.000000E+000     0.948164E-006        0.3862
   484        0.00027134     0.000000E+000     0.953454E-006        0.3864
   485        0.00026591     0.000000E+000     0.921809E-006        0.3867
   486        0.00026591     0.000000E+000     0.928797E-006        0.3870
   487        0.00026591     0.000000E+000     0.936957E-006        0.3872
   488        0.00026591     0.000000E+000     0.946430E-006        0.3875
   489        0.00026591     0.000000E+000     0.957373E-006        0.3878
   490        0.00026013     0.000000E+000     0.928344E-006        0.3880
   491        0.00026013     0.000000E+000     0.941862E-006        0.3883
   492        0.00026013     0.000000E+000     0.957271E-006        0.3886
   493        0.00025422     0.000000E+000     0.931106E-006        0.3888
   494        0.00025422     0.000000E+000     0.949667E-006        0.3891
   495        0.00025422     0.000000E+000     0.970631E-006        0.3893
   496        0.00024817     0.000000E+000     0.947647E-006        0.3896
   497        0.00024817     0.000000E+000     0.972428E-006        0.3898
   498        0.00024211     0.000000E+000     0.952218E-006        0.3901
   499        0.00023621     0.000000E+000     0.934084E-006        0.3903
   500        0.00023621     0.000000E+000     0.964139E-006        0.3906
   501        0.00023030     0.000000E+000     0.948569E-006        0.3908
   502        0.00023030     0.000000E+000     0.983117E-006        0.3910
   503        0.00022440     0.000000E+000     0.969997E-006        0.3912
   504        0.00021864     0.000000E+000     0.958520E-006        0.3915
   505        0.00021304     0.000000E+000     0.948519E-006        0.3917
   506        0.00021304     0.000000E+000     0.989672E-006        0.3919
   507        0.00020743     0.000000E+000     0.981502E-006        0.3921
   508        0.00020197     0.000000E+000     0.974452E-006        0.3923
   509        0.00019666     0.000000E+000     0.968362E-006        0.3925
   510        0.00019148     0.000000E+000     0.963076E-006        0.3927
   511        0.00018644     0.000000E+000     0.958448E-006        0.3929
   512        0.00018154     0.000000E+000     0.954335E-006        0.3931
   513        0.00017676     0.000000E+000     0.950606E-006        0.3933
   514 *      0.00008838     0.000000E+000     0.251251E-006        0.3935
   514        0.00008838     0.000000E+000     0.257801E-006        0.3935
   515        0.00015520     0.000000E+000     0.812049E-006        0.3936
   516        0.00016337     0.000000E+000     0.941545E-006        0.3938
   517        0.00016337     0.000000E+000     0.989268E-006        0.3940
   518        0.00015896     0.000000E+000     0.985418E-006        0.3941
   519        0.00015466     0.000000E+000     0.981284E-006        0.3943
   520        0.00015048     0.000000E+000     0.976778E-006        0.3944
   521        0.00014641     0.000000E+000     0.971818E-006        0.3946
   522        0.00014246     0.000000E+000     0.966336E-006        0.3947
   523        0.00013861     0.000000E+000     0.960270E-006        0.3949
   524        0.00013486     0.000000E+000     0.953569E-006        0.3950
   525        0.00013122     0.000000E+000     0.946194E-006        0.3951
   526        0.00013122     0.000000E+000     0.990634E-006        0.3953
   527        0.00012757     0.000000E+000     0.981031E-006        0.3954
   528        0.00012403     0.000000E+000     0.970601E-006        0.3955
   529        0.00012058     0.000000E+000     0.959339E-006        0.3957
   530        0.00011723     0.000000E+000     0.947252E-006        0.3958
   531        0.00011723     0.000000E+000     0.988191E-006        0.3959
   532        0.00011388     0.000000E+000     0.973251E-006        0.3960
   533        0.00011063     0.000000E+000     0.957456E-006        0.3961
   534        0.00010747     0.000000E+000     0.940848E-006        0.3962
   535        0.00010747     0.000000E+000     0.978297E-006        0.3963
   536        0.00010431     0.000000E+000     0.958540E-006        0.3965
   537        0.00010124     0.000000E+000     0.938052E-006        0.3966
   538        0.00010124     0.000000E+000     0.973024E-006        0.3967
   539        0.00009817     0.000000E+000     0.949236E-006        0.3968
   540        0.00009817     0.000000E+000     0.983290E-006        0.3969
   541        0.00009510     0.000000E+000     0.956040E-006        0.3970
   542        0.00009213     0.000000E+000     0.928362E-006        0.3971
   543        0.00009213     0.000000E+000     0.959101E-006        0.3971
   544        0.00008916     0.000000E+000     0.928050E-006        0.3972
   545        0.00008916     0.000000E+000     0.957369E-006        0.3973
   546        0.00008619     0.000000E+000     0.922937E-006        0.3974
   547        0.00008619     0.000000E+000     0.950664E-006        0.3975
   548        0.00008619     0.000000E+000     0.978968E-006        0.3976
   549        0.00008311     0.000000E+000     0.937441E-006        0.3977
   550        0.00008311     0.000000E+000     0.963830E-006        0.3978
   551        0.00008003     0.000000E+000     0.918957E-006        0.3978
   552        0.00008003     0.000000E+000     0.943340E-006        0.3979
   553        0.00008003     0.000000E+000     0.968089E-006        0.3980
   554        0.00007683     0.000000E+000     0.915640E-006        0.3981
   555        0.00007683     0.000000E+000     0.938155E-006        0.3982
   556        0.00007683     0.000000E+000     0.960938E-006        0.3982
   557        0.00007349     0.000000E+000     0.900601E-006        0.3983
   558        0.00007349     0.000000E+000     0.920982E-006        0.3984
   559        0.00007349     0.000000E+000     0.941547E-006        0.3985
   560        0.00007349     0.000000E+000     0.962282E-006        0.3985
   561        0.00006982     0.000000E+000     0.887675E-006        0.3986
   562        0.00006982     0.000000E+000     0.905721E-006        0.3987
   563        0.00006982     0.000000E+000     0.923870E-006        0.3987
   564        0.00006982     0.000000E+000     0.942108E-006        0.3988
   565        0.00006982     0.000000E+000     0.960424E-006        0.3989
   566        0.00006545     0.000000E+000     0.860698E-006        0.3990
   567        0.00006545     0.000000E+000     0.875902E-006        0.3990
   568        0.00006545     0.000000E+000     0.891136E-006        0.3991
   569        0.00006545     0.000000E+000     0.906390E-006        0.3991
   570        0.00006545     0.000000E+000     0.921656E-006        0.3992
   571        0.00006545     0.000000E+000     0.936923E-006        0.3993
   572        0.00006545     0.000000E+000     0.952181E-006        0.3993
   573        0.00006545     0.000000E+000     0.967422E-006        0.3994
   574        0.00005818     0.000000E+000     0.777045E-006        0.3995
   575        0.00005818     0.000000E+000     0.787725E-006        0.3995
   576        0.00005818     0.000000E+000     0.798375E-006        0.3996
   577        0.00005818     0.000000E+000     0.808992E-006        0.3997
   578        0.00005818     0.000000E+000     0.819568E-006        0.3997
   579        0.00005818     0.000000E+000     0.830099E-006        0.3998
   580        0.00005818     0.000000E+000     0.840579E-006        0.3998
   581        0.00005818     0.000000E+000     0.851004E-006        0.3999
   582        0.00005818     0.000000E+000     0.861366E-006        0.3999
   583        0.00006035     0.000000E+000     0.937684E-006        0.4000
   584        0.00006064     0.000000E+000     0.958291E-006        0.4001
   585        0.00006042     0.000000E+000     0.962766E-006        0.4001
   586        0.00006010     0.000000E+000     0.963532E-006        0.4002
   587        0.00005977     0.000000E+000     0.964058E-006        0.4002
   588        0.00005942     0.000000E+000     0.963204E-006        0.4003
   589        0.00005910     0.000000E+000     0.963262E-006        0.4004
   590        0.00005878     0.000000E+000     0.963090E-006        0.4004
   591        0.00005847     0.000000E+000     0.962689E-006        0.4005
   592        0.00005817     0.000000E+000     0.962062E-006        0.4005
   593        0.00005786     0.000000E+000     0.961208E-006        0.4006
   594        0.00005759     0.000000E+000     0.961238E-006        0.4007
   595        0.00005733     0.000000E+000     0.961032E-006        0.4007
   596        0.00005706     0.000000E+000     0.960583E-006        0.4008
   597        0.00005680     0.000000E+000     0.959884E-006        0.4008
   598        0.00005657     0.000000E+000     0.960007E-006        0.4009
   599        0.00005635     0.000000E+000     0.959829E-006        0.4009
   600        0.00005613     0.000000E+000     0.959303E-006        0.4010
   601        0.00005590     0.000000E+000     0.958342E-006        0.4011
   602        0.00005571     0.000000E+000     0.957847E-006        0.4011
   603        0.00005553     0.000000E+000     0.956317E-006        0.4012
   604        0.00005537     0.000000E+000     0.953436E-006        0.4012
   605        0.00005528     0.000000E+000     0.939968E-006        0.4013
   606        0.00005550     0.000000E+000     0.995608E-006        0.4013
   607        0.00005451     0.000000E+000     0.968212E-006        0.4014
   608        0.00005410     0.000000E+000     0.960254E-006        0.4014
   609        0.00005386     0.000000E+000     0.958397E-006        0.4015
   610        0.00005365     0.000000E+000     0.957384E-006        0.4015
   611        0.00005348     0.000000E+000     0.957227E-006        0.4016
   612        0.00005330     0.000000E+000     0.956902E-006        0.4017
   613        0.00005313     0.000000E+000     0.956417E-006        0.4017
   614        0.00005299     0.000000E+000     0.956809E-006        0.4018
   615        0.00005282     0.000000E+000     0.956026E-006        0.4018
   616        0.00005268     0.000000E+000     0.956124E-006        0.4019
   617        0.00005253     0.000000E+000     0.956081E-006        0.4019
   618        0.00005239     0.000000E+000     0.955902E-006        0.4020
   619        0.00005225     0.000000E+000     0.955590E-006        0.4020
   620        0.00005212     0.000000E+000     0.955147E-006        0.4021
   621        0.00005200     0.000000E+000     0.955589E-006        0.4021
   622        0.00005187     0.000000E+000     0.954893E-006        0.4022
   623        0.00005176     0.000000E+000     0.955083E-006        0.4022
   624        0.00005165     0.000000E+000     0.955152E-006        0.4023
   625        0.00005154     0.000000E+000     0.955100E-006        0.4023
   626        0.00005143     0.000000E+000     0.954932E-006        0.4024
   627        0.00005132     0.000000E+000     0.954647E-006        0.4024
   628        0.00005121     0.000000E+000     0.954250E-006        0.4025
   629        0.00005111     0.000000E+000     0.953742E-006        0.4025
   630        0.00005103     0.000000E+000     0.954120E-006        0.4026
   631        0.00005092     0.000000E+000     0.953395E-006        0.4026
   632        0.00005084     0.000000E+000     0.953557E-006        0.4027
   633        0.00005076     0.000000E+000     0.953615E-006        0.4027
   634        0.00005068     0.000000E+000     0.953568E-006        0.4028
   635        0.00005060     0.000000E+000     0.953420E-006        0.4028
   636        0.00005052     0.000000E+000     0.953171E-006        0.4029
   637        0.00005044     0.000000E+000     0.952824E-006        0.4029
   638        0.00005036     0.000000E+000     0.952380E-006        0.4030
   639        0.00005031     0.000000E+000     0.952825E-006        0.4030
   640        0.00005023     0.000000E+000     0.952190E-006        0.4031
   641        0.00005018     0.000000E+000     0.952447E-006        0.4031
   642        0.00005013     0.000000E+000     0.952610E-006        0.4032
   643        0.00005008     0.000000E+000     0.952683E-006        0.4032
   644        0.00005000     0.000000E+000     0.951684E-006        0.4033
   645        0.00004995     0.000000E+000     0.951578E-006        0.4033
   646        0.00004990     0.000000E+000     0.951384E-006        0.4034
   647        0.00004985     0.000000E+000     0.951104E-006        0.4034
   648        0.00004982     0.000000E+000     0.951718E-006        0.4035
   649        0.00004977     0.000000E+000     0.951267E-006        0.4035
   650        0.00004974     0.000000E+000     0.951712E-006        0.4036
   651        0.00004969     0.000000E+000     0.951095E-006        0.4036
   652        0.00004967     0.000000E+000     0.951373E-006        0.4037
   653        0.00004961     0.000000E+000     0.950592E-006        0.4037
   654        0.00004959     0.000000E+000     0.950706E-006        0.4038
   655        0.00004956     0.000000E+000     0.950737E-006        0.4038
   656        0.00004954     0.000000E+000     0.950685E-006        0.4039
   657        0.00004951     0.000000E+000     0.950549E-006        0.4039
   658        0.00004949     0.000000E+000     0.950324E-006        0.4040
   659        0.00004946     0.000000E+000     0.950007E-006        0.4040
   660        0.00004946     0.000000E+000     0.950564E-006        0.4041
   661        0.00004944     0.000000E+000     0.950024E-006        0.4041
   662        0.00004944     0.000000E+000     0.950303E-006        0.4042
   663        0.00004941     0.000000E+000     0.949354E-006        0.4042
   664        0.00004941     0.000000E+000     0.948816E-006        0.4043
   665        0.00004941     0.000000E+000     0.945508E-006        0.4043
   666        0.00004949     0.000000E+000     0.952089E-006        0.4044
   667        0.00004944     0.000000E+000     0.951311E-006        0.4044
   668        0.00004941     0.000000E+000     0.950837E-006        0.4045
   669        0.00004938     0.000000E+000     0.950134E-006        0.4045
   670        0.00004936     0.000000E+000     0.949298E-006        0.4046
   671        0.00004936     0.000000E+000     0.949344E-006        0.4046
   672        0.00004936     0.000000E+000     0.949308E-006        0.4047
   673        0.00004936     0.000000E+000     0.949199E-006        0.4047
   674        0.00004936     0.000000E+000     0.949024E-006        0.4048
   675        0.00004936     0.000000E+000     0.948785E-006        0.4048
   676        0.00004936     0.000000E+000     0.948485E-006        0.4049
   677        0.00004938     0.000000E+000     0.949110E-006        0.4049
   678        0.00004938     0.000000E+000     0.948696E-006        0.4050
   679        0.00004941     0.000000E+000     0.949211E-006        0.4050
   680        0.00004941     0.000000E+000     0.948688E-006        0.4051
   681        0.00004944     0.000000E+000     0.949098E-006        0.4051
   682        0.00004944     0.000000E+000     0.948471E-006        0.4052
   683        0.00004946     0.000000E+000     0.948781E-006        0.4052
   684        0.00004946     0.000000E+000     0.948054E-006        0.4053
   685        0.00004949     0.000000E+000     0.948267E-006        0.4053
   686        0.00004951     0.000000E+000     0.948434E-006        0.4054
   687        0.00004954     0.000000E+000     0.948555E-006        0.4054
   688        0.00004957     0.000000E+000     0.948631E-006        0.4055
   689        0.00004959     0.000000E+000     0.948663E-006        0.4055
   690        0.00004962     0.000000E+000     0.948652E-006        0.4056
   691        0.00004964     0.000000E+000     0.948599E-006        0.4056
   692        0.00004967     0.000000E+000     0.948503E-006        0.4057
   693        0.00004970     0.000000E+000     0.948367E-006        0.4057
   694        0.00004972     0.000000E+000     0.948191E-006        0.4058
   695        0.00004975     0.000000E+000     0.947976E-006        0.4058
   696        0.00004978     0.000000E+000     0.947723E-006        0.4059
   697        0.00004980     0.000000E+000     0.947432E-006        0.4059
   698        0.00004983     0.000000E+000     0.947105E-006        0.4060
   699        0.00004988     0.000000E+000     0.947745E-006        0.4060
   700        0.00004991     0.000000E+000     0.947346E-006        0.4061
   701        0.00004996     0.000000E+000     0.947919E-006        0.4061
   702        0.00004999     0.000000E+000     0.947453E-006        0.4062
   703        0.00005001     0.000000E+000     0.946954E-006        0.4062
   704        0.00005007     0.000000E+000     0.947433E-006        0.4063
   705        0.00005009     0.000000E+000     0.946871E-006        0.4063
   706        0.00005015     0.000000E+000     0.947291E-006        0.4064
   707        0.00005020     0.000000E+000     0.947683E-006        0.4064
   708        0.00005023     0.000000E+000     0.947033E-006        0.4065
   709        0.00005028     0.000000E+000     0.947371E-006        0.4065
   710        0.00005031     0.000000E+000     0.946666E-006        0.4066
   711        0.00005036     0.000000E+000     0.946954E-006        0.4066
   712        0.00005042     0.000000E+000     0.947218E-006        0.4067
   713        0.00005047     0.000000E+000     0.947459E-006        0.4067
   714        0.00005050     0.000000E+000     0.946655E-006        0.4068
   715        0.00005055     0.000000E+000     0.946852E-006        0.4068
   716        0.00005061     0.000000E+000     0.947029E-006        0.4069
   717        0.00005066     0.000000E+000     0.947187E-006        0.4069
   718        0.00005072     0.000000E+000     0.947325E-006        0.4070
   719        0.00005075     0.000000E+000     0.946416E-006        0.4070
   720        0.00005080     0.000000E+000     0.946520E-006        0.4071
   721        0.00005086     0.000000E+000     0.946608E-006        0.4071
   722        0.00005091     0.000000E+000     0.946680E-006        0.4072
   723        0.00005097     0.000000E+000     0.946739E-006        0.4072
   724        0.00005103     0.000000E+000     0.946784E-006        0.4073
   725        0.00005108     0.000000E+000     0.946817E-006        0.4073
   726        0.00005114     0.000000E+000     0.946838E-006        0.4074
   727        0.00005120     0.000000E+000     0.946849E-006        0.4074
   728        0.00005125     0.000000E+000     0.946849E-006        0.4075
   729        0.00005131     0.000000E+000     0.946841E-006        0.4075
   730        0.00005137     0.000000E+000     0.946825E-006        0.4076
   731        0.00005142     0.000000E+000     0.946802E-006        0.4076
   732        0.00005148     0.000000E+000     0.946773E-006        0.4077
   733        0.00005154     0.000000E+000     0.946738E-006        0.4077
   734        0.00005160     0.000000E+000     0.946699E-006        0.4078
   735        0.00005165     0.000000E+000     0.946657E-006        0.4078
   736        0.00005171     0.000000E+000     0.946612E-006        0.4079
   737        0.00005177     0.000000E+000     0.946565E-006        0.4080
   738        0.00005183     0.000000E+000     0.946517E-006        0.4080
   739        0.00005189     0.000000E+000     0.946469E-006        0.4081
   740        0.00005195     0.000000E+000     0.946422E-006        0.4081
   741        0.00005200     0.000000E+000     0.946377E-006        0.4082
   742        0.00005206     0.000000E+000     0.946334E-006        0.4082
   743        0.00005212     0.000000E+000     0.946295E-006        0.4083
   744        0.00005218     0.000000E+000     0.946259E-006        0.4083
   745        0.00005224     0.000000E+000     0.946228E-006        0.4084
   746        0.00005230     0.000000E+000     0.946203E-006        0.4084
   747        0.00005236     0.000000E+000     0.946184E-006        0.4085
   748        0.00005242     0.000000E+000     0.946171E-006        0.4085
   749        0.00005248     0.000000E+000     0.946166E-006        0.4086
   750        0.00005254     0.000000E+000     0.946169E-006        0.4086
   751        0.00005260     0.000000E+000     0.946181E-006        0.4087
   752        0.00005266     0.000000E+000     0.946202E-006        0.4087
   753        0.00005272     0.000000E+000     0.946232E-006        0.4088
   754        0.00005279     0.000000E+000     0.946273E-006        0.4088
   755        0.00005285     0.000000E+000     0.946324E-006        0.4089
   756        0.00005291     0.000000E+000     0.946385E-006        0.4089
   757        0.00005297     0.000000E+000     0.946458E-006        0.4090
   758        0.00005303     0.000000E+000     0.946542E-006        0.4091
   759        0.00005309     0.000000E+000     0.946637E-006        0.4091
   760        0.00005316     0.000000E+000     0.946744E-006        0.4092
   761        0.00005322     0.000000E+000     0.946863E-006        0.4092
   762        0.00005328     0.000000E+000     0.946993E-006        0.4093
   763        0.00005334     0.000000E+000     0.947135E-006        0.4093
   764        0.00005337     0.000000E+000     0.946176E-006        0.4094
   765        0.00005344     0.000000E+000     0.946340E-006        0.4094
   766        0.00005350     0.000000E+000     0.946515E-006        0.4095
   767        0.00005356     0.000000E+000     0.946700E-006        0.4095
   768        0.00005363     0.000000E+000     0.946895E-006        0.4096
   769        0.00005369     0.000000E+000     0.947100E-006        0.4096
   770        0.00005372     0.000000E+000     0.946190E-006        0.4097
   771        0.00005379     0.000000E+000     0.946412E-006        0.4097
   772        0.00005385     0.000000E+000     0.946641E-006        0.4098
   773        0.00005392     0.000000E+000     0.946876E-006        0.4099
   774        0.00005398     0.000000E+000     0.947117E-006        0.4099
   775        0.00005401     0.000000E+000     0.946230E-006        0.4100
   776        0.00005408     0.000000E+000     0.946479E-006        0.4100
   777        0.00005414     0.000000E+000     0.946730E-006        0.4101
   778        0.00005421     0.000000E+000     0.946982E-006        0.4101
   779        0.00005427     0.000000E+000     0.947234E-006        0.4102
   780        0.00005431     0.000000E+000     0.946343E-006        0.4102
   781        0.00005437     0.000000E+000     0.946590E-006        0.4103
   782        0.00005444     0.000000E+000     0.946832E-006        0.4103
   783        0.00005450     0.000000E+000     0.947068E-006        0.4104
   784        0.00005454     0.000000E+000     0.946148E-006        0.4104
   785        0.00005460     0.000000E+000     0.946366E-006        0.4105
   786        0.00005467     0.000000E+000     0.946573E-006        0.4106
   787        0.00005474     0.000000E+000     0.946768E-006        0.4106
   788        0.00005480     0.000000E+000     0.946947E-006        0.4107
   789        0.00005487     0.000000E+000     0.947109E-006        0.4107
   790        0.00005491     0.000000E+000     0.946092E-006        0.4108
   791        0.00005497     0.000000E+000     0.946214E-006        0.4108
   792        0.00005504     0.000000E+000     0.946315E-006        0.4109
   793        0.00005511     0.000000E+000     0.946390E-006        0.4109
   794        0.00005518     0.000000E+000     0.946440E-006        0.4110
   795        0.00005525     0.000000E+000     0.946460E-006        0.4111
   796        0.00005532     0.000000E+000     0.946451E-006        0.4111
   797        0.00005538     0.000000E+000     0.946409E-006        0.4112
   798        0.00005545     0.000000E+000     0.946334E-006        0.4112
   799        0.00005552     0.000000E+000     0.946222E-006        0.4113
   800        0.00005559     0.000000E+000     0.946074E-006        0.4113
   801        0.00005566     0.000000E+000     0.945886E-006        0.4114
   802        0.00005573     0.000000E+000     0.945657E-006        0.4114
   803        0.00005580     0.000000E+000     0.945386E-006        0.4115
   804        0.00005587     0.000000E+000     0.945071E-006        0.4116
   805        0.00005598     0.000000E+000     0.945904E-006        0.4116
   806        0.00005605     0.000000E+000     0.945498E-006        0.4117
   807        0.00005612     0.000000E+000     0.945044E-006        0.4117
   808        0.00005623     0.000000E+000     0.945742E-006        0.4118
   809        0.00005630     0.000000E+000     0.945190E-006        0.4118
   810        0.00005641     0.000000E+000     0.945793E-006        0.4119
   811        0.00005648     0.000000E+000     0.945139E-006        0.4119
   812        0.00005659     0.000000E+000     0.945645E-006        0.4120
   813        0.00005666     0.000000E+000     0.944887E-006        0.4121
   814        0.00005677     0.000000E+000     0.945294E-006        0.4121
   815        0.00005685     0.000000E+000     0.944432E-006        0.4122
   816        0.00005696     0.000000E+000     0.944738E-006        0.4122
   817        0.00005707     0.000000E+000     0.944995E-006        0.4123
   818        0.00005718     0.000000E+000     0.945202E-006        0.4123
   819        0.00005725     0.000000E+000     0.944130E-006        0.4124
   820        0.00005737     0.000000E+000     0.944239E-006        0.4125
   821        0.00005748     0.000000E+000     0.944300E-006        0.4125
   822        0.00005759     0.000000E+000     0.944314E-006        0.4126
   823        0.00005771     0.000000E+000     0.944282E-006        0.4126
   824        0.00005782     0.000000E+000     0.944198E-006        0.4127
   825        0.00005794     0.000000E+000     0.944078E-006        0.4127
   826        0.00005805     0.000000E+000     0.943910E-006        0.4128
   827        0.00005817     0.000000E+000     0.943709E-006        0.4129
   828        0.00005829     0.000000E+000     0.943462E-006        0.4129
   829        0.00005840     0.000000E+000     0.943176E-006        0.4130
   830        0.00005856     0.000000E+000     0.944121E-006        0.4130
   831        0.00005868     0.000000E+000     0.943765E-006        0.4131
   832        0.00005880     0.000000E+000     0.943377E-006        0.4132
   833        0.00005892     0.000000E+000     0.942960E-006        0.4132
   834        0.00005908     0.000000E+000     0.943791E-006        0.4133
   835        0.00005920     0.000000E+000     0.943317E-006        0.4133
   836        0.00005932     0.000000E+000     0.942817E-006        0.4134
   837        0.00005949     0.000000E+000     0.943585E-006        0.4134
   838        0.00005961     0.000000E+000     0.943040E-006        0.4135
   839        0.00005977     0.000000E+000     0.943771E-006        0.4136
   840        0.00005990     0.000000E+000     0.943180E-006        0.4136
   841        0.00006002     0.000000E+000     0.942564E-006        0.4137
   842        0.00006019     0.000000E+000     0.943226E-006        0.4137
   843        0.00006032     0.000000E+000     0.942533E-006        0.4138
   844        0.00006049     0.000000E+000     0.943063E-006        0.4139
   845        0.00006061     0.000000E+000     0.942555E-006        0.4139
   846        0.00006078     0.000000E+000     0.943103E-006        0.4140
   847        0.00006091     0.000000E+000     0.942240E-006        0.4141
   848        0.00006109     0.000000E+000     0.942590E-006        0.4141
   849        0.00006126     0.000000E+000     0.942756E-006        0.4142
   850        0.00006144     0.000000E+000     0.942627E-006        0.4142
   851        0.00006161     0.000000E+000     0.942006E-006        0.4143
   852        0.00006179     0.000000E+000     0.940488E-006        0.4144
   853        0.00006202     0.000000E+000     0.938439E-006        0.4144
   854        0.00006229     0.000000E+000     0.932478E-006        0.4145
   855        0.00006270     0.000000E+000     0.901955E-006        0.4145
   856        0.00006392     0.000000E+000     0.298040E-006        0.4146
   857        0.00009741     0.000000E+000     0.228767E-006        0.4147
   858        0.00016235     0.000000E+000     0.408206E-006        0.4148
   859        0.00022154     0.000000E+000     0.501073E-006        0.4149
   860        0.00028096     0.000000E+000     0.331244E-006        0.4152
   861        0.00041253     0.000000E+000     0.637700E-006        0.4154
   862        0.00047816     0.000000E+000     0.735060E-006        0.4158
   863        0.00052628     0.000000E+000     0.888696E-006        0.4163
   864 *      0.00026823     0.000000E+000     0.279905E-006        0.4168
   864        0.00026823     0.000000E+000     0.383451E-006        0.4171
   865 *      0.00020449     0.000000E+000     0.402785E-006        0.4174
   865        0.00020449     0.000000E+000     0.856317E-006        0.4176
   866 *      0.00011354     0.000000E+000     0.733289E-006        0.4178
   866        0.00011354     0.000000E+000     0.131296E-005        0.4179
   867 *      0.00005330     0.000000E+000     0.440070E-006        0.4180
   867        0.00005330     0.000000E+000     0.493043E-006        0.4181
   868 *      0.00003685     0.000000E+000     0.253779E-006        0.4181
   868        0.00003685     0.000000E+000     0.261711E-006        0.4182
   869        0.00006518     0.000000E+000     0.830963E-006        0.4182
   870        0.00006857     0.000000E+000     0.933784E-006        0.4183
   871        0.00006897     0.000000E+000     0.946923E-006        0.4183
   872        0.00006903     0.000000E+000     0.944510E-006        0.4184
   873        0.00006915     0.000000E+000     0.941246E-006        0.4185
   874        0.00006938     0.000000E+000     0.940181E-006        0.4185
   875        0.00006962     0.000000E+000     0.938692E-006        0.4186
   876        0.00006992     0.000000E+000     0.938613E-006        0.4187
   877        0.00007022     0.000000E+000     0.938447E-006        0.4188
   878        0.00007053     0.000000E+000     0.938244E-006        0.4188
   879        0.00007084     0.000000E+000     0.938027E-006        0.4189
   880        0.00007115     0.000000E+000     0.937812E-006        0.4190
   881        0.00007146     0.000000E+000     0.937603E-006        0.4190
   882        0.00007178     0.000000E+000     0.937406E-006        0.4191
   883        0.00007210     0.000000E+000     0.937223E-006        0.4192
   884        0.00007242     0.000000E+000     0.937054E-006        0.4192
   885        0.00007275     0.000000E+000     0.936899E-006        0.4193
   886        0.00007308     0.000000E+000     0.936759E-006        0.4194
   887        0.00007341     0.000000E+000     0.936632E-006        0.4195
   888        0.00007375     0.000000E+000     0.936520E-006        0.4195
   889        0.00007409     0.000000E+000     0.936420E-006        0.4196
   890        0.00007443     0.000000E+000     0.936332E-006        0.4197
   891        0.00007478     0.000000E+000     0.936256E-006        0.4198
   892        0.00007513     0.000000E+000     0.936191E-006        0.4198
   893        0.00007548     0.000000E+000     0.936136E-006        0.4199
   894        0.00007584     0.000000E+000     0.936090E-006        0.4200
   895        0.00007620     0.000000E+000     0.936053E-006        0.4201
   896        0.00007657     0.000000E+000     0.936024E-006        0.4201
   897        0.00007694     0.000000E+000     0.936002E-006        0.4202
   898        0.00007731     0.000000E+000     0.935986E-006        0.4203
   899        0.00007769     0.000000E+000     0.935976E-006        0.4204
   900        0.00007807     0.000000E+000     0.935971E-006        0.4204
   901        0.00007845     0.000000E+000     0.935970E-006        0.4205
   902        0.00007884     0.000000E+000     0.935973E-006        0.4206
   903        0.00007924     0.000000E+000     0.935978E-006        0.4207
   904        0.00007963     0.000000E+000     0.935986E-006        0.4208
   905        0.00008004     0.000000E+000     0.935995E-006        0.4208
   906        0.00008044     0.000000E+000     0.936005E-006        0.4209
   907        0.00008086     0.000000E+000     0.936015E-006        0.4210
   908        0.00008127     0.000000E+000     0.936025E-006        0.4211
   909        0.00008169     0.000000E+000     0.936033E-006        0.4212
   910        0.00008212     0.000000E+000     0.936040E-006        0.4212
   911        0.00008255     0.000000E+000     0.936045E-006        0.4213
   912        0.00008299     0.000000E+000     0.936046E-006        0.4214
   913        0.00008343     0.000000E+000     0.936044E-006        0.4215
   914        0.00008387     0.000000E+000     0.936038E-006        0.4216
   915        0.00008432     0.000000E+000     0.936027E-006        0.4217
   916        0.00008478     0.000000E+000     0.936011E-006        0.4217
   917        0.00008524     0.000000E+000     0.935989E-006        0.4218
   918        0.00008571     0.000000E+000     0.935961E-006        0.4219
   919        0.00008619     0.000000E+000     0.935926E-006        0.4220
   920        0.00008666     0.000000E+000     0.935884E-006        0.4221
   921        0.00008715     0.000000E+000     0.935834E-006        0.4222
   922        0.00008764     0.000000E+000     0.935776E-006        0.4223
   923        0.00008814     0.000000E+000     0.935709E-006        0.4224
   924        0.00008864     0.000000E+000     0.935633E-006        0.4224
   925        0.00008915     0.000000E+000     0.935547E-006        0.4225
   926        0.00008967     0.000000E+000     0.935452E-006        0.4226
   927        0.00009019     0.000000E+000     0.935347E-006        0.4227
   928        0.00009072     0.000000E+000     0.935231E-006        0.4228
   929        0.00009126     0.000000E+000     0.935104E-006        0.4229
   930        0.00009180     0.000000E+000     0.934967E-006        0.4230
   931        0.00009235     0.000000E+000     0.934818E-006        0.4231
   932        0.00009291     0.000000E+000     0.934657E-006        0.4232
   933        0.00009348     0.000000E+000     0.934486E-006        0.4233
   934        0.00009405     0.000000E+000     0.934302E-006        0.4233
   935        0.00009463     0.000000E+000     0.934107E-006        0.4234
   936        0.00009522     0.000000E+000     0.933900E-006        0.4235
   937        0.00009582     0.000000E+000     0.933681E-006        0.4236
   938        0.00009642     0.000000E+000     0.933450E-006        0.4237
   939        0.00009704     0.000000E+000     0.933208E-006        0.4238
   940        0.00009766     0.000000E+000     0.932954E-006        0.4239
   941        0.00009829     0.000000E+000     0.932688E-006        0.4240
   942        0.00009893     0.000000E+000     0.932412E-006        0.4241
   943        0.00009958     0.000000E+000     0.932125E-006        0.4242
   944        0.00010024     0.000000E+000     0.931827E-006        0.4243
   945        0.00010091     0.000000E+000     0.931519E-006        0.4244
   946        0.00010159     0.000000E+000     0.931201E-006        0.4245
   947        0.00010228     0.000000E+000     0.930875E-006        0.4246
   948        0.00010298     0.000000E+000     0.930540E-006        0.4247
   949        0.00010369     0.000000E+000     0.930197E-006        0.4248
   950        0.00010441     0.000000E+000     0.929847E-006        0.4249
   951        0.00010514     0.000000E+000     0.929491E-006        0.4250
   952        0.00010589     0.000000E+000     0.929129E-006        0.4251
   953        0.00010664     0.000000E+000     0.928763E-006        0.4252
   954        0.00010757     0.000000E+000     0.931055E-006        0.4253
   955        0.00010835     0.000000E+000     0.930681E-006        0.4255
   956        0.00010914     0.000000E+000     0.930307E-006        0.4256
   957        0.00010995     0.000000E+000     0.929934E-006        0.4257
   958        0.00011077     0.000000E+000     0.929562E-006        0.4258
   959        0.00011160     0.000000E+000     0.929193E-006        0.4259
   960        0.00011245     0.000000E+000     0.928830E-006        0.4260
   961        0.00011331     0.000000E+000     0.928473E-006        0.4261
   962        0.00011419     0.000000E+000     0.928124E-006        0.4262
   963        0.00011508     0.000000E+000     0.927786E-006        0.4263
   964        0.00011599     0.000000E+000     0.927461E-006        0.4265
   965        0.00011691     0.000000E+000     0.927151E-006        0.4266
   966        0.00011785     0.000000E+000     0.926858E-006        0.4267
   967        0.00011881     0.000000E+000     0.926584E-006        0.4268
   968        0.00011978     0.000000E+000     0.926333E-006        0.4269
   969        0.00012078     0.000000E+000     0.926107E-006        0.4271
   970        0.00012179     0.000000E+000     0.925909E-006        0.4272
   971        0.00012281     0.000000E+000     0.925742E-006        0.4273
   972        0.00012386     0.000000E+000     0.925609E-006        0.4274
   973        0.00012493     0.000000E+000     0.925514E-006        0.4275
   974        0.00012602     0.000000E+000     0.925460E-006        0.4277
   975        0.00012713     0.000000E+000     0.925452E-006        0.4278
   976        0.00012826     0.000000E+000     0.925492E-006        0.4279
   977        0.00012941     0.000000E+000     0.925585E-006        0.4280
   978        0.00013059     0.000000E+000     0.925735E-006        0.4282
   979        0.00013179     0.000000E+000     0.925948E-006        0.4283
   980        0.00013301     0.000000E+000     0.926227E-006        0.4284
   981        0.00013426     0.000000E+000     0.926578E-006        0.4286
   982        0.00013554     0.000000E+000     0.927006E-006        0.4287
   983        0.00013658     0.000000E+000     0.923983E-006        0.4288
   984        0.00013791     0.000000E+000     0.924578E-006        0.4290
   985        0.00013926     0.000000E+000     0.925267E-006        0.4291
   986        0.00014065     0.000000E+000     0.926055E-006        0.4293
   987        0.00014177     0.000000E+000     0.923256E-006        0.4294
   988        0.00014322     0.000000E+000     0.924258E-006        0.4295
   989        0.00014469     0.000000E+000     0.925379E-006        0.4297
   990        0.00014589     0.000000E+000     0.922805E-006        0.4298
   991        0.00014743     0.000000E+000     0.924179E-006        0.4300
   992        0.00014868     0.000000E+000     0.921787E-006        0.4301
   993        0.00015028     0.000000E+000     0.923443E-006        0.4303
   994        0.00015159     0.000000E+000     0.921258E-006        0.4304
   995        0.00015327     0.000000E+000     0.923227E-006        0.4306
   996        0.00015464     0.000000E+000     0.921273E-006        0.4307
   997        0.00015639     0.000000E+000     0.923589E-006        0.4309
   998        0.00015782     0.000000E+000     0.921894E-006        0.4310
   999        0.00015928     0.000000E+000     0.920346E-006        0.4312
  1000        0.00016115     0.000000E+000     0.923240E-006        0.4314
  1001        0.00016268     0.000000E+000     0.921996E-006        0.4315
  1002        0.00016424     0.000000E+000     0.920919E-006        0.4317
  1003        0.00016584     0.000000E+000     0.920018E-006        0.4318
  1004        0.00016748     0.000000E+000     0.919299E-006        0.4320
  1005        0.00016957     0.000000E+000     0.923339E-006        0.4322
  1006        0.00017129     0.000000E+000     0.923008E-006        0.4323
  1007        0.00017304     0.000000E+000     0.922886E-006        0.4325
  1008        0.00017484     0.000000E+000     0.922982E-006        0.4327
  1009        0.00017668     0.000000E+000     0.923306E-006        0.4329
  1010        0.00017857     0.000000E+000     0.923866E-006        0.4330
  1011        0.00018001     0.000000E+000     0.919728E-006        0.4332
  1012        0.00018198     0.000000E+000     0.920783E-006        0.4334
  1013        0.00018399     0.000000E+000     0.922103E-006        0.4336
  1014        0.00018606     0.000000E+000     0.923699E-006        0.4338
  1015        0.00018765     0.000000E+000     0.920366E-006        0.4339
  1016        0.00018981     0.000000E+000     0.922531E-006        0.4341
  1017        0.00019147     0.000000E+000     0.919656E-006        0.4343
  1018        0.00019374     0.000000E+000     0.922429E-006        0.4345
  1019        0.00019548     0.000000E+000     0.920038E-006        0.4347
  1020        0.00019785     0.000000E+000     0.923460E-006        0.4349
  1021        0.00019968     0.000000E+000     0.921582E-006        0.4351
  1022        0.00020154     0.000000E+000     0.919979E-006        0.4353
  1023        0.00020345     0.000000E+000     0.918657E-006        0.4355
  1024        0.00020606     0.000000E+000     0.923474E-006        0.4357
  1025        0.00020807     0.000000E+000     0.922724E-006        0.4359
  1026        0.00021012     0.000000E+000     0.922276E-006        0.4361
  1027        0.00021222     0.000000E+000     0.922136E-006        0.4363
  1028        0.00021437     0.000000E+000     0.922311E-006        0.4365
  1029        0.00021658     0.000000E+000     0.922808E-006        0.4368
  1030        0.00021883     0.000000E+000     0.923635E-006        0.4370
  1031        0.00022114     0.000000E+000     0.924800E-006        0.4372
  1032        0.00022272     0.000000E+000     0.919771E-006        0.4374
  1033        0.00022513     0.000000E+000     0.921616E-006        0.4376
  1034        0.00022760     0.000000E+000     0.923821E-006        0.4379
  1035        0.00022929     0.000000E+000     0.919589E-006        0.4381
  1036        0.00023187     0.000000E+000     0.922510E-006        0.4383
  1037        0.00023364     0.000000E+000     0.918834E-006        0.4386
  1038        0.00023634     0.000000E+000     0.922496E-006        0.4388
  1039        0.00023819     0.000000E+000     0.919382E-006        0.4390
  1040        0.00024103     0.000000E+000     0.923814E-006        0.4393
  1041        0.00024296     0.000000E+000     0.921272E-006        0.4395
  1042        0.00024494     0.000000E+000     0.919034E-006        0.4397
  1043        0.00024797     0.000000E+000     0.924649E-006        0.4400
  1044        0.00025005     0.000000E+000     0.922998E-006        0.4402
  1045        0.00025217     0.000000E+000     0.921654E-006        0.4405
  1046        0.00025433     0.000000E+000     0.920619E-006        0.4407
  1047        0.00025654     0.000000E+000     0.919892E-006        0.4410
  1048        0.00025880     0.000000E+000     0.919475E-006        0.4413
  1049        0.00026112     0.000000E+000     0.919369E-006        0.4415
  1050        0.00026348     0.000000E+000     0.919577E-006        0.4418
  1051        0.00026590     0.000000E+000     0.920100E-006        0.4420
  1052        0.00026837     0.000000E+000     0.920941E-006        0.4423
  1053        0.00027090     0.000000E+000     0.922104E-006        0.4426
  1054        0.00027349     0.000000E+000     0.923593E-006        0.4428
  1055        0.00027615     0.000000E+000     0.925412E-006        0.4431
  1056        0.00027887     0.000000E+000     0.927566E-006        0.4434
  1057        0.00028026     0.000000E+000     0.920881E-006        0.4437
  1058        0.00028309     0.000000E+000     0.923680E-006        0.4439
  1059        0.00028599     0.000000E+000     0.926826E-006        0.4442
  1060        0.00028747     0.000000E+000     0.920763E-006        0.4445
  1061        0.00029050     0.000000E+000     0.924567E-006        0.4448
  1062        0.00029204     0.000000E+000     0.918935E-006        0.4451
  1063        0.00029520     0.000000E+000     0.923405E-006        0.4454
  1064        0.00029681     0.000000E+000     0.918190E-006        0.4457
  1065        0.00030011     0.000000E+000     0.923340E-006        0.4460
  1066        0.00030180     0.000000E+000     0.918532E-006        0.4463
  1067        0.00030525     0.000000E+000     0.924382E-006        0.4466
  1068        0.00030701     0.000000E+000     0.919973E-006        0.4469
  1069        0.00031062     0.000000E+000     0.926546E-006        0.4472
  1070        0.00031247     0.000000E+000     0.922531E-006        0.4475
  1071        0.00031435     0.000000E+000     0.918746E-006        0.4478
  1072        0.00031821     0.000000E+000     0.926391E-006        0.4481
  1073        0.00032019     0.000000E+000     0.922994E-006        0.4484
  1074        0.00032220     0.000000E+000     0.919820E-006        0.4488
  1075        0.00032425     0.000000E+000     0.916867E-006        0.4491
  1076        0.00032847     0.000000E+000     0.925980E-006        0.4494
  1077        0.00033063     0.000000E+000     0.923413E-006        0.4497
  1078        0.00033283     0.000000E+000     0.921064E-006        0.4501
  1079        0.00033508     0.000000E+000     0.918933E-006        0.4504
  1080        0.00033737     0.000000E+000     0.917017E-006        0.4507
  1081        0.00033972     0.000000E+000     0.915316E-006        0.4511
  1082        0.00034454     0.000000E+000     0.926771E-006        0.4514
  1083        0.00034701     0.000000E+000     0.925472E-006        0.4518
  1084        0.00034955     0.000000E+000     0.924393E-006        0.4521
  1085        0.00035214     0.000000E+000     0.923534E-006        0.4525
  1086        0.00035478     0.000000E+000     0.922897E-006        0.4528
  1087        0.00035749     0.000000E+000     0.922482E-006        0.4532
  1088        0.00036026     0.000000E+000     0.922291E-006        0.4535
  1089        0.00036310     0.000000E+000     0.922327E-006        0.4539
  1090        0.00036601     0.000000E+000     0.922592E-006        0.4542
  1091        0.00036898     0.000000E+000     0.923089E-006        0.4546
  1092        0.00037203     0.000000E+000     0.923822E-006        0.4550
  1093        0.00037516     0.000000E+000     0.924795E-006        0.4554
  1094        0.00037836     0.000000E+000     0.926012E-006        0.4557
  1095        0.00038165     0.000000E+000     0.927480E-006        0.4561
  1096        0.00038503     0.000000E+000     0.929204E-006        0.4565
  1097        0.00038503     0.000000E+000     0.914720E-006        0.4569
  1098        0.00038853     0.000000E+000     0.916915E-006        0.4573
  1099        0.00039213     0.000000E+000     0.919378E-006        0.4577
  1100        0.00039583     0.000000E+000     0.922118E-006        0.4580
  1101        0.00039963     0.000000E+000     0.925145E-006        0.4584
  1102        0.00040355     0.000000E+000     0.928470E-006        0.4588
  1103        0.00040355     0.000000E+000     0.913830E-006        0.4592
  1104        0.00040763     0.000000E+000     0.917665E-006        0.4596
  1105        0.00041183     0.000000E+000     0.921823E-006        0.4601
  1106        0.00041617     0.000000E+000     0.926316E-006        0.4605
  1107        0.00041617     0.000000E+000     0.911557E-006        0.4609
  1108        0.00042069     0.000000E+000     0.916605E-006        0.4613
  1109        0.00042536     0.000000E+000     0.922025E-006        0.4617
  1110        0.00043020     0.000000E+000     0.927836E-006        0.4621
  1111        0.00043020     0.000000E+000     0.912824E-006        0.4626
  1112        0.00043526     0.000000E+000     0.919257E-006        0.4630
  1113        0.00044050     0.000000E+000     0.926132E-006        0.4634
  1114        0.00044050     0.000000E+000     0.910969E-006        0.4639
  1115        0.00044601     0.000000E+000     0.918527E-006        0.4643
  1116        0.00045173     0.000000E+000     0.926594E-006        0.4648
  1117        0.00045173     0.000000E+000     0.911200E-006        0.4652
  1118        0.00045775     0.000000E+000     0.920033E-006        0.4657
  1119        0.00045775     0.000000E+000     0.904642E-006        0.4661
  1120        0.00046411     0.000000E+000     0.914296E-006        0.4666
  1121        0.00047074     0.000000E+000     0.924600E-006        0.4670
  1122        0.00047074     0.000000E+000     0.908831E-006        0.4675
  1123        0.00047776     0.000000E+000     0.920085E-006        0.4680
  1124        0.00047776     0.000000E+000     0.904241E-006        0.4685
  1125        0.00048523     0.000000E+000     0.916536E-006        0.4689
  1126        0.00048523     0.000000E+000     0.900582E-006        0.4694
  1127        0.00049318     0.000000E+000     0.914022E-006        0.4699
  1128        0.00049318     0.000000E+000     0.897921E-006        0.4704
  1129        0.00050169     0.000000E+000     0.912634E-006        0.4709
  1130        0.00050169     0.000000E+000     0.896345E-006        0.4714
  1131        0.00051081     0.000000E+000     0.912486E-006        0.4719
  1132        0.00051081     0.000000E+000     0.895962E-006        0.4724
  1133        0.00052063     0.000000E+000     0.913718E-006        0.4729
  1134        0.00052063     0.000000E+000     0.896909E-006        0.4734
  1135        0.00053126     0.000000E+000     0.916510E-006        0.4740
  1136        0.00053126     0.000000E+000     0.899356E-006        0.4745
  1137        0.00053126     0.000000E+000     0.882544E-006        0.4750
  1138        0.00054306     0.000000E+000     0.904738E-006        0.4756
  1139        0.00054306     0.000000E+000     0.887493E-006        0.4761
  1140        0.00055599     0.000000E+000     0.912271E-006        0.4766
  1141        0.00055599     0.000000E+000     0.894507E-006        0.4772
  1142        0.00055599     0.000000E+000     0.877105E-006        0.4778
  1143        0.00057062     0.000000E+000     0.905610E-006        0.4783
  1144        0.00057062     0.000000E+000     0.887561E-006        0.4789
  1145        0.00057062     0.000000E+000     0.869884E-006        0.4795
  1146        0.00058741     0.000000E+000     0.903107E-006        0.4800
  1147        0.00058741     0.000000E+000     0.884618E-006        0.4806
  1148        0.00058741     0.000000E+000     0.866516E-006        0.4812
  1149        0.00060699     0.000000E+000     0.905911E-006        0.4818
  1150        0.00060699     0.000000E+000     0.886777E-006        0.4824
  1151        0.00060699     0.000000E+000     0.868053E-006        0.4830
  1152        0.00060699     0.000000E+000     0.849728E-006        0.4836
  1153        0.00063127     0.000000E+000     0.899161E-006        0.4842
  1154        0.00063127     0.000000E+000     0.879434E-006        0.4848
  1155        0.00063127     0.000000E+000     0.860140E-006        0.4855
  1156        0.00063127     0.000000E+000     0.841269E-006        0.4861
  1157        0.00063127     0.000000E+000     0.822811E-006        0.4867
  1158        0.00066449     0.000000E+000     0.891003E-006        0.4874
  1159        0.00066449     0.000000E+000     0.870428E-006        0.4880
  1160        0.00066449     0.000000E+000     0.850322E-006        0.4887
  1161        0.00066449     0.000000E+000     0.830674E-006        0.4894
  1162        0.00066449     0.000000E+000     0.811471E-006        0.4900
  1163        0.00066449     0.000000E+000     0.792702E-006        0.4907
  1164        0.00066449     0.000000E+000     0.774358E-006        0.4914
  1165        0.00066449     0.000000E+000     0.756426E-006        0.4920
  1166        0.00066449     0.000000E+000     0.738898E-006        0.4927
  1167        0.00066449     0.000000E+000     0.721763E-006        0.4934
  1168        0.00066449     0.000000E+000     0.705011E-006        0.4940
  1169        0.00066449     0.000000E+000     0.688634E-006        0.4947
  1170        0.00066449     0.000000E+000     0.672622E-006        0.4953
  1171        0.00066449     0.000000E+000     0.656966E-006        0.4960
  1172        0.00066449     0.000000E+000     0.641659E-006        0.4967
  1173        0.00066449     0.000000E+000     0.626691E-006        0.4973
  1174        0.00066449     0.000000E+000     0.612054E-006        0.4980
  1175        0.00066449     0.000000E+000     0.597742E-006        0.4987
  1176        0.00066449     0.000000E+000     0.583745E-006        0.4993
  1177        0.00079365     0.000000E+000     0.810676E-006        0.5000
  1178        0.00084073     0.000000E+000     0.883244E-006        0.5008
  1179        0.00086286     0.000000E+000     0.902245E-006        0.5016
  1180        0.00087840     0.000000E+000     0.906178E-006        0.5025
  1181        0.00088646     0.000000E+000     0.893985E-006        0.5034
  1182        0.00090319     0.000000E+000     0.898463E-006        0.5043
  1183        0.00092073     0.000000E+000     0.903303E-006        0.5052
  1184        0.00092984     0.000000E+000     0.890832E-006        0.5061
  1185        0.00094882     0.000000E+000     0.896314E-006        0.5070
  1186        0.00096879     0.000000E+000     0.902236E-006        0.5080
  1187        0.00097921     0.000000E+000     0.889433E-006        0.5089
  1188        0.00100097     0.000000E+000     0.896131E-006        0.5099
  1189        0.00101234     0.000000E+000     0.883216E-006        0.5109
  1190        0.00103616     0.000000E+000     0.890795E-006        0.5119
  1191        0.00106144     0.000000E+000     0.899006E-006        0.5130
  1192        0.00107471     0.000000E+000     0.885662E-006        0.5140
  1193        0.00110262     0.000000E+000     0.894988E-006        0.5151
  1194        0.00111732     0.000000E+000     0.881496E-006        0.5162
  1195        0.00114836     0.000000E+000     0.892128E-006        0.5173
  1196        0.00116476     0.000000E+000     0.878481E-006        0.5185
  1197        0.00119953     0.000000E+000     0.890667E-006        0.5196
  1198        0.00121799     0.000000E+000     0.876864E-006        0.5208
  1199        0.00123732     0.000000E+000     0.863306E-006        0.5220
  1200        0.00127856     0.000000E+000     0.878105E-006        0.5233
  1201        0.00130061     0.000000E+000     0.864417E-006        0.5246
  1202        0.00134790     0.000000E+000     0.881720E-006        0.5259
  1203        0.00137333     0.000000E+000     0.867945E-006        0.5272
  1204        0.00140026     0.000000E+000     0.854539E-006        0.5286
  1205        0.00142884     0.000000E+000     0.841531E-006        0.5300
  1206        0.00149096     0.000000E+000     0.864689E-006        0.5314
  1207        0.00152485     0.000000E+000     0.851802E-006        0.5329
  1208        0.00156115     0.000000E+000     0.839482E-006        0.5344
  1209        0.00160018     0.000000E+000     0.827793E-006        0.5360
  1210        0.00168668     0.000000E+000     0.860586E-006        0.5376
  1211        0.00173487     0.000000E+000     0.849595E-006        0.5393
  1212        0.00178744     0.000000E+000     0.839622E-006        0.5410
  1213        0.00184510     0.000000E+000     0.830828E-006        0.5428
  1214        0.00190873     0.000000E+000     0.823418E-006        0.5446
  1215        0.00197942     0.000000E+000     0.817652E-006        0.5466
  1216        0.00205860     0.000000E+000     0.813872E-006        0.5485
  1217        0.00214810     0.000000E+000     0.812532E-006        0.5506
  1218        0.00225039     0.000000E+000     0.814257E-006        0.5527
  1219        0.00236883     0.000000E+000     0.819923E-006        0.5550
  1220        0.00236883     0.000000E+000     0.743638E-006        0.5574
  1221        0.00251688     0.000000E+000     0.758552E-006        0.5597
  1222        0.00269666     0.000000E+000     0.781461E-006        0.5622
  1223        0.00269666     0.000000E+000     0.699288E-006        0.5649
  1224        0.00294181     0.000000E+000     0.740355E-006        0.5676
  1225        0.00294181     0.000000E+000     0.656132E-006        0.5706
  1226        0.00330954     0.000000E+000     0.729690E-006        0.5735
  1227        0.00330954     0.000000E+000     0.637577E-006        0.5768
  1228        0.00330954     0.000000E+000     0.557394E-006        0.5801
  1229        0.00330954     0.000000E+000     0.487593E-006        0.5835
  1230        0.00330954     0.000000E+000     0.426821E-006        0.5868
  1231        0.00330954     0.000000E+000     0.373895E-006        0.5901
  1232        0.00330954     0.000000E+000     0.327784E-006        0.5934
  1233        0.00330954     0.000000E+000     0.287589E-006        0.5967
  1234        0.00500000     0.000000E+000     0.554973E-006        0.6000
  1235        0.00593750     0.000000E+000     0.631577E-006        0.6050
  1236        0.00685096     0.000000E+000     0.657001E-006        0.6109
  1237        0.00747378     0.000000E+000     0.596178E-006        0.6178
  1238        0.00830420     0.000000E+000     0.548421E-006        0.6253
  1239        0.00949051     0.000000E+000     0.516799E-006        0.6336
  1240        0.01138861     0.000000E+000     0.510812E-006        0.6431
  1241        0.01138861     0.000000E+000     0.343225E-006        0.6544
  1242        0.01138861     0.000000E+000     0.232307E-006        0.6658
  1243        0.01138861     0.000000E+000     0.158275E-006        0.6772
  1244        0.01138861     0.000000E+000     0.108480E-006        0.6886
  1245        0.02000000     0.000000E+000     0.198316E-006        0.7000
  1246        0.02666667     0.000000E+000     0.167423E-006        0.7200
  1247        0.02666667     0.000000E+000     0.736172E-007        0.7467
  1248        0.02666667     0.000000E+000     0.328219E-007        0.7733
  1249        0.05000000     0.000000E+000     0.367412E-007        0.8000
  1250        0.05000000     0.000000E+000     0.861658E-008        0.8500
  1251        0.10000000     0.000000E+000     0.429179E-008        0.9000
