#Update-step  Updatetime     Error of A        Error of phi      Time in fs
     1                                         0.189150E-004
     1        0.00476190     0.000000E+000     0.671624E-006        0.0000
     2        0.00529101     0.000000E+000     0.613953E-006        0.0048
     3        0.00599647     0.000000E+000     0.578862E-006        0.0101
     4        0.00699588     0.000000E+000     0.534241E-006        0.0160
     5        0.00855053     0.000000E+000     0.771342E-006        0.0230
     6        0.00855053     0.000000E+000     0.437862E-006        0.0316
     7 *      0.00498781     0.000000E+000     0.661942E-006        0.0401
     7        0.00498781     0.000000E+000     0.312229E-006        0.0451
     8        0.00712544     0.000000E+000     0.441218E-006        0.0501
     9                                         0.317991E-005
     9        0.00063810     0.000000E+000     0.753441E-007        0.0572
    10        0.00145223     0.000000E+000     0.268393E-006        0.0579
    11        0.00225902     0.000000E+000     0.449396E-006        0.0593
    12        0.00295410     0.000000E+000     0.639805E-006        0.0616
    13        0.00322265     0.000000E+000     0.281832E-006        0.0646
    14        0.00460379     0.000000E+000     0.285395E-006        0.0678
    15        0.00690569     0.000000E+000     0.349620E-006        0.0724
    16        0.00690569     0.000000E+000     0.222234E-006        0.0793
    17        0.00690569     0.000000E+000     0.429801E-006        0.0862
    18        0.00690569     0.000000E+000     0.372061E-006        0.0931
    19        0.00909091     0.000000E+000     0.434548E-006        0.1000
    20 *      0.00568182     0.000000E+000     0.438244E-006        0.1091
    20        0.00568182     0.000000E+000     0.204885E-006        0.1148
    21        0.00994318     0.000000E+000     0.567646E-006        0.1205
    22        0.01160038     0.000000E+000     0.559928E-006        0.1304
    23                                         0.488938E-005
    23        0.00078381     0.000000E+000     0.106769E-006        0.1420
    24        0.00163480     0.000000E+000     0.798690E-006        0.1428
    25 *      0.00086849     0.000000E+000     0.209214E-005        0.1444
    25        0.00086849     0.000000E+000     0.371903E-004        0.1453
    26 *      0.00010726     0.000000E+000     0.787702E-006        0.1462
    26        0.00010726     0.000000E+000     0.794395E-006        0.1463
    27 *      0.00006136     0.000000E+000     0.262239E-006        0.1464
    27        0.00006136     0.000000E+000     0.263207E-006        0.1464
    28        0.00010832     0.000000E+000     0.821751E-006        0.1465
    29        0.00011435     0.000000E+000     0.920610E-006        0.1466
    30        0.00011559     0.000000E+000     0.945431E-006        0.1467
    31        0.00011559     0.000000E+000     0.949792E-006        0.1468
    32        0.00011559     0.000000E+000     0.953810E-006        0.1469
    33        0.00011534     0.000000E+000     0.953447E-006        0.1471
    34        0.00011509     0.000000E+000     0.952962E-006        0.1472
    35        0.00011483     0.000000E+000     0.952476E-006        0.1473
    36        0.00011458     0.000000E+000     0.952118E-006        0.1474
    37        0.00011434     0.000000E+000     0.952033E-006        0.1475
    38        0.00011409     0.000000E+000     0.952389E-006        0.1476
    39        0.00011384     0.000000E+000     0.953392E-006        0.1477
    40        0.00011359     0.000000E+000     0.955308E-006        0.1479
    41        0.00011334     0.000000E+000     0.958490E-006        0.1480
    42        0.00011285     0.000000E+000     0.959250E-006        0.1481
    43        0.00011236     0.000000E+000     0.962421E-006        0.1482
    44        0.00011163     0.000000E+000     0.964849E-006        0.1483
    45        0.00011091     0.000000E+000     0.972265E-006        0.1484
    46        0.00010973     0.000000E+000     0.979028E-006        0.1485
    47        0.00010834     0.000000E+000     0.994154E-006        0.1486
    48 *      0.00005316     0.000000E+000     0.255564E-006        0.1488
    48        0.00005316     0.000000E+000     0.266821E-006        0.1488
    49        0.00009332     0.000000E+000     0.869663E-006        0.1489
    50 *      0.00004825     0.000000E+000     0.281522E-006        0.1490
    50        0.00004825     0.000000E+000     0.333627E-006        0.1490
    51 *      0.00003883     0.000000E+000     0.289952E-006        0.1491
    51        0.00003883     0.000000E+000     0.399293E-006        0.1491
    52 *      0.00002914     0.000000E+000     0.310683E-006        0.1491
    52        0.00002914     0.000000E+000     0.191615E-006        0.1492
    53 *      0.00002904     0.000000E+000     0.412293E-006        0.1492
    53        0.00002904     0.000000E+000     0.178898E-006        0.1492
    54        0.00005936     0.000000E+000     0.311848E-006        0.1492
    55        0.00008910     0.000000E+000     0.790606E-006        0.1493
    56 *      0.00004774     0.000000E+000     0.250243E-006        0.1494
    56        0.00004774     0.000000E+000     0.261309E-006        0.1494
    57        0.00008447     0.000000E+000     0.845037E-006        0.1495
    58        0.00008816     0.000000E+000     0.967408E-006        0.1496
    59 *      0.00004377     0.000000E+000     0.250569E-006        0.1497
    59        0.00004377     0.000000E+000     0.255945E-006        0.1497
    60        0.00007803     0.000000E+000     0.825813E-006        0.1497
    61        0.00008225     0.000000E+000     0.945425E-006        0.1498
    62        0.00008239     0.000000E+000     0.976318E-006        0.1499
    63        0.00008145     0.000000E+000     0.979862E-006        0.1500
    64        0.00008040     0.000000E+000     0.978218E-006        0.1501
    65        0.00007950     0.000000E+000     0.978006E-006        0.1502
    66        0.00007862     0.000000E+000     0.976336E-006        0.1502
    67        0.00007776     0.000000E+000     0.973398E-006        0.1503
    68        0.00007703     0.000000E+000     0.972334E-006        0.1504
    69        0.00007632     0.000000E+000     0.970205E-006        0.1505
    70        0.00007562     0.000000E+000     0.967088E-006        0.1505
    71        0.00007505     0.000000E+000     0.965955E-006        0.1506
    72        0.00007448     0.000000E+000     0.963894E-006        0.1507
    73        0.00007403     0.000000E+000     0.963809E-006        0.1508
    74        0.00007359     0.000000E+000     0.962811E-006        0.1508
    75        0.00007315     0.000000E+000     0.960910E-006        0.1509
    76        0.00007282     0.000000E+000     0.960948E-006        0.1510
    77        0.00007250     0.000000E+000     0.960074E-006        0.1511
    78        0.00007218     0.000000E+000     0.958288E-006        0.1511
    79        0.00007186     0.000000E+000     0.955600E-006        0.1512
    80        0.00007165     0.000000E+000     0.954804E-006        0.1513
    81        0.00007144     0.000000E+000     0.953102E-006        0.1514
    82        0.00007133     0.000000E+000     0.953282E-006        0.1514
    83        0.00007123     0.000000E+000     0.952564E-006        0.1515
    84        0.00007112     0.000000E+000     0.950959E-006        0.1516
    85        0.00007102     0.000000E+000     0.948486E-006        0.1516
    86        0.00007102     0.000000E+000     0.947935E-006        0.1517
    87        0.00007102     0.000000E+000     0.946549E-006        0.1518
    88        0.00007102     0.000000E+000     0.944350E-006        0.1518
    89        0.00007113     0.000000E+000     0.944138E-006        0.1519
    90        0.00007123     0.000000E+000     0.943159E-006        0.1520
    91        0.00007134     0.000000E+000     0.941487E-006        0.1521
    92        0.00007155     0.000000E+000     0.941798E-006        0.1521
    93        0.00007176     0.000000E+000     0.941480E-006        0.1522
    94        0.00007198     0.000000E+000     0.940540E-006        0.1523
    95        0.00007220     0.000000E+000     0.939154E-006        0.1523
    96        0.00007242     0.000000E+000     0.938220E-006        0.1524
    97        0.00007275     0.000000E+000     0.951119E-006        0.1525
    98 *      0.00003632     0.000000E+000     0.256154E-006        0.1526
    98        0.00003632     0.000000E+000     0.253493E-006        0.1526
    99        0.00006497     0.000000E+000     0.800318E-006        0.1526
   100        0.00006925     0.000000E+000     0.896352E-006        0.1527
   101        0.00007070     0.000000E+000     0.921225E-006        0.1528
   102        0.00007145     0.000000E+000     0.927788E-006        0.1528
   103        0.00007200     0.000000E+000     0.929013E-006        0.1529
   104        0.00007255     0.000000E+000     0.930462E-006        0.1530
   105        0.00007312     0.000000E+000     0.932184E-006        0.1531
   106        0.00007358     0.000000E+000     0.931349E-006        0.1531
   107        0.00007404     0.000000E+000     0.930953E-006        0.1532
   108        0.00007451     0.000000E+000     0.931138E-006        0.1533
   109        0.00007499     0.000000E+000     0.932075E-006        0.1534
   110        0.00007548     0.000000E+000     0.933968E-006        0.1534
   111        0.00007585     0.000000E+000     0.934013E-006        0.1535
   112        0.00007622     0.000000E+000     0.935460E-006        0.1536
   113        0.00007660     0.000000E+000     0.938561E-006        0.1537
   114        0.00007685     0.000000E+000     0.940447E-006        0.1537
   115        0.00007711     0.000000E+000     0.944398E-006        0.1538
   116        0.00007724     0.000000E+000     0.947383E-006        0.1539
   117        0.00007724     0.000000E+000     0.949391E-006        0.1540
   118        0.00007724     0.000000E+000     0.953459E-006        0.1540
   119        0.00007711     0.000000E+000     0.956138E-006        0.1541
   120        0.00007685     0.000000E+000     0.956982E-006        0.1542
   121        0.00007659     0.000000E+000     0.958618E-006        0.1543
   122        0.00007621     0.000000E+000     0.957219E-006        0.1543
   123        0.00007596     0.000000E+000     0.958509E-006        0.1544
   124        0.00007558     0.000000E+000     0.955582E-006        0.1545
   125        0.00007533     0.000000E+000     0.954341E-006        0.1546
   126        0.00007508     0.000000E+000     0.951354E-006        0.1547
   127        0.00007495     0.000000E+000     0.949626E-006        0.1547
   128        0.00007495     0.000000E+000     0.949132E-006        0.1548
   129        0.00007495     0.000000E+000     0.946814E-006        0.1549
   130        0.00007495     0.000000E+000     0.942814E-006        0.1550
   131        0.00007508     0.000000E+000     0.940434E-006        0.1550
   132        0.00007533     0.000000E+000     0.939867E-006        0.1551
   133        0.00007558     0.000000E+000     0.938176E-006        0.1552
   134        0.00007584     0.000000E+000     0.935559E-006        0.1553
   135        0.00007623     0.000000E+000     0.935381E-006        0.1553
   136        0.00007662     0.000000E+000     0.934668E-006        0.1554
   137        0.00007702     0.000000E+000     0.933606E-006        0.1555
   138        0.00007742     0.000000E+000     0.932381E-006        0.1556
   139        0.00007797     0.000000E+000     0.934440E-006        0.1556
   140        0.00007838     0.000000E+000     0.933468E-006        0.1557
   141        0.00007880     0.000000E+000     0.932953E-006        0.1558
   142        0.00007922     0.000000E+000     0.933157E-006        0.1559
   143        0.00007965     0.000000E+000     0.934396E-006        0.1560
   144        0.00008009     0.000000E+000     0.937077E-006        0.1560
   145        0.00008038     0.000000E+000     0.938313E-006        0.1561
   146        0.00008068     0.000000E+000     0.942209E-006        0.1562
   147        0.00008083     0.000000E+000     0.946286E-006        0.1563
   148        0.00008083     0.000000E+000     0.951849E-006        0.1564
   149        0.00008068     0.000000E+000     0.960615E-006        0.1564
   150        0.00008023     0.000000E+000     0.970829E-006        0.1565
   151        0.00007950     0.000000E+000     0.981291E-006        0.1566
   152        0.00007849     0.000000E+000     0.977420E-006        0.1567
   153        0.00007764     0.000000E+000     0.932880E-006        0.1568
   154        0.00007806     0.000000E+000     0.900026E-006        0.1568
   155        0.00007965     0.000000E+000     0.903554E-006        0.1569
   156        0.00008115     0.000000E+000     0.907428E-006        0.1570
   157        0.00008256     0.000000E+000     0.909859E-006        0.1571
   158        0.00008385     0.000000E+000     0.909878E-006        0.1572
   159        0.00008519     0.000000E+000     0.910395E-006        0.1572
   160        0.00008657     0.000000E+000     0.911222E-006        0.1573
   161        0.00008782     0.000000E+000     0.908604E-006        0.1574
   162        0.00008930     0.000000E+000     0.910028E-006        0.1575
   163        0.00009063     0.000000E+000     0.907966E-006        0.1576
   164        0.00009201     0.000000E+000     0.906231E-006        0.1577
   165        0.00009364     0.000000E+000     0.908800E-006        0.1578
   166        0.00009512     0.000000E+000     0.907681E-006        0.1579
   167        0.00009665     0.000000E+000     0.906839E-006        0.1580
   168        0.00009824     0.000000E+000     0.906284E-006        0.1581
   169        0.00009988     0.000000E+000     0.906021E-006        0.1582
   170        0.00010158     0.000000E+000     0.906114E-006        0.1583
   171        0.00010334     0.000000E+000     0.906648E-006        0.1584
   172        0.00010518     0.000000E+000     0.907729E-006        0.1585
   173        0.00010680     0.000000E+000     0.904843E-006        0.1586
   174        0.00010877     0.000000E+000     0.907399E-006        0.1587
   175        0.00011052     0.000000E+000     0.906083E-006        0.1588
   176        0.00011233     0.000000E+000     0.905758E-006        0.1589
   177        0.00011421     0.000000E+000     0.906554E-006        0.1590
   178        0.00011616     0.000000E+000     0.908593E-006        0.1591
   179        0.00011783     0.000000E+000     0.906784E-006        0.1592
   180        0.00011992     0.000000E+000     0.911656E-006        0.1593
   181        0.00012172     0.000000E+000     0.912718E-006        0.1595
   182        0.00012358     0.000000E+000     0.915479E-006        0.1596
   183        0.00012512     0.000000E+000     0.914581E-006        0.1597
   184        0.00012669     0.000000E+000     0.916168E-006        0.1598
   185        0.00012832     0.000000E+000     0.921774E-006        0.1600
   186        0.00012957     0.000000E+000     0.931912E-006        0.1601
   187        0.00013042     0.000000E+000     0.897165E-006        0.1602
   188        0.00013304     0.000000E+000     0.888855E-006        0.1604
   189        0.00013626     0.000000E+000     0.892787E-006        0.1605
   190        0.00013914     0.000000E+000     0.898895E-006        0.1606
   191        0.00014166     0.000000E+000     0.909231E-006        0.1608
   192        0.00014374     0.000000E+000     0.926680E-006        0.1609
   193        0.00014481     0.000000E+000     0.948123E-006        0.1610
   194        0.00014481     0.000000E+000     0.977460E-006        0.1612
   195 *      0.00007160     0.000000E+000     0.254497E-006        0.1613
   195        0.00007160     0.000000E+000     0.265263E-006        0.1614
   196        0.00012588     0.000000E+000     0.856648E-006        0.1615
   197 *      0.00006530     0.000000E+000     0.255676E-006        0.1616
   197        0.00006530     0.000000E+000     0.271954E-006        0.1617
   198        0.00011354     0.000000E+000     0.874617E-006        0.1617
   199 *      0.00005851     0.000000E+000     0.263642E-006        0.1618
   199        0.00005851     0.000000E+000     0.282491E-006        0.1619
   200        0.00010035     0.000000E+000     0.888012E-006        0.1620
   201 *      0.00005140     0.000000E+000     0.264678E-006        0.1621
   201        0.00005140     0.000000E+000     0.282693E-006        0.1621
   202        0.00008818     0.000000E+000     0.885117E-006        0.1622
   203 *      0.00004525     0.000000E+000     0.261997E-006        0.1623
   203        0.00004525     0.000000E+000     0.277864E-006        0.1623
   204        0.00007812     0.000000E+000     0.874151E-006        0.1623
   205 *      0.00004023     0.000000E+000     0.257160E-006        0.1624
   205        0.00004023     0.000000E+000     0.270807E-006        0.1625
   206        0.00007021     0.000000E+000     0.864901E-006        0.1625
   207 *      0.00003633     0.000000E+000     0.254053E-006        0.1626
   207        0.00003633     0.000000E+000     0.266084E-006        0.1626
   208        0.00006385     0.000000E+000     0.857094E-006        0.1626
   209 *      0.00003317     0.000000E+000     0.251781E-006        0.1627
   209        0.00003317     0.000000E+000     0.262762E-006        0.1627
   210        0.00005852     0.000000E+000     0.850345E-006        0.1628
   211 *      0.00003051     0.000000E+000     0.250343E-006        0.1628
   211        0.00003051     0.000000E+000     0.260814E-006        0.1629
   212        0.00005400     0.000000E+000     0.848546E-006        0.1629
   213        0.00005630     0.000000E+000     0.992882E-006        0.1630
   214 *      0.00002765     0.000000E+000     0.260751E-006        0.1630
   214        0.00002765     0.000000E+000     0.271842E-006        0.1630
   215        0.00004816     0.000000E+000     0.857029E-006        0.1631
   216 *      0.00002502     0.000000E+000     0.250200E-006        0.1631
   216        0.00002502     0.000000E+000     0.259859E-006        0.1631
   217        0.00004438     0.000000E+000     0.844559E-006        0.1632
   218        0.00004640     0.000000E+000     0.981446E-006        0.1632
   219 *      0.00002291     0.000000E+000     0.254804E-006        0.1633
   219        0.00002291     0.000000E+000     0.261208E-006        0.1633
   220        0.00004055     0.000000E+000     0.834315E-006        0.1633
   221        0.00004258     0.000000E+000     0.954934E-006        0.1633
   222        0.00004248     0.000000E+000     0.984720E-006        0.1634
   223        0.00004190     0.000000E+000     0.988546E-006        0.1634
   224        0.00004123     0.000000E+000     0.984884E-006        0.1635
   225        0.00004064     0.000000E+000     0.981058E-006        0.1635
   226        0.00004010     0.000000E+000     0.977403E-006        0.1635
   227        0.00003966     0.000000E+000     0.976183E-006        0.1636
   228        0.00003924     0.000000E+000     0.973148E-006        0.1636
   229        0.00003886     0.000000E+000     0.970185E-006        0.1637
   230        0.00003853     0.000000E+000     0.966475E-006        0.1637
   231        0.00003824     0.000000E+000     0.956129E-006        0.1637
   232        0.00003812     0.000000E+000     0.955781E-006        0.1638
   233        0.00003800     0.000000E+000     0.957984E-006        0.1638
   234        0.00003784     0.000000E+000     0.959706E-006        0.1639
   235        0.00003768     0.000000E+000     0.962368E-006        0.1639
   236        0.00003749     0.000000E+000     0.963562E-006        0.1639
   237        0.00003726     0.000000E+000     0.963072E-006        0.1640
   238        0.00003703     0.000000E+000     0.962711E-006        0.1640
   239        0.00003684     0.000000E+000     0.964304E-006        0.1640
   240        0.00003661     0.000000E+000     0.963809E-006        0.1641
   241        0.00003639     0.000000E+000     0.963102E-006        0.1641
   242        0.00003617     0.000000E+000     0.962114E-006        0.1642
   243        0.00003599     0.000000E+000     0.962716E-006        0.1642
   244        0.00003577     0.000000E+000     0.961014E-006        0.1642
   245        0.00003559     0.000000E+000     0.960817E-006        0.1643
   246        0.00003542     0.000000E+000     0.960190E-006        0.1643
   247        0.00003524     0.000000E+000     0.959125E-006        0.1643
   248        0.00003510     0.000000E+000     0.959506E-006        0.1644
   249        0.00003496     0.000000E+000     0.959446E-006        0.1644
   250        0.00003483     0.000000E+000     0.958956E-006        0.1644
   251        0.00003469     0.000000E+000     0.958049E-006        0.1645
   252        0.00003456     0.000000E+000     0.956741E-006        0.1645
   253        0.00003446     0.000000E+000     0.956902E-006        0.1645
   254        0.00003436     0.000000E+000     0.956692E-006        0.1646
   255        0.00003426     0.000000E+000     0.956128E-006        0.1646
   256        0.00003416     0.000000E+000     0.955227E-006        0.1646
   257        0.00003406     0.000000E+000     0.954009E-006        0.1647
   258        0.00003399     0.000000E+000     0.954319E-006        0.1647
   259        0.00003393     0.000000E+000     0.954339E-006        0.1648
   260        0.00003386     0.000000E+000     0.954083E-006        0.1648
   261        0.00003380     0.000000E+000     0.953564E-006        0.1648
   262        0.00003373     0.000000E+000     0.952795E-006        0.1649
   263        0.00003367     0.000000E+000     0.951788E-006        0.1649
   264        0.00003363     0.000000E+000     0.952373E-006        0.1649
   265        0.00003360     0.000000E+000     0.952739E-006        0.1650
   266        0.00003354     0.000000E+000     0.951077E-006        0.1650
   267        0.00003351     0.000000E+000     0.951031E-006        0.1650
   268        0.00003347     0.000000E+000     0.950792E-006        0.1651
   269        0.00003344     0.000000E+000     0.950367E-006        0.1651
   270        0.00003341     0.000000E+000     0.949761E-006        0.1651
   271        0.00003341     0.000000E+000     0.950798E-006        0.1652
   272        0.00003338     0.000000E+000     0.949849E-006        0.1652
   273        0.00003338     0.000000E+000     0.950555E-006        0.1652
   274        0.00003335     0.000000E+000     0.949284E-006        0.1653
   275        0.00003335     0.000000E+000     0.949678E-006        0.1653
   276        0.00003335     0.000000E+000     0.949923E-006        0.1653
   277        0.00003335     0.000000E+000     0.950022E-006        0.1654
   278        0.00003335     0.000000E+000     0.949979E-006        0.1654
   279        0.00003335     0.000000E+000     0.949797E-006        0.1654
   280        0.00003335     0.000000E+000     0.949479E-006        0.1655
   281        0.00003335     0.000000E+000     0.949029E-006        0.1655
   282        0.00003335     0.000000E+000     0.948449E-006        0.1655
   283        0.00003335     0.000000E+000     0.947742E-006        0.1656
   284        0.00003335     0.000000E+000     0.946912E-006        0.1656
   285        0.00003338     0.000000E+000     0.947792E-006        0.1656
   286        0.00003338     0.000000E+000     0.946718E-006        0.1657
   287        0.00003341     0.000000E+000     0.947364E-006        0.1657
   288        0.00003344     0.000000E+000     0.947897E-006        0.1657
   289        0.00003344     0.000000E+000     0.946473E-006        0.1658
   290        0.00003348     0.000000E+000     0.946784E-006        0.1658
   291        0.00003351     0.000000E+000     0.946987E-006        0.1658
   292        0.00003354     0.000000E+000     0.947082E-006        0.1659
   293        0.00003357     0.000000E+000     0.947073E-006        0.1659
   294        0.00003361     0.000000E+000     0.946959E-006        0.1659
   295        0.00003364     0.000000E+000     0.946744E-006        0.1660
   296        0.00003367     0.000000E+000     0.946427E-006        0.1660
   297        0.00003371     0.000000E+000     0.946011E-006        0.1660
   298        0.00003374     0.000000E+000     0.945497E-006        0.1661
   299        0.00003377     0.000000E+000     0.944886E-006        0.1661
   300        0.00003384     0.000000E+000     0.946061E-006        0.1661
   301        0.00003388     0.000000E+000     0.945259E-006        0.1662
   302        0.00003391     0.000000E+000     0.944363E-006        0.1662
   303        0.00003398     0.000000E+000     0.945270E-006        0.1662
   304        0.00003401     0.000000E+000     0.944190E-006        0.1663
   305        0.00003408     0.000000E+000     0.944923E-006        0.1663
   306        0.00003415     0.000000E+000     0.945572E-006        0.1663
   307        0.00003418     0.000000E+000     0.944221E-006        0.1664
   308        0.00003425     0.000000E+000     0.944702E-006        0.1664
   309        0.00003432     0.000000E+000     0.945101E-006        0.1664
   310        0.00003436     0.000000E+000     0.943488E-006        0.1665
   311        0.00003443     0.000000E+000     0.943724E-006        0.1665
   312        0.00003450     0.000000E+000     0.943880E-006        0.1665
   313        0.00003457     0.000000E+000     0.943957E-006        0.1666
   314        0.00003464     0.000000E+000     0.943956E-006        0.1666
   315        0.00003472     0.000000E+000     0.943877E-006        0.1666
   316        0.00003479     0.000000E+000     0.943721E-006        0.1667
   317        0.00003486     0.000000E+000     0.943489E-006        0.1667
   318        0.00003493     0.000000E+000     0.943181E-006        0.1667
   319        0.00003501     0.000000E+000     0.942798E-006        0.1668
   320        0.00003508     0.000000E+000     0.942340E-006        0.1668
   321        0.00003516     0.000000E+000     0.941809E-006        0.1668
   322        0.00003527     0.000000E+000     0.943205E-006        0.1669
   323        0.00003534     0.000000E+000     0.942526E-006        0.1669
   324        0.00003542     0.000000E+000     0.941775E-006        0.1670
   325        0.00003553     0.000000E+000     0.942973E-006        0.1670
   326        0.00003561     0.000000E+000     0.942078E-006        0.1670
   327        0.00003569     0.000000E+000     0.941111E-006        0.1671
   328        0.00003581     0.000000E+000     0.942116E-006        0.1671
   329        0.00003588     0.000000E+000     0.941006E-006        0.1671
   330        0.00003600     0.000000E+000     0.941884E-006        0.1672
   331        0.00003608     0.000000E+000     0.940633E-006        0.1672
   332        0.00003620     0.000000E+000     0.941385E-006        0.1672
   333        0.00003632     0.000000E+000     0.942075E-006        0.1673
   334        0.00003640     0.000000E+000     0.940612E-006        0.1673
   335        0.00003652     0.000000E+000     0.941177E-006        0.1673
   336        0.00003665     0.000000E+000     0.941680E-006        0.1674
   337        0.00003673     0.000000E+000     0.940005E-006        0.1674
   338        0.00003685     0.000000E+000     0.940383E-006        0.1675
   339        0.00003698     0.000000E+000     0.940699E-006        0.1675
   340        0.00003711     0.000000E+000     0.940953E-006        0.1675
   341        0.00003723     0.000000E+000     0.941149E-006        0.1676
   342        0.00003736     0.000000E+000     0.941274E-006        0.1676
   343        0.00003749     0.000000E+000     0.941339E-006        0.1676
   344        0.00003762     0.000000E+000     0.941341E-006        0.1677
   345        0.00003771     0.000000E+000     0.939082E-006        0.1677
   346        0.00003784     0.000000E+000     0.938961E-006        0.1678
   347        0.00003798     0.000000E+000     0.938770E-006        0.1678
   348        0.00003811     0.000000E+000     0.938512E-006        0.1678
   349        0.00003825     0.000000E+000     0.938187E-006        0.1679
   350        0.00003839     0.000000E+000     0.937796E-006        0.1679
   351        0.00003857     0.000000E+000     0.939584E-006        0.1679
   352        0.00003871     0.000000E+000     0.939051E-006        0.1680
   353        0.00003885     0.000000E+000     0.938448E-006        0.1680
   354        0.00003900     0.000000E+000     0.937769E-006        0.1681
   355        0.00003919     0.000000E+000     0.939315E-006        0.1681
   356        0.00003933     0.000000E+000     0.938491E-006        0.1681
   357        0.00003948     0.000000E+000     0.937559E-006        0.1682
   358        0.00003968     0.000000E+000     0.938986E-006        0.1682
   359        0.00003983     0.000000E+000     0.937825E-006        0.1683
   360        0.00003998     0.000000E+000     0.936652E-006        0.1683
   361        0.00004018     0.000000E+000     0.937754E-006        0.1683
   362        0.00004033     0.000000E+000     0.936385E-006        0.1684
   363        0.00004054     0.000000E+000     0.937306E-006        0.1684
   364        0.00004070     0.000000E+000     0.935715E-006        0.1685
   365        0.00004091     0.000000E+000     0.936423E-006        0.1685
   366        0.00004112     0.000000E+000     0.937010E-006        0.1685
   367        0.00004134     0.000000E+000     0.937463E-006        0.1686
   368        0.00004150     0.000000E+000     0.935293E-006        0.1686
   369        0.00004172     0.000000E+000     0.935419E-006        0.1687
   370        0.00004195     0.000000E+000     0.935341E-006        0.1687
   371        0.00004217     0.000000E+000     0.935021E-006        0.1687
   372        0.00004240     0.000000E+000     0.934405E-006        0.1688
   373        0.00004263     0.000000E+000     0.933419E-006        0.1688
   374        0.00004287     0.000000E+000     0.931947E-006        0.1689
   375        0.00004317     0.000000E+000     0.932385E-006        0.1689
   376        0.00004347     0.000000E+000     0.931853E-006        0.1690
   377        0.00004378     0.000000E+000     0.929730E-006        0.1690
   378        0.00004409     0.000000E+000     0.924582E-006        0.1691
   379        0.00004453     0.000000E+000     0.917210E-006        0.1691
   380        0.00004512     0.000000E+000     0.881663E-006        0.1691
   381        0.00004641     0.000000E+000     0.430510E-006        0.1692
   382        0.00006216     0.000000E+000     0.292904E-006        0.1692
   383        0.00009537     0.000000E+000     0.448394E-006        0.1693
   384        0.00012598     0.000000E+000     0.597645E-006        0.1694
   385        0.00014944     0.000000E+000     0.687635E-006        0.1695
   386        0.00016854     0.000000E+000     0.730907E-006        0.1697
   387        0.00018508     0.000000E+000     0.740501E-006        0.1698
   388        0.00020259     0.000000E+000     0.744831E-006        0.1700
   389        0.00022060     0.000000E+000     0.739192E-006        0.1702
   390        0.00024230     0.000000E+000     0.743152E-006        0.1704
   391        0.00026412     0.000000E+000     0.732761E-006        0.1707
   392        0.00029054     0.000000E+000     0.732671E-006        0.1709
   393        0.00031959     0.000000E+000     0.729670E-006        0.1712
   394        0.00035115     0.000000E+000     0.723212E-006        0.1716
   395        0.00038483     0.000000E+000     0.712807E-006        0.1719
   396        0.00042627     0.000000E+000     0.718648E-006        0.1723
   397        0.00047037     0.000000E+000     0.721875E-006        0.1727
   398        0.00051559     0.000000E+000     0.722117E-006        0.1732
   399        0.00057164     0.000000E+000     0.749294E-006        0.1737
   400        0.00061247     0.000000E+000     0.743608E-006        0.1743
   401        0.00066082     0.000000E+000     0.790835E-006        0.1749
   402 *      0.00034929     0.000000E+000     0.439469E-006        0.1755
   402        0.00034929     0.000000E+000     0.290813E-006        0.1759
   403        0.00057931     0.000000E+000     0.628144E-006        0.1762
   404        0.00066207     0.000000E+000     0.677899E-006        0.1768
   405        0.00075035     0.000000E+000     0.754868E-006        0.1775
   406        0.00080593     0.000000E+000     0.773666E-006        0.1782
   407        0.00083817     0.000000E+000     0.754465E-006        0.1790
   408        0.00091436     0.000000E+000     0.813895E-006        0.1799
   409        0.00096008     0.000000E+000     0.815945E-006        0.1808
   410        0.00101342     0.000000E+000     0.828896E-006        0.1818
   411        0.00101342     0.000000E+000     0.759872E-006        0.1828
   412        0.00108098     0.000000E+000     0.794008E-006        0.1838
   413        0.00108098     0.000000E+000     0.732594E-006        0.1849
   414        0.00117106     0.000000E+000     0.793650E-006        0.1859
   415        0.00117106     0.000000E+000     0.735868E-006        0.1871
   416        0.00117106     0.000000E+000     0.685817E-006        0.1883
   417        0.00131744     0.000000E+000     0.807720E-006        0.1895
   418        0.00131744     0.000000E+000     0.754712E-006        0.1908
   419        0.00131744     0.000000E+000     0.708699E-006        0.1921
   420        0.00131744     0.000000E+000     0.668510E-006        0.1934
   421        0.00131744     0.000000E+000     0.633187E-006        0.1947
   422        0.00131744     0.000000E+000     0.601944E-006        0.1960
   423        0.00131744     0.000000E+000     0.574137E-006        0.1974
   424        0.00131744     0.000000E+000     0.549234E-006        0.1987
   425        0.00161290     0.000000E+000     0.784268E-006        0.2000
   426        0.00172609     0.000000E+000     0.854769E-006        0.2016
   427        0.00179002     0.000000E+000     0.875935E-006        0.2033
   428        0.00182444     0.000000E+000     0.868795E-006        0.2051
   429        0.00186093     0.000000E+000     0.864628E-006        0.2070
   430        0.00189970     0.000000E+000     0.863231E-006        0.2088
   431        0.00194100     0.000000E+000     0.864467E-006        0.2107
   432        0.00198511     0.000000E+000     0.868266E-006        0.2127
   433        0.00203238     0.000000E+000     0.874618E-006        0.2146
   434        0.00208319     0.000000E+000     0.883576E-006        0.2167
   435        0.00213801     0.000000E+000     0.895260E-006        0.2188
   436        0.00213801     0.000000E+000     0.861923E-006        0.2209
   437        0.00219909     0.000000E+000     0.878251E-006        0.2230
   438        0.00226573     0.000000E+000     0.897788E-006        0.2252
   439        0.00226573     0.000000E+000     0.864963E-006        0.2275
   440        0.00234126     0.000000E+000     0.889821E-006        0.2298
   441        0.00234126     0.000000E+000     0.857496E-006        0.2321
   442        0.00242797     0.000000E+000     0.888503E-006        0.2344
   443        0.00242797     0.000000E+000     0.856099E-006        0.2369
   444        0.00242797     0.000000E+000     0.825297E-006        0.2393
   445        0.00253353     0.000000E+000     0.865867E-006        0.2417
   446        0.00253353     0.000000E+000     0.834157E-006        0.2443
   447        0.00266021     0.000000E+000     0.885359E-006        0.2468
   448        0.00266021     0.000000E+000     0.852044E-006        0.2495
   449        0.00266021     0.000000E+000     0.820273E-006        0.2521
   450        0.00266021     0.000000E+000     0.789941E-006        0.2548
   451        0.00283756     0.000000E+000     0.864535E-006        0.2574
   452        0.00283756     0.000000E+000     0.831003E-006        0.2603
   453        0.00283756     0.000000E+000     0.798997E-006        0.2631
   454        0.00283756     0.000000E+000     0.768423E-006        0.2659
   455        0.00283756     0.000000E+000     0.739197E-006        0.2688
   456        0.00283756     0.000000E+000     0.711242E-006        0.2716
   457        0.00283756     0.000000E+000     0.684488E-006        0.2745
   458        0.00283756     0.000000E+000     0.658871E-006        0.2773
   459        0.00283756     0.000000E+000     0.634330E-006        0.2801
   460        0.00283756     0.000000E+000     0.610811E-006        0.2830
   461        0.00283756     0.000000E+000     0.588264E-006        0.2858
   462        0.00283756     0.000000E+000     0.566640E-006        0.2886
   463        0.00283756     0.000000E+000     0.545896E-006        0.2915
   464        0.00283756     0.000000E+000     0.525989E-006        0.2943
   465        0.00283756     0.000000E+000     0.506883E-006        0.2972
   466        0.00357143     0.000000E+000     0.769659E-006        0.3000
   467        0.00385714     0.000000E+000     0.855410E-006        0.3036
   468        0.00385714     0.000000E+000     0.814029E-006        0.3074
   469        0.00403247     0.000000E+000     0.845796E-006        0.3113
   470        0.00403247     0.000000E+000     0.803511E-006        0.3153
   471        0.00424470     0.000000E+000     0.844733E-006        0.3194
   472        0.00424470     0.000000E+000     0.800834E-006        0.3236
   473        0.00451000     0.000000E+000     0.855728E-006        0.3278
   474        0.00451000     0.000000E+000     0.809164E-006        0.3324
   475        0.00451000     0.000000E+000     0.765455E-006        0.3369
   476        0.00488583     0.000000E+000     0.847941E-006        0.3414
   477        0.00488583     0.000000E+000     0.799265E-006        0.3463
   478        0.00488583     0.000000E+000     0.753844E-006        0.3511
   479        0.00488583     0.000000E+000     0.711470E-006        0.3560
   480        0.00488583     0.000000E+000     0.671955E-006        0.3609
   481        0.00488583     0.000000E+000     0.635127E-006        0.3658
   482        0.00488583     0.000000E+000     0.600826E-006        0.3707
   483        0.00488583     0.000000E+000     0.568903E-006        0.3756
   484        0.00488583     0.000000E+000     0.539222E-006        0.3805
   485        0.00488583     0.000000E+000     0.511655E-006        0.3853
   486        0.00488583     0.000000E+000     0.486084E-006        0.3902
   487        0.00488583     0.000000E+000     0.462399E-006        0.3951
   488        0.00625000     0.000000E+000     0.715424E-006        0.4000
   489        0.00669643     0.000000E+000     0.772143E-006        0.4063
   490        0.00669643     0.000000E+000     0.727004E-006        0.4129
   491        0.00730519     0.000000E+000     0.815373E-006        0.4196
   492        0.00730519     0.000000E+000     0.770299E-006        0.4269
   493        0.00730519     0.000000E+000     0.731555E-006        0.4343
   494        0.00730519     0.000000E+000     0.698729E-006        0.4416
   495        0.00730519     0.000000E+000     0.671475E-006        0.4489
   496        0.00730519     0.000000E+000     0.649494E-006        0.4562
   497        0.00730519     0.000000E+000     0.632535E-006        0.4635
   498        0.00730519     0.000000E+000     0.620391E-006        0.4708
   499        0.00730519     0.000000E+000     0.612891E-006        0.4781
   500        0.00730519     0.000000E+000     0.609904E-006        0.4854
   501        0.00730519     0.000000E+000     0.611335E-006        0.4927
   502        0.00833333     0.000000E+000     0.803805E-006        0.5000
   503        0.00833333     0.000000E+000     0.819724E-006        0.5083
   504        0.00833333     0.000000E+000     0.842971E-006        0.5167
   505        0.00833333     0.000000E+000     0.873635E-006        0.5250
   506        0.00833333     0.000000E+000     0.911876E-006        0.5333
   507        0.00833333     0.000000E+000     0.957922E-006        0.5417
   508        0.00833333     0.000000E+000     0.101207E-005        0.5500
   509        0.00694444     0.000000E+000     0.742626E-006        0.5583
   510        0.00694444     0.000000E+000     0.783237E-006        0.5653
   511        0.00694444     0.000000E+000     0.828336E-006        0.5722
   512        0.00694444     0.000000E+000     0.878165E-006        0.5792
   513        0.00694444     0.000000E+000     0.932991E-006        0.5861
   514        0.00694444     0.000000E+000     0.993109E-006        0.5931
   515        0.00666667     0.000000E+000     0.974647E-006        0.6000
   516        0.00622222     0.000000E+000     0.902350E-006        0.6067
   517        0.00622222     0.000000E+000     0.957915E-006        0.6129
   518        0.00577778     0.000000E+000     0.875839E-006        0.6191
   519        0.00577778     0.000000E+000     0.927275E-006        0.6249
   520        0.00577778     0.000000E+000     0.982354E-006        0.6307
   521        0.00529630     0.000000E+000     0.873029E-006        0.6364
   522        0.00529630     0.000000E+000     0.921381E-006        0.6417
   523        0.00529630     0.000000E+000     0.972808E-006        0.6470
   524        0.00476667     0.000000E+000     0.830219E-006        0.6523
   525        0.00476667     0.000000E+000     0.872406E-006        0.6571
   526        0.00476667     0.000000E+000     0.916994E-006        0.6619
   527        0.00476667     0.000000E+000     0.964127E-006        0.6666
   528        0.00408571     0.000000E+000     0.742604E-006        0.6714
   529        0.00408571     0.000000E+000     0.775575E-006        0.6755
   530        0.00408571     0.000000E+000     0.810162E-006        0.6796
   531        0.00408571     0.000000E+000     0.846457E-006        0.6837
   532        0.00408571     0.000000E+000     0.884553E-006        0.6877
   533        0.00408571     0.000000E+000     0.924550E-006        0.6918
   534        0.00408571     0.000000E+000     0.966554E-006        0.6959
   535        0.00400000     0.000000E+000     0.968356E-006        0.7000
   536        0.00384000     0.000000E+000     0.931869E-006        0.7040
   537        0.00384000     0.000000E+000     0.972217E-006        0.7078
   538        0.00368000     0.000000E+000     0.931117E-006        0.7117
   539        0.00368000     0.000000E+000     0.970123E-006        0.7154
   540        0.00352000     0.000000E+000     0.924379E-006        0.7190
   541        0.00352000     0.000000E+000     0.961788E-006        0.7226
   542        0.00336000     0.000000E+000     0.911435E-006        0.7261
   543        0.00336000     0.000000E+000     0.947011E-006        0.7294
   544        0.00336000     0.000000E+000     0.984176E-006        0.7328
   545        0.00319200     0.000000E+000     0.922734E-006        0.7362
   546        0.00319200     0.000000E+000     0.957531E-006        0.7394
   547        0.00302400     0.000000E+000     0.891499E-006        0.7425
   548        0.00302400     0.000000E+000     0.923725E-006        0.7456
   549        0.00302400     0.000000E+000     0.957317E-006        0.7486
   550        0.00284612     0.000000E+000     0.878588E-006        0.7516
   551        0.00284612     0.000000E+000     0.909045E-006        0.7545
   552        0.00284612     0.000000E+000     0.940760E-006        0.7573
   553        0.00284612     0.000000E+000     0.973802E-006        0.7602
   554        0.00264282     0.000000E+000     0.868948E-006        0.7630
   555        0.00264282     0.000000E+000     0.897694E-006        0.7656
   556        0.00264282     0.000000E+000     0.927597E-006        0.7683
   557        0.00264282     0.000000E+000     0.958719E-006        0.7709
   558        0.00240257     0.000000E+000     0.818793E-006        0.7736
   559        0.00240257     0.000000E+000     0.844156E-006        0.7760
   560        0.00240257     0.000000E+000     0.870494E-006        0.7784
   561        0.00240257     0.000000E+000     0.897859E-006        0.7808
   562        0.00240257     0.000000E+000     0.926307E-006        0.7832
   563        0.00240257     0.000000E+000     0.955895E-006        0.7856
   564        0.00240257     0.000000E+000     0.986686E-006        0.7880
   565        0.00192205     0.000000E+000     0.651908E-006        0.7904
   566        0.00192205     0.000000E+000     0.669013E-006        0.7923
   567        0.00192205     0.000000E+000     0.686694E-006        0.7942
   568        0.00192205     0.000000E+000     0.704979E-006        0.7962
   569        0.00192205     0.000000E+000     0.723897E-006        0.7981
   570        0.00212766     0.000000E+000     0.910950E-006        0.8000
   571        0.00212766     0.000000E+000     0.938438E-006        0.8021
   572        0.00212766     0.000000E+000     0.967028E-006        0.8043
   573        0.00208038     0.000000E+000     0.953020E-006        0.8064
   574        0.00203415     0.000000E+000     0.938880E-006        0.8085
   575        0.00203415     0.000000E+000     0.967054E-006        0.8105
   576        0.00198792     0.000000E+000     0.951673E-006        0.8125
   577        0.00194274     0.000000E+000     0.936202E-006        0.8145
   578        0.00194274     0.000000E+000     0.963871E-006        0.8165
   579        0.00189756     0.000000E+000     0.947134E-006        0.8184
   580        0.00189756     0.000000E+000     0.975056E-006        0.8203
   581        0.00185238     0.000000E+000     0.957000E-006        0.8222
   582        0.00180827     0.000000E+000     0.938936E-006        0.8241
   583        0.00180827     0.000000E+000     0.966192E-006        0.8259
   584        0.00176417     0.000000E+000     0.946791E-006        0.8277
   585        0.00176417     0.000000E+000     0.974208E-006        0.8294
   586        0.00172006     0.000000E+000     0.953418E-006        0.8312
   587        0.00167706     0.000000E+000     0.932719E-006        0.8329
   588        0.00167706     0.000000E+000     0.959295E-006        0.8346
   589        0.00163406     0.000000E+000     0.937197E-006        0.8363
   590        0.00163406     0.000000E+000     0.963828E-006        0.8379
   591        0.00159106     0.000000E+000     0.940281E-006        0.8395
   592        0.00159106     0.000000E+000     0.966923E-006        0.8411
   593        0.00154806     0.000000E+000     0.941876E-006        0.8427
   594        0.00154806     0.000000E+000     0.968477E-006        0.8443
   595        0.00150506     0.000000E+000     0.941881E-006        0.8458
   596        0.00150506     0.000000E+000     0.968388E-006        0.8473
   597        0.00146205     0.000000E+000     0.940193E-006        0.8488
   598        0.00146205     0.000000E+000     0.966546E-006        0.8503
   599        0.00141905     0.000000E+000     0.936708E-006        0.8518
   600        0.00141905     0.000000E+000     0.962844E-006        0.8532
   601        0.00137605     0.000000E+000     0.931319E-006        0.8546
   602        0.00137605     0.000000E+000     0.957170E-006        0.8560
   603        0.00133305     0.000000E+000     0.923920E-006        0.8573
   604        0.00133305     0.000000E+000     0.949413E-006        0.8587
   605        0.00133305     0.000000E+000     0.975947E-006        0.8600
   606        0.00128862     0.000000E+000     0.938235E-006        0.8613
   607        0.00128862     0.000000E+000     0.964263E-006        0.8626
   608        0.00124418     0.000000E+000     0.924641E-006        0.8639
   609        0.00124418     0.000000E+000     0.950076E-006        0.8652
   610        0.00124418     0.000000E+000     0.976555E-006        0.8664
   611        0.00119810     0.000000E+000     0.931666E-006        0.8677
   612        0.00119810     0.000000E+000     0.957359E-006        0.8688
   613        0.00115202     0.000000E+000     0.910417E-006        0.8700
   614        0.00115202     0.000000E+000     0.935222E-006        0.8712
   615        0.00115202     0.000000E+000     0.961045E-006        0.8724
   616        0.00110402     0.000000E+000     0.907940E-006        0.8735
   617        0.00110402     0.000000E+000     0.932634E-006        0.8746
   618        0.00110402     0.000000E+000     0.958343E-006        0.8757
   619        0.00105384     0.000000E+000     0.898281E-006        0.8768
   620        0.00105384     0.000000E+000     0.922582E-006        0.8779
   621        0.00105384     0.000000E+000     0.947879E-006        0.8789
   622        0.00105384     0.000000E+000     0.974230E-006        0.8800
   623        0.00099837     0.000000E+000     0.899844E-006        0.8810
   624        0.00099837     0.000000E+000     0.924222E-006        0.8820
   625        0.00099837     0.000000E+000     0.949604E-006        0.8830
   626        0.00099837     0.000000E+000     0.976049E-006        0.8840
   627        0.00093597     0.000000E+000     0.883061E-006        0.8850
   628        0.00093597     0.000000E+000     0.906782E-006        0.8860
   629        0.00093597     0.000000E+000     0.931475E-006        0.8869
   630        0.00093597     0.000000E+000     0.957194E-006        0.8878
   631        0.00086397     0.000000E+000     0.839590E-006        0.8888
   632        0.00086397     0.000000E+000     0.861605E-006        0.8896
   633        0.00086397     0.000000E+000     0.884502E-006        0.8905
   634        0.00086397     0.000000E+000     0.908329E-006        0.8914
   635        0.00086397     0.000000E+000     0.933137E-006        0.8922
   636        0.00086397     0.000000E+000     0.958981E-006        0.8931
   637        0.00075598     0.000000E+000     0.756570E-006        0.8940
   638        0.00075598     0.000000E+000     0.775432E-006        0.8947
   639        0.00075598     0.000000E+000     0.795014E-006        0.8955
   640        0.00075598     0.000000E+000     0.815352E-006        0.8962
   641        0.00075598     0.000000E+000     0.836486E-006        0.8970
   642        0.00075598     0.000000E+000     0.858457E-006        0.8977
   643        0.00075598     0.000000E+000     0.881311E-006        0.8985
   644        0.00075598     0.000000E+000     0.905094E-006        0.8992
   645        0.00076923     0.000000E+000     0.962447E-006        0.9000
   646        0.00076331     0.000000E+000     0.974590E-006        0.9008
   647        0.00075166     0.000000E+000     0.972192E-006        0.9015
   648        0.00074027     0.000000E+000     0.969999E-006        0.9023
   649        0.00072914     0.000000E+000     0.968010E-006        0.9030
   650        0.00072366     0.000000E+000     0.980672E-006        0.9038
   651        0.00071286     0.000000E+000     0.979046E-006        0.9045
   652        0.00070230     0.000000E+000     0.977623E-006        0.9052
   653        0.00069197     0.000000E+000     0.976400E-006        0.9059
   654        0.00068187     0.000000E+000     0.975375E-006        0.9066
   655        0.00067198     0.000000E+000     0.974547E-006        0.9073
   656        0.00066231     0.000000E+000     0.973914E-006        0.9079
   657        0.00065285     0.000000E+000     0.973475E-006        0.9086
   658        0.00064359     0.000000E+000     0.973227E-006        0.9093
   659        0.00063453     0.000000E+000     0.973170E-006        0.9099
   660        0.00062565     0.000000E+000     0.973303E-006        0.9105
   661        0.00061696     0.000000E+000     0.973624E-006        0.9112
   662        0.00060845     0.000000E+000     0.974132E-006        0.9118
   663        0.00060012     0.000000E+000     0.974827E-006        0.9124
   664        0.00059195     0.000000E+000     0.975707E-006        0.9130
   665        0.00058395     0.000000E+000     0.976771E-006        0.9136
   666        0.00057612     0.000000E+000     0.978020E-006        0.9142
   667        0.00056844     0.000000E+000     0.979452E-006        0.9147
   668        0.00056091     0.000000E+000     0.981067E-006        0.9153
   669        0.00055353     0.000000E+000     0.982864E-006        0.9159
   670        0.00054629     0.000000E+000     0.984843E-006        0.9164
   671        0.00053572     0.000000E+000     0.974417E-006        0.9170
   672        0.00052885     0.000000E+000     0.976714E-006        0.9175
   673        0.00052211     0.000000E+000     0.979187E-006        0.9180
   674        0.00051550     0.000000E+000     0.981837E-006        0.9186
   675        0.00050902     0.000000E+000     0.984662E-006        0.9191
   676        0.00049953     0.000000E+000     0.975534E-006        0.9196
   677        0.00049337     0.000000E+000     0.978652E-006        0.9201
   678        0.00048731     0.000000E+000     0.981942E-006        0.9206
   679        0.00047845     0.000000E+000     0.973591E-006        0.9211
   680        0.00047269     0.000000E+000     0.977157E-006        0.9215
   681        0.00046703     0.000000E+000     0.980889E-006        0.9220
   682        0.00045874     0.000000E+000     0.973262E-006        0.9225
   683        0.00045334     0.000000E+000     0.977256E-006        0.9229
   684        0.00044804     0.000000E+000     0.981412E-006        0.9234
   685        0.00044027     0.000000E+000     0.974457E-006        0.9238
   686        0.00043521     0.000000E+000     0.978860E-006        0.9243
   687        0.00043023     0.000000E+000     0.983421E-006        0.9247
   688        0.00042294     0.000000E+000     0.977091E-006        0.9251
   689        0.00041819     0.000000E+000     0.981884E-006        0.9256
   690        0.00041122     0.000000E+000     0.975979E-006        0.9260
   691        0.00040668     0.000000E+000     0.980994E-006        0.9264
   692        0.00040001     0.000000E+000     0.975488E-006        0.9268
   693        0.00039566     0.000000E+000     0.980712E-006        0.9272
   694        0.00038928     0.000000E+000     0.975583E-006        0.9276
   695        0.00038512     0.000000E+000     0.981005E-006        0.9280
   696        0.00037900     0.000000E+000     0.976229E-006        0.9284
   697        0.00037501     0.000000E+000     0.981837E-006        0.9287
   698        0.00036915     0.000000E+000     0.977391E-006        0.9291
   699        0.00036345     0.000000E+000     0.973135E-006        0.9295
   700        0.00035972     0.000000E+000     0.978953E-006        0.9299
   701        0.00035424     0.000000E+000     0.974991E-006        0.9302
   702        0.00035066     0.000000E+000     0.980961E-006        0.9306
   703        0.00034540     0.000000E+000     0.977271E-006        0.9309
   704        0.00034027     0.000000E+000     0.973734E-006        0.9313
   705        0.00033692     0.000000E+000     0.979862E-006        0.9316
   706        0.00033199     0.000000E+000     0.976563E-006        0.9319
   707        0.00032718     0.000000E+000     0.973397E-006        0.9323
   708        0.00032403     0.000000E+000     0.979646E-006        0.9326
   709        0.00031940     0.000000E+000     0.976682E-006        0.9329
   710        0.00031488     0.000000E+000     0.973832E-006        0.9332
   711        0.00031193     0.000000E+000     0.980167E-006        0.9336
   712        0.00030757     0.000000E+000     0.977484E-006        0.9339
   713        0.00030332     0.000000E+000     0.974894E-006        0.9342
   714        0.00029917     0.000000E+000     0.972391E-006        0.9345
   715        0.00029645     0.000000E+000     0.978750E-006        0.9348
   716        0.00029244     0.000000E+000     0.976367E-006        0.9351
   717        0.00028852     0.000000E+000     0.974053E-006        0.9354
   718        0.00028469     0.000000E+000     0.971799E-006        0.9357
   719        0.00028219     0.000000E+000     0.978108E-006        0.9359
   720        0.00027849     0.000000E+000     0.975928E-006        0.9362
   721        0.00027487     0.000000E+000     0.973790E-006        0.9365
   722        0.00027133     0.000000E+000     0.971688E-006        0.9368
   723        0.00026901     0.000000E+000     0.977872E-006        0.9371
   724        0.00026559     0.000000E+000     0.975797E-006        0.9373
   725        0.00026225     0.000000E+000     0.973741E-006        0.9376
   726        0.00025897     0.000000E+000     0.971697E-006        0.9378
   727        0.00025576     0.000000E+000     0.969659E-006        0.9381
   728        0.00025365     0.000000E+000     0.975556E-006        0.9384
   729        0.00025055     0.000000E+000     0.973489E-006        0.9386
   730        0.00024750     0.000000E+000     0.971410E-006        0.9389
   731        0.00024452     0.000000E+000     0.969316E-006        0.9391
   732        0.00024257     0.000000E+000     0.974911E-006        0.9394
   733        0.00023968     0.000000E+000     0.972743E-006        0.9396
   734        0.00023685     0.000000E+000     0.970544E-006        0.9398
   735        0.00023407     0.000000E+000     0.968308E-006        0.9401
   736        0.00023225     0.000000E+000     0.973523E-006        0.9403
   737        0.00022956     0.000000E+000     0.971173E-006        0.9405
   738        0.00022692     0.000000E+000     0.968772E-006        0.9408
   739        0.00022519     0.000000E+000     0.973668E-006        0.9410
   740        0.00022263     0.000000E+000     0.971124E-006        0.9412
   741        0.00022012     0.000000E+000     0.968516E-006        0.9414
   742        0.00021847     0.000000E+000     0.973051E-006        0.9417
   743        0.00021603     0.000000E+000     0.970274E-006        0.9419
   744        0.00021364     0.000000E+000     0.967422E-006        0.9421
   745        0.00021207     0.000000E+000     0.971560E-006        0.9423
   746        0.00020975     0.000000E+000     0.968515E-006        0.9425
   747        0.00020822     0.000000E+000     0.972384E-006        0.9427
   748        0.00020597     0.000000E+000     0.969132E-006        0.9429
   749        0.00020375     0.000000E+000     0.965790E-006        0.9432
   750        0.00020230     0.000000E+000     0.969207E-006        0.9434
   751        0.00020015     0.000000E+000     0.965641E-006        0.9436
   752        0.00019873     0.000000E+000     0.968755E-006        0.9438
   753        0.00019664     0.000000E+000     0.964954E-006        0.9440
   754        0.00019527     0.000000E+000     0.967753E-006        0.9442
   755        0.00019390     0.000000E+000     0.970404E-006        0.9443
   756        0.00019189     0.000000E+000     0.966215E-006        0.9445
   757        0.00019057     0.000000E+000     0.968535E-006        0.9447
   758        0.00018861     0.000000E+000     0.964093E-006        0.9449
   759        0.00018732     0.000000E+000     0.966076E-006        0.9451
   760        0.00018605     0.000000E+000     0.967897E-006        0.9453
   761        0.00018416     0.000000E+000     0.963045E-006        0.9455
   762        0.00018292     0.000000E+000     0.964520E-006        0.9457
   763        0.00018170     0.000000E+000     0.965829E-006        0.9459
   764        0.00018048     0.000000E+000     0.966969E-006        0.9460
   765        0.00017928     0.000000E+000     0.967937E-006        0.9462
   766        0.00017750     0.000000E+000     0.962357E-006        0.9464
   767        0.00017632     0.000000E+000     0.962974E-006        0.9466
   768        0.00017516     0.000000E+000     0.963418E-006        0.9468
   769        0.00017402     0.000000E+000     0.963688E-006        0.9469
   770        0.00017288     0.000000E+000     0.963785E-006        0.9471
   771        0.00017175     0.000000E+000     0.963707E-006        0.9473
   772        0.00017064     0.000000E+000     0.963456E-006        0.9474
   773        0.00016953     0.000000E+000     0.963030E-006        0.9476
   774        0.00016844     0.000000E+000     0.962432E-006        0.9478
   775        0.00016736     0.000000E+000     0.961661E-006        0.9480
   776        0.00016628     0.000000E+000     0.960719E-006        0.9481
   777        0.00016522     0.000000E+000     0.959607E-006        0.9483
   778        0.00016417     0.000000E+000     0.958326E-006        0.9485
   779        0.00016313     0.000000E+000     0.956878E-006        0.9486
   780        0.00016261     0.000000E+000     0.961314E-006        0.9488
   781        0.00016158     0.000000E+000     0.959522E-006        0.9489
   782        0.00016056     0.000000E+000     0.957567E-006        0.9491
   783        0.00016005     0.000000E+000     0.961464E-006        0.9493
   784        0.00015905     0.000000E+000     0.959170E-006        0.9494
   785        0.00015805     0.000000E+000     0.956720E-006        0.9496
   786        0.00015755     0.000000E+000     0.960084E-006        0.9497
   787        0.00015657     0.000000E+000     0.957305E-006        0.9499
   788        0.00015608     0.000000E+000     0.960327E-006        0.9501
   789        0.00015511     0.000000E+000     0.957226E-006        0.9502
   790        0.00015462     0.000000E+000     0.959910E-006        0.9504
   791        0.00015366     0.000000E+000     0.956496E-006        0.9505
   792        0.00015319     0.000000E+000     0.958848E-006        0.9507
   793        0.00015224     0.000000E+000     0.955130E-006        0.9508
   794        0.00015177     0.000000E+000     0.957157E-006        0.9510
   795        0.00015130     0.000000E+000     0.959032E-006        0.9511
   796        0.00015036     0.000000E+000     0.954859E-006        0.9513
   797        0.00014990     0.000000E+000     0.956419E-006        0.9514
   798        0.00014944     0.000000E+000     0.957831E-006        0.9516
   799        0.00014897     0.000000E+000     0.959096E-006        0.9517
   800        0.00014806     0.000000E+000     0.954339E-006        0.9519
   801        0.00014760     0.000000E+000     0.955304E-006        0.9520
   802        0.00014715     0.000000E+000     0.956127E-006        0.9522
   803        0.00014670     0.000000E+000     0.956810E-006        0.9523
   804        0.00014624     0.000000E+000     0.957354E-006        0.9525
   805        0.00014579     0.000000E+000     0.957759E-006        0.9526
   806        0.00014535     0.000000E+000     0.958029E-006        0.9528
   807        0.00014445     0.000000E+000     0.952319E-006        0.9529
   808        0.00014401     0.000000E+000     0.952322E-006        0.9531
   809        0.00014357     0.000000E+000     0.952197E-006        0.9532
   810        0.00014313     0.000000E+000     0.951944E-006        0.9533
   811        0.00014269     0.000000E+000     0.951567E-006        0.9535
   812        0.00014225     0.000000E+000     0.951066E-006        0.9536
   813        0.00014182     0.000000E+000     0.950445E-006        0.9538
   814        0.00014138     0.000000E+000     0.949705E-006        0.9539
   815        0.00014138     0.000000E+000     0.954673E-006        0.9541
   816        0.00014095     0.000000E+000     0.953693E-006        0.9542
   817        0.00014051     0.000000E+000     0.952600E-006        0.9543
   818        0.00014008     0.000000E+000     0.951397E-006        0.9545
   819        0.00013965     0.000000E+000     0.950085E-006        0.9546
   820        0.00013965     0.000000E+000     0.954508E-006        0.9548
   821        0.00013922     0.000000E+000     0.952972E-006        0.9549
   822        0.00013879     0.000000E+000     0.951333E-006        0.9550
   823        0.00013836     0.000000E+000     0.949595E-006        0.9552
   824        0.00013836     0.000000E+000     0.953613E-006        0.9553
   825        0.00013793     0.000000E+000     0.951664E-006        0.9554
   826        0.00013750     0.000000E+000     0.949622E-006        0.9556
   827        0.00013750     0.000000E+000     0.953358E-006        0.9557
   828        0.00013708     0.000000E+000     0.951115E-006        0.9559
   829        0.00013665     0.000000E+000     0.948785E-006        0.9560
   830        0.00013665     0.000000E+000     0.952251E-006        0.9561
   831        0.00013623     0.000000E+000     0.949731E-006        0.9563
   832        0.00013623     0.000000E+000     0.953034E-006        0.9564
   833        0.00013580     0.000000E+000     0.950329E-006        0.9565
   834        0.00013538     0.000000E+000     0.947547E-006        0.9567
   835        0.00013538     0.000000E+000     0.950599E-006        0.9568
   836        0.00013495     0.000000E+000     0.947643E-006        0.9570
   837        0.00013495     0.000000E+000     0.950543E-006        0.9571
   838        0.00013453     0.000000E+000     0.947420E-006        0.9572
   839        0.00013453     0.000000E+000     0.950172E-006        0.9574
   840        0.00013410     0.000000E+000     0.946887E-006        0.9575
   841        0.00013410     0.000000E+000     0.949497E-006        0.9576
   842        0.00013410     0.000000E+000     0.952048E-006        0.9578
   843        0.00013368     0.000000E+000     0.948516E-006        0.9579
   844        0.00013368     0.000000E+000     0.950930E-006        0.9580
   845        0.00013325     0.000000E+000     0.947251E-006        0.9582
   846        0.00013325     0.000000E+000     0.949532E-006        0.9583
   847        0.00013325     0.000000E+000     0.951759E-006        0.9584
   848        0.00013282     0.000000E+000     0.947852E-006        0.9586
   849        0.00013282     0.000000E+000     0.949952E-006        0.9587
   850        0.00013282     0.000000E+000     0.951999E-006        0.9588
   851        0.00013240     0.000000E+000     0.947875E-006        0.9590
   852        0.00013240     0.000000E+000     0.949801E-006        0.9591
   853        0.00013240     0.000000E+000     0.951677E-006        0.9592
   854        0.00013197     0.000000E+000     0.947347E-006        0.9594
   855        0.00013197     0.000000E+000     0.949107E-006        0.9595
   856        0.00013197     0.000000E+000     0.950819E-006        0.9596
   857        0.00013153     0.000000E+000     0.946294E-006        0.9598
   858        0.00013153     0.000000E+000     0.947895E-006        0.9599
   859        0.00013153     0.000000E+000     0.949450E-006        0.9600
   860        0.00013153     0.000000E+000     0.950959E-006        0.9601
   861        0.00013110     0.000000E+000     0.946174E-006        0.9603
   862        0.00013110     0.000000E+000     0.947580E-006        0.9604
   863        0.00013110     0.000000E+000     0.948941E-006        0.9605
   864        0.00013110     0.000000E+000     0.950260E-006        0.9607
   865        0.00013066     0.000000E+000     0.945230E-006        0.9608
   866        0.00013066     0.000000E+000     0.946451E-006        0.9609
   867        0.00013066     0.000000E+000     0.947630E-006        0.9611
   868        0.00013066     0.000000E+000     0.948769E-006        0.9612
   869        0.00013066     0.000000E+000     0.949866E-006        0.9613
   870        0.00013066     0.000000E+000     0.950924E-006        0.9615
   871        0.00013022     0.000000E+000     0.945527E-006        0.9616
   872        0.00013022     0.000000E+000     0.946495E-006        0.9617
   873        0.00013022     0.000000E+000     0.947425E-006        0.9618
   874        0.00013022     0.000000E+000     0.948317E-006        0.9620
   875        0.00013022     0.000000E+000     0.949171E-006        0.9621
   876        0.00013022     0.000000E+000     0.949988E-006        0.9622
   877        0.00013022     0.000000E+000     0.950768E-006        0.9624
   878        0.00012977     0.000000E+000     0.944967E-006        0.9625
   879        0.00012977     0.000000E+000     0.945667E-006        0.9626
   880        0.00012977     0.000000E+000     0.946332E-006        0.9628
   881        0.00012977     0.000000E+000     0.946962E-006        0.9629
   882        0.00012977     0.000000E+000     0.947557E-006        0.9630
   883        0.00012977     0.000000E+000     0.948117E-006        0.9631
   884        0.00012977     0.000000E+000     0.948644E-006        0.9633
   885        0.00012977     0.000000E+000     0.949137E-006        0.9634
   886        0.00012977     0.000000E+000     0.949597E-006        0.9635
   887        0.00012977     0.000000E+000     0.950025E-006        0.9637
   888        0.00012977     0.000000E+000     0.950419E-006        0.9638
   889        0.00012930     0.000000E+000     0.944010E-006        0.9639
   890        0.00012930     0.000000E+000     0.944337E-006        0.9641
   891        0.00012930     0.000000E+000     0.944633E-006        0.9642
   892        0.00012930     0.000000E+000     0.944899E-006        0.9643
   893        0.00012930     0.000000E+000     0.945134E-006        0.9644
   894        0.00012930     0.000000E+000     0.945340E-006        0.9646
   895        0.00012930     0.000000E+000     0.945515E-006        0.9647
   896        0.00012930     0.000000E+000     0.945661E-006        0.9648
   897        0.00012930     0.000000E+000     0.945779E-006        0.9650
   898        0.00012930     0.000000E+000     0.945867E-006        0.9651
   899        0.00012930     0.000000E+000     0.945927E-006        0.9652
   900        0.00012930     0.000000E+000     0.945959E-006        0.9653
   901        0.00012930     0.000000E+000     0.945964E-006        0.9655
   902        0.00012930     0.000000E+000     0.945940E-006        0.9656
   903        0.00012930     0.000000E+000     0.945890E-006        0.9657
   904        0.00012930     0.000000E+000     0.945814E-006        0.9659
   905        0.00012930     0.000000E+000     0.945710E-006        0.9660
   906        0.00012930     0.000000E+000     0.945581E-006        0.9661
   907        0.00012930     0.000000E+000     0.945426E-006        0.9663
   908        0.00012930     0.000000E+000     0.945246E-006        0.9664
   909        0.00012930     0.000000E+000     0.945041E-006        0.9665
   910        0.00012930     0.000000E+000     0.944811E-006        0.9666
   911        0.00012930     0.000000E+000     0.944557E-006        0.9668
   912        0.00012930     0.000000E+000     0.944278E-006        0.9669
   913        0.00012930     0.000000E+000     0.943976E-006        0.9670
   914        0.00012930     0.000000E+000     0.943651E-006        0.9672
   915        0.00012930     0.000000E+000     0.943302E-006        0.9673
   916        0.00012930     0.000000E+000     0.942931E-006        0.9674
   917        0.00012930     0.000000E+000     0.942537E-006        0.9675
   918        0.00012930     0.000000E+000     0.942121E-006        0.9677
   919        0.00012930     0.000000E+000     0.941683E-006        0.9678
   920        0.00012930     0.000000E+000     0.941224E-006        0.9679
   921        0.00012930     0.000000E+000     0.940743E-006        0.9681
   922        0.00012930     0.000000E+000     0.940241E-006        0.9682
   923        0.00012930     0.000000E+000     0.939718E-006        0.9683
   924        0.00012984     0.000000E+000     0.946879E-006        0.9684
   925        0.00012984     0.000000E+000     0.946306E-006        0.9686
   926        0.00012984     0.000000E+000     0.945713E-006        0.9687
   927        0.00012984     0.000000E+000     0.945098E-006        0.9688
   928        0.00012984     0.000000E+000     0.944463E-006        0.9690
   929        0.00012984     0.000000E+000     0.943805E-006        0.9691
   930        0.00012984     0.000000E+000     0.943126E-006        0.9692
   931        0.00012984     0.000000E+000     0.942425E-006        0.9694
   932        0.00012984     0.000000E+000     0.941702E-006        0.9695
   933        0.00012984     0.000000E+000     0.940955E-006        0.9696
   934        0.00012984     0.000000E+000     0.940183E-006        0.9697
   935        0.00012984     0.000000E+000     0.939387E-006        0.9699
   936        0.00013040     0.000000E+000     0.946698E-006        0.9700
   937        0.00013040     0.000000E+000     0.945835E-006        0.9701
   938        0.00013040     0.000000E+000     0.944942E-006        0.9703
   939        0.00013040     0.000000E+000     0.944016E-006        0.9704
   940        0.00013040     0.000000E+000     0.943054E-006        0.9705
   941        0.00013040     0.000000E+000     0.942054E-006        0.9707
   942        0.00013040     0.000000E+000     0.941012E-006        0.9708
   943        0.00013040     0.000000E+000     0.939924E-006        0.9709
   944        0.00013040     0.000000E+000     0.938786E-006        0.9711
   945        0.00013099     0.000000E+000     0.946086E-006        0.9712
   946        0.00013099     0.000000E+000     0.944813E-006        0.9713
   947        0.00013099     0.000000E+000     0.943471E-006        0.9714
   948        0.00013099     0.000000E+000     0.942054E-006        0.9716
   949        0.00013099     0.000000E+000     0.940553E-006        0.9717
   950        0.00013099     0.000000E+000     0.938960E-006        0.9718
   951        0.00013099     0.000000E+000     0.937267E-006        0.9720
   952        0.00013161     0.000000E+000     0.944258E-006        0.9721
   953        0.00013161     0.000000E+000     0.942310E-006        0.9722
   954        0.00013161     0.000000E+000     0.940230E-006        0.9724
   955        0.00013161     0.000000E+000     0.938010E-006        0.9725
   956        0.00013225     0.000000E+000     0.944646E-006        0.9726
   957        0.00013225     0.000000E+000     0.942079E-006        0.9728
   958        0.00013225     0.000000E+000     0.939341E-006        0.9729
   959        0.00013225     0.000000E+000     0.936423E-006        0.9730
   960        0.00013290     0.000000E+000     0.942524E-006        0.9732
   961        0.00013290     0.000000E+000     0.939177E-006        0.9733
   962        0.00013290     0.000000E+000     0.935628E-006        0.9734
   963        0.00013357     0.000000E+000     0.941251E-006        0.9736
   964        0.00013357     0.000000E+000     0.937229E-006        0.9737
   965        0.00013426     0.000000E+000     0.942528E-006        0.9738
   966        0.00013426     0.000000E+000     0.938014E-006        0.9740
   967        0.00013426     0.000000E+000     0.933287E-006        0.9741
   968        0.00013496     0.000000E+000     0.938036E-006        0.9742
   969        0.00013496     0.000000E+000     0.932817E-006        0.9744
   970        0.00013568     0.000000E+000     0.937228E-006        0.9745
   971        0.00013568     0.000000E+000     0.931528E-006        0.9746
   972        0.00013641     0.000000E+000     0.935613E-006        0.9748
   973        0.00013716     0.000000E+000     0.939576E-006        0.9749
   974        0.00013716     0.000000E+000     0.933150E-006        0.9750
   975        0.00013792     0.000000E+000     0.936825E-006        0.9752
   976        0.00013792     0.000000E+000     0.929988E-006        0.9753
   977        0.00013870     0.000000E+000     0.933412E-006        0.9755
   978        0.00013949     0.000000E+000     0.936754E-006        0.9756
   979        0.00013949     0.000000E+000     0.929322E-006        0.9757
   980        0.00014030     0.000000E+000     0.932478E-006        0.9759
   981        0.00014113     0.000000E+000     0.935587E-006        0.9760
   982        0.00014113     0.000000E+000     0.927656E-006        0.9761
   983        0.00014197     0.000000E+000     0.930650E-006        0.9763
   984        0.00014283     0.000000E+000     0.933633E-006        0.9764
   985        0.00014371     0.000000E+000     0.936616E-006        0.9766
   986        0.00014371     0.000000E+000     0.928120E-006        0.9767
   987        0.00014461     0.000000E+000     0.931083E-006        0.9769
   988        0.00014552     0.000000E+000     0.934080E-006        0.9770
   989        0.00014646     0.000000E+000     0.937123E-006        0.9772
   990        0.00014646     0.000000E+000     0.928206E-006        0.9773
   991        0.00014741     0.000000E+000     0.931311E-006        0.9774
   992        0.00014839     0.000000E+000     0.934491E-006        0.9776
   993        0.00014839     0.000000E+000     0.925374E-006        0.9777
   994        0.00014939     0.000000E+000     0.928666E-006        0.9779
   995        0.00015042     0.000000E+000     0.932058E-006        0.9780
   996        0.00015146     0.000000E+000     0.935558E-006        0.9782
   997        0.00015146     0.000000E+000     0.926169E-006        0.9783
   998        0.00015253     0.000000E+000     0.929833E-006        0.9785
   999        0.00015363     0.000000E+000     0.933624E-006        0.9786
  1000        0.00015363     0.000000E+000     0.924100E-006        0.9788
  1001        0.00015476     0.000000E+000     0.928082E-006        0.9790
  1002        0.00015592     0.000000E+000     0.932210E-006        0.9791
  1003        0.00015592     0.000000E+000     0.922551E-006        0.9793
  1004        0.00015711     0.000000E+000     0.926893E-006        0.9794
  1005        0.00015832     0.000000E+000     0.931396E-006        0.9796
  1006        0.00015832     0.000000E+000     0.921594E-006        0.9797
  1007        0.00015958     0.000000E+000     0.926331E-006        0.9799
  1008        0.00016087     0.000000E+000     0.931248E-006        0.9801
  1009        0.00016087     0.000000E+000     0.921286E-006        0.9802
  1010        0.00016220     0.000000E+000     0.926456E-006        0.9804
  1011        0.00016356     0.000000E+000     0.931824E-006        0.9805
  1012        0.00016356     0.000000E+000     0.921679E-006        0.9807
  1013        0.00016497     0.000000E+000     0.927323E-006        0.9809
  1014        0.00016642     0.000000E+000     0.933186E-006        0.9810
  1015        0.00016642     0.000000E+000     0.922834E-006        0.9812
  1016        0.00016792     0.000000E+000     0.928999E-006        0.9814
  1017        0.00016792     0.000000E+000     0.918587E-006        0.9815
  1018        0.00016947     0.000000E+000     0.925071E-006        0.9817
  1019        0.00017107     0.000000E+000     0.931814E-006        0.9819
  1020        0.00017107     0.000000E+000     0.921150E-006        0.9820
  1021        0.00017273     0.000000E+000     0.928248E-006        0.9822
  1022        0.00017273     0.000000E+000     0.917502E-006        0.9824
  1023        0.00017446     0.000000E+000     0.924977E-006        0.9826
  1024        0.00017624     0.000000E+000     0.932767E-006        0.9827
  1025        0.00017624     0.000000E+000     0.921718E-006        0.9829
  1026        0.00017809     0.000000E+000     0.929934E-006        0.9831
  1027        0.00017809     0.000000E+000     0.918779E-006        0.9833
  1028        0.00018003     0.000000E+000     0.927454E-006        0.9834
  1029        0.00018003     0.000000E+000     0.916184E-006        0.9836
  1030        0.00018205     0.000000E+000     0.925353E-006        0.9838
  1031        0.00018205     0.000000E+000     0.913959E-006        0.9840
  1032        0.00018417     0.000000E+000     0.923665E-006        0.9842
  1033        0.00018417     0.000000E+000     0.912135E-006        0.9843
  1034        0.00018639     0.000000E+000     0.922423E-006        0.9845
  1035        0.00018639     0.000000E+000     0.910747E-006        0.9847
  1036        0.00018872     0.000000E+000     0.921671E-006        0.9849
  1037        0.00018872     0.000000E+000     0.909836E-006        0.9851
  1038        0.00019117     0.000000E+000     0.921457E-006        0.9853
  1039        0.00019117     0.000000E+000     0.909448E-006        0.9855
  1040        0.00019375     0.000000E+000     0.921836E-006        0.9857
  1041        0.00019375     0.000000E+000     0.909638E-006        0.9859
  1042        0.00019648     0.000000E+000     0.922874E-006        0.9860
  1043        0.00019648     0.000000E+000     0.910470E-006        0.9862
  1044        0.00019937     0.000000E+000     0.924646E-006        0.9864
  1045        0.00019937     0.000000E+000     0.912016E-006        0.9866
  1046        0.00020244     0.000000E+000     0.927240E-006        0.9868
  1047        0.00020244     0.000000E+000     0.914362E-006        0.9870
  1048        0.00020244     0.000000E+000     0.901654E-006        0.9872
  1049        0.00020576     0.000000E+000     0.918292E-006        0.9874
  1050        0.00020576     0.000000E+000     0.905304E-006        0.9877
  1051        0.00020930     0.000000E+000     0.923308E-006        0.9879
  1052        0.00020930     0.000000E+000     0.910011E-006        0.9881
  1053        0.00020930     0.000000E+000     0.896899E-006        0.9883
  1054        0.00021318     0.000000E+000     0.916769E-006        0.9885
  1055        0.00021318     0.000000E+000     0.903305E-006        0.9887
  1056        0.00021736     0.000000E+000     0.925015E-006        0.9889
  1057        0.00021736     0.000000E+000     0.911155E-006        0.9891
  1058        0.00021736     0.000000E+000     0.897499E-006        0.9893
  1059        0.00022198     0.000000E+000     0.921774E-006        0.9896
  1060        0.00022198     0.000000E+000     0.907660E-006        0.9898
  1061        0.00022198     0.000000E+000     0.893758E-006        0.9900
  1062        0.00022715     0.000000E+000     0.921159E-006        0.9902
  1063        0.00022715     0.000000E+000     0.906722E-006        0.9905
  1064        0.00022715     0.000000E+000     0.892510E-006        0.9907
  1065        0.00022715     0.000000E+000     0.878519E-006        0.9909
  1066        0.00023312     0.000000E+000     0.910500E-006        0.9911
  1067        0.00023312     0.000000E+000     0.895857E-006        0.9914
  1068        0.00023312     0.000000E+000     0.881449E-006        0.9916
  1069        0.00023998     0.000000E+000     0.918630E-006        0.9918
  1070        0.00023998     0.000000E+000     0.903431E-006        0.9921
  1071        0.00023998     0.000000E+000     0.888485E-006        0.9923
  1072        0.00023998     0.000000E+000     0.873790E-006        0.9926
  1073        0.00023998     0.000000E+000     0.859341E-006        0.9928
  1074        0.00024855     0.000000E+000     0.906082E-006        0.9930
  1075        0.00024855     0.000000E+000     0.890581E-006        0.9933
  1076        0.00024855     0.000000E+000     0.875351E-006        0.9935
  1077        0.00024855     0.000000E+000     0.860387E-006        0.9938
  1078        0.00024855     0.000000E+000     0.845685E-006        0.9940
  1079        0.00025985     0.000000E+000     0.907878E-006        0.9943
  1080        0.00025985     0.000000E+000     0.891686E-006        0.9945
  1081        0.00025985     0.000000E+000     0.875791E-006        0.9948
  1082        0.00025985     0.000000E+000     0.860189E-006        0.9951
  1083        0.00025985     0.000000E+000     0.844875E-006        0.9953
  1084        0.00025985     0.000000E+000     0.829843E-006        0.9956
  1085        0.00025985     0.000000E+000     0.815088E-006        0.9958
  1086        0.00025985     0.000000E+000     0.800607E-006        0.9961
  1087        0.00025985     0.000000E+000     0.786394E-006        0.9964
  1088        0.00025985     0.000000E+000     0.772444E-006        0.9966
  1089        0.00025985     0.000000E+000     0.758753E-006        0.9969
  1090        0.00025985     0.000000E+000     0.745316E-006        0.9971
  1091        0.00025985     0.000000E+000     0.732129E-006        0.9974
  1092        0.00025985     0.000000E+000     0.719187E-006        0.9977
  1093        0.00025985     0.000000E+000     0.706485E-006        0.9979
  1094        0.00025985     0.000000E+000     0.694021E-006        0.9982
  1095        0.00025985     0.000000E+000     0.681788E-006        0.9984
  1096        0.00025985     0.000000E+000     0.669783E-006        0.9987
  1097        0.00025985     0.000000E+000     0.658002E-006        0.9990
  1098        0.00025985     0.000000E+000     0.646441E-006        0.9992
  1099        0.00025985     0.000000E+000     0.635096E-006        0.9995
  1100        0.00025985     0.000000E+000     0.623962E-006        0.9997
