#    Start: ------ Host: "mendez-famaf" ----------Fri Sep 16 05:23:48 2022

#    Time[fs]   CPU-time[s]     Delta-CPU    Real time        RealT[s]     [h]
#       -0.00           7.7                  Sep 16 05:23:55         0     0.00
         0.00          45.2        37.560    Sep 16 05:24:13        18     0.01
         0.00         172.3       127.080    Sep 16 05:25:12        77     0.02
         0.00         313.3       140.980    Sep 16 05:26:18       143     0.04
         0.00         450.1       136.840    Sep 16 05:27:22       207     0.06
         0.00         556.3       106.140    Sep 16 05:28:12       257     0.07
         0.01         651.6        95.310    Sep 16 05:28:57       302     0.08
         0.01         740.8        89.230    Sep 16 05:29:40       345     0.10
         0.01         825.6        84.830    Sep 16 05:30:20       385     0.11
         0.01         906.1        80.460    Sep 16 05:30:58       423     0.12
         0.01         984.0        77.870    Sep 16 05:31:35       460     0.13
         0.01        1058.4        74.400    Sep 16 05:32:10       495     0.14
         0.01        1130.1        71.730    Sep 16 05:32:44       529     0.15
         0.01        1199.3        69.180    Sep 16 05:33:17       562     0.16
         0.01        1266.1        66.820    Sep 16 05:33:48       593     0.16
         0.01        1330.2        64.090    Sep 16 05:34:18       623     0.17
         0.01        1391.7        61.460    Sep 16 05:34:48       653     0.18
         0.02        1451.0        59.350    Sep 16 05:35:16       681     0.19
         0.02        1509.8        58.830    Sep 16 05:35:43       708     0.20
         0.02        1566.4        56.570    Sep 16 05:36:10       735     0.20
         0.02        1618.6        52.190    Sep 16 05:36:35       760     0.21
         0.02        1668.0        49.380    Sep 16 05:36:58       783     0.22
         0.02        1715.6        47.580    Sep 16 05:37:21       806     0.22
         0.02        1760.5        44.890    Sep 16 05:37:42       827     0.23
         0.02        1803.7        43.270    Sep 16 05:38:02       847     0.24
         0.02        1845.2        41.510    Sep 16 05:38:22       867     0.24
         0.02        1885.0        39.800    Sep 16 05:38:41       886     0.25
         0.03        1924.0        38.960    Sep 16 05:38:59       904     0.25
         0.03        1961.2        37.250    Sep 16 05:39:17       922     0.26
         0.03        1997.7        36.470    Sep 16 05:39:35       940     0.26
         0.03        2033.3        35.580    Sep 16 05:39:51       956     0.27
         0.03        2066.8        33.510    Sep 16 05:40:07       972     0.27
         0.03        2099.2        32.350    Sep 16 05:40:23       988     0.27
         0.03        2130.7        31.520    Sep 16 05:40:38      1003     0.28
         0.03        2161.3        30.660    Sep 16 05:40:52      1017     0.28
         0.03        2191.2        29.880    Sep 16 05:41:06      1031     0.29
         0.04        2220.2        29.040    Sep 16 05:41:20      1045     0.29
         0.04        2249.3        29.030    Sep 16 05:41:34      1059     0.29
         0.04        2277.5        28.210    Sep 16 05:41:47      1072     0.30
         0.04        2304.8        27.330    Sep 16 05:42:00      1085     0.30
         0.04        2331.4        26.590    Sep 16 05:42:13      1098     0.30
         0.04        2357.9        26.530    Sep 16 05:42:25      1110     0.31
         0.04        2383.3        25.390    Sep 16 05:42:37      1122     0.31
         0.04        2408.1        24.760    Sep 16 05:42:49      1134     0.32
         0.04        2432.4        24.350    Sep 16 05:43:01      1146     0.32
         0.04        2457.0        24.560    Sep 16 05:43:13      1158     0.32
         0.04        2481.6        24.560    Sep 16 05:43:24      1169     0.32
         0.05        2505.2        23.680    Sep 16 05:43:36      1181     0.33
         0.05        2528.8        23.580    Sep 16 05:43:47      1192     0.33
         0.05        2551.3        22.440    Sep 16 05:43:58      1203     0.33
         0.05        2572.9        21.670    Sep 16 05:44:08      1213     0.34
         0.05        2594.6        21.640    Sep 16 05:44:18      1223     0.34
         0.05        2615.5        20.890    Sep 16 05:44:28      1233     0.34
         0.05        2636.4        20.890    Sep 16 05:44:38      1243     0.35
         0.05        2656.5        20.110    Sep 16 05:44:48      1253     0.35
         0.05        2676.6        20.120    Sep 16 05:44:58      1263     0.35
         0.05        2696.7        20.120    Sep 16 05:45:07      1272     0.35
         0.06        2716.0        19.350    Sep 16 05:45:16      1281     0.36
         0.06        2735.4        19.350    Sep 16 05:45:26      1291     0.36
         0.06        2754.7        19.340    Sep 16 05:45:35      1300     0.36
         0.06        2774.1        19.330    Sep 16 05:45:44      1309     0.36
         0.06        2793.1        19.020    Sep 16 05:45:53      1318     0.37
         0.06        2812.1        18.980    Sep 16 05:46:02      1327     0.37
         0.06        2831.1        18.990    Sep 16 05:46:12      1337     0.37
         0.06        2850.1        19.030    Sep 16 05:46:21      1346     0.37
         0.06        2868.3        18.210    Sep 16 05:46:29      1354     0.38
         0.06        2886.5        18.230    Sep 16 05:46:38      1363     0.38
         0.07        2904.7        18.200    Sep 16 05:46:47      1372     0.38
         0.07        2923.0        18.230    Sep 16 05:46:56      1381     0.38
         0.07        2941.2        18.210    Sep 16 05:47:04      1389     0.39
         0.07        2959.4        18.220    Sep 16 05:47:13      1398     0.39
         0.07        2977.6        18.250    Sep 16 05:47:22      1407     0.39
         0.07        2995.1        17.450    Sep 16 05:47:30      1415     0.39
         0.07        3012.5        17.440    Sep 16 05:47:38      1423     0.40
         0.07        3030.0        17.440    Sep 16 05:47:47      1432     0.40
         0.07        3047.4        17.480    Sep 16 05:47:55      1440     0.40
         0.07        3064.9        17.460    Sep 16 05:48:04      1449     0.40
         0.08        3082.4        17.450    Sep 16 05:48:12      1457     0.40
         0.08        3099.8        17.470    Sep 16 05:48:20      1465     0.41
         0.08        3117.3        17.440    Sep 16 05:48:29      1474     0.41
         0.08        3134.8        17.550    Sep 16 05:48:37      1482     0.41
         0.08        3152.3        17.450    Sep 16 05:48:45      1490     0.41
         0.08        3169.7        17.460    Sep 16 05:48:54      1499     0.42
         0.08        3186.4        16.660    Sep 16 05:49:02      1507     0.42
         0.08        3203.0        16.640    Sep 16 05:49:10      1515     0.42
         0.08        3219.7        16.640    Sep 16 05:49:18      1523     0.42
         0.08        3236.3        16.630    Sep 16 05:49:26      1531     0.43
         0.09        3253.0        16.700    Sep 16 05:49:34      1539     0.43
         0.09        3269.7        16.660    Sep 16 05:49:42      1547     0.43
         0.09        3286.3        16.650    Sep 16 05:49:50      1555     0.43
         0.09        3303.0        16.640    Sep 16 05:49:58      1563     0.43
         0.09        3319.6        16.650    Sep 16 05:50:05      1570     0.44
         0.09        3336.3        16.670    Sep 16 05:50:13      1578     0.44
         0.09        3352.9        16.670    Sep 16 05:50:22      1587     0.44
         0.09        3369.6        16.660    Sep 16 05:50:29      1594     0.44
         0.09        3386.3        16.660    Sep 16 05:50:37      1602     0.45
         0.09        3402.9        16.660    Sep 16 05:50:45      1610     0.45
         0.10        3419.6        16.650    Sep 16 05:50:53      1618     0.45
         0.10        3436.2        16.610    Sep 16 05:51:01      1626     0.45
         0.10        3452.8        16.620    Sep 16 05:51:09      1634     0.45
         0.10        3469.4        16.630    Sep 16 05:51:17      1642     0.46
         0.10        3486.1        16.660    Sep 16 05:51:25      1650     0.46
         0.10        3502.7        16.640    Sep 16 05:51:33      1658     0.46
         0.10        3519.4        16.640    Sep 16 05:51:41      1666     0.46
         0.10        3536.0        16.630    Sep 16 05:51:49      1674     0.47
         0.10        3552.6        16.620    Sep 16 05:51:57      1682     0.47
         0.10        3570.1        17.430    Sep 16 05:52:05      1690     0.47
         0.11        3587.5        17.410    Sep 16 05:52:14      1699     0.47
         0.11        3604.9        17.430    Sep 16 05:52:22      1707     0.47
         0.11        3622.3        17.410    Sep 16 05:52:30      1715     0.48
         0.11        3639.9        17.580    Sep 16 05:52:38      1723     0.48
         0.11        3657.3        17.420    Sep 16 05:52:47      1732     0.48
         0.11        3674.7        17.420    Sep 16 05:52:55      1740     0.48
         0.11        3692.1        17.420    Sep 16 05:53:03      1748     0.49
         0.11        3709.6        17.420    Sep 16 05:53:12      1757     0.49
         0.11        3727.9        18.350    Sep 16 05:53:21      1766     0.49
         0.11        3746.1        18.220    Sep 16 05:53:29      1774     0.49
         0.12        3764.4        18.230    Sep 16 05:53:38      1783     0.50
         0.12        3782.6        18.220    Sep 16 05:53:47      1792     0.50
         0.12        3800.8        18.200    Sep 16 05:53:55      1800     0.50
         0.12        3819.8        19.000    Sep 16 05:54:04      1809     0.50
         0.12        3838.8        19.000    Sep 16 05:54:14      1819     0.51
         0.12        3857.8        18.990    Sep 16 05:54:23      1828     0.51
         0.12        3876.8        19.010    Sep 16 05:54:32      1837     0.51
         0.12        3896.7        19.880    Sep 16 05:54:41      1846     0.51
         0.12        3916.5        19.840    Sep 16 05:54:51      1856     0.52
         0.12        3936.3        19.810    Sep 16 05:55:00      1865     0.52
         0.13        3956.1        19.810    Sep 16 05:55:09      1874     0.52
         0.13        3976.8        20.630    Sep 16 05:55:19      1884     0.52
         0.13        3997.4        20.610    Sep 16 05:55:29      1894     0.53
         0.13        4018.0        20.610    Sep 16 05:55:39      1904     0.53
         0.13        4039.4        21.410    Sep 16 05:55:49      1914     0.53
         0.13        4060.8        21.420    Sep 16 05:55:59      1924     0.53
         0.13        4082.2        21.430    Sep 16 05:56:10      1935     0.54
         0.13        4104.4        22.210    Sep 16 05:56:21      1946     0.54
         0.13        4126.6        22.200    Sep 16 05:56:31      1956     0.54
         0.13        4149.6        23.000    Sep 16 05:56:42      1967     0.55
         0.14        4172.6        23.010    Sep 16 05:56:53      1978     0.55
         0.14        4195.7        23.020    Sep 16 05:57:04      1989     0.55
         0.14        4219.5        23.790    Sep 16 05:57:16      2001     0.56
         0.14        4243.2        23.780    Sep 16 05:57:27      2012     0.56
         0.14        4267.8        24.550    Sep 16 05:57:39      2024     0.56
         0.14        4292.4        24.560    Sep 16 05:57:51      2036     0.57
         0.14        4317.8        25.450    Sep 16 05:58:03      2048     0.57
         0.14        4343.2        25.370    Sep 16 05:58:15      2060     0.57
         0.14        4369.3        26.170    Sep 16 05:58:28      2073     0.58
         0.14        4395.6        26.230    Sep 16 05:58:41      2086     0.58
         0.15        4422.6        27.030    Sep 16 05:58:54      2099     0.58
         0.15        4449.6        27.040    Sep 16 05:59:07      2112     0.59
         0.15        4477.5        27.830    Sep 16 05:59:21      2126     0.59
         0.15        4505.2        27.760    Sep 16 05:59:34      2139     0.59
         0.15        4533.8        28.520    Sep 16 05:59:48      2153     0.60
         0.15        4562.3        28.520    Sep 16 06:00:02      2167     0.60
         0.15        4591.6        29.310    Sep 16 06:00:16      2181     0.61
         0.15        4620.9        29.310    Sep 16 06:00:30      2195     0.61
         0.15        4651.0        30.120    Sep 16 06:00:45      2210     0.61
         0.15        4681.2        30.170    Sep 16 06:00:59      2224     0.62
         0.16        4712.1        30.950    Sep 16 06:01:14      2239     0.62
         0.16        4743.1        30.980    Sep 16 06:01:29      2254     0.63
         0.16        4774.9        31.740    Sep 16 06:01:44      2269     0.63
         0.16        4806.6        31.720    Sep 16 06:02:00      2285     0.63
         0.16        4839.1        32.480    Sep 16 06:02:15      2300     0.64
         0.16        4871.6        32.540    Sep 16 06:02:31      2316     0.64
         0.16        4904.1        32.500    Sep 16 06:02:47      2332     0.65
         0.16        4937.4        33.330    Sep 16 06:03:03      2348     0.65
         0.16        4970.8        33.370    Sep 16 06:03:19      2364     0.66
         0.16        5004.2        33.390    Sep 16 06:03:35      2380     0.66
         0.17        5038.9        34.720    Sep 16 06:03:52      2397     0.67
         0.17        5073.8        34.890    Sep 16 06:04:08      2413     0.67
         0.17        5108.7        34.890    Sep 16 06:04:25      2430     0.68
         0.17        5144.3        35.630    Sep 16 06:04:42      2447     0.68
         0.17        5181.1        36.820    Sep 16 06:05:00      2465     0.68
         0.17        5218.9        37.780    Sep 16 06:05:18      2483     0.69
         0.17        5257.7        38.780    Sep 16 06:05:36      2501     0.69
         0.17        5297.0        39.290    Sep 16 06:05:55      2520     0.70
         0.17        5335.9        38.880    Sep 16 06:06:13      2538     0.70
         0.17        5375.0        39.180    Sep 16 06:06:32      2557     0.71
         0.18        5414.4        39.310    Sep 16 06:06:50      2575     0.72
         0.18        5452.6        38.240    Sep 16 06:07:08      2593     0.72
         0.18        5489.9        37.350    Sep 16 06:07:26      2611     0.73
         0.18        5527.3        37.370    Sep 16 06:07:44      2629     0.73
         0.18        5564.5        37.240    Sep 16 06:08:02      2647     0.74
         0.18        5601.0        36.460    Sep 16 06:08:20      2665     0.74
         0.18        5637.4        36.430    Sep 16 06:08:37      2682     0.74
         0.18        5674.1        36.630    Sep 16 06:08:55      2700     0.75
         0.18        5710.6        36.570    Sep 16 06:09:12      2717     0.75
         0.18        5747.1        36.500    Sep 16 06:09:30      2735     0.76
         0.19        5782.9        35.790    Sep 16 06:09:47      2752     0.76
         0.19        5818.7        35.780    Sep 16 06:10:04      2769     0.77
         0.19        5854.5        35.740    Sep 16 06:10:22      2787     0.77
         0.19        5890.1        35.690    Sep 16 06:10:39      2804     0.78
         0.19        5925.8        35.680    Sep 16 06:10:56      2821     0.78
         0.19        5961.5        35.680    Sep 16 06:11:13      2838     0.79
         0.19        5995.8        34.320    Sep 16 06:11:30      2855     0.79
         0.19        6029.9        34.090    Sep 16 06:11:46      2871     0.80
         0.19        6064.1        34.230    Sep 16 06:12:03      2888     0.80
         0.19        6098.3        34.170    Sep 16 06:12:19      2904     0.81
         0.20        6132.4        34.090    Sep 16 06:12:36      2921     0.81
         0.20        6166.5        34.070    Sep 16 06:12:52      2937     0.82
         0.20        6200.5        34.070    Sep 16 06:13:09      2954     0.82
         0.20        6234.6        34.100    Sep 16 06:13:25      2970     0.82
         0.20        6268.8        34.120    Sep 16 06:13:41      2986     0.83
         0.20        6302.2        33.440    Sep 16 06:13:58      3003     0.83
         0.20        6335.5        33.290    Sep 16 06:14:14      3019     0.84
         0.20        6369.7        34.230    Sep 16 06:14:32      3037     0.84
         0.20        6404.2        34.440    Sep 16 06:14:51      3056     0.85
         0.20        6437.4        33.290    Sep 16 06:15:07      3072     0.85
         0.21        6471.4        33.980    Sep 16 06:15:24      3089     0.86
         0.21        6505.5        34.080    Sep 16 06:15:42      3107     0.86
         0.21        6538.1        32.580    Sep 16 06:15:58      3123     0.87
         0.21        6570.7        32.590    Sep 16 06:16:14      3139     0.87
         0.21        6603.3        32.600    Sep 16 06:16:30      3155     0.88
         0.21        6635.9        32.610    Sep 16 06:16:45      3170     0.88
         0.21        6668.4        32.550    Sep 16 06:17:01      3186     0.89
         0.21        6701.1        32.690    Sep 16 06:17:17      3202     0.89
         0.21        6733.9        32.730    Sep 16 06:17:33      3218     0.89
         0.22        6766.4        32.560    Sep 16 06:17:48      3233     0.90
         0.22        6798.2        31.810    Sep 16 06:18:04      3249     0.90
         0.22        6830.0        31.790    Sep 16 06:18:19      3264     0.91
         0.22        6862.0        32.020    Sep 16 06:18:34      3279     0.91
         0.22        6894.0        31.910    Sep 16 06:18:50      3295     0.92
         0.22        6925.9        31.910    Sep 16 06:19:05      3310     0.92
         0.22        6957.7        31.840    Sep 16 06:19:21      3326     0.92
         0.22        6989.4        31.740    Sep 16 06:19:36      3341     0.93
         0.22        7021.2        31.740    Sep 16 06:19:51      3356     0.93
         0.22        7053.1        31.890    Sep 16 06:20:06      3371     0.94
         0.23        7084.1        31.020    Sep 16 06:20:21      3386     0.94
         0.23        7115.1        31.000    Sep 16 06:20:36      3401     0.94
         0.23        7146.1        31.000    Sep 16 06:20:51      3416     0.95
         0.23        7177.1        31.000    Sep 16 06:21:06      3431     0.95
         0.23        7208.1        31.020    Sep 16 06:21:21      3446     0.96
         0.23        7239.2        31.060    Sep 16 06:21:36      3461     0.96
         0.23        7270.2        31.030    Sep 16 06:21:51      3476     0.97
         0.23        7301.2        31.010    Sep 16 06:22:06      3491     0.97
         0.23        7332.2        31.010    Sep 16 06:22:21      3506     0.97
         0.23        7362.4        30.200    Sep 16 06:22:35      3520     0.98
         0.24        7392.6        30.210    Sep 16 06:22:50      3535     0.98
         0.24        7422.9        30.290    Sep 16 06:23:05      3550     0.99
         0.24        7453.2        30.270    Sep 16 06:23:19      3564     0.99
         0.24        7483.5        30.350    Sep 16 06:23:34      3579     0.99
         0.24        7513.7        30.180    Sep 16 06:23:48      3593     1.00
         0.24        7543.9        30.180    Sep 16 06:24:03      3608     1.00
         0.24        7575.8        31.870    Sep 16 06:24:20      3625     1.01
         0.24        7606.8        31.030    Sep 16 06:24:36      3641     1.01
         0.24        7638.0        31.250    Sep 16 06:24:54      3659     1.02
         0.24        7668.3        30.290    Sep 16 06:25:11      3676     1.02
         0.25        7697.8        29.430    Sep 16 06:25:25      3690     1.02
         0.25        7727.3        29.540    Sep 16 06:25:39      3704     1.03
         0.25        7756.8        29.530    Sep 16 06:25:53      3718     1.03
         0.25        7786.3        29.440    Sep 16 06:26:07      3732     1.04
         0.25        7815.7        29.430    Sep 16 06:26:22      3747     1.04
         0.25        7845.2        29.450    Sep 16 06:26:36      3761     1.04
         0.25        7874.6        29.420    Sep 16 06:26:50      3775     1.05
         0.25        7904.0        29.410    Sep 16 06:27:04      3789     1.05
         0.25        7933.5        29.470    Sep 16 06:27:19      3804     1.06
         0.25        7963.0        29.560    Sep 16 06:27:33      3818     1.06
         0.26        7991.7        28.660    Sep 16 06:27:47      3832     1.06
         0.26        8020.4        28.720    Sep 16 06:28:01      3846     1.07
         0.26        8049.2        28.770    Sep 16 06:28:15      3860     1.07
         0.26        8077.9        28.700    Sep 16 06:28:29      3874     1.08
         0.26        8106.6        28.740    Sep 16 06:28:43      3888     1.08
         0.26        8135.3        28.660    Sep 16 06:28:56      3901     1.08
         0.26        8163.9        28.680    Sep 16 06:29:10      3915     1.09
         0.26        8192.6        28.700    Sep 16 06:29:24      3929     1.09
         0.26        8221.3        28.650    Sep 16 06:29:38      3943     1.10
         0.26        8250.0        28.700    Sep 16 06:29:52      3957     1.10
         0.27        8278.7        28.690    Sep 16 06:30:06      3971     1.10
         0.27        8307.4        28.690    Sep 16 06:30:19      3984     1.11
         0.27        8336.1        28.680    Sep 16 06:30:33      3998     1.11
         0.27        8364.7        28.670    Sep 16 06:30:47      4012     1.11
         0.27        8392.6        27.910    Sep 16 06:31:00      4025     1.12
         0.27        8420.6        27.940    Sep 16 06:31:14      4039     1.12
         0.27        8448.5        27.900    Sep 16 06:31:28      4053     1.13
         0.27        8476.4        27.950    Sep 16 06:31:41      4066     1.13
         0.27        8504.4        27.920    Sep 16 06:31:55      4080     1.13
         0.27        8532.3        27.930    Sep 16 06:32:08      4093     1.14
         0.28        8560.2        27.960    Sep 16 06:32:21      4106     1.14
         0.28        8588.1        27.890    Sep 16 06:32:35      4120     1.14
         0.28        8616.0        27.900    Sep 16 06:32:48      4133     1.15
         0.28        8643.9        27.910    Sep 16 06:33:02      4147     1.15
         0.28        8671.5        27.520    Sep 16 06:33:15      4160     1.16
         0.28        8698.9        27.400    Sep 16 06:33:28      4173     1.16
         0.28        8726.1        27.230    Sep 16 06:33:42      4187     1.16
         0.28        8753.3        27.250    Sep 16 06:33:55      4200     1.17
         0.28        8780.6        27.240    Sep 16 06:34:08      4213     1.17
         0.28        8807.1        26.480    Sep 16 06:34:21      4226     1.17
         0.29        8833.6        26.530    Sep 16 06:34:34      4239     1.18
         0.29        8860.1        26.530    Sep 16 06:34:46      4251     1.18
         0.29        8886.6        26.440    Sep 16 06:34:59      4264     1.18
         0.29        8913.0        26.460    Sep 16 06:35:12      4277     1.19
         0.29        8939.6        26.630    Sep 16 06:35:25      4290     1.19
         0.29        8966.1        26.500    Sep 16 06:35:38      4303     1.20
         0.29        8992.7        26.570    Sep 16 06:35:51      4316     1.20
         0.29        9019.4        26.660    Sep 16 06:36:03      4328     1.20
         0.29        9045.9        26.490    Sep 16 06:36:16      4341     1.21
         0.29        9072.4        26.500    Sep 16 06:36:29      4354     1.21
         0.30        9098.8        26.480    Sep 16 06:36:42      4367     1.21
         0.30        9125.4        26.590    Sep 16 06:36:55      4380     1.22
         0.30        9151.9        26.470    Sep 16 06:37:07      4392     1.22
         0.30        9178.4        26.480    Sep 16 06:37:20      4405     1.22
         0.30        9205.0        26.600    Sep 16 06:37:33      4418     1.23
         0.30        9231.5        26.530    Sep 16 06:37:46      4431     1.23
         0.30        9258.0        26.470    Sep 16 06:37:58      4443     1.23
         0.30        9284.5        26.510    Sep 16 06:38:11      4456     1.24
         0.30        9311.1        26.560    Sep 16 06:38:24      4469     1.24
         0.30        9336.8        25.740    Sep 16 06:38:37      4482     1.25
         0.31        9362.5        25.710    Sep 16 06:38:49      4494     1.25
         0.31        9388.2        25.690    Sep 16 06:39:02      4507     1.25
         0.31        9413.9        25.700    Sep 16 06:39:14      4519     1.26
         0.31        9439.6        25.740    Sep 16 06:39:27      4532     1.26
         0.31        9465.4        25.760    Sep 16 06:39:39      4544     1.26
         0.31        9491.6        26.230    Sep 16 06:39:53      4558     1.27
         0.31        9517.4        25.730    Sep 16 06:40:06      4571     1.27
         0.31        9543.1        25.770    Sep 16 06:40:18      4583     1.27
         0.31        9568.9        25.750    Sep 16 06:40:31      4596     1.28
         0.31        9594.6        25.760    Sep 16 06:40:43      4608     1.28
         0.32        9620.4        25.710    Sep 16 06:40:56      4621     1.28
         0.32        9646.1        25.730    Sep 16 06:41:08      4633     1.29
         0.32        9671.8        25.720    Sep 16 06:41:21      4646     1.29
         0.32        9697.6        25.800    Sep 16 06:41:33      4658     1.29
         0.32        9723.3        25.690    Sep 16 06:41:46      4671     1.30
         0.32        9749.0        25.750    Sep 16 06:41:58      4683     1.30
         0.32        9774.8        25.800    Sep 16 06:42:11      4696     1.30
         0.32        9800.6        25.770    Sep 16 06:42:23      4708     1.31
         0.32        9826.4        25.740    Sep 16 06:42:36      4721     1.31
         0.32        9852.1        25.800    Sep 16 06:42:48      4733     1.31
         0.32        9878.0        25.850    Sep 16 06:43:01      4746     1.32
         0.33        9903.8        25.820    Sep 16 06:43:13      4758     1.32
         0.33        9929.6        25.820    Sep 16 06:43:26      4771     1.33
         0.33        9955.4        25.720    Sep 16 06:43:38      4783     1.33
         0.33        9981.2        25.870    Sep 16 06:43:51      4796     1.33
         0.33       10006.2        24.950    Sep 16 06:44:03      4808     1.34
         0.33       10031.1        24.960    Sep 16 06:44:15      4820     1.34
         0.33       10056.1        25.010    Sep 16 06:44:27      4832     1.34
         0.33       10081.2        25.040    Sep 16 06:44:39      4844     1.35
         0.33       10106.2        25.040    Sep 16 06:44:51      4856     1.35
         0.33       10131.3        25.110    Sep 16 06:45:03      4868     1.35
         0.34       10156.3        24.970    Sep 16 06:45:15      4880     1.36
         0.34       10181.4        25.060    Sep 16 06:45:28      4893     1.36
         0.34       10206.4        25.040    Sep 16 06:45:40      4905     1.36
         0.34       10231.4        24.950    Sep 16 06:45:52      4917     1.37
         0.34       10256.4        25.030    Sep 16 06:46:04      4929     1.37
         0.34       10281.4        24.970    Sep 16 06:46:16      4941     1.37
         0.34       10306.3        24.970    Sep 16 06:46:28      4953     1.38
         0.34       10331.3        24.980    Sep 16 06:46:40      4965     1.38
         0.34       10356.3        24.980    Sep 16 06:46:52      4977     1.38
         0.35       10381.3        24.980    Sep 16 06:47:04      4989     1.39
         0.35       10406.2        24.950    Sep 16 06:47:16      5001     1.39
         0.35       10431.2        24.980    Sep 16 06:47:28      5013     1.39
         0.35       10456.2        24.970    Sep 16 06:47:40      5025     1.40
         0.35       10481.1        24.970    Sep 16 06:47:52      5037     1.40
         0.35       10506.1        24.980    Sep 16 06:48:04      5049     1.40
         0.35       10531.1        24.990    Sep 16 06:48:16      5061     1.41
         0.35       10556.1        24.990    Sep 16 06:48:29      5074     1.41
         0.35       10581.1        24.970    Sep 16 06:48:41      5086     1.41
         0.35       10606.1        24.990    Sep 16 06:48:53      5098     1.42
         0.36       10631.0        24.970    Sep 16 06:49:05      5110     1.42
         0.36       10656.0        25.010    Sep 16 06:49:17      5122     1.42
         0.36       10681.0        24.970    Sep 16 06:49:29      5134     1.43
         0.36       10706.0        24.960    Sep 16 06:49:41      5146     1.43
         0.36       10730.9        24.970    Sep 16 06:49:53      5158     1.43
         0.36       10755.9        24.970    Sep 16 06:50:05      5170     1.44
         0.36       10780.9        24.970    Sep 16 06:50:17      5182     1.44
         0.36       10805.9        25.050    Sep 16 06:50:29      5194     1.44
         0.36       10830.9        24.950    Sep 16 06:50:41      5206     1.45
         0.36       10855.8        24.950    Sep 16 06:50:53      5218     1.45
         0.37       10880.8        24.960    Sep 16 06:51:05      5230     1.45
         0.37       10905.8        24.960    Sep 16 06:51:17      5242     1.46
         0.37       10930.7        24.980    Sep 16 06:51:29      5254     1.46
         0.37       10955.7        24.940    Sep 16 06:51:41      5266     1.46
         0.37       10980.8        25.100    Sep 16 06:51:53      5278     1.47
         0.37       11005.8        25.000    Sep 16 06:52:05      5290     1.47
         0.37       11030.8        24.980    Sep 16 06:52:17      5302     1.47
         0.37       11054.9        24.180    Sep 16 06:52:29      5314     1.48
         0.37       11079.1        24.190    Sep 16 06:52:40      5325     1.48
         0.37       11103.4        24.300    Sep 16 06:52:52      5337     1.48
         0.38       11127.6        24.190    Sep 16 06:53:03      5348     1.49
         0.38       11151.8        24.170    Sep 16 06:53:15      5360     1.49
         0.38       11176.0        24.200    Sep 16 06:53:27      5372     1.49
         0.38       11200.2        24.200    Sep 16 06:53:38      5383     1.50
         0.38       11224.4        24.210    Sep 16 06:53:50      5395     1.50
         0.38       11248.6        24.260    Sep 16 06:54:02      5407     1.50
         0.38       11272.9        24.210    Sep 16 06:54:13      5418     1.50
         0.38       11297.2        24.310    Sep 16 06:54:25      5430     1.51
         0.38       11321.2        24.050    Sep 16 06:54:37      5442     1.51
         0.38       11345.4        24.210    Sep 16 06:54:48      5453     1.51
         0.39       11369.6        24.190    Sep 16 06:55:00      5465     1.52
         0.39       11393.8        24.210    Sep 16 06:55:12      5477     1.52
         0.39       11418.0        24.210    Sep 16 06:55:23      5488     1.52
         0.39       11442.3        24.270    Sep 16 06:55:35      5500     1.53
         0.39       11466.5        24.220    Sep 16 06:55:47      5512     1.53
         0.39       11490.7        24.200    Sep 16 06:55:58      5523     1.53
         0.39       11515.0        24.230    Sep 16 06:56:10      5535     1.54
         0.39       11539.2        24.240    Sep 16 06:56:22      5547     1.54
         0.39       11563.4        24.190    Sep 16 06:56:33      5558     1.54
         0.39       11587.6        24.190    Sep 16 06:56:45      5570     1.55
         0.39       11611.8        24.220    Sep 16 06:56:57      5582     1.55
         0.40       11636.0        24.200    Sep 16 06:57:08      5593     1.55
         0.40       11660.3        24.270    Sep 16 06:57:20      5605     1.56
         0.40       11684.5        24.190    Sep 16 06:57:31      5616     1.56
         0.40       11708.7        24.250    Sep 16 06:57:43      5628     1.56
         0.40       11732.9        24.210    Sep 16 06:57:55      5640     1.57
         0.40       11757.1        24.200    Sep 16 06:58:06      5651     1.57
         0.40       11781.4        24.230    Sep 16 06:58:18      5663     1.57
         0.40       11805.6        24.270    Sep 16 06:58:30      5675     1.58
         0.40       11830.0        24.390    Sep 16 06:58:42      5687     1.58
         0.40       11854.2        24.220    Sep 16 06:58:53      5698     1.58
         0.41       11878.5        24.230    Sep 16 06:59:05      5710     1.59
         0.41       11902.7        24.220    Sep 16 06:59:17      5722     1.59
         0.41       11926.9        24.210    Sep 16 06:59:28      5733     1.59
         0.41       11951.1        24.180    Sep 16 06:59:40      5745     1.60
         0.41       11975.3        24.190    Sep 16 06:59:52      5757     1.60
         0.41       11999.5        24.220    Sep 16 07:00:04      5769     1.60
         0.41       12023.8        24.320    Sep 16 07:00:15      5780     1.61
         0.41       12048.0        24.230    Sep 16 07:00:27      5792     1.61
         0.41       12072.4        24.320    Sep 16 07:00:39      5804     1.61
         0.41       12096.6        24.220    Sep 16 07:00:50      5815     1.62
         0.42       12120.8        24.240    Sep 16 07:01:02      5827     1.62
         0.42       12145.0        24.190    Sep 16 07:01:14      5839     1.62
         0.42       12169.2        24.220    Sep 16 07:01:25      5850     1.62
         0.42       12193.5        24.240    Sep 16 07:01:37      5862     1.63
         0.42       12217.6        24.170    Sep 16 07:01:48      5873     1.63
         0.42       12241.8        24.200    Sep 16 07:02:00      5885     1.63
         0.42       12265.4        23.590    Sep 16 07:02:11      5896     1.64
         0.42       12289.6        24.220    Sep 16 07:02:23      5908     1.64
         0.42       12313.9        24.260    Sep 16 07:02:35      5920     1.64
         0.42       12338.1        24.210    Sep 16 07:02:46      5931     1.65
         0.43       12362.3        24.230    Sep 16 07:02:58      5943     1.65
         0.43       12386.6        24.240    Sep 16 07:03:09      5954     1.65
         0.43       12410.8        24.220    Sep 16 07:03:21      5966     1.66
         0.43       12435.0        24.200    Sep 16 07:03:33      5978     1.66
         0.43       12459.3        24.310    Sep 16 07:03:45      5990     1.66
         0.43       12483.5        24.210    Sep 16 07:03:56      6001     1.67
         0.43       12507.7        24.210    Sep 16 07:04:08      6013     1.67
         0.43       12532.0        24.220    Sep 16 07:04:19      6024     1.67
         0.43       12555.4        23.450    Sep 16 07:04:31      6036     1.68
         0.43       12578.9        23.510    Sep 16 07:04:42      6047     1.68
         0.44       12602.4        23.470    Sep 16 07:04:53      6058     1.68
         0.44       12625.8        23.460    Sep 16 07:05:05      6070     1.69
         0.44       12649.3        23.450    Sep 16 07:05:16      6081     1.69
         0.44       12672.7        23.440    Sep 16 07:05:27      6092     1.69
         0.44       12696.2        23.470    Sep 16 07:05:39      6104     1.70
         0.44       12719.7        23.480    Sep 16 07:05:50      6115     1.70
         0.44       12743.1        23.430    Sep 16 07:06:01      6126     1.70
         0.44       12766.5        23.430    Sep 16 07:06:12      6137     1.70
         0.44       12790.0        23.510    Sep 16 07:06:24      6149     1.71
         0.44       12813.5        23.460    Sep 16 07:06:35      6160     1.71
         0.45       12837.0        23.440    Sep 16 07:06:46      6171     1.71
         0.45       12860.4        23.450    Sep 16 07:06:57      6182     1.72
         0.45       12883.9        23.460    Sep 16 07:07:09      6194     1.72
         0.45       12907.3        23.480    Sep 16 07:07:20      6205     1.72
         0.45       12930.8        23.450    Sep 16 07:07:31      6216     1.73
         0.45       12954.3        23.540    Sep 16 07:07:43      6228     1.73
         0.45       12977.8        23.440    Sep 16 07:07:54      6239     1.73
         0.45       13001.2        23.420    Sep 16 07:08:05      6250     1.74
         0.45       13024.6        23.430    Sep 16 07:08:16      6261     1.74
         0.45       13048.2        23.570    Sep 16 07:08:28      6273     1.74
         0.46       13071.6        23.460    Sep 16 07:08:39      6284     1.75
         0.46       13095.2        23.540    Sep 16 07:08:50      6295     1.75
         0.46       13118.7        23.520    Sep 16 07:09:02      6307     1.75
         0.46       13142.2        23.450    Sep 16 07:09:13      6318     1.75
         0.46       13165.6        23.490    Sep 16 07:09:24      6329     1.76
         0.46       13189.1        23.460    Sep 16 07:09:36      6341     1.76
         0.46       13212.6        23.470    Sep 16 07:09:47      6352     1.76
         0.46       13236.1        23.520    Sep 16 07:09:58      6363     1.77
         0.46       13259.7        23.560    Sep 16 07:10:10      6375     1.77
         0.46       13283.2        23.550    Sep 16 07:10:21      6386     1.77
         0.47       13306.9        23.640    Sep 16 07:10:33      6398     1.78
         0.47       13330.5        23.600    Sep 16 07:10:44      6409     1.78
         0.47       13354.1        23.610    Sep 16 07:10:55      6420     1.78
         0.47       13377.6        23.560    Sep 16 07:11:07      6432     1.79
         0.47       13401.1        23.510    Sep 16 07:11:18      6443     1.79
         0.47       13424.6        23.520    Sep 16 07:11:29      6454     1.79
         0.47       13448.2        23.600    Sep 16 07:11:41      6466     1.80
         0.47       13471.8        23.580    Sep 16 07:11:52      6477     1.80
         0.47       13495.5        23.690    Sep 16 07:12:03      6488     1.80
         0.47       13519.2        23.700    Sep 16 07:12:15      6500     1.81
         0.48       13543.0        23.740    Sep 16 07:12:26      6511     1.81
         0.48       13566.7        23.780    Sep 16 07:12:37      6522     1.81
         0.48       13590.6        23.880    Sep 16 07:12:49      6534     1.81
         0.48       13614.5        23.920    Sep 16 07:13:00      6545     1.82
         0.48       13638.6        24.020    Sep 16 07:13:12      6557     1.82
         0.48       13662.6        24.010    Sep 16 07:13:23      6568     1.82
         0.48       13686.5        23.920    Sep 16 07:13:35      6580     1.83
         0.48       13710.4        23.910    Sep 16 07:13:46      6591     1.83
         0.48       13734.5        24.070    Sep 16 07:13:58      6603     1.83
         0.48       13758.5        24.030    Sep 16 07:14:10      6615     1.84
         0.49       13782.5        24.000    Sep 16 07:14:21      6626     1.84
         0.49       13806.5        24.030    Sep 16 07:14:32      6637     1.84
         0.49       13830.6        24.100    Sep 16 07:14:44      6649     1.85
         0.49       13854.7        24.090    Sep 16 07:14:56      6661     1.85
         0.49       13878.8        24.090    Sep 16 07:15:07      6672     1.85
         0.49       13903.1        24.310    Sep 16 07:15:19      6684     1.86
         0.49       13927.9        24.760    Sep 16 07:15:31      6696     1.86
         0.49       13952.5        24.590    Sep 16 07:15:43      6708     1.86
         0.49       13977.4        24.970    Sep 16 07:15:55      6720     1.87
         0.49       14002.0        24.560    Sep 16 07:16:06      6731     1.87
         0.50       14026.5        24.520    Sep 16 07:16:18      6743     1.87
         0.50       14051.0        24.520    Sep 16 07:16:30      6755     1.88
         0.50       14075.5        24.460    Sep 16 07:16:42      6767     1.88
         0.50       14099.6        24.080    Sep 16 07:16:54      6779     1.88
         0.50       14123.6        24.030    Sep 16 07:17:05      6790     1.89
         0.50       14147.6        24.030    Sep 16 07:17:17      6802     1.89
         0.50       14171.7        24.010    Sep 16 07:17:29      6814     1.89
         0.50       14195.7        24.040    Sep 16 07:17:40      6825     1.90
         0.50       14219.7        24.000    Sep 16 07:17:52      6837     1.90
         0.50       14243.8        24.130    Sep 16 07:18:04      6849     1.90
         0.51       14267.8        24.020    Sep 16 07:18:15      6860     1.91
         0.51       14291.9        24.020    Sep 16 07:18:27      6872     1.91
         0.51       14316.1        24.280    Sep 16 07:18:38      6883     1.91
         0.51       14340.5        24.320    Sep 16 07:18:50      6895     1.92
         0.51       14364.8        24.290    Sep 16 07:19:02      6907     1.92
         0.51       14389.0        24.240    Sep 16 07:19:13      6918     1.92
         0.51       14413.3        24.270    Sep 16 07:19:25      6930     1.93
         0.51       14437.6        24.320    Sep 16 07:19:37      6942     1.93
         0.51       14461.9        24.290    Sep 16 07:19:49      6954     1.93
         0.51       14486.1        24.230    Sep 16 07:20:00      6965     1.93
         0.52       14510.4        24.300    Sep 16 07:20:12      6977     1.94
         0.52       14534.6        24.160    Sep 16 07:20:24      6989     1.94
         0.52       14558.7        24.110    Sep 16 07:20:35      7000     1.94
         0.52       14582.8        24.130    Sep 16 07:20:47      7012     1.95
         0.52       14607.0        24.200    Sep 16 07:20:59      7024     1.95
         0.52       14632.2        25.240    Sep 16 07:21:11      7036     1.95
         0.52       14657.7        25.430    Sep 16 07:21:23      7048     1.96
         0.52       14683.8        26.150    Sep 16 07:21:35      7060     1.96
         0.52       14710.9        27.070    Sep 16 07:21:49      7074     1.97
         0.52       14746.0        35.120    Sep 16 07:22:06      7091     1.97
         0.53       14774.0        28.040    Sep 16 07:22:19      7104     1.97
         0.53       14800.8        26.760    Sep 16 07:22:32      7117     1.98
         0.53       14859.9        59.080    Sep 16 07:23:00      7145     1.98
         0.53       14944.5        84.660    Sep 16 07:23:41      7186     2.00
         0.53       15035.0        90.470    Sep 16 07:24:24      7229     2.01
         0.53       15130.3        95.310    Sep 16 07:25:11      7276     2.02
         0.53       15232.0       101.660    Sep 16 07:26:01      7326     2.04
         0.53       15338.5       106.500    Sep 16 07:26:52      7377     2.05
         0.53       15448.1       109.620    Sep 16 07:27:45      7430     2.06
         0.53       15559.8       111.690    Sep 16 07:28:39      7484     2.08
         0.54       15673.9       114.090    Sep 16 07:29:34      7539     2.09
         0.54       15788.2       114.260    Sep 16 07:30:30      7595     2.11
         0.54       15903.6       115.460    Sep 16 07:31:25      7650     2.12
         0.54       16021.6       117.980    Sep 16 07:32:22      7707     2.14
         0.54       16141.7       120.070    Sep 16 07:33:20      7765     2.16
         0.54       16264.0       122.360    Sep 16 07:34:19      7824     2.17
         0.54       16388.8       124.830    Sep 16 07:35:20      7885     2.19
         0.54       16516.0       127.150    Sep 16 07:36:21      7946     2.21
         0.54       16645.5       129.550    Sep 16 07:37:24      8009     2.22
         0.54       16777.3       131.760    Sep 16 07:38:27      8072     2.24
         0.55       16912.1       134.810    Sep 16 07:39:33      8138     2.26
         0.55       17050.1       138.000    Sep 16 07:40:39      8204     2.28
         0.55       17190.3       140.210    Sep 16 07:41:47      8272     2.30
         0.55       17334.0       143.680    Sep 16 07:42:57      8342     2.32
         0.55       17479.4       145.380    Sep 16 07:44:07      8412     2.34
         0.55       17629.1       149.700    Sep 16 07:45:19      8484     2.36
         0.55       17781.9       152.830    Sep 16 07:46:33      8558     2.38
         0.55       17937.8       155.920    Sep 16 07:47:48      8633     2.40
         0.55       18096.9       159.020    Sep 16 07:49:05      8710     2.42
         0.55       18258.9       162.080    Sep 16 07:50:23      8788     2.44
         0.56       18420.5       161.540    Sep 16 07:51:42      8867     2.46
         0.56       18584.1       163.610    Sep 16 07:53:01      8946     2.48
         0.56       18750.3       166.200    Sep 16 07:54:23      9028     2.51
         0.56       18918.7       168.360    Sep 16 07:55:45      9110     2.53
         0.56       19089.8       171.140    Sep 16 07:57:09      9194     2.55
         0.56       19263.4       173.630    Sep 16 07:58:36      9281     2.58
         0.56       19439.2       175.800    Sep 16 08:00:03      9368     2.60
         0.56       19616.2       177.030    Sep 16 08:01:30      9455     2.63
         0.56       19794.4       178.190    Sep 16 08:02:57      9542     2.65
         0.56       19974.3       179.840    Sep 16 08:04:27      9632     2.68
         0.57       20153.8       179.510    Sep 16 08:05:55      9720     2.70
         0.57       20334.3       180.490    Sep 16 08:07:23      9808     2.72
         0.57       20514.5       180.180    Sep 16 08:08:52      9897     2.75
         0.57       20694.2       179.750    Sep 16 08:10:19      9984     2.77
         0.57       20874.5       180.330    Sep 16 08:11:48     10073     2.80
         0.57       21055.1       180.600    Sep 16 08:13:16     10161     2.82
         0.57       21234.6       179.490    Sep 16 08:14:45     10250     2.85
         0.57       21410.6       175.980    Sep 16 08:16:12     10337     2.87
         0.57       21585.8       175.220    Sep 16 08:17:39     10424     2.90
         0.57       21759.2       173.340    Sep 16 08:19:05     10510     2.92
         0.58       21931.8       172.660    Sep 16 08:20:30     10595     2.94
         0.58       22103.5       171.660    Sep 16 08:21:55     10680     2.97
         0.58       22274.1       170.580    Sep 16 08:23:19     10764     2.99
         0.58       22442.9       168.800    Sep 16 08:24:42     10847     3.01
         0.58       22610.6       167.760    Sep 16 08:26:05     10930     3.04
         0.58       22779.6       168.940    Sep 16 08:27:34     11019     3.06
         0.58       22944.5       164.930    Sep 16 08:28:57     11102     3.08
         0.58       23107.8       163.320    Sep 16 08:30:21     11186     3.11
         0.58       23270.6       162.810    Sep 16 08:31:45     11270     3.13
         0.58       23433.3       162.720    Sep 16 08:33:12     11357     3.15
         0.59       23591.2       157.840    Sep 16 08:34:31     11436     3.18
         0.59       23747.4       156.170    Sep 16 08:35:49     11514     3.20
         0.59       23902.4       155.040    Sep 16 08:37:07     11592     3.22
         0.59       24055.5       153.100    Sep 16 08:38:25     11670     3.24
         0.59       24206.6       151.100    Sep 16 08:39:42     11747     3.26
         0.59       24356.4       149.820    Sep 16 08:41:00     11825     3.28
         0.59       24500.8       144.370    Sep 16 08:42:14     11899     3.31
         0.59       24643.5       142.670    Sep 16 08:43:26     11971     3.33
         0.59       24784.5       140.990    Sep 16 08:44:38     12043     3.35
         0.59       24923.0       138.550    Sep 16 08:45:49     12114     3.37
         0.60       25061.6       138.630    Sep 16 08:47:02     12187     3.39
         0.60       25197.7       136.040    Sep 16 08:48:13     12258     3.40
         0.60       25332.8       135.140    Sep 16 08:49:24     12329     3.42
         0.60       25466.4       133.580    Sep 16 08:50:35     12400     3.44
         0.60       25597.7       131.310    Sep 16 08:51:45     12470     3.46
         0.60       25727.4       129.680    Sep 16 08:52:53     12538     3.48
         0.60       25856.9       129.480    Sep 16 08:54:03     12608     3.50
         0.60       25983.1       126.240    Sep 16 08:55:08     12673     3.52
         0.60       26108.1       125.030    Sep 16 08:56:14     12739     3.54
         0.60       26231.7       123.590    Sep 16 08:57:19     12804     3.56
         0.61       26354.0       122.300    Sep 16 08:58:24     12869     3.57
         0.61       26474.6       120.600    Sep 16 08:59:29     12934     3.59
         0.61       26594.1       119.520    Sep 16 09:00:34     12999     3.61
         0.61       26711.7       117.530    Sep 16 09:01:37     13062     3.63
         0.61       26827.4       115.690    Sep 16 09:02:37     13122     3.65
         0.61       26941.0       113.660    Sep 16 09:03:37     13182     3.66
         0.61       27053.7       112.720    Sep 16 09:04:36     13241     3.68
         0.61       27165.4       111.690    Sep 16 09:05:36     13301     3.69
         0.61       27278.2       112.760    Sep 16 09:06:40     13365     3.71
         0.61       27390.8       112.660    Sep 16 09:07:49     13434     3.73
         0.62       27498.5       107.650    Sep 16 09:08:48     13493     3.75
         0.62       27609.6       111.050    Sep 16 09:10:00     13565     3.77
         0.62       27715.2       105.680    Sep 16 09:11:00     13625     3.78
         0.62       27820.0       104.730    Sep 16 09:11:59     13684     3.80
         0.62       27921.7       101.730    Sep 16 09:12:53     13738     3.82
         0.62       28023.5       101.790    Sep 16 09:13:52     13797     3.83
         0.62       28124.9       101.430    Sep 16 09:14:51     13856     3.85
         0.62       28224.1        99.180    Sep 16 09:15:49     13914     3.87
         0.62       28322.5        98.460    Sep 16 09:16:47     13972     3.88
         0.62       28420.1        97.540    Sep 16 09:17:45     14030     3.90
         0.63       28514.4        94.300    Sep 16 09:18:36     14081     3.91
         0.63       28609.1        94.690    Sep 16 09:19:32     14137     3.93
         0.63       28701.9        92.830    Sep 16 09:20:24     14189     3.94
         0.63       28793.1        91.150    Sep 16 09:21:14     14239     3.96
         0.63       28884.1        91.040    Sep 16 09:22:06     14291     3.97
         0.63       28973.4        89.260    Sep 16 09:22:56     14341     3.98
         0.63       29061.9        88.560    Sep 16 09:23:48     14393     4.00
         0.63       29147.3        85.340    Sep 16 09:24:36     14441     4.01
         0.63       29234.7        87.430    Sep 16 09:25:34     14499     4.03
         0.63       29321.0        86.340    Sep 16 09:26:27     14552     4.04
         0.64       29402.5        81.480    Sep 16 09:27:12     14597     4.05
         0.64       29484.0        81.450    Sep 16 09:27:57     14642     4.07
         0.64       29565.1        81.130    Sep 16 09:28:43     14688     4.08
         0.64       29643.5        78.400    Sep 16 09:29:25     14730     4.09
         0.64       29726.3        82.800    Sep 16 09:30:32     14797     4.11
         0.64       29806.2        79.910    Sep 16 09:31:23     14848     4.12
         0.64       29884.2        77.970    Sep 16 09:32:11     14896     4.14
         0.64       29963.9        79.780    Sep 16 09:33:03     14948     4.15
         0.64       30042.4        78.440    Sep 16 09:33:56     15001     4.17
         0.64       30115.6        73.190    Sep 16 09:34:34     15039     4.18
         0.65       30188.0        72.460    Sep 16 09:35:11     15076     4.19
         0.65       30259.8        71.710    Sep 16 09:35:48     15113     4.20
         0.65       30330.0        70.290    Sep 16 09:36:23     15148     4.21
         0.65       30400.5        70.490    Sep 16 09:37:02     15187     4.22
         0.65       30470.3        69.810    Sep 16 09:37:41     15226     4.23
         0.65       30538.0        67.710    Sep 16 09:38:15     15260     4.24
         0.65       30605.3        67.260    Sep 16 09:38:50     15295     4.25
         0.65       30671.7        66.420    Sep 16 09:39:23     15328     4.26
         0.65       30737.6        65.910    Sep 16 09:39:57     15362     4.27
         0.65       30802.9        65.290    Sep 16 09:40:31     15396     4.28
         0.66       30867.8        64.840    Sep 16 09:41:05     15430     4.29
         0.66       30931.3        63.570    Sep 16 09:41:37     15462     4.29
         0.66       30994.4        63.010    Sep 16 09:42:10     15495     4.30
         0.66       31057.4        63.020    Sep 16 09:42:44     15529     4.31
         0.66       31119.8        62.390    Sep 16 09:43:17     15562     4.32
         0.66       31181.2        61.480    Sep 16 09:43:50     15595     4.33
         0.66       31241.7        60.470    Sep 16 09:44:21     15626     4.34
         0.66       31302.3        60.610    Sep 16 09:44:54     15659     4.35
         0.66       31361.7        59.350    Sep 16 09:45:26     15691     4.36
         0.66       31420.2        58.560    Sep 16 09:45:56     15721     4.37
         0.67       31477.6        57.340    Sep 16 09:46:26     15751     4.38
         0.67       31535.1        57.500    Sep 16 09:46:56     15781     4.38
         0.67       31592.2        57.090    Sep 16 09:47:25     15810     4.39
         0.67       31648.2        56.020    Sep 16 09:47:54     15839     4.40
         0.67       31703.6        55.420    Sep 16 09:48:23     15868     4.41
         0.67       31758.7        55.050    Sep 16 09:48:53     15898     4.42
         0.67       31813.0        54.390    Sep 16 09:49:22     15927     4.42
         0.67       31867.3        54.310    Sep 16 09:49:51     15956     4.43
         0.67       31920.8        53.490    Sep 16 09:50:20     15985     4.44
         0.67       31973.4        52.600    Sep 16 09:50:47     16012     4.45
         0.68       32025.9        52.500    Sep 16 09:51:14     16039     4.46
         0.68       32076.9        50.990    Sep 16 09:51:41     16066     4.46
         0.68       32128.3        51.370    Sep 16 09:52:07     16092     4.47
         0.68       32178.6        50.300    Sep 16 09:52:34     16119     4.48
         0.68       32228.7        50.120    Sep 16 09:53:00     16145     4.48
         0.68       32277.8        49.100    Sep 16 09:53:25     16170     4.49
         0.68       32326.6        48.760    Sep 16 09:53:50     16195     4.50
         0.68       32375.2        48.570    Sep 16 09:54:16     16221     4.51
         0.68       32423.1        47.950    Sep 16 09:54:42     16247     4.51
         0.68       32470.5        47.360    Sep 16 09:55:07     16272     4.52
         0.69       32517.1        46.600    Sep 16 09:55:30     16295     4.53
         0.69       32563.2        46.090    Sep 16 09:55:54     16319     4.53
         0.69       32609.4        46.270    Sep 16 09:56:18     16343     4.54
         0.69       32655.1        45.660    Sep 16 09:56:42     16367     4.55
         0.69       32700.4        45.360    Sep 16 09:57:07     16392     4.55
         0.69       32745.5        45.040    Sep 16 09:57:31     16416     4.56
         0.69       32790.0        44.550    Sep 16 09:57:55     16440     4.57
         0.69       32833.1        43.040    Sep 16 09:58:17     16462     4.57
         0.69       32877.0        43.950    Sep 16 09:58:41     16486     4.58
         0.69       32920.4        43.410    Sep 16 09:59:04     16509     4.59
         0.70       32963.8        43.420    Sep 16 09:59:28     16533     4.59
         0.70       33006.2        42.330    Sep 16 09:59:51     16556     4.60
         0.70       33047.8        41.570    Sep 16 10:00:14     16579     4.61
         0.70       33088.9        41.110    Sep 16 10:00:36     16601     4.61
         0.70       33129.7        40.810    Sep 16 10:00:58     16623     4.62
         0.70       33170.3        40.630    Sep 16 10:01:20     16645     4.62
         0.70       33210.4        40.080    Sep 16 10:01:40     16665     4.63
         0.70       33249.3        38.890    Sep 16 10:02:00     16685     4.63
         0.70       33288.0        38.750    Sep 16 10:02:20     16705     4.64
         0.70       33326.3        38.270    Sep 16 10:02:40     16725     4.65
         0.71       33365.1        38.790    Sep 16 10:03:01     16746     4.65
         0.71       33402.7        37.600    Sep 16 10:03:20     16765     4.66
         0.71       33440.3        37.620    Sep 16 10:03:39     16784     4.66
         0.71       33477.3        37.010    Sep 16 10:03:59     16804     4.67
         0.71       33514.7        37.370    Sep 16 10:04:19     16824     4.67
         0.71       33551.8        37.130    Sep 16 10:04:40     16845     4.68
         0.71       33588.8        36.950    Sep 16 10:05:01     16866     4.68
         0.71       33624.6        35.870    Sep 16 10:05:20     16885     4.69
         0.71       33660.4        35.760    Sep 16 10:05:40     16905     4.70
         0.71       33695.0        34.600    Sep 16 10:05:57     16922     4.70
         0.72       33729.7        34.730    Sep 16 10:06:16     16941     4.71
         0.72       33763.7        34.000    Sep 16 10:06:34     16959     4.71
         0.72       33798.0        34.320    Sep 16 10:06:51     16976     4.72
         0.72       33831.3        33.310    Sep 16 10:07:09     16994     4.72
         0.72       33864.8        33.500    Sep 16 10:07:26     17011     4.73
         0.72       33897.8        32.920    Sep 16 10:07:44     17029     4.73
         0.72       33930.4        32.670    Sep 16 10:08:01     17046     4.74
         0.72       33962.6        32.150    Sep 16 10:08:18     17063     4.74
         0.72       33994.9        32.270    Sep 16 10:08:35     17080     4.74
         0.72       34027.2        32.370    Sep 16 10:08:52     17097     4.75
         0.73       34058.9        31.630    Sep 16 10:09:09     17114     4.75
         0.73       34090.2        31.360    Sep 16 10:09:25     17130     4.76
         0.73       34121.2        30.970    Sep 16 10:09:42     17147     4.76
         0.73       34152.3        31.080    Sep 16 10:10:00     17165     4.77
         0.73       34182.4        30.130    Sep 16 10:10:16     17181     4.77
         0.73       34213.3        30.890    Sep 16 10:10:33     17198     4.78
         0.73       34244.0        30.720    Sep 16 10:10:51     17216     4.78
         0.73       34273.8        29.810    Sep 16 10:11:07     17232     4.79
         0.73       34303.3        29.530    Sep 16 10:11:23     17248     4.79
         0.73       34332.3        28.990    Sep 16 10:11:39     17264     4.80
         0.74       34361.1        28.760    Sep 16 10:11:55     17280     4.80
         0.74       34389.5        28.410    Sep 16 10:12:09     17294     4.80
         0.74       34418.0        28.480    Sep 16 10:12:25     17310     4.81
         0.74       34446.2        28.260    Sep 16 10:12:41     17326     4.81
         0.74       34474.1        27.850    Sep 16 10:12:56     17341     4.82
         0.74       34501.4        27.300    Sep 16 10:13:10     17355     4.82
         0.74       34528.9        27.480    Sep 16 10:13:26     17371     4.83
         0.74       34556.4        27.510    Sep 16 10:13:41     17386     4.83
         0.74       34583.3        26.930    Sep 16 10:13:55     17400     4.83
         0.74       34609.9        26.570    Sep 16 10:14:09     17414     4.84
         0.75       34636.0        26.080    Sep 16 10:14:24     17429     4.84
         0.75       34664.0        28.010    Sep 16 10:14:45     17450     4.85
         0.75       34690.9        26.880    Sep 16 10:15:00     17465     4.85
         0.75       34717.1        26.220    Sep 16 10:15:17     17482     4.86
         0.75       34742.8        25.760    Sep 16 10:15:32     17497     4.86
         0.75       34768.9        26.020    Sep 16 10:15:47     17512     4.86
         0.75       34794.2        25.360    Sep 16 10:16:02     17527     4.87
         0.75       34818.8        24.550    Sep 16 10:16:15     17540     4.87
         0.75       34843.7        24.970    Sep 16 10:16:29     17554     4.88
         0.75       34868.9        25.160    Sep 16 10:16:43     17568     4.88
         0.76       34892.7        23.780    Sep 16 10:16:56     17581     4.88
         0.76       34916.5        23.770    Sep 16 10:17:09     17594     4.89
         0.76       34940.4        23.950    Sep 16 10:17:23     17608     4.89
         0.76       34964.1        23.690    Sep 16 10:17:36     17621     4.89
         0.76       34987.2        23.120    Sep 16 10:17:48     17633     4.90
         0.76       35010.4        23.210    Sep 16 10:18:00     17645     4.90
         0.76       35033.5        23.050    Sep 16 10:18:14     17659     4.91
         0.76       35056.2        22.760    Sep 16 10:18:26     17671     4.91
         0.76       35078.7        22.460    Sep 16 10:18:39     17684     4.91
         0.76       35100.8        22.110    Sep 16 10:18:51     17696     4.92
         0.77       35122.6        21.750    Sep 16 10:19:02     17707     4.92
         0.77       35144.1        21.540    Sep 16 10:19:14     17719     4.92
         0.77       35165.8        21.700    Sep 16 10:19:25     17730     4.92
         0.77       35187.0        21.240    Sep 16 10:19:37     17742     4.93
         0.77       35208.0        21.000    Sep 16 10:19:49     17754     4.93
         0.77       35229.5        21.460    Sep 16 10:20:02     17767     4.94
         0.77       35250.6        21.080    Sep 16 10:20:14     17779     4.94
         0.77       35271.2        20.610    Sep 16 10:20:26     17791     4.94
         0.77       35291.4        20.200    Sep 16 10:20:37     17802     4.95
         0.77       35312.0        20.600    Sep 16 10:20:48     17813     4.95
         0.78       35332.6        20.630    Sep 16 10:21:00     17825     4.95
         0.78       35352.5        19.910    Sep 16 10:21:12     17837     4.95
         0.78       35372.7        20.200    Sep 16 10:21:25     17850     4.96
         0.78       35393.3        20.630    Sep 16 10:21:38     17863     4.96
         0.78       35412.7        19.390    Sep 16 10:21:49     17874     4.96
         0.78       35431.8        19.060    Sep 16 10:21:59     17884     4.97
         0.78       35450.6        18.790    Sep 16 10:22:09     17894     4.97
         0.78       35469.3        18.720    Sep 16 10:22:20     17905     4.97
         0.78       35488.0        18.680    Sep 16 10:22:30     17915     4.98
         0.78       35506.2        18.170    Sep 16 10:22:40     17925     4.98
         0.79       35524.1        17.960    Sep 16 10:22:49     17934     4.98
         0.79       35542.2        18.070    Sep 16 10:22:59     17944     4.98
         0.79       35560.4        18.220    Sep 16 10:23:10     17955     4.99
         0.79       35578.8        18.440    Sep 16 10:23:20     17965     4.99
         0.79       35596.1        17.280    Sep 16 10:23:29     17974     4.99
         0.79       35613.3        17.170    Sep 16 10:23:38     17983     5.00
         0.79       35630.9        17.560    Sep 16 10:23:49     17994     5.00
         0.79       35648.4        17.510    Sep 16 10:23:58     18003     5.00
         0.79       35664.9        16.560    Sep 16 10:24:07     18012     5.00
         0.79       35681.7        16.750    Sep 16 10:24:16     18021     5.01
         0.80       35698.5        16.800    Sep 16 10:24:25     18030     5.01
         0.80       35715.2        16.690    Sep 16 10:24:34     18039     5.01
         0.80       35731.6        16.390    Sep 16 10:24:43     18048     5.01
         0.80       35747.5        15.950    Sep 16 10:24:52     18057     5.02
         0.80       35763.2        15.710    Sep 16 10:25:01     18066     5.02
         0.80       35779.4        16.230    Sep 16 10:25:09     18074     5.02
         0.80       35795.3        15.810    Sep 16 10:25:18     18083     5.02
         0.80       35811.1        15.830    Sep 16 10:25:26     18091     5.03
         0.80       35826.2        15.140    Sep 16 10:25:34     18099     5.03
         0.80       35841.3        15.080    Sep 16 10:25:43     18108     5.03
         0.81       35856.4        15.140    Sep 16 10:25:51     18116     5.03
         0.81       35871.4        15.000    Sep 16 10:25:59     18124     5.03
         0.81       35886.7        15.240    Sep 16 10:26:07     18132     5.04
         0.81       35901.8        15.120    Sep 16 10:26:15     18140     5.04
         0.81       35916.3        14.490    Sep 16 10:26:23     18148     5.04
         0.81       35930.9        14.600    Sep 16 10:26:31     18156     5.04
         0.81       35945.3        14.420    Sep 16 10:26:39     18164     5.05
         0.81       35959.5        14.140    Sep 16 10:26:46     18171     5.05
         0.81       35973.9        14.420    Sep 16 10:26:54     18179     5.05
         0.81       35987.7        13.850    Sep 16 10:27:01     18186     5.05
         0.82       36001.5        13.810    Sep 16 10:27:09     18194     5.05
         0.82       36015.2        13.700    Sep 16 10:27:16     18201     5.06
         0.82       36029.0        13.750    Sep 16 10:27:24     18209     5.06
         0.82       36042.7        13.710    Sep 16 10:27:31     18216     5.06
         0.82       36056.4        13.730    Sep 16 10:27:38     18223     5.06
         0.82       36069.3        12.900    Sep 16 10:27:45     18230     5.06
         0.82       36082.2        12.890    Sep 16 10:27:52     18237     5.07
         0.82       36095.4        13.210    Sep 16 10:28:00     18245     5.07
         0.82       36108.7        13.240    Sep 16 10:28:07     18252     5.07
         0.82       36122.0        13.360    Sep 16 10:28:15     18260     5.07
         0.83       36135.2        13.190    Sep 16 10:28:22     18267     5.07
         0.83       36148.2        12.980    Sep 16 10:28:29     18274     5.08
         0.83       36160.5        12.340    Sep 16 10:28:36     18281     5.08
         0.83       36172.8        12.230    Sep 16 10:28:42     18287     5.08
         0.83       36185.0        12.220    Sep 16 10:28:49     18294     5.08
         0.83       36197.2        12.220    Sep 16 10:28:55     18300     5.08
         0.83       36209.6        12.360    Sep 16 10:29:02     18307     5.09
         0.83       36221.8        12.220    Sep 16 10:29:09     18314     5.09
         0.83       36234.2        12.440    Sep 16 10:29:16     18321     5.09
         0.83       36246.0        11.730    Sep 16 10:29:23     18328     5.09
         0.84       36257.4        11.440    Sep 16 10:29:29     18334     5.09
         0.84       36268.9        11.490    Sep 16 10:29:35     18340     5.09
         0.84       36280.4        11.510    Sep 16 10:29:42     18347     5.10
         0.84       36292.0        11.620    Sep 16 10:29:48     18353     5.10
         0.84       36303.6        11.590    Sep 16 10:29:54     18359     5.10
         0.84       36315.1        11.480    Sep 16 10:30:01     18366     5.10
         0.84       36325.9        10.810    Sep 16 10:30:07     18372     5.10
         0.84       36336.5        10.640    Sep 16 10:30:12     18377     5.10
         0.84       36347.6        11.010    Sep 16 10:30:19     18384     5.11
         0.84       36359.0        11.400    Sep 16 10:30:26     18391     5.11
         0.85       36369.9        10.910    Sep 16 10:30:32     18397     5.11
         0.85       36380.9        11.010    Sep 16 10:30:38     18403     5.11
         0.85       36391.9        11.020    Sep 16 10:30:44     18409     5.11
         0.85       36402.6        10.720    Sep 16 10:30:50     18415     5.12
         0.85       36412.7        10.040    Sep 16 10:30:55     18420     5.12
         0.85       36422.7        10.060    Sep 16 10:31:01     18426     5.12
         0.85       36432.9        10.150    Sep 16 10:31:06     18431     5.12
         0.85       36442.9        10.040    Sep 16 10:31:12     18437     5.12
         0.85       36453.0        10.140    Sep 16 10:31:17     18442     5.12
         0.85       36463.2        10.190    Sep 16 10:31:23     18448     5.12
         0.86       36473.2         9.960    Sep 16 10:31:28     18453     5.13
         0.86       36483.2        10.030    Sep 16 10:31:33     18458     5.13
         0.86       36492.7         9.510    Sep 16 10:31:38     18463     5.13
         0.86       36501.9         9.190    Sep 16 10:31:43     18468     5.13
         0.86       36511.2         9.270    Sep 16 10:31:48     18473     5.13
         0.86       36520.5         9.330    Sep 16 10:31:53     18478     5.13
         0.86       36530.0         9.430    Sep 16 10:31:58     18483     5.13
         0.86       36539.2         9.280    Sep 16 10:32:03     18488     5.14
         0.86       36548.6         9.360    Sep 16 10:32:08     18493     5.14
         0.86       36558.0         9.410    Sep 16 10:32:13     18498     5.14
         0.87       36567.7         9.690    Sep 16 10:32:19     18504     5.14
         0.87       36576.6         8.860    Sep 16 10:32:24     18509     5.14
         0.87       36585.2         8.640    Sep 16 10:32:29     18514     5.14
         0.87       36593.8         8.610    Sep 16 10:32:33     18518     5.14
         0.87       36602.3         8.550    Sep 16 10:32:38     18523     5.15
         0.87       36610.9         8.500    Sep 16 10:32:42     18527     5.15
         0.87       36619.4         8.570    Sep 16 10:32:47     18532     5.15
         0.87       36627.9         8.500    Sep 16 10:32:51     18536     5.15
         0.87       36636.7         8.750    Sep 16 10:32:56     18541     5.15
         0.87       36645.2         8.510    Sep 16 10:33:00     18545     5.15
         0.88       36653.9         8.680    Sep 16 10:33:05     18550     5.15
         0.88       36661.6         7.760    Sep 16 10:33:09     18554     5.15
         0.88       36669.7         8.030    Sep 16 10:33:13     18558     5.16
         0.88       36677.5         7.880    Sep 16 10:33:17     18562     5.16
         0.88       36685.6         8.080    Sep 16 10:33:22     18567     5.16
         0.88       36693.6         7.980    Sep 16 10:33:26     18571     5.16
         0.88       36701.6         8.020    Sep 16 10:33:30     18575     5.16
         0.88       36709.5         7.910    Sep 16 10:33:35     18580     5.16
         0.88       36717.5         7.950    Sep 16 10:33:39     18584     5.16
         0.88       36725.5         7.990    Sep 16 10:33:43     18588     5.16
         0.89       36733.3         7.890    Sep 16 10:33:48     18593     5.16
         0.89       36741.3         7.920    Sep 16 10:33:52     18597     5.17
         0.89       36748.5         7.250    Sep 16 10:33:56     18601     5.17
         0.89       36755.7         7.170    Sep 16 10:34:00     18605     5.17
         0.89       36762.8         7.070    Sep 16 10:34:03     18608     5.17
         0.89       36770.0         7.210    Sep 16 10:34:07     18612     5.17
         0.89       36777.1         7.110    Sep 16 10:34:11     18616     5.17
         0.89       36784.2         7.170    Sep 16 10:34:15     18620     5.17
         0.89       36791.4         7.110    Sep 16 10:34:18     18623     5.17
         0.89       36798.5         7.140    Sep 16 10:34:23     18628     5.17
         0.90       36805.7         7.210    Sep 16 10:34:26     18631     5.18
         0.90       36813.1         7.440    Sep 16 10:34:30     18635     5.18
         0.90       36820.4         7.240    Sep 16 10:34:34     18639     5.18
         0.90       36827.7         7.300    Sep 16 10:34:38     18643     5.18
         0.90       36834.3         6.570    Sep 16 10:34:42     18647     5.18
         0.90       36840.8         6.510    Sep 16 10:34:45     18650     5.18
         0.90       36847.3         6.560    Sep 16 10:34:49     18654     5.18
         0.90       36854.0         6.700    Sep 16 10:34:53     18658     5.18
         0.90       36860.7         6.680    Sep 16 10:34:57     18662     5.18
         0.90       36867.3         6.610    Sep 16 10:35:01     18666     5.18
         0.91       36873.8         6.450    Sep 16 10:35:04     18669     5.19
         0.91       36880.3         6.530    Sep 16 10:35:08     18673     5.19
         0.91       36886.8         6.540    Sep 16 10:35:12     18677     5.19
         0.91       36893.4         6.550    Sep 16 10:35:15     18680     5.19
         0.91       36900.0         6.600    Sep 16 10:35:19     18684     5.19
         0.91       36906.9         6.930    Sep 16 10:35:23     18688     5.19
         0.91       36913.5         6.560    Sep 16 10:35:27     18692     5.19
         0.91       36919.9         6.400    Sep 16 10:35:30     18695     5.19
         0.91       36925.6         5.700    Sep 16 10:35:33     18698     5.19
         0.91       36931.3         5.770    Sep 16 10:35:37     18702     5.20
         0.92       36937.0         5.670    Sep 16 10:35:40     18705     5.20
         0.92       36942.7         5.720    Sep 16 10:35:43     18708     5.20
         0.92       36948.7         5.930    Sep 16 10:35:46     18711     5.20
         0.92       36954.5         5.830    Sep 16 10:35:49     18714     5.20
         0.92       36960.5         6.030    Sep 16 10:35:53     18718     5.20
         0.92       36966.3         5.810    Sep 16 10:35:56     18721     5.20
         0.92       36972.1         5.780    Sep 16 10:35:59     18724     5.20
         0.92       36977.9         5.740    Sep 16 10:36:02     18727     5.20
         0.92       36983.7         5.830    Sep 16 10:36:06     18731     5.20
         0.92       36989.6         5.930    Sep 16 10:36:09     18734     5.20
         0.93       36995.4         5.820    Sep 16 10:36:12     18737     5.20
         0.93       37001.1         5.700    Sep 16 10:36:15     18740     5.21
         0.93       37007.0         5.820    Sep 16 10:36:18     18743     5.21
         0.93       37012.7         5.730    Sep 16 10:36:22     18747     5.21
         0.93       37017.8         5.110    Sep 16 10:36:25     18750     5.21
         0.93       37023.0         5.220    Sep 16 10:36:28     18753     5.21
         0.93       37028.2         5.190    Sep 16 10:36:31     18756     5.21
         0.93       37033.3         5.050    Sep 16 10:36:34     18759     5.21
         0.93       37038.3         5.010    Sep 16 10:36:36     18761     5.21
         0.93       37043.3         5.000    Sep 16 10:36:39     18764     5.21
         0.94       37048.4         5.100    Sep 16 10:36:42     18767     5.21
         0.94       37053.6         5.210    Sep 16 10:36:45     18770     5.21
         0.94       37058.6         5.020    Sep 16 10:36:48     18773     5.21
         0.94       37063.8         5.200    Sep 16 10:36:51     18776     5.22
         0.94       37068.9         5.120    Sep 16 10:36:53     18778     5.22
         0.94       37073.9         4.990    Sep 16 10:36:56     18781     5.22
         0.94       37079.0         5.070    Sep 16 10:36:59     18784     5.22
         0.94       37084.0         5.010    Sep 16 10:37:02     18787     5.22
         0.94       37089.0         5.040    Sep 16 10:37:04     18789     5.22
         0.94       37094.2         5.210    Sep 16 10:37:07     18792     5.22
         0.95       37099.5         5.230    Sep 16 10:37:10     18795     5.22
         0.95       37104.4         4.970    Sep 16 10:37:13     18798     5.22
         0.95       37108.8         4.310    Sep 16 10:37:15     18800     5.22
         0.95       37113.1         4.360    Sep 16 10:37:17     18802     5.22
         0.95       37117.4         4.320    Sep 16 10:37:20     18805     5.22
         0.95       37121.8         4.370    Sep 16 10:37:22     18807     5.22
         0.95       37126.1         4.260    Sep 16 10:37:25     18810     5.22
         0.95       37130.6         4.510    Sep 16 10:37:27     18812     5.23
         0.95       37135.0         4.390    Sep 16 10:37:30     18815     5.23
         0.95       37139.2         4.260    Sep 16 10:37:32     18817     5.23
         0.96       37143.5         4.250    Sep 16 10:37:34     18819     5.23
         0.96       37147.8         4.280    Sep 16 10:37:36     18821     5.23
         0.96       37152.1         4.340    Sep 16 10:37:39     18824     5.23
         0.96       37156.3         4.260    Sep 16 10:37:41     18826     5.23
         0.96       37160.8         4.490    Sep 16 10:37:43     18828     5.23
         0.96       37165.3         4.450    Sep 16 10:37:46     18831     5.23
         0.96       37169.6         4.290    Sep 16 10:37:48     18833     5.23
         0.96       37173.9         4.310    Sep 16 10:37:50     18835     5.23
         0.96       37178.2         4.270    Sep 16 10:37:53     18838     5.23
         0.96       37182.4         4.280    Sep 16 10:37:55     18840     5.23
         0.97       37186.8         4.340    Sep 16 10:37:57     18842     5.23
         0.97       37191.1         4.280    Sep 16 10:38:00     18845     5.23
         0.97       37195.3         4.260    Sep 16 10:38:02     18847     5.24
         0.97       37199.6         4.310    Sep 16 10:38:04     18849     5.24
         0.97       37203.3         3.690    Sep 16 10:38:07     18852     5.24
         0.97       37206.9         3.630    Sep 16 10:38:09     18854     5.24
         0.97       37210.6         3.620    Sep 16 10:38:11     18856     5.24
         0.97       37214.1         3.560    Sep 16 10:38:13     18858     5.24
         0.97       37218.0         3.860    Sep 16 10:38:15     18860     5.24
         0.97       37221.6         3.620    Sep 16 10:38:17     18862     5.24
         0.98       37225.4         3.760    Sep 16 10:38:19     18864     5.24
         0.98       37229.1         3.700    Sep 16 10:38:21     18866     5.24
         0.98       37232.7         3.670    Sep 16 10:38:23     18868     5.24
         0.98       37236.3         3.610    Sep 16 10:38:25     18870     5.24
         0.98       37240.0         3.610    Sep 16 10:38:27     18872     5.24
         0.98       37243.6         3.680    Sep 16 10:38:29     18874     5.24
         0.98       37247.2         3.570    Sep 16 10:38:31     18876     5.24
         0.98       37250.9         3.680    Sep 16 10:38:33     18878     5.24
         0.98       37254.5         3.620    Sep 16 10:38:35     18880     5.24
         0.98       37258.1         3.620    Sep 16 10:38:37     18882     5.25
         0.99       37261.8         3.670    Sep 16 10:38:40     18885     5.25
         0.99       37265.4         3.580    Sep 16 10:38:42     18887     5.25
         0.99       37269.1         3.670    Sep 16 10:38:44     18889     5.25
         0.99       37272.7         3.680    Sep 16 10:38:46     18891     5.25
         0.99       37276.2         3.520    Sep 16 10:38:48     18893     5.25
         0.99       37279.8         3.510    Sep 16 10:38:50     18895     5.25
         0.99       37283.3         3.510    Sep 16 10:38:51     18896     5.25
         0.99       37286.9         3.620    Sep 16 10:38:53     18898     5.25
         0.99       37290.3         3.440    Sep 16 10:38:55     18900     5.25
         0.99       37293.8         3.470    Sep 16 10:38:57     18902     5.25
         1.00       37297.3         3.500    Sep 16 10:38:59     18904     5.25
         1.00       37300.3         2.960    Sep 16 10:39:01     18906     5.25
         1.00       37303.2         2.910    Sep 16 10:39:02     18907     5.25
         1.00       37306.1         2.900    Sep 16 10:39:04     18909     5.25
         1.00       37308.9         2.840    Sep 16 10:39:05     18910     5.25
