#    Start: ------ Host: "compute-0-22" ----------Mon May 16 16:13:32 2022

#    Time[fs]   CPU-time[s]     Delta-CPU    Real time        RealT[s]     [h]
#       -0.00           2.4                  May 16 16:13:37         0     0.00
         0.00           2.7         0.320    May 16 16:13:38         1     0.00
         0.00           5.3         2.580    May 16 16:13:47        10     0.00
         0.00           7.7         2.370    May 16 16:13:54        17     0.00
         0.00           9.7         2.010    May 16 16:14:03        26     0.01
         0.00          11.9         2.200    May 16 16:14:09        32     0.01
         0.01          14.3         2.410    May 16 16:14:18        41     0.01
         0.01          16.1         1.780    May 16 16:14:26        49     0.01
         0.01          17.8         1.750    May 16 16:14:34        57     0.02
         0.01          19.7         1.860    May 16 16:14:39        62     0.02
         0.01          21.7         2.020    May 16 16:14:47        70     0.02
         0.01          23.6         1.860    May 16 16:14:53        76     0.02
         0.01          25.2         1.650    May 16 16:14:58        81     0.02
         0.01          27.0         1.800    May 16 16:15:04        87     0.02
         0.01          28.8         1.760    May 16 16:15:10        93     0.03
         0.01          30.6         1.850    May 16 16:15:17       100     0.03
         0.02          32.3         1.700    May 16 16:15:23       106     0.03
         0.02          34.2         1.840    May 16 16:15:30       113     0.03
         0.02          35.7         1.530    May 16 16:15:37       120     0.03
         0.02          37.1         1.440    May 16 16:15:43       126     0.04
         0.02          38.6         1.430    May 16 16:15:49       132     0.04
         0.02          40.0         1.440    May 16 16:15:55       138     0.04
         0.02          41.4         1.430    May 16 16:16:00       143     0.04
         0.02          42.8         1.360    May 16 16:16:06       149     0.04
         0.02          44.4         1.590    May 16 16:16:12       155     0.04
         0.02          45.6         1.220    May 16 16:16:16       159     0.04
         0.03          46.8         1.240    May 16 16:16:21       164     0.05
         0.03          48.1         1.300    May 16 16:16:26       169     0.05
         0.03          49.4         1.220    May 16 16:16:30       173     0.05
         0.03          51.0         1.670    May 16 16:16:35       178     0.05
         0.03          54.2         3.150    May 16 16:16:44       187     0.05
         0.03         121.2        67.040    May 16 16:20:06       389     0.11
         0.03         199.8        78.630    May 16 16:24:05       628     0.17
         0.03         282.1        82.260    May 16 16:27:04       807     0.22
         0.03         351.2        69.100    May 16 16:29:30       953     0.26
         0.03         416.3        65.090    May 16 16:31:38      1081     0.30
         0.03         485.5        69.160    May 16 16:33:43      1206     0.34
         0.04         575.0        89.530    May 16 16:36:24      1367     0.38
         0.04         664.0        89.030    May 16 16:39:00      1523     0.42
         0.04         770.4       106.330    May 16 16:42:00      1703     0.47
         0.04         899.1       128.730    May 16 16:45:36      1919     0.53
         0.04        1002.9       103.870    May 16 16:48:30      2093     0.58
         0.04        1088.7        85.780    May 16 16:50:54      2237     0.62
         0.04        1165.8        77.030    May 16 16:52:59      2362     0.66
         0.04        1236.5        70.690    May 16 16:55:02      2485     0.69
         0.04        1302.3        65.830    May 16 16:56:52      2595     0.72
         0.04        1369.8        67.540    May 16 16:58:45      2708     0.75
         0.05        1459.8        89.980    May 16 17:01:20      2863     0.80
         0.05        1545.2        85.380    May 16 17:04:02      3025     0.84
         0.05        1637.7        92.490    May 16 17:07:08      3211     0.89
         0.05        1718.8        81.110    May 16 17:10:21      3404     0.95
         0.05        1782.0        63.230    May 16 17:12:26      3529     0.98
         0.05        1835.7        53.640    May 16 17:14:04      3627     1.01
         0.05        1881.0        45.390    May 16 17:15:18      3701     1.03
         0.05        1922.3        41.220    May 16 17:16:24      3767     1.05
         0.05        1960.1        37.890    May 16 17:17:31      3834     1.06
         0.05        1996.5        36.340    May 16 17:18:35      3898     1.08
         0.06        2031.0        34.520    May 16 17:19:32      3955     1.10
         0.06        2064.1        33.070    May 16 17:20:33      4016     1.12
         0.06        2097.5        33.410    May 16 17:21:26      4069     1.13
         0.06        2200.8       103.300    May 16 17:24:10      4233     1.18
         0.06        2316.5       115.760    May 16 17:27:13      4416     1.23
         0.06        2411.8        95.250    May 16 17:29:50      4573     1.27
         0.06        2500.5        88.740    May 16 17:32:12      4715     1.31
         0.06        2581.9        81.320    May 16 17:34:28      4851     1.35
         0.06        2663.4        81.550    May 16 17:37:41      5044     1.40
         0.06        2741.6        78.150    May 16 17:40:05      5188     1.44
         0.07        2819.7        78.120    May 16 17:42:14      5317     1.48
         0.07        2891.5        71.790    May 16 17:44:14      5437     1.51
         0.07        2954.7        63.270    May 16 17:45:59      5542     1.54
         0.07        3007.5        52.800    May 16 17:47:22      5625     1.56
         0.07        3055.3        47.750    May 16 17:48:34      5697     1.58
         0.07        3095.4        40.100    May 16 17:49:36      5759     1.60
         0.07        3130.0        34.580    May 16 17:50:30      5813     1.61
         0.07        3159.8        29.840    May 16 17:51:16      5859     1.63
         0.07        3187.1        27.330    May 16 17:51:58      5901     1.64
         0.07        3212.4        25.270    May 16 17:52:36      5939     1.65
         0.08        3233.8        21.350    May 16 17:53:07      5970     1.66
         0.08        3252.4        18.630    May 16 17:53:37      6000     1.67
         0.08        3273.3        20.880    May 16 17:54:07      6030     1.68
         0.08        3304.0        30.690    May 16 17:54:52      6075     1.69
         0.08        3335.4        31.450    May 16 17:55:43      6126     1.70
         0.08        3363.8        28.360    May 16 17:56:26      6169     1.71
         0.08        3390.9        27.150    May 16 17:57:04      6207     1.72
         0.08        3417.8        26.900    May 16 17:57:37      6240     1.73
         0.08        3443.0        25.170    May 16 17:58:17      6280     1.74
         0.08        3467.4        24.380    May 16 17:58:52      6315     1.75
         0.09        3490.0        22.590    May 16 17:59:21      6344     1.76
         0.09        3512.1        22.110    May 16 17:59:48      6371     1.77
         0.09        3534.6        22.510    May 16 18:00:17      6400     1.78
         0.09        3555.9        21.370    May 16 18:00:44      6427     1.79
         0.09        3576.9        20.910    May 16 18:01:10      6453     1.79
         0.09        3598.1        21.200    May 16 18:01:44      6487     1.80
         0.09        3619.8        21.790    May 16 18:02:16      6519     1.81
         0.09        3640.5        20.610    May 16 18:02:41      6544     1.82
         0.09        3660.1        19.600    May 16 18:03:05      6568     1.82
         0.09        3678.8        18.700    May 16 18:03:30      6593     1.83
         0.10        3697.2        18.450    May 16 18:03:54      6617     1.84
         0.10        3715.7        18.440    May 16 18:04:17      6640     1.84
         0.10        3734.0        18.320    May 16 18:04:40      6663     1.85
         0.10        3751.8        17.820    May 16 18:05:04      6687     1.86
         0.10        3769.3        17.550    May 16 18:05:27      6710     1.86
