A: Lanczos (SIL)
   Step          Order      Stepsize [fs]           Error           Time [fs]
      1            1        0.000000E+00       0.785734E-02             0.000
      1            2        0.000000E+00       0.360341E-02             0.000
      1            3        0.000000E+00       0.123503E-02             0.000
      1            4        0.000000E+00       0.575999E-03             0.000
      1            5        0.000000E+00       0.276791E-03             0.000
      1            6        0.000000E+00       0.110777E-03             0.000
      1            7        0.000000E+00       0.606565E-04             0.000
      1            8        0.000000E+00       0.212174E-04             0.000
      1            9        0.000000E+00       0.927953E-05             0.000
      1           10        0.000000E+00       0.413265E-05             0.000
      1           11        0.000000E+00       0.143983E-05             0.000
      1           12        0.000000E+00       0.660711E-06             0.000
      1           13        0.000000E+00       0.241712E-06             0.000
      1           14        0.000000E+00       0.106040E-06             0.000
      1           15        0.000000E+00       0.479844E-07             0.000
      1           16        0.000000E+00       0.193337E-07             0.000
      1           17        0.000000E+00       0.569348E-08             0.000
      1           18        0.000000E+00       0.313786E-08             0.000
      1           19        0.000000E+00       0.796677E-09             0.000
      1           20        0.000000E+00       0.380610E-09             0.000
      1           21        0.000000E+00       0.159207E-09             0.000
      1           22        0.000000E+00       0.499110E-10             0.000
      1           23        0.000000E+00       0.269736E-10             0.000
      1           24        0.000000E+00       0.735741E-11             0.000
      1           25        0.000000E+00       0.239583E-11             0.000
      1           26        0.000000E+00       0.874140E-12             0.000
      1           27        0.000000E+00       0.464112E-12             0.000
      1           28        0.000000E+00       0.169826E-12             0.000
      1           29        0.000000E+00       0.397802E-13             0.000
      1           30        0.000000E+00       0.133590E-13             0.000
      1           31        0.000000E+00       0.265607E-14             0.000
      1           32        0.000000E+00       0.959234E-15             0.000
      1           33        0.000000E+00       0.509721E-15             0.000
      1           34        0.000000E+00       0.164690E-15             0.000
      1           35        0.000000E+00       0.556750E-16             0.000
      1           36        0.000000E+00       0.142000E-16             0.000
      1           37        0.000000E+00       0.507570E-17             0.000
      1           38        0.000000E+00       0.152824E-17             0.000
      1           39        0.000000E+00       0.594886E-18             0.000
      1           40        0.000000E+00       0.205463E-18             0.000
      1           41        0.000000E+00       0.607291E-19             0.000
      1           42        0.000000E+00       0.109227E-19             0.000
      1           43        0.000000E+00       0.429925E-20             0.000
      1           44        0.000000E+00       0.144945E-20             0.000
      1           45        0.000000E+00       0.705090E-21             0.000
      1           46        0.000000E+00       0.269257E-21             0.000
      1           47        0.000000E+00       0.139662E-21             0.000
      1           48        0.000000E+00       0.411186E-22             0.000
      1           49        0.000000E+00       0.102214E-22             0.000
      1           50        0.000000E+00       0.385969E-23             0.000
      1           51        0.000000E+00       0.162658E-23             0.000
      1           52        0.000000E+00       0.355138E-24             0.000
      1           53        0.000000E+00       0.205605E-24             0.000
      1           54        0.000000E+00       0.574738E-25             0.000
      1           55        0.000000E+00       0.345654E-25             0.000
      1           56        0.000000E+00       0.241134E-26             0.000
      1           57        0.000000E+00       0.430308E-27             0.000
      1           58        0.000000E+00       0.284775E-27             0.000
      1           59        0.000000E+00       0.831963E-28             0.000
      1           60        0.000000E+00       0.646753E-29             0.000
      1           61        0.000000E+00       0.386831E-30             0.000
      1           62        0.000000E+00       0.867523E-32             0.000
      1           63        0.000000E+00       0.449905E-32             0.000
      1           64        0.000000E+00       0.667436E-34             0.000
      1           65        0.000000E+00       0.244032E-34             0.000
      1           66        0.000000E+00       0.662247E-35             0.000
      1           67        0.000000E+00       0.250665E-35             0.000
      1           68        0.000000E+00       0.562567E-36             0.000
      1           69        0.000000E+00       0.102756E-36             0.000
      1           70        0.000000E+00       0.241049E-37             0.000
      1           71        0.000000E+00       0.113503E-37             0.000
      1           72        0.000000E+00       0.151325E-38             0.000
      1           73        0.000000E+00       0.347106E-39             0.000
      1           74        0.000000E+00       0.118926E-39             0.000
      1           75        0.000000E+00       0.452583E-40             0.000
      1           76        0.000000E+00       0.744923E-41             0.000
      1           77        0.000000E+00       0.365740E-41             0.000
      1           78        0.000000E+00       0.493028E-42             0.000
      1           79        0.000000E+00       0.149423E-42             0.000
      1           80        0.000000E+00       0.239479E-43             0.000
      1           81        0.000000E+00       0.102651E-43             0.000
      1           82        0.000000E+00       0.223779E-44             0.000
      1           83        0.000000E+00       0.937384E-45             0.000
      1           84        0.000000E+00       0.224344E-45             0.000
      1           85        0.000000E+00       0.694583E-46             0.000
      1           86        0.000000E+00       0.219741E-46             0.000
      1           87        0.000000E+00       0.617200E-47             0.000
      1           88        0.000000E+00       0.140331E-47             0.000
      1           89        0.000000E+00       0.308155E-48             0.000
      1           90        0.000000E+00       0.556098E-49             0.000
      1           91        0.000000E+00       0.829896E-50             0.000
      1           92        0.000000E+00       0.106200E-50             0.000
      1           93        0.000000E+00       0.572734E-52             0.000
      1           94        0.000000E+00       0.952043E-53             0.000
      1           95        0.000000E+00       0.154414E-53             0.000
      1           96        0.000000E+00       0.247685E-54             0.000
      1           97        0.000000E+00       0.164538E-56             0.000
      1           98        0.000000E+00       0.250077E-57             0.000
      1           99        0.000000E+00       0.824967E-59             0.000
Time in fs:      0.00000
Exact wavepacket: Lanczos
   Step          Order      Stepsize [fs]           Error           Time [fs]
      2            1        0.000000E+00       0.397663E-15             0.000
      2            2        0.000000E+00       0.163559E-15             0.000
Exact wavepacket: Lanczos
   Step          Order      Stepsize [fs]           Error           Time [fs]
      3            1        0.000000E+00       0.100000E+01             0.050
      3            2        0.000000E+00       0.772644E+00             0.050
      3            3        0.000000E+00       0.715781E+00             0.050
      3            4        0.000000E+00       0.342103E+00             0.050
      3            5        0.000000E+00       0.235464E+00             0.050
      3            6        0.000000E+00       0.140653E+00             0.050
      3            7        0.000000E+00       0.101477E+00             0.050
      3            8        0.000000E+00       0.728678E-01             0.050
      3            9        0.000000E+00       0.474781E-01             0.050
      3           10        0.000000E+00       0.275716E-01             0.050
      3           11        0.000000E+00       0.241872E-01             0.050
      3           12        0.000000E+00       0.154394E-01             0.050
      3           13        0.000000E+00       0.124474E-01             0.050
      3           14        0.000000E+00       0.851511E-02             0.050
      3           15        0.000000E+00       0.560799E-02             0.050
      3           16        0.000000E+00       0.456292E-02             0.050
      3           17        0.000000E+00       0.343898E-02             0.050
      3           18        0.000000E+00       0.262840E-02             0.050
      3           19        0.000000E+00       0.173475E-02             0.050
      3           20        0.000000E+00       0.959473E-03             0.050
      3           21        0.000000E+00       0.719714E-03             0.050
      3           22        0.000000E+00       0.491045E-03             0.050
      3           23        0.000000E+00       0.338249E-03             0.050
      3           24        0.000000E+00       0.267212E-03             0.050
      3           25        0.000000E+00       0.178434E-03             0.050
      3           26        0.000000E+00       0.122056E-03             0.050
      3           27        0.000000E+00       0.100757E-03             0.050
      3           28        0.000000E+00       0.806393E-04             0.050
      3           29        0.000000E+00       0.514207E-04             0.050
      3           30        0.000000E+00       0.408122E-04             0.050
      3           31        0.000000E+00       0.349700E-04             0.050
      3           32        0.000000E+00       0.199636E-04             0.050
      3           33        0.000000E+00       0.181318E-04             0.050
      3           34        0.000000E+00       0.156757E-04             0.050
      3           35        0.000000E+00       0.100894E-04             0.050
      3           36        0.000000E+00       0.781093E-05             0.050
      3           37        0.000000E+00       0.581206E-05             0.050
      3           38        0.000000E+00       0.413186E-05             0.050
      3           39        0.000000E+00       0.352622E-05             0.050
      3           40        0.000000E+00       0.268295E-05             0.050
      3           41        0.000000E+00       0.152439E-05             0.050
      3           42        0.000000E+00       0.103176E-05             0.050
      3           43        0.000000E+00       0.638060E-06             0.050
      3           44        0.000000E+00       0.461667E-06             0.050
      3           45        0.000000E+00       0.405852E-02             0.050
      3           46        0.000000E+00       0.282522E-02             0.050
      3           47        0.000000E+00       0.187318E-02             0.050
      3           48        0.000000E+00       0.147724E-02             0.050
      3           49        0.000000E+00       0.883752E-03             0.050
      3           50        0.000000E+00       0.781607E-03             0.050
      3           51        0.000000E+00       0.666685E-03             0.050
      3           52        0.000000E+00       0.340059E-03             0.050
      3           53        0.000000E+00       0.286025E-03             0.050
      3           54        0.000000E+00       0.209187E-03             0.050
      3           55        0.000000E+00       0.186426E-03             0.050
      3           56        0.000000E+00       0.152251E-03             0.050
      3           57        0.000000E+00       0.141611E-03             0.050
      3           58        0.000000E+00       0.132237E-03             0.050
      3           59        0.000000E+00       0.108883E-03             0.050
      3           60        0.000000E+00       0.869275E-04             0.050
      3           61        0.000000E+00       0.840668E-04             0.050
      3           62        0.000000E+00       0.741460E-04             0.050
      3           63        0.000000E+00       0.682712E-04             0.050
      3           64        0.000000E+00       0.618274E-04             0.050
      3           65        0.000000E+00       0.471083E-04             0.050
      3           66        0.000000E+00       0.366752E-04             0.050
      3           67        0.000000E+00       0.275547E-04             0.050
      3           68        0.000000E+00       0.252830E-04             0.050
      3           69        0.000000E+00       0.242321E-04             0.050
      3           70        0.000000E+00       0.201503E-04             0.050
      3           71        0.000000E+00       0.172782E-04             0.050
      3           72        0.000000E+00       0.129928E-04             0.050
      3           73        0.000000E+00       0.818517E-05             0.050
      3           74        0.000000E+00       0.711550E-05             0.050
      3           75        0.000000E+00       0.510507E-05             0.050
      3           76        0.000000E+00       0.295835E-05             0.050
      3           77        0.000000E+00       0.167650E-05             0.050
      3           78        0.000000E+00       0.110813E-05             0.050
      3           79        0.000000E+00       0.657156E-06             0.050
      3           80        0.000000E+00       0.472916E-06             0.050
A: Lanczos (SIL)
   Step          Order      Stepsize [fs]           Error           Time [fs]
      4            1        0.000000E+00       0.102077E+00             0.100
      4            2        0.000000E+00       0.522688E-01             0.100
      4            3        0.000000E+00       0.282185E-01             0.100
      4            4        0.000000E+00       0.116037E-01             0.100
      4            5        0.000000E+00       0.493715E-02             0.100
      4            6        0.000000E+00       0.224573E-02             0.100
      4            7        0.000000E+00       0.119392E-02             0.100
      4            8        0.000000E+00       0.340124E-03             0.100
      4            9        0.000000E+00       0.181958E-03             0.100
      4           10        0.000000E+00       0.740141E-04             0.100
      4           11        0.000000E+00       0.429591E-04             0.100
      4           12        0.000000E+00       0.184006E-04             0.100
      4           13        0.000000E+00       0.802635E-05             0.100
      4           14        0.000000E+00       0.371833E-05             0.100
      4           15        0.000000E+00       0.186355E-05             0.100
      4           16        0.000000E+00       0.694676E-06             0.100
      4           17        0.000000E+00       0.114918E-04             0.100
      4           18        0.000000E+00       0.481952E-05             0.100
      4           19        0.000000E+00       0.217517E-05             0.100
      4           20        0.000000E+00       0.986688E-06             0.100
      4           21        0.000000E+00       0.386152E-05             0.100
      4           22        0.000000E+00       0.188033E-05             0.100
      4           23        0.000000E+00       0.837652E-06             0.100
      4           24        0.000000E+00       0.348450E-06             0.100
      4           25        0.000000E+00       0.166869E-06             0.100
      4           26        0.000000E+00       0.135960E-05             0.100
      4           27        0.000000E+00       0.618300E-06             0.100
      4           28        0.000000E+00       0.297007E-06             0.100
      4           29        0.000000E+00       0.114757E-06             0.100
      4           30        0.000000E+00       0.484398E-07             0.100
Time in fs:      0.10000
Exact wavepacket: Lanczos
   Step          Order      Stepsize [fs]           Error           Time [fs]
      5            1        0.000000E+00       0.385688E-05             0.100
      5            2        0.000000E+00       0.142181E-05             0.100
      5            3        0.000000E+00       0.619417E-06             0.100
      5            4        0.000000E+00       0.273263E-06             0.100
Exact wavepacket: Lanczos
   Step          Order      Stepsize [fs]           Error           Time [fs]
      6            1        0.000000E+00       0.100000E+01             0.150
      6            2        0.000000E+00       0.855822E+00             0.150
      6            3        0.000000E+00       0.813867E+00             0.150
      6            4        0.000000E+00       0.487850E+00             0.150
      6            5        0.000000E+00       0.417323E+00             0.150
      6            6        0.000000E+00       0.267695E+00             0.150
      6            7        0.000000E+00       0.195751E+00             0.150
      6            8        0.000000E+00       0.137558E+00             0.150
      6            9        0.000000E+00       0.114178E+00             0.150
      6           10        0.000000E+00       0.762870E-01             0.150
      6           11        0.000000E+00       0.538614E-01             0.150
      6           12        0.000000E+00       0.416324E-01             0.150
      6           13        0.000000E+00       0.271661E-01             0.150
      6           14        0.000000E+00       0.199388E-01             0.150
      6           15        0.000000E+00       0.112904E-01             0.150
      6           16        0.000000E+00       0.851274E-02             0.150
      6           17        0.000000E+00       0.513404E-02             0.150
      6           18        0.000000E+00       0.476869E-02             0.150
      6           19        0.000000E+00       0.346593E-02             0.150
      6           20        0.000000E+00       0.200248E-02             0.150
      6           21        0.000000E+00       0.120120E-02             0.150
      6           22        0.000000E+00       0.807303E-03             0.150
      6           23        0.000000E+00       0.621856E-03             0.150
      6           24        0.000000E+00       0.456333E-03             0.150
      6           25        0.000000E+00       0.307378E-03             0.150
      6           26        0.000000E+00       0.239177E-03             0.150
      6           27        0.000000E+00       0.143546E-03             0.150
      6           28        0.000000E+00       0.103579E-03             0.150
      6           29        0.000000E+00       0.813462E-04             0.150
      6           30        0.000000E+00       0.489273E-04             0.150
      6           31        0.000000E+00       0.378729E-04             0.150
      6           32        0.000000E+00       0.226755E-04             0.150
      6           33        0.000000E+00       0.134771E-04             0.150
      6           34        0.000000E+00       0.102744E-04             0.150
      6           35        0.000000E+00       0.594545E-05             0.150
      6           36        0.000000E+00       0.553870E-05             0.150
      6           37        0.000000E+00       0.521598E-05             0.150
      6           38        0.000000E+00       0.302617E-05             0.150
      6           39        0.000000E+00       0.250884E-05             0.150
      6           40        0.000000E+00       0.190401E-05             0.150
      6           41        0.000000E+00       0.106224E-05             0.150
      6           42        0.000000E+00       0.873529E-06             0.150
      6           43        0.000000E+00       0.164844E-01             0.150
      6           44        0.000000E+00       0.814610E-02             0.150
      6           45        0.000000E+00       0.764002E-02             0.150
      6           46        0.000000E+00       0.538217E-02             0.150
      6           47        0.000000E+00       0.331838E-02             0.150
      6           48        0.000000E+00       0.316624E-02             0.150
      6           49        0.000000E+00       0.215162E-02             0.150
      6           50        0.000000E+00       0.127086E-02             0.150
      6           51        0.000000E+00       0.114496E-02             0.150
      6           52        0.000000E+00       0.650281E-03             0.150
      6           53        0.000000E+00       0.490495E-03             0.150
      6           54        0.000000E+00       0.425930E-03             0.150
      6           55        0.000000E+00       0.317463E-03             0.150
      6           56        0.000000E+00       0.271551E-03             0.150
      6           57        0.000000E+00       0.269949E-03             0.150
      6           58        0.000000E+00       0.224065E-03             0.150
      6           59        0.000000E+00       0.172176E-03             0.150
      6           60        0.000000E+00       0.153827E-03             0.150
      6           61        0.000000E+00       0.139951E-03             0.150
      6           62        0.000000E+00       0.115794E-03             0.150
      6           63        0.000000E+00       0.896613E-04             0.150
      6           64        0.000000E+00       0.672692E-04             0.150
      6           65        0.000000E+00       0.516542E-04             0.150
      6           66        0.000000E+00       0.431736E-04             0.150
      6           67        0.000000E+00       0.348655E-04             0.150
      6           68        0.000000E+00       0.312390E-04             0.150
      6           69        0.000000E+00       0.262175E-04             0.150
      6           70        0.000000E+00       0.194517E-04             0.150
      6           71        0.000000E+00       0.183639E-04             0.150
      6           72        0.000000E+00       0.116733E-04             0.150
      6           73        0.000000E+00       0.100073E-04             0.150
      6           74        0.000000E+00       0.501549E-05             0.150
      6           75        0.000000E+00       0.454948E-05             0.150
      6           76        0.000000E+00       0.194975E-05             0.150
      6           77        0.000000E+00       0.187873E-05             0.150
      6           78        0.000000E+00       0.176938E-05             0.150
      6           79        0.000000E+00       0.872295E-06             0.150
      6           80        0.000000E+00       0.700864E-06             0.150
A: Lanczos (SIL)
   Step          Order      Stepsize [fs]           Error           Time [fs]
      7            1        0.000000E+00       0.152946E-01             0.200
      7            2        0.000000E+00       0.507397E-02             0.200
      7            3        0.000000E+00       0.288879E-02             0.200
      7            4        0.000000E+00       0.969473E-03             0.200
      7            5        0.000000E+00       0.494693E-03             0.200
      7            6        0.000000E+00       0.250995E-03             0.200
      7            7        0.000000E+00       0.113501E-03             0.200
      7            8        0.000000E+00       0.466711E-04             0.200
      7            9        0.000000E+00       0.242189E-04             0.200
      7           10        0.000000E+00       0.892924E-05             0.200
      7           11        0.000000E+00       0.362008E-05             0.200
      7           12        0.000000E+00       0.187656E-05             0.200
      7           13        0.000000E+00       0.660564E-06             0.200
      7           14        0.000000E+00       0.353490E-06             0.200
      7           15        0.000000E+00       0.529582E-05             0.200
      7           16        0.000000E+00       0.245727E-05             0.200
      7           17        0.000000E+00       0.122947E-05             0.200
      7           18        0.000000E+00       0.502629E-06             0.200
      7           19        0.000000E+00       0.143011E-05             0.200
      7           20        0.000000E+00       0.616965E-06             0.200
      7           21        0.000000E+00       0.137979E-05             0.200
      7           22        0.000000E+00       0.600814E-06             0.200
      7           23        0.000000E+00       0.308142E-06             0.200
      7           24        0.000000E+00       0.137580E-06             0.200
      7           25        0.000000E+00       0.530401E-07             0.200
      7           26        0.000000E+00       0.525337E-06             0.200
      7           27        0.000000E+00       0.259618E-06             0.200
      7           28        0.000000E+00       0.115844E-06             0.200
      7           29        0.000000E+00       0.527905E-07             0.200
      7           30        0.000000E+00       0.226473E-07             0.200
      7           31        0.000000E+00       0.534470E-06             0.200
      7           32        0.000000E+00       0.213647E-06             0.200
      7           33        0.000000E+00       0.745530E-07             0.200
      7           34        0.000000E+00       0.367757E-07             0.200
      7           35        0.000000E+00       0.161960E-07             0.200
Time in fs:      0.20000
Exact wavepacket: Lanczos
   Step          Order      Stepsize [fs]           Error           Time [fs]
      8            1        0.000000E+00       0.105916E-04             0.200
      8            2        0.000000E+00       0.356556E-05             0.200
      8            3        0.000000E+00       0.168159E-05             0.200
      8            4        0.000000E+00       0.758942E-06             0.200
Exact wavepacket: Lanczos
   Step          Order      Stepsize [fs]           Error           Time [fs]
      9            1        0.000000E+00       0.100000E+01             0.250
      9            2        0.000000E+00       0.853129E+00             0.250
      9            3        0.000000E+00       0.821558E+00             0.250
      9            4        0.000000E+00       0.522521E+00             0.250
      9            5        0.000000E+00       0.512353E+00             0.250
      9            6        0.000000E+00       0.331749E+00             0.250
      9            7        0.000000E+00       0.233790E+00             0.250
      9            8        0.000000E+00       0.178439E+00             0.250
      9            9        0.000000E+00       0.108348E+00             0.250
      9           10        0.000000E+00       0.855511E-01             0.250
      9           11        0.000000E+00       0.612700E-01             0.250
      9           12        0.000000E+00       0.486289E-01             0.250
      9           13        0.000000E+00       0.370595E-01             0.250
      9           14        0.000000E+00       0.197127E-01             0.250
      9           15        0.000000E+00       0.134798E-01             0.250
      9           16        0.000000E+00       0.948857E-02             0.250
      9           17        0.000000E+00       0.607457E-02             0.250
      9           18        0.000000E+00       0.449060E-02             0.250
      9           19        0.000000E+00       0.334702E-02             0.250
      9           20        0.000000E+00       0.254481E-02             0.250
      9           21        0.000000E+00       0.183916E-02             0.250
      9           22        0.000000E+00       0.127968E-02             0.250
      9           23        0.000000E+00       0.833977E-03             0.250
      9           24        0.000000E+00       0.561714E-03             0.250
      9           25        0.000000E+00       0.262444E-03             0.250
      9           26        0.000000E+00       0.202482E-03             0.250
      9           27        0.000000E+00       0.132780E-03             0.250
      9           28        0.000000E+00       0.908267E-04             0.250
      9           29        0.000000E+00       0.802804E-04             0.250
      9           30        0.000000E+00       0.473250E-04             0.250
      9           31        0.000000E+00       0.321952E-04             0.250
      9           32        0.000000E+00       0.168306E-04             0.250
      9           33        0.000000E+00       0.151638E-04             0.250
      9           34        0.000000E+00       0.109344E-04             0.250
      9           35        0.000000E+00       0.747676E-05             0.250
      9           36        0.000000E+00       0.696445E-05             0.250
      9           37        0.000000E+00       0.584726E-05             0.250
      9           38        0.000000E+00       0.345779E-05             0.250
      9           39        0.000000E+00       0.266610E-05             0.250
      9           40        0.000000E+00       0.190065E-05             0.250
      9           41        0.000000E+00       0.109531E-05             0.250
      9           42        0.000000E+00       0.102621E-05             0.250
      9           43        0.000000E+00       0.633809E-06             0.250
      9           44        0.000000E+00       0.399497E-06             0.250
      9           45        0.000000E+00       0.181409E+00             0.250
      9           46        0.000000E+00       0.130377E+00             0.250
      9           47        0.000000E+00       0.740797E-01             0.250
      9           48        0.000000E+00       0.557264E-01             0.250
      9           49        0.000000E+00       0.549654E-01             0.250
      9           50        0.000000E+00       0.385641E-01             0.250
      9           51        0.000000E+00       0.212272E-01             0.250
      9           52        0.000000E+00       0.208761E-01             0.250
      9           53        0.000000E+00       0.148266E-01             0.250
      9           54        0.000000E+00       0.790415E-02             0.250
      9           55        0.000000E+00       0.773719E-02             0.250
      9           56        0.000000E+00       0.659492E-02             0.250
      9           57        0.000000E+00       0.554269E-02             0.250
      9           58        0.000000E+00       0.421421E-02             0.250
      9           59        0.000000E+00       0.355874E-02             0.250
      9           60        0.000000E+00       0.339740E-02             0.250
      9           61        0.000000E+00       0.239740E-02             0.250
      9           62        0.000000E+00       0.143742E-02             0.250
      9           63        0.000000E+00       0.126316E-02             0.250
      9           64        0.000000E+00       0.105746E-02             0.250
      9           65        0.000000E+00       0.862466E-03             0.250
      9           66        0.000000E+00       0.852209E-03             0.250
      9           67        0.000000E+00       0.718934E-03             0.250
      9           68        0.000000E+00       0.584877E-03             0.250
      9           69        0.000000E+00       0.508455E-03             0.250
      9           70        0.000000E+00       0.278527E-03             0.250
      9           71        0.000000E+00       0.264472E-03             0.250
      9           72        0.000000E+00       0.209514E-03             0.250
      9           73        0.000000E+00       0.197757E-03             0.250
      9           74        0.000000E+00       0.117190E-03             0.250
      9           75        0.000000E+00       0.103631E-03             0.250
      9           76        0.000000E+00       0.538524E-04             0.250
      9           77        0.000000E+00       0.384365E-04             0.250
      9           78        0.000000E+00       0.224551E-04             0.250
      9           79        0.000000E+00       0.104700E-04             0.250
      9           80        0.000000E+00       0.767188E-05             0.250
      9           81        0.000000E+00       0.698272E-05             0.250
      9           82        0.000000E+00       0.547077E-05             0.250
      9           83        0.000000E+00       0.347832E-05             0.250
      9           84        0.000000E+00       0.202228E-05             0.250
      9           85        0.000000E+00       0.172379E-05             0.250
      9           86        0.000000E+00       0.966524E-06             0.250
      9           87        0.000000E+00       0.706787E-06             0.250
      9           88        0.000000E+00       0.705151E-06             0.250
      9           89        0.000000E+00       0.486846E-06             0.250
      9           90        0.000000E+00       0.313627E-06             0.250
A: Lanczos (SIL)
   Step          Order      Stepsize [fs]           Error           Time [fs]
     10            1        0.000000E+00       0.618701E-02             0.300
     10            2        0.000000E+00       0.255431E-02             0.300
     10            3        0.000000E+00       0.141998E-02             0.300
     10            4        0.000000E+00       0.476829E-03             0.300
     10            5        0.000000E+00       0.224171E-03             0.300
     10            6        0.000000E+00       0.999211E-04             0.300
     10            7        0.000000E+00       0.388826E-04             0.300
     10            8        0.000000E+00       0.195027E-04             0.300
     10            9        0.000000E+00       0.807651E-05             0.300
     10           10        0.000000E+00       0.471359E-05             0.300
     10           11        0.000000E+00       0.203299E-05             0.300
     10           12        0.000000E+00       0.924053E-06             0.300
     10           13        0.000000E+00       0.221233E-04             0.300
     10           14        0.000000E+00       0.884904E-05             0.300
     10           15        0.000000E+00       0.451804E-05             0.300
     10           16        0.000000E+00       0.185807E-05             0.300
     10           17        0.000000E+00       0.888810E-06             0.300
     10           18        0.000000E+00       0.437705E-06             0.300
     10           19        0.000000E+00       0.573581E-06             0.300
     10           20        0.000000E+00       0.275195E-06             0.300
     10           21        0.000000E+00       0.755102E-06             0.300
     10           22        0.000000E+00       0.378274E-06             0.300
     10           23        0.000000E+00       0.166135E-06             0.300
     10           24        0.000000E+00       0.801132E-07             0.300
     10           25        0.000000E+00       0.349590E-07             0.300
Time in fs:      0.30000
Exact wavepacket: Lanczos
   Step          Order      Stepsize [fs]           Error           Time [fs]
     11            1        0.000000E+00       0.149455E-04             0.300
     11            2        0.000000E+00       0.519563E-05             0.300
     11            3        0.000000E+00       0.250028E-05             0.300
     11            4        0.000000E+00       0.113050E-05             0.300
     11            5        0.000000E+00       0.521736E-06             0.300
     11            6        0.000000E+00       0.212264E-06             0.300
     11            7        0.000000E+00       0.402000E-04             0.300
     11            8        0.000000E+00       0.160967E-04             0.300
     11            9        0.000000E+00       0.774914E-05             0.300
     11           10        0.000000E+00       0.353536E-05             0.300
     11           11        0.000000E+00       0.151534E-05             0.300
     11           12        0.000000E+00       0.700646E-06             0.300
Exact wavepacket: Lanczos
   Step          Order      Stepsize [fs]           Error           Time [fs]
     12            1        0.000000E+00       0.100000E+01             0.350
     12            2        0.000000E+00       0.765166E+00             0.350
     12            3        0.000000E+00       0.699357E+00             0.350
     12            4        0.000000E+00       0.311497E+00             0.350
     12            5        0.000000E+00       0.295507E+00             0.350
     12            6        0.000000E+00       0.151302E+00             0.350
     12            7        0.000000E+00       0.112238E+00             0.350
     12            8        0.000000E+00       0.752733E-01             0.350
     12            9        0.000000E+00       0.485822E-01             0.350
     12           10        0.000000E+00       0.355258E-01             0.350
     12           11        0.000000E+00       0.257454E-01             0.350
     12           12        0.000000E+00       0.155622E-01             0.350
     12           13        0.000000E+00       0.109548E-01             0.350
     12           14        0.000000E+00       0.743332E-02             0.350
     12           15        0.000000E+00       0.517948E-02             0.350
     12           16        0.000000E+00       0.387543E-02             0.350
     12           17        0.000000E+00       0.235329E-02             0.350
     12           18        0.000000E+00       0.123561E-02             0.350
     12           19        0.000000E+00       0.939087E-03             0.350
     12           20        0.000000E+00       0.534030E-03             0.350
     12           21        0.000000E+00       0.334552E-03             0.350
     12           22        0.000000E+00       0.275381E-03             0.350
     12           23        0.000000E+00       0.190827E-03             0.350
     12           24        0.000000E+00       0.142919E-03             0.350
     12           25        0.000000E+00       0.108904E-03             0.350
     12           26        0.000000E+00       0.674705E-04             0.350
     12           27        0.000000E+00       0.622937E-04             0.350
     12           28        0.000000E+00       0.470114E-04             0.350
     12           29        0.000000E+00       0.328881E-04             0.350
     12           30        0.000000E+00       0.284715E-04             0.350
     12           31        0.000000E+00       0.167746E-04             0.350
     12           32        0.000000E+00       0.115608E-04             0.350
     12           33        0.000000E+00       0.103426E-04             0.350
     12           34        0.000000E+00       0.680596E-05             0.350
     12           35        0.000000E+00       0.524865E-05             0.350
     12           36        0.000000E+00       0.413514E-05             0.350
     12           37        0.000000E+00       0.253840E-05             0.350
     12           38        0.000000E+00       0.212642E-05             0.350
     12           39        0.000000E+00       0.171123E-05             0.350
     12           40        0.000000E+00       0.969335E-06             0.350
     12           41        0.000000E+00       0.702511E-03             0.350
     12           42        0.000000E+00       0.510849E-03             0.350
     12           43        0.000000E+00       0.281718E-03             0.350
     12           44        0.000000E+00       0.269759E-03             0.350
     12           45        0.000000E+00       0.243236E-03             0.350
     12           46        0.000000E+00       0.152943E-03             0.350
     12           47        0.000000E+00       0.104045E-03             0.350
     12           48        0.000000E+00       0.101237E-03             0.350
     12           49        0.000000E+00       0.486948E-04             0.350
     12           50        0.000000E+00       0.428858E-04             0.350
     12           51        0.000000E+00       0.357234E-04             0.350
     12           52        0.000000E+00       0.224756E-04             0.350
     12           53        0.000000E+00       0.151927E-04             0.350
     12           54        0.000000E+00       0.130908E-04             0.350
     12           55        0.000000E+00       0.958627E-05             0.350
     12           56        0.000000E+00       0.917764E-05             0.350
     12           57        0.000000E+00       0.757912E-05             0.350
     12           58        0.000000E+00       0.604352E-05             0.350
     12           59        0.000000E+00       0.422264E-05             0.350
     12           60        0.000000E+00       0.330127E-05             0.350
     12           61        0.000000E+00       0.282868E-05             0.350
     12           62        0.000000E+00       0.194638E-05             0.350
     12           63        0.000000E+00       0.149901E-05             0.350
     12           64        0.000000E+00       0.131280E-05             0.350
     12           65        0.000000E+00       0.104341E-05             0.350
     12           66        0.000000E+00       0.967035E-06             0.350
     12           67        0.000000E+00       0.769390E-06             0.350
     12           68        0.000000E+00       0.606568E-06             0.350
     12           69        0.000000E+00       0.582069E-06             0.350
     12           70        0.000000E+00       0.443578E-06             0.350
A: Lanczos (SIL)
   Step          Order      Stepsize [fs]           Error           Time [fs]
     13            1        0.000000E+00       0.224554E-01             0.400
     13            2        0.000000E+00       0.850387E-02             0.400
     13            3        0.000000E+00       0.384641E-02             0.400
     13            4        0.000000E+00       0.232444E-02             0.400
     13            5        0.000000E+00       0.619670E-03             0.400
     13            6        0.000000E+00       0.304671E-03             0.400
     13            7        0.000000E+00       0.159027E-03             0.400
     13            8        0.000000E+00       0.776473E-04             0.400
     13            9        0.000000E+00       0.307392E-04             0.400
     13           10        0.000000E+00       0.129151E-04             0.400
     13           11        0.000000E+00       0.560199E-05             0.400
     13           12        0.000000E+00       0.258469E-05             0.400
     13           13        0.000000E+00       0.119428E-05             0.400
     13           14        0.000000E+00       0.560277E-06             0.400
     13           15        0.000000E+00       0.302151E-02             0.400
     13           16        0.000000E+00       0.142301E-02             0.400
     13           17        0.000000E+00       0.667265E-03             0.400
     13           18        0.000000E+00       0.299586E-03             0.400
     13           19        0.000000E+00       0.147541E-03             0.400
     13           20        0.000000E+00       0.652960E-04             0.400
     13           21        0.000000E+00       0.321897E-04             0.400
     13           22        0.000000E+00       0.147407E-04             0.400
     13           23        0.000000E+00       0.579331E-05             0.400
     13           24        0.000000E+00       0.290995E-05             0.400
     13           25        0.000000E+00       0.134096E-05             0.400
     13           26        0.000000E+00       0.622682E-06             0.400
Time in fs:      0.40000
Exact wavepacket: Lanczos
   Step          Order      Stepsize [fs]           Error           Time [fs]
     14            1        0.000000E+00       0.184958E-04             0.400
     14            2        0.000000E+00       0.508746E-05             0.400
     14            3        0.000000E+00       0.251478E-05             0.400
     14            4        0.000000E+00       0.133554E-05             0.400
     14            5        0.000000E+00       0.598171E-06             0.400
     14            6        0.000000E+00       0.294301E-06             0.400
     14            7        0.000000E+00       0.106152E-05             0.400
     14            8        0.000000E+00       0.474374E-06             0.400
     14            9        0.000000E+00       0.107774E-05             0.400
     14           10        0.000000E+00       0.523675E-06             0.400
Exact wavepacket: Lanczos
   Step          Order      Stepsize [fs]           Error           Time [fs]
     15            1        0.000000E+00       0.100000E+01             0.450
     15            2        0.000000E+00       0.808305E+00             0.450
     15            3        0.000000E+00       0.781399E+00             0.450
     15            4        0.000000E+00       0.522944E+00             0.450
     15            5        0.000000E+00       0.493756E+00             0.450
     15            6        0.000000E+00       0.312451E+00             0.450
     15            7        0.000000E+00       0.198191E+00             0.450
     15            8        0.000000E+00       0.143920E+00             0.450
     15            9        0.000000E+00       0.903028E-01             0.450
     15           10        0.000000E+00       0.621311E-01             0.450
     15           11        0.000000E+00       0.408885E-01             0.450
     15           12        0.000000E+00       0.270718E-01             0.450
     15           13        0.000000E+00       0.202707E-01             0.450
     15           14        0.000000E+00       0.150587E-01             0.450
     15           15        0.000000E+00       0.107610E-01             0.450
     15           16        0.000000E+00       0.691694E-02             0.450
     15           17        0.000000E+00       0.503153E-02             0.450
     15           18        0.000000E+00       0.369347E-02             0.450
     15           19        0.000000E+00       0.276059E-02             0.450
     15           20        0.000000E+00       0.190999E-02             0.450
     15           21        0.000000E+00       0.102031E-02             0.450
     15           22        0.000000E+00       0.648173E-03             0.450
     15           23        0.000000E+00       0.439208E-03             0.450
     15           24        0.000000E+00       0.304208E-03             0.450
     15           25        0.000000E+00       0.209236E-03             0.450
     15           26        0.000000E+00       0.100611E-03             0.450
     15           27        0.000000E+00       0.898124E-04             0.450
     15           28        0.000000E+00       0.623051E-04             0.450
     15           29        0.000000E+00       0.418984E-04             0.450
     15           30        0.000000E+00       0.392200E-04             0.450
     15           31        0.000000E+00       0.263689E-04             0.450
     15           32        0.000000E+00       0.151054E-04             0.450
     15           33        0.000000E+00       0.138811E-04             0.450
     15           34        0.000000E+00       0.965122E-05             0.450
     15           35        0.000000E+00       0.640016E-05             0.450
     15           36        0.000000E+00       0.541027E-05             0.450
     15           37        0.000000E+00       0.302053E-05             0.450
     15           38        0.000000E+00       0.293461E-05             0.450
     15           39        0.000000E+00       0.249341E-05             0.450
     15           40        0.000000E+00       0.141491E-05             0.450
     15           41        0.000000E+00       0.101676E-05             0.450
     15           42        0.000000E+00       0.845427E-06             0.450
     15           43        0.000000E+00       0.627873E-03             0.450
     15           44        0.000000E+00       0.532265E-03             0.450
     15           45        0.000000E+00       0.451304E-03             0.450
     15           46        0.000000E+00       0.279845E-03             0.450
     15           47        0.000000E+00       0.199810E-03             0.450
     15           48        0.000000E+00       0.195496E-03             0.450
     15           49        0.000000E+00       0.125706E-03             0.450
     15           50        0.000000E+00       0.645795E-04             0.450
     15           51        0.000000E+00       0.458176E-04             0.450
     15           52        0.000000E+00       0.392591E-04             0.450
     15           53        0.000000E+00       0.234190E-04             0.450
     15           54        0.000000E+00       0.174714E-04             0.450
     15           55        0.000000E+00       0.121626E-04             0.450
     15           56        0.000000E+00       0.108459E-04             0.450
     15           57        0.000000E+00       0.994058E-05             0.450
     15           58        0.000000E+00       0.835388E-05             0.450
     15           59        0.000000E+00       0.495673E-05             0.450
     15           60        0.000000E+00       0.413207E-05             0.450
     15           61        0.000000E+00       0.358909E-05             0.450
     15           62        0.000000E+00       0.229881E-05             0.450
     15           63        0.000000E+00       0.215555E-05             0.450
     15           64        0.000000E+00       0.188241E-05             0.450
     15           65        0.000000E+00       0.179176E-05             0.450
     15           66        0.000000E+00       0.150397E-05             0.450
     15           67        0.000000E+00       0.121505E-05             0.450
     15           68        0.000000E+00       0.828523E-06             0.450
     15           69        0.000000E+00       0.717372E-06             0.450
     15           70        0.000000E+00       0.560122E-06             0.450
A: Lanczos (SIL)
   Step          Order      Stepsize [fs]           Error           Time [fs]
     16            1        0.000000E+00       0.532007E-02             0.500
     16            2        0.000000E+00       0.222744E-02             0.500
     16            3        0.000000E+00       0.147496E-02             0.500
     16            4        0.000000E+00       0.530540E-03             0.500
     16            5        0.000000E+00       0.292164E-03             0.500
     16            6        0.000000E+00       0.106706E-03             0.500
     16            7        0.000000E+00       0.610760E-04             0.500
     16            8        0.000000E+00       0.264316E-04             0.500
     16            9        0.000000E+00       0.126585E-04             0.500
     16           10        0.000000E+00       0.566739E-05             0.500
     16           11        0.000000E+00       0.230662E-05             0.500
     16           12        0.000000E+00       0.118789E-05             0.500
     16           13        0.000000E+00       0.505849E-06             0.500
     16           14        0.000000E+00       0.220063E-06             0.500
     16           15        0.000000E+00       0.311521E-05             0.500
     16           16        0.000000E+00       0.120839E-05             0.500
     16           17        0.000000E+00       0.569605E-06             0.500
     16           18        0.000000E+00       0.252985E-06             0.500
     16           19        0.000000E+00       0.702919E-06             0.500
     16           20        0.000000E+00       0.330444E-06             0.500
     16           21        0.000000E+00       0.338730E-04             0.500
     16           22        0.000000E+00       0.163229E-04             0.500
     16           23        0.000000E+00       0.730744E-05             0.500
     16           24        0.000000E+00       0.266746E-05             0.500
     16           25        0.000000E+00       0.126604E-05             0.500
     16           26        0.000000E+00       0.563598E-06             0.500
     16           27        0.000000E+00       0.234073E-06             0.500
     16           28        0.000000E+00       0.109219E-06             0.500
     16           29        0.000000E+00       0.459269E-07             0.500
     16           30        0.000000E+00       0.188136E-07             0.500
Time in fs:      0.50000
Exact wavepacket: Lanczos
   Step          Order      Stepsize [fs]           Error           Time [fs]
     17            1        0.000000E+00       0.154679E-04             0.500
     17            2        0.000000E+00       0.545895E-05             0.500
     17            3        0.000000E+00       0.218682E-05             0.500
     17            4        0.000000E+00       0.105510E-05             0.500
     17            5        0.000000E+00       0.399982E-06             0.500
     17            6        0.000000E+00       0.180398E-06             0.500
Exact wavepacket: Lanczos
   Step          Order      Stepsize [fs]           Error           Time [fs]
     18            1        0.000000E+00       0.100000E+01             0.550
     18            2        0.000000E+00       0.853166E+00             0.550
     18            3        0.000000E+00       0.793646E+00             0.550
     18            4        0.000000E+00       0.383812E+00             0.550
     18            5        0.000000E+00       0.321565E+00             0.550
     18            6        0.000000E+00       0.217274E+00             0.550
     18            7        0.000000E+00       0.139445E+00             0.550
     18            8        0.000000E+00       0.124466E+00             0.550
     18            9        0.000000E+00       0.792727E-01             0.550
     18           10        0.000000E+00       0.523914E-01             0.550
     18           11        0.000000E+00       0.359068E-01             0.550
     18           12        0.000000E+00       0.206946E-01             0.550
     18           13        0.000000E+00       0.150127E-01             0.550
     18           14        0.000000E+00       0.116890E-01             0.550
     18           15        0.000000E+00       0.848943E-02             0.550
     18           16        0.000000E+00       0.590888E-02             0.550
     18           17        0.000000E+00       0.446124E-02             0.550
     18           18        0.000000E+00       0.266173E-02             0.550
     18           19        0.000000E+00       0.205469E-02             0.550
     18           20        0.000000E+00       0.142859E-02             0.550
     18           21        0.000000E+00       0.105167E-02             0.550
     18           22        0.000000E+00       0.803039E-03             0.550
     18           23        0.000000E+00       0.468919E-03             0.550
     18           24        0.000000E+00       0.311440E-03             0.550
     18           25        0.000000E+00       0.177560E-03             0.550
     18           26        0.000000E+00       0.126384E-03             0.550
     18           27        0.000000E+00       0.705931E-04             0.550
     18           28        0.000000E+00       0.566885E-04             0.550
     18           29        0.000000E+00       0.266872E-04             0.550
     18           30        0.000000E+00       0.264232E-04             0.550
     18           31        0.000000E+00       0.186215E-04             0.550
     18           32        0.000000E+00       0.133779E-04             0.550
     18           33        0.000000E+00       0.116296E-04             0.550
     18           34        0.000000E+00       0.113499E-04             0.550
     18           35        0.000000E+00       0.648255E-05             0.550
     18           36        0.000000E+00       0.463751E-05             0.550
     18           37        0.000000E+00       0.451018E-05             0.550
     18           38        0.000000E+00       0.239908E-05             0.550
     18           39        0.000000E+00       0.151403E-05             0.550
     18           40        0.000000E+00       0.145425E-05             0.550
     18           41        0.000000E+00       0.660831E-06             0.550
     18           42        0.000000E+00       0.532090E-06             0.550
     18           43        0.000000E+00       0.134042E+00             0.550
     18           44        0.000000E+00       0.101315E+00             0.550
     18           45        0.000000E+00       0.856084E-01             0.550
     18           46        0.000000E+00       0.643880E-01             0.550
     18           47        0.000000E+00       0.357862E-01             0.550
     18           48        0.000000E+00       0.350697E-01             0.550
     18           49        0.000000E+00       0.314322E-01             0.550
     18           50        0.000000E+00       0.208783E-01             0.550
     18           51        0.000000E+00       0.110466E-01             0.550
     18           52        0.000000E+00       0.100846E-01             0.550
     18           53        0.000000E+00       0.509243E-02             0.550
     18           54        0.000000E+00       0.334009E-02             0.550
     18           55        0.000000E+00       0.209843E-02             0.550
     18           56        0.000000E+00       0.184361E-02             0.550
     18           57        0.000000E+00       0.159123E-02             0.550
     18           58        0.000000E+00       0.131697E-02             0.550
     18           59        0.000000E+00       0.958195E-03             0.550
     18           60        0.000000E+00       0.874527E-03             0.550
     18           61        0.000000E+00       0.711184E-03             0.550
     18           62        0.000000E+00       0.572854E-03             0.550
     18           63        0.000000E+00       0.520281E-03             0.550
     18           64        0.000000E+00       0.454200E-03             0.550
     18           65        0.000000E+00       0.445138E-03             0.550
     18           66        0.000000E+00       0.425680E-03             0.550
     18           67        0.000000E+00       0.412433E-03             0.550
     18           68        0.000000E+00       0.260892E-03             0.550
     18           69        0.000000E+00       0.260643E-03             0.550
     18           70        0.000000E+00       0.259119E-03             0.550
     18           71        0.000000E+00       0.225181E-03             0.550
     18           72        0.000000E+00       0.147765E-03             0.550
     18           73        0.000000E+00       0.132690E-03             0.550
     18           74        0.000000E+00       0.911300E-04             0.550
     18           75        0.000000E+00       0.738444E-04             0.550
     18           76        0.000000E+00       0.698590E-04             0.550
     18           77        0.000000E+00       0.669869E-04             0.550
     18           78        0.000000E+00       0.667359E-04             0.550
     18           79        0.000000E+00       0.337735E-04             0.550
     18           80        0.000000E+00       0.264247E-04             0.550
     18           81        0.000000E+00       0.218410E-04             0.550
     18           82        0.000000E+00       0.179958E-04             0.550
     18           83        0.000000E+00       0.167495E-04             0.550
     18           84        0.000000E+00       0.104167E-04             0.550
     18           85        0.000000E+00       0.651653E-05             0.550
     18           86        0.000000E+00       0.452086E-05             0.550
     18           87        0.000000E+00       0.388445E-05             0.550
     18           88        0.000000E+00       0.313403E-05             0.550
     18           89        0.000000E+00       0.217943E-05             0.550
     18           90        0.000000E+00       0.145662E-05             0.550
     18           91        0.000000E+00       0.667514E-06             0.550
     18           92        0.000000E+00       0.197837E-06             0.550
     18           93        0.000000E+00       0.674270E-07             0.550
     18           94        0.000000E+00       0.184147E-07             0.550
     18           95        0.000000E+00       0.593048E-08             0.550
A: Lanczos (SIL)
   Step          Order      Stepsize [fs]           Error           Time [fs]
     19            1        0.000000E+00       0.798870E-02             0.600
     19            2        0.000000E+00       0.246921E-02             0.600
     19            3        0.000000E+00       0.138557E-02             0.600
     19            4        0.000000E+00       0.475407E-03             0.600
     19            5        0.000000E+00       0.189620E-03             0.600
     19            6        0.000000E+00       0.100594E-03             0.600
     19            7        0.000000E+00       0.417260E-04             0.600
     19            8        0.000000E+00       0.227416E-04             0.600
     19            9        0.000000E+00       0.855460E-05             0.600
     19           10        0.000000E+00       0.459028E-05             0.600
     19           11        0.000000E+00       0.175182E-05             0.600
     19           12        0.000000E+00       0.853692E-06             0.600
     19           13        0.000000E+00       0.276049E-02             0.600
     19           14        0.000000E+00       0.117253E-02             0.600
     19           15        0.000000E+00       0.589161E-03             0.600
     19           16        0.000000E+00       0.247584E-03             0.600
     19           17        0.000000E+00       0.118119E-03             0.600
     19           18        0.000000E+00       0.459431E-04             0.600
     19           19        0.000000E+00       0.239248E-04             0.600
     19           20        0.000000E+00       0.105568E-04             0.600
     19           21        0.000000E+00       0.486563E-05             0.600
     19           22        0.000000E+00       0.221235E-05             0.600
     19           23        0.000000E+00       0.100288E-05             0.600
     19           24        0.000000E+00       0.473612E-06             0.600
Time in fs:      0.60000
Exact wavepacket: Lanczos
   Step          Order      Stepsize [fs]           Error           Time [fs]
     20            1        0.000000E+00       0.253225E-04             0.600
     20            2        0.000000E+00       0.918901E-05             0.600
     20            3        0.000000E+00       0.447390E-05             0.600
     20            4        0.000000E+00       0.196742E-05             0.600
     20            5        0.000000E+00       0.929133E-06             0.600
     20            6        0.000000E+00       0.407230E-06             0.600
Exact wavepacket: Lanczos
   Step          Order      Stepsize [fs]           Error           Time [fs]
     21            1        0.000000E+00       0.100000E+01             0.650
     21            2        0.000000E+00       0.769103E+00             0.650
     21            3        0.000000E+00       0.703571E+00             0.650
     21            4        0.000000E+00       0.318134E+00             0.650
     21            5        0.000000E+00       0.284710E+00             0.650
     21            6        0.000000E+00       0.176861E+00             0.650
     21            7        0.000000E+00       0.130679E+00             0.650
     21            8        0.000000E+00       0.102014E+00             0.650
     21            9        0.000000E+00       0.744251E-01             0.650
     21           10        0.000000E+00       0.535549E-01             0.650
     21           11        0.000000E+00       0.355457E-01             0.650
     21           12        0.000000E+00       0.244800E-01             0.650
     21           13        0.000000E+00       0.213163E-01             0.650
     21           14        0.000000E+00       0.132600E-01             0.650
     21           15        0.000000E+00       0.102253E-01             0.650
     21           16        0.000000E+00       0.691079E-02             0.650
     21           17        0.000000E+00       0.507082E-02             0.650
     21           18        0.000000E+00       0.292097E-02             0.650
     21           19        0.000000E+00       0.185101E-02             0.650
     21           20        0.000000E+00       0.108703E-02             0.650
     21           21        0.000000E+00       0.768324E-03             0.650
     21           22        0.000000E+00       0.504454E-03             0.650
     21           23        0.000000E+00       0.332908E-03             0.650
     21           24        0.000000E+00       0.263092E-03             0.650
     21           25        0.000000E+00       0.193199E-03             0.650
     21           26        0.000000E+00       0.136423E-03             0.650
     21           27        0.000000E+00       0.106073E-03             0.650
     21           28        0.000000E+00       0.825870E-04             0.650
     21           29        0.000000E+00       0.422309E-04             0.650
     21           30        0.000000E+00       0.396477E-04             0.650
     21           31        0.000000E+00       0.318903E-04             0.650
     21           32        0.000000E+00       0.154522E-04             0.650
     21           33        0.000000E+00       0.124400E-04             0.650
     21           34        0.000000E+00       0.103395E-04             0.650
     21           35        0.000000E+00       0.602992E-05             0.650
     21           36        0.000000E+00       0.565624E-05             0.650
     21           37        0.000000E+00       0.467080E-05             0.650
     21           38        0.000000E+00       0.271588E-05             0.650
     21           39        0.000000E+00       0.178504E-05             0.650
     21           40        0.000000E+00       0.153771E-05             0.650
     21           41        0.000000E+00       0.108270E-05             0.650
     21           42        0.000000E+00       0.751007E-06             0.650
     21           43        0.000000E+00       0.122880E+00             0.650
     21           44        0.000000E+00       0.101642E+00             0.650
     21           45        0.000000E+00       0.562255E-01             0.650
     21           46        0.000000E+00       0.449661E-01             0.650
     21           47        0.000000E+00       0.328867E-01             0.650
     21           48        0.000000E+00       0.178781E-01             0.650
     21           49        0.000000E+00       0.177067E-01             0.650
     21           50        0.000000E+00       0.856893E-02             0.650
     21           51        0.000000E+00       0.695868E-02             0.650
     21           52        0.000000E+00       0.600372E-02             0.650
     21           53        0.000000E+00       0.289917E-02             0.650
     21           54        0.000000E+00       0.176728E-02             0.650
     21           55        0.000000E+00       0.132084E-02             0.650
     21           56        0.000000E+00       0.131955E-02             0.650
     21           57        0.000000E+00       0.115410E-02             0.650
     21           58        0.000000E+00       0.108819E-02             0.650
     21           59        0.000000E+00       0.931165E-03             0.650
     21           60        0.000000E+00       0.870995E-03             0.650
     21           61        0.000000E+00       0.795279E-03             0.650
     21           62        0.000000E+00       0.670100E-03             0.650
     21           63        0.000000E+00       0.453140E-03             0.650
     21           64        0.000000E+00       0.340834E-03             0.650
     21           65        0.000000E+00       0.337031E-03             0.650
     21           66        0.000000E+00       0.242215E-03             0.650
     21           67        0.000000E+00       0.203394E-03             0.650
     21           68        0.000000E+00       0.180620E-03             0.650
     21           69        0.000000E+00       0.118747E-03             0.650
     21           70        0.000000E+00       0.781055E-04             0.650
     21           71        0.000000E+00       0.769610E-04             0.650
     21           72        0.000000E+00       0.642545E-04             0.650
     21           73        0.000000E+00       0.564583E-04             0.650
     21           74        0.000000E+00       0.559395E-04             0.650
     21           75        0.000000E+00       0.351035E-04             0.650
     21           76        0.000000E+00       0.272496E-04             0.650
     21           77        0.000000E+00       0.147348E-04             0.650
     21           78        0.000000E+00       0.115497E-04             0.650
     21           79        0.000000E+00       0.821785E-05             0.650
     21           80        0.000000E+00       0.515005E-05             0.650
     21           81        0.000000E+00       0.416794E-05             0.650
     21           82        0.000000E+00       0.361813E-05             0.650
     21           83        0.000000E+00       0.181195E-05             0.650
     21           84        0.000000E+00       0.123858E-05             0.650
     21           85        0.000000E+00       0.822922E-06             0.650
A: Lanczos (SIL)
   Step          Order      Stepsize [fs]           Error           Time [fs]
     22            1        0.000000E+00       0.805536E-01             0.700
     22            2        0.000000E+00       0.259550E-01             0.700
     22            3        0.000000E+00       0.145714E-01             0.700
     22            4        0.000000E+00       0.454256E-02             0.700
     22            5        0.000000E+00       0.263938E-02             0.700
     22            6        0.000000E+00       0.931273E-03             0.700
     22            7        0.000000E+00       0.495281E-03             0.700
     22            8        0.000000E+00       0.252200E-03             0.700
     22            9        0.000000E+00       0.121109E-03             0.700
     22           10        0.000000E+00       0.548881E-04             0.700
     22           11        0.000000E+00       0.229241E-04             0.700
     22           12        0.000000E+00       0.120757E-04             0.700
     22           13        0.000000E+00       0.531370E-05             0.700
     22           14        0.000000E+00       0.224035E-05             0.700
     22           15        0.000000E+00       0.130070E-05             0.700
     22           16        0.000000E+00       0.560211E-06             0.700
     22           17        0.000000E+00       0.741373E-04             0.700
     22           18        0.000000E+00       0.335244E-04             0.700
     22           19        0.000000E+00       0.172533E-04             0.700
     22           20        0.000000E+00       0.764685E-05             0.700
     22           21        0.000000E+00       0.344525E-05             0.700
     22           22        0.000000E+00       0.140287E-05             0.700
     22           23        0.000000E+00       0.689018E-06             0.700
     22           24        0.000000E+00       0.263566E-06             0.700
     22           25        0.000000E+00       0.134653E-04             0.700
     22           26        0.000000E+00       0.660598E-05             0.700
     22           27        0.000000E+00       0.220382E-05             0.700
     22           28        0.000000E+00       0.114113E-05             0.700
     22           29        0.000000E+00       0.449108E-06             0.700
     22           30        0.000000E+00       0.155542E-06             0.700
Time in fs:      0.70000
Exact wavepacket: Lanczos
   Step          Order      Stepsize [fs]           Error           Time [fs]
     23            1        0.000000E+00       0.134277E-04             0.700
     23            2        0.000000E+00       0.447806E-05             0.700
     23            3        0.000000E+00       0.177140E-05             0.700
     23            4        0.000000E+00       0.853577E-06             0.700
Exact wavepacket: Lanczos
   Step          Order      Stepsize [fs]           Error           Time [fs]
     24            1        0.000000E+00       0.100000E+01             0.750
     24            2        0.000000E+00       0.820991E+00             0.750
     24            3        0.000000E+00       0.777245E+00             0.750
     24            4        0.000000E+00       0.538355E+00             0.750
     24            5        0.000000E+00       0.487380E+00             0.750
     24            6        0.000000E+00       0.242039E+00             0.750
     24            7        0.000000E+00       0.216281E+00             0.750
     24            8        0.000000E+00       0.130108E+00             0.750
     24            9        0.000000E+00       0.859404E-01             0.750
     24           10        0.000000E+00       0.572508E-01             0.750
     24           11        0.000000E+00       0.476056E-01             0.750
     24           12        0.000000E+00       0.331917E-01             0.750
     24           13        0.000000E+00       0.211594E-01             0.750
     24           14        0.000000E+00       0.145665E-01             0.750
     24           15        0.000000E+00       0.754864E-02             0.750
     24           16        0.000000E+00       0.567574E-02             0.750
     24           17        0.000000E+00       0.355803E-02             0.750
     24           18        0.000000E+00       0.266527E-02             0.750
     24           19        0.000000E+00       0.182421E-02             0.750
     24           20        0.000000E+00       0.153060E-02             0.750
     24           21        0.000000E+00       0.107629E-02             0.750
     24           22        0.000000E+00       0.727698E-03             0.750
     24           23        0.000000E+00       0.379044E-03             0.750
     24           24        0.000000E+00       0.250900E-03             0.750
     24           25        0.000000E+00       0.178405E-03             0.750
     24           26        0.000000E+00       0.131039E-03             0.750
     24           27        0.000000E+00       0.937447E-04             0.750
     24           28        0.000000E+00       0.775997E-04             0.750
     24           29        0.000000E+00       0.474786E-04             0.750
     24           30        0.000000E+00       0.406861E-04             0.750
     24           31        0.000000E+00       0.231288E-04             0.750
     24           32        0.000000E+00       0.132903E-04             0.750
     24           33        0.000000E+00       0.132619E-04             0.750
     24           34        0.000000E+00       0.112125E-04             0.750
     24           35        0.000000E+00       0.756085E-05             0.750
     24           36        0.000000E+00       0.569956E-05             0.750
     24           37        0.000000E+00       0.548560E-05             0.750
     24           38        0.000000E+00       0.368010E-05             0.750
     24           39        0.000000E+00       0.209927E-05             0.750
     24           40        0.000000E+00       0.188830E-05             0.750
     24           41        0.000000E+00       0.123010E-05             0.750
     24           42        0.000000E+00       0.802653E-06             0.750
     24           43        0.000000E+00       0.864366E-02             0.750
     24           44        0.000000E+00       0.579463E-02             0.750
     24           45        0.000000E+00       0.344599E-02             0.750
     24           46        0.000000E+00       0.338108E-02             0.750
     24           47        0.000000E+00       0.134947E-02             0.750
     24           48        0.000000E+00       0.109615E-02             0.750
     24           49        0.000000E+00       0.802323E-03             0.750
     24           50        0.000000E+00       0.408420E-03             0.750
     24           51        0.000000E+00       0.307733E-03             0.750
     24           52        0.000000E+00       0.247370E-03             0.750
     24           53        0.000000E+00       0.135581E-03             0.750
     24           54        0.000000E+00       0.847749E-04             0.750
     24           55        0.000000E+00       0.726606E-04             0.750
     24           56        0.000000E+00       0.668323E-04             0.750
     24           57        0.000000E+00       0.627701E-04             0.750
     24           58        0.000000E+00       0.567829E-04             0.750
     24           59        0.000000E+00       0.439614E-04             0.750
     24           60        0.000000E+00       0.374798E-04             0.750
     24           61        0.000000E+00       0.250506E-04             0.750
     24           62        0.000000E+00       0.194871E-04             0.750
     24           63        0.000000E+00       0.183450E-04             0.750
     24           64        0.000000E+00       0.157289E-04             0.750
     24           65        0.000000E+00       0.145549E-04             0.750
     24           66        0.000000E+00       0.911173E-05             0.750
     24           67        0.000000E+00       0.620703E-05             0.750
     24           68        0.000000E+00       0.374799E-05             0.750
     24           69        0.000000E+00       0.311857E-05             0.750
     24           70        0.000000E+00       0.175795E-05             0.750
     24           71        0.000000E+00       0.169862E-05             0.750
     24           72        0.000000E+00       0.120723E-05             0.750
     24           73        0.000000E+00       0.100015E-05             0.750
     24           74        0.000000E+00       0.561030E-06             0.750
     24           75        0.000000E+00       0.422283E-06             0.750
A: Lanczos (SIL)
   Step          Order      Stepsize [fs]           Error           Time [fs]
     25            1        0.000000E+00       0.640369E-02             0.800
     25            2        0.000000E+00       0.250175E-02             0.800
     25            3        0.000000E+00       0.120646E-02             0.800
     25            4        0.000000E+00       0.535309E-03             0.800
     25            5        0.000000E+00       0.211670E-03             0.800
     25            6        0.000000E+00       0.100772E-03             0.800
     25            7        0.000000E+00       0.455434E-04             0.800
     25            8        0.000000E+00       0.216748E-04             0.800
     25            9        0.000000E+00       0.782002E-05             0.800
     25           10        0.000000E+00       0.416329E-05             0.800
     25           11        0.000000E+00       0.139543E-05             0.800
     25           12        0.000000E+00       0.647903E-06             0.800
Time in fs:      0.80000
Exact wavepacket: Lanczos
   Step          Order      Stepsize [fs]           Error           Time [fs]
     26            1        0.000000E+00       0.270163E-04             0.800
     26            2        0.000000E+00       0.809723E-05             0.800
     26            3        0.000000E+00       0.435535E-05             0.800
     26            4        0.000000E+00       0.177899E-05             0.800
     26            5        0.000000E+00       0.890336E-06             0.800
     26            6        0.000000E+00       0.411434E-06             0.800
Exact wavepacket: Lanczos
   Step          Order      Stepsize [fs]           Error           Time [fs]
     27            1        0.000000E+00       0.100000E+01             0.850
     27            2        0.000000E+00       0.775157E+00             0.850
     27            3        0.000000E+00       0.749458E+00             0.850
     27            4        0.000000E+00       0.395382E+00             0.850
     27            5        0.000000E+00       0.378549E+00             0.850
     27            6        0.000000E+00       0.218844E+00             0.850
     27            7        0.000000E+00       0.135880E+00             0.850
     27            8        0.000000E+00       0.820460E-01             0.850
     27            9        0.000000E+00       0.556950E-01             0.850
     27           10        0.000000E+00       0.341797E-01             0.850
     27           11        0.000000E+00       0.292845E-01             0.850
     27           12        0.000000E+00       0.179986E-01             0.850
     27           13        0.000000E+00       0.130455E-01             0.850
     27           14        0.000000E+00       0.957749E-02             0.850
     27           15        0.000000E+00       0.648919E-02             0.850
     27           16        0.000000E+00       0.526280E-02             0.850
     27           17        0.000000E+00       0.352523E-02             0.850
     27           18        0.000000E+00       0.242422E-02             0.850
     27           19        0.000000E+00       0.149105E-02             0.850
     27           20        0.000000E+00       0.121618E-02             0.850
     27           21        0.000000E+00       0.780892E-03             0.850
     27           22        0.000000E+00       0.479180E-03             0.850
     27           23        0.000000E+00       0.326299E-03             0.850
     27           24        0.000000E+00       0.261929E-03             0.850
     27           25        0.000000E+00       0.178105E-03             0.850
     27           26        0.000000E+00       0.131988E-03             0.850
     27           27        0.000000E+00       0.107142E-03             0.850
     27           28        0.000000E+00       0.654112E-04             0.850
     27           29        0.000000E+00       0.611400E-04             0.850
     27           30        0.000000E+00       0.487717E-04             0.850
     27           31        0.000000E+00       0.291637E-04             0.850
     27           32        0.000000E+00       0.250900E-04             0.850
     27           33        0.000000E+00       0.213733E-04             0.850
     27           34        0.000000E+00       0.211904E-04             0.850
     27           35        0.000000E+00       0.130635E-04             0.850
     27           36        0.000000E+00       0.902525E-05             0.850
     27           37        0.000000E+00       0.823853E-05             0.850
     27           38        0.000000E+00       0.384453E-05             0.850
     27           39        0.000000E+00       0.307574E-05             0.850
     27           40        0.000000E+00       0.266474E-05             0.850
     27           41        0.000000E+00       0.162587E-05             0.850
     27           42        0.000000E+00       0.156849E-05             0.850
     27           43        0.000000E+00       0.127460E-05             0.850
     27           44        0.000000E+00       0.794779E-06             0.850
     27           45        0.000000E+00       0.450680E-02             0.850
     27           46        0.000000E+00       0.361683E-02             0.850
     27           47        0.000000E+00       0.142565E-02             0.850
     27           48        0.000000E+00       0.105677E-02             0.850
     27           49        0.000000E+00       0.653498E-03             0.850
     27           50        0.000000E+00       0.470223E-03             0.850
     27           51        0.000000E+00       0.412674E-03             0.850
     27           52        0.000000E+00       0.395596E-03             0.850
     27           53        0.000000E+00       0.187081E-03             0.850
     27           54        0.000000E+00       0.113200E-03             0.850
     27           55        0.000000E+00       0.918690E-04             0.850
     27           56        0.000000E+00       0.808225E-04             0.850
     27           57        0.000000E+00       0.692037E-04             0.850
     27           58        0.000000E+00       0.549689E-04             0.850
     27           59        0.000000E+00       0.413046E-04             0.850
     27           60        0.000000E+00       0.276941E-04             0.850
     27           61        0.000000E+00       0.268502E-04             0.850
     27           62        0.000000E+00       0.142428E-04             0.850
     27           63        0.000000E+00       0.132544E-04             0.850
     27           64        0.000000E+00       0.124155E-04             0.850
     27           65        0.000000E+00       0.123586E-04             0.850
     27           66        0.000000E+00       0.112210E-04             0.850
     27           67        0.000000E+00       0.938906E-05             0.850
     27           68        0.000000E+00       0.850157E-05             0.850
     27           69        0.000000E+00       0.804081E-05             0.850
     27           70        0.000000E+00       0.701188E-05             0.850
     27           71        0.000000E+00       0.700842E-05             0.850
     27           72        0.000000E+00       0.408688E-05             0.850
     27           73        0.000000E+00       0.345024E-05             0.850
     27           74        0.000000E+00       0.280267E-05             0.850
     27           75        0.000000E+00       0.236240E-05             0.850
     27           76        0.000000E+00       0.190651E-05             0.850
     27           77        0.000000E+00       0.102619E-05             0.850
     27           78        0.000000E+00       0.661888E-06             0.850
     27           79        0.000000E+00       0.549560E-06             0.850
     27           80        0.000000E+00       0.400460E-06             0.850
A: Lanczos (SIL)
   Step          Order      Stepsize [fs]           Error           Time [fs]
     28            1        0.000000E+00       0.244676E-01             0.900
     28            2        0.000000E+00       0.905672E-02             0.900
     28            3        0.000000E+00       0.493444E-02             0.900
     28            4        0.000000E+00       0.140176E-02             0.900
     28            5        0.000000E+00       0.830212E-03             0.900
     28            6        0.000000E+00       0.227257E-03             0.900
     28            7        0.000000E+00       0.135949E-03             0.900
     28            8        0.000000E+00       0.574716E-04             0.900
     28            9        0.000000E+00       0.319245E-04             0.900
     28           10        0.000000E+00       0.114811E-04             0.900
     28           11        0.000000E+00       0.562100E-05             0.900
     28           12        0.000000E+00       0.221433E-05             0.900
     28           13        0.000000E+00       0.103013E-05             0.900
     28           14        0.000000E+00       0.472244E-06             0.900
     28           15        0.000000E+00       0.439536E-05             0.900
     28           16        0.000000E+00       0.186387E-05             0.900
     28           17        0.000000E+00       0.764305E-06             0.900
     28           18        0.000000E+00       0.370965E-06             0.900
Time in fs:      0.90000
Exact wavepacket: Lanczos
   Step          Order      Stepsize [fs]           Error           Time [fs]
     29            1        0.000000E+00       0.283336E-04             0.900
     29            2        0.000000E+00       0.101291E-04             0.900
     29            3        0.000000E+00       0.489534E-05             0.900
     29            4        0.000000E+00       0.197395E-05             0.900
     29            5        0.000000E+00       0.843535E-06             0.900
     29            6        0.000000E+00       0.399660E-06             0.900
     29            7        0.000000E+00       0.841666E-06             0.900
     29            8        0.000000E+00       0.378165E-06             0.900
Exact wavepacket: Lanczos
   Step          Order      Stepsize [fs]           Error           Time [fs]
     30            1        0.000000E+00       0.100000E+01             0.950
     30            2        0.000000E+00       0.759542E+00             0.950
     30            3        0.000000E+00       0.697318E+00             0.950
     30            4        0.000000E+00       0.315603E+00             0.950
     30            5        0.000000E+00       0.305108E+00             0.950
     30            6        0.000000E+00       0.195111E+00             0.950
     30            7        0.000000E+00       0.131907E+00             0.950
     30            8        0.000000E+00       0.106589E+00             0.950
     30            9        0.000000E+00       0.771301E-01             0.950
     30           10        0.000000E+00       0.622421E-01             0.950
     30           11        0.000000E+00       0.410093E-01             0.950
     30           12        0.000000E+00       0.269485E-01             0.950
     30           13        0.000000E+00       0.150485E-01             0.950
     30           14        0.000000E+00       0.118699E-01             0.950
     30           15        0.000000E+00       0.680030E-02             0.950
     30           16        0.000000E+00       0.540127E-02             0.950
     30           17        0.000000E+00       0.296112E-02             0.950
     30           18        0.000000E+00       0.235310E-02             0.950
     30           19        0.000000E+00       0.141670E-02             0.950
     30           20        0.000000E+00       0.987804E-03             0.950
     30           21        0.000000E+00       0.740679E-03             0.950
     30           22        0.000000E+00       0.495705E-03             0.950
     30           23        0.000000E+00       0.308383E-03             0.950
     30           24        0.000000E+00       0.283089E-03             0.950
     30           25        0.000000E+00       0.233572E-03             0.950
     30           26        0.000000E+00       0.146034E-03             0.950
     30           27        0.000000E+00       0.119632E-03             0.950
     30           28        0.000000E+00       0.859206E-04             0.950
     30           29        0.000000E+00       0.609738E-04             0.950
     30           30        0.000000E+00       0.507950E-04             0.950
     30           31        0.000000E+00       0.366298E-04             0.950
     30           32        0.000000E+00       0.219800E-04             0.950
     30           33        0.000000E+00       0.188138E-04             0.950
     30           34        0.000000E+00       0.176989E-04             0.950
     30           35        0.000000E+00       0.135859E-04             0.950
     30           36        0.000000E+00       0.929550E-05             0.950
     30           37        0.000000E+00       0.752360E-05             0.950
     30           38        0.000000E+00       0.555753E-05             0.950
     30           39        0.000000E+00       0.368109E-05             0.950
     30           40        0.000000E+00       0.249284E-05             0.950
     30           41        0.000000E+00       0.162368E-05             0.950
     30           42        0.000000E+00       0.124405E-05             0.950
     30           43        0.000000E+00       0.118012E-05             0.950
     30           44        0.000000E+00       0.664067E-06             0.950
     30           45        0.000000E+00       0.295730E-02             0.950
     30           46        0.000000E+00       0.276521E-02             0.950
     30           47        0.000000E+00       0.148855E-02             0.950
     30           48        0.000000E+00       0.106175E-02             0.950
     30           49        0.000000E+00       0.951618E-03             0.950
     30           50        0.000000E+00       0.425513E-03             0.950
     30           51        0.000000E+00       0.233086E-03             0.950
     30           52        0.000000E+00       0.219575E-03             0.950
     30           53        0.000000E+00       0.187135E-03             0.950
     30           54        0.000000E+00       0.154086E-03             0.950
     30           55        0.000000E+00       0.811369E-04             0.950
     30           56        0.000000E+00       0.551049E-04             0.950
     30           57        0.000000E+00       0.528805E-04             0.950
     30           58        0.000000E+00       0.396089E-04             0.950
     30           59        0.000000E+00       0.236967E-04             0.950
     30           60        0.000000E+00       0.222739E-04             0.950
     30           61        0.000000E+00       0.157936E-04             0.950
     30           62        0.000000E+00       0.141529E-04             0.950
     30           63        0.000000E+00       0.110813E-04             0.950
     30           64        0.000000E+00       0.103426E-04             0.950
     30           65        0.000000E+00       0.897211E-05             0.950
     30           66        0.000000E+00       0.761858E-05             0.950
     30           67        0.000000E+00       0.710438E-05             0.950
     30           68        0.000000E+00       0.677664E-05             0.950
     30           69        0.000000E+00       0.567536E-05             0.950
     30           70        0.000000E+00       0.420069E-05             0.950
     30           71        0.000000E+00       0.319627E-05             0.950
     30           72        0.000000E+00       0.256525E-05             0.950
     30           73        0.000000E+00       0.164841E-05             0.950
     30           74        0.000000E+00       0.141186E-05             0.950
     30           75        0.000000E+00       0.896072E-06             0.950
A: Lanczos (SIL)
   Step          Order      Stepsize [fs]           Error           Time [fs]
     31            1        0.000000E+00       0.418819E-01             1.000
     31            2        0.000000E+00       0.148801E-01             1.000
     31            3        0.000000E+00       0.874643E-02             1.000
     31            4        0.000000E+00       0.195059E-02             1.000
     31            5        0.000000E+00       0.805930E-03             1.000
     31            6        0.000000E+00       0.488366E-03             1.000
     31            7        0.000000E+00       0.203721E-03             1.000
     31            8        0.000000E+00       0.889387E-04             1.000
     31            9        0.000000E+00       0.379490E-04             1.000
     31           10        0.000000E+00       0.189063E-04             1.000
     31           11        0.000000E+00       0.859508E-05             1.000
     31           12        0.000000E+00       0.418227E-05             1.000
     31           13        0.000000E+00       0.218470E-05             1.000
     31           14        0.000000E+00       0.829070E-06             1.000
     31           15        0.000000E+00       0.183693E-04             1.000
     31           16        0.000000E+00       0.884354E-05             1.000
     31           17        0.000000E+00       0.400806E-05             1.000
     31           18        0.000000E+00       0.193882E-05             1.000
     31           19        0.000000E+00       0.810260E-06             1.000
     31           20        0.000000E+00       0.403130E-06             1.000
     31           21        0.000000E+00       0.589570E-04             1.000
     31           22        0.000000E+00       0.244582E-04             1.000
     31           23        0.000000E+00       0.128420E-04             1.000
     31           24        0.000000E+00       0.528731E-05             1.000
     31           25        0.000000E+00       0.194656E-05             1.000
     31           26        0.000000E+00       0.975013E-06             1.000
     31           27        0.000000E+00       0.436762E-06             1.000
     31           28        0.000000E+00       0.184390E-06             1.000
     31           29        0.000000E+00       0.847426E-07             1.000
     31           30        0.000000E+00       0.289579E-07             1.000
Time in fs:      1.00000
