#Update-step  Updatetime     Error of A        Error of phi      Time in fs
     1 *      0.02500000     0.000000E+000     0.534064E-003        0.0000
     1        0.02500000     0.000000E+000     0.742612E-004        0.0250
     2        0.02500000     0.000000E+000     0.120978E-004        0.0500
     3        0.02500000     0.000000E+000     0.328537E-005        0.0750
     4        0.05000000     0.000000E+000     0.220505E-005        0.1000
     5        0.05000000     0.000000E+000     0.232536E-006        0.1500
     6        0.10000000     0.000000E+000     0.452931E-007        0.2000
     7        0.10000000     0.000000E+000     0.210799E-008        0.3000
     8        0.10000000     0.000000E+000     0.204386E-006        0.4000
     9        0.10000000     0.000000E+000     0.858323E-007        0.5000
    10        0.10000000     0.000000E+000     0.221504E-007        0.6000
    11        0.10000000     0.000000E+000     0.691519E-008        0.7000
    12        0.10000000     0.000000E+000     0.235487E-008        0.8000
    13        0.10000000     0.000000E+000     0.840584E-009        0.9000
