#    Start: ------ Host: "mendez-famaf" ----------Fri Sep 16 18:42:07 2022

#    Time[fs]   CPU-time[s]     Delta-CPU    Real time        RealT[s]     [h]
#       -0.00           7.7                  Sep 16 18:42:15         0     0.00
         0.00          44.3        36.570    Sep 16 18:42:28        13     0.00
         0.00         276.1       231.860    Sep 16 18:43:47        92     0.03
         0.00         619.6       343.480    Sep 16 18:45:42       207     0.06
         0.00        1078.9       459.240    Sep 16 18:48:17       362     0.10
         0.00        1552.7       473.810    Sep 16 18:50:59       524     0.15
         0.00        2037.9       485.210    Sep 16 18:53:45       690     0.19
         0.01        2499.2       461.320    Sep 16 18:56:25       850     0.24
         0.01        2970.5       471.330    Sep 16 18:59:08      1013     0.28
         0.01        3333.2       362.700    Sep 16 19:01:14      1139     0.32
         0.01        3645.7       312.430    Sep 16 19:03:01      1246     0.35
         0.01        3934.0       288.340    Sep 16 19:04:41      1346     0.37
         0.01        4204.9       270.910    Sep 16 19:06:15      1440     0.40
         0.01        4469.1       264.150    Sep 16 19:07:45      1530     0.42
         0.01        4720.5       251.440    Sep 16 19:09:12      1617     0.45
         0.01        4966.2       245.690    Sep 16 19:10:37      1702     0.47
         0.01        5212.6       246.380    Sep 16 19:12:03      1788     0.50
         0.02        5521.7       309.150    Sep 16 19:13:49      1894     0.53
         0.02        5742.2       220.470    Sep 16 19:15:04      1969     0.55
         0.02        5940.5       198.280    Sep 16 19:16:13      2038     0.57
         0.02        6201.6       261.140    Sep 16 19:17:43      2128     0.59
         0.02        6600.9       399.250    Sep 16 19:20:03      2268     0.63
         0.02        7000.0       399.160    Sep 16 19:22:23      2408     0.67
         0.02        7417.0       416.990    Sep 16 19:24:47      2552     0.71
         0.02        7824.8       407.820    Sep 16 19:27:09      2694     0.75
         0.02        8158.7       333.890    Sep 16 19:29:06      2811     0.78
         0.02        8435.5       276.760    Sep 16 19:30:44      2909     0.81
         0.03        8680.2       244.750    Sep 16 19:32:10      2995     0.83
         0.03        8908.7       228.430    Sep 16 19:33:31      3076     0.85
         0.03        9125.3       216.640    Sep 16 19:34:47      3152     0.88
         0.03        9329.7       204.380    Sep 16 19:35:59      3224     0.90
         0.03        9526.9       197.220    Sep 16 19:37:09      3294     0.92
         0.03        9726.2       199.300    Sep 16 19:38:19      3364     0.93
         0.03        9892.4       166.190    Sep 16 19:39:18      3423     0.95
         0.03       10097.8       205.430    Sep 16 19:40:30      3495     0.97
         0.03       10385.4       287.610    Sep 16 19:42:11      3596     1.00
         0.04       10669.4       283.940    Sep 16 19:43:51      3696     1.03
         0.04       10959.2       289.850    Sep 16 19:45:34      3799     1.06
         0.04       11253.8       294.560    Sep 16 19:47:19      3904     1.08
         0.04       11543.0       289.240    Sep 16 19:49:02      4007     1.11
         0.04       11828.5       285.440    Sep 16 19:50:44      4109     1.14
         0.04       12109.5       280.990    Sep 16 19:52:24      4209     1.17
         0.04       12381.6       272.150    Sep 16 19:54:00      4305     1.20
         0.04       12635.1       253.490    Sep 16 19:55:31      4396     1.22
         0.04       12869.8       234.730    Sep 16 19:56:53      4478     1.24
         0.04       13089.5       219.640    Sep 16 19:58:11      4556     1.27
         0.05       13296.7       207.240    Sep 16 19:59:25      4630     1.29
         0.05       13493.3       196.620    Sep 16 20:00:34      4699     1.31
         0.05       13681.8       188.470    Sep 16 20:01:41      4766     1.32
         0.05       13866.8       184.960    Sep 16 20:02:46      4831     1.34
         0.05       14045.1       178.350    Sep 16 20:03:49      4894     1.36
         0.05       14216.9       171.780    Sep 16 20:04:50      4955     1.38
         0.05       14380.0       163.140    Sep 16 20:05:48      5013     1.39
         0.05       14537.1       157.060    Sep 16 20:06:44      5069     1.41
         0.05       14685.9       148.790    Sep 16 20:07:37      5122     1.42
         0.05       14828.9       143.050    Sep 16 20:08:28      5173     1.44
         0.05       14966.2       137.250    Sep 16 20:09:17      5222     1.45
         0.06       15096.2       130.060    Sep 16 20:10:04      5269     1.46
         0.06       15222.9       126.630    Sep 16 20:10:49      5314     1.48
         0.06       15346.5       123.590    Sep 16 20:11:33      5358     1.49
         0.06       15466.5       120.030    Sep 16 20:12:17      5402     1.50
         0.06       15581.8       115.300    Sep 16 20:12:58      5443     1.51
         0.06       15694.4       112.630    Sep 16 20:13:38      5483     1.52
         0.06       15803.8       109.340    Sep 16 20:14:17      5522     1.53
         0.06       15911.1       107.320    Sep 16 20:14:55      5560     1.54
         0.06       16016.5       105.460    Sep 16 20:15:34      5599     1.56
         0.06       16120.4       103.860    Sep 16 20:16:11      5636     1.57
         0.07       16221.9       101.490    Sep 16 20:16:47      5672     1.58
         0.07       16319.8        97.890    Sep 16 20:17:22      5707     1.59
         0.07       16413.4        93.670    Sep 16 20:17:55      5740     1.59
         0.07       16505.6        92.190    Sep 16 20:18:29      5774     1.60
         0.07       16596.3        90.720    Sep 16 20:19:01      5806     1.61
         0.07       16685.6        89.250    Sep 16 20:19:33      5838     1.62
         0.07       16772.9        87.340    Sep 16 20:20:04      5869     1.63
         0.07       16858.6        85.650    Sep 16 20:20:35      5900     1.64
         0.07       16942.0        83.370    Sep 16 20:21:04      5929     1.65
         0.07       17024.2        82.240    Sep 16 20:21:34      5959     1.66
         0.08       17104.9        80.740    Sep 16 20:22:03      5988     1.66
         0.08       17183.8        78.880    Sep 16 20:22:31      6016     1.67
         0.08       17261.5        77.680    Sep 16 20:22:59      6044     1.68
         0.08       17338.0        76.460    Sep 16 20:23:27      6072     1.69
         0.08       17412.7        74.760    Sep 16 20:23:53      6098     1.69
         0.08       17486.8        74.060    Sep 16 20:24:20      6125     1.70
         0.08       17560.5        73.770    Sep 16 20:24:46      6151     1.71
         0.08       17634.7        74.150    Sep 16 20:25:13      6178     1.72
         0.08       17708.1        73.440    Sep 16 20:25:39      6204     1.72
         0.08       17780.8        72.630    Sep 16 20:26:05      6230     1.73
         0.09       17855.1        74.300    Sep 16 20:26:32      6257     1.74
         0.09       17929.6        74.500    Sep 16 20:26:58      6283     1.75
         0.09       18000.8        71.190    Sep 16 20:27:23      6308     1.75
         0.09       18071.4        70.610    Sep 16 20:27:48      6333     1.76
         0.09       18139.8        68.400    Sep 16 20:28:13      6358     1.77
         0.09       18207.8        68.010    Sep 16 20:28:37      6382     1.77
         0.09       18274.7        66.920    Sep 16 20:29:01      6406     1.78
         0.09       18341.3        66.630    Sep 16 20:29:25      6430     1.79
         0.09       18407.0        65.640    Sep 16 20:29:48      6453     1.79
         0.09       18472.3        65.360    Sep 16 20:30:12      6477     1.80
         0.10       18536.5        64.210    Sep 16 20:30:35      6500     1.81
         0.10       18600.7        64.130    Sep 16 20:30:57      6522     1.81
         0.10       18665.0        64.350    Sep 16 20:31:21      6546     1.82
         0.10       18728.4        63.420    Sep 16 20:31:43      6568     1.82
         0.10       18792.2        63.750    Sep 16 20:32:06      6591     1.83
         0.10       18857.0        64.790    Sep 16 20:32:29      6614     1.84
         0.10       18927.7        70.670    Sep 16 20:32:54      6639     1.84
         0.10       18997.9        70.250    Sep 16 20:33:19      6664     1.85
         0.10       19065.2        67.350    Sep 16 20:33:43      6688     1.86
         0.11       19132.8        67.580    Sep 16 20:34:07      6712     1.86
         0.11       19200.7        67.850    Sep 16 20:34:31      6736     1.87
         0.11       19271.4        70.760    Sep 16 20:34:56      6761     1.88
         0.11       19351.2        79.790    Sep 16 20:35:24      6789     1.89
         0.11       19437.2        85.950    Sep 16 20:35:54      6819     1.89
         0.11       19521.0        83.830    Sep 16 20:36:24      6849     1.90
         0.11       19611.4        90.360    Sep 16 20:36:55      6880     1.91
         0.11       19764.5       153.110    Sep 16 20:37:48      6933     1.93
         0.11       19984.9       220.450    Sep 16 20:39:07      7012     1.95
         0.11       20184.6       199.650    Sep 16 20:40:18      7083     1.97
         0.12       20369.1       184.510    Sep 16 20:41:25      7150     1.99
         0.12       20546.4       177.260    Sep 16 20:42:28      7213     2.00
         0.12       20717.1       170.730    Sep 16 20:43:30      7275     2.02
         0.12       20881.0       163.970    Sep 16 20:44:29      7334     2.04
         0.12       21040.6       159.550    Sep 16 20:45:26      7391     2.05
         0.12       21193.9       153.280    Sep 16 20:46:21      7446     2.07
         0.12       21341.1       147.210    Sep 16 20:47:14      7499     2.08
         0.12       21484.8       143.660    Sep 16 20:48:05      7550     2.10
         0.12       21625.6       140.860    Sep 16 20:48:56      7601     2.11
         0.12       21763.5       137.870    Sep 16 20:49:46      7651     2.13
         0.13       21898.5       135.040    Sep 16 20:50:34      7699     2.14
         0.13       22030.1       131.580    Sep 16 20:51:22      7747     2.15
         0.13       22157.3       127.180    Sep 16 20:52:07      7792     2.16
         0.13       22278.5       121.240    Sep 16 20:52:51      7836     2.18
         0.13       22396.0       117.480    Sep 16 20:53:33      7878     2.19
         0.13       22510.7       114.720    Sep 16 20:54:15      7920     2.20
         0.13       22623.8       113.100    Sep 16 20:54:55      7960     2.21
         0.13       22733.0       109.170    Sep 16 20:55:35      8000     2.22
         0.13       22839.8       106.860    Sep 16 20:56:14      8039     2.23
         0.13       22943.9       104.080    Sep 16 20:56:51      8076     2.24
         0.13       23047.1       103.150    Sep 16 20:57:29      8114     2.25
         0.14       23149.7       102.620    Sep 16 20:58:07      8152     2.26
         0.14       23249.2        99.490    Sep 16 20:58:43      8188     2.27
         0.14       23347.9        98.730    Sep 16 20:59:19      8224     2.28
         0.14       23444.7        96.770    Sep 16 20:59:54      8259     2.29
         0.14       23539.6        94.940    Sep 16 21:00:29      8294     2.30
         0.14       23631.8        92.170    Sep 16 21:01:03      8328     2.31
         0.14       23723.3        91.520    Sep 16 21:01:36      8361     2.32
         0.14       23813.4        90.090    Sep 16 21:02:09      8394     2.33
         0.14       23903.1        89.670    Sep 16 21:02:42      8427     2.34
         0.14       23990.4        87.340    Sep 16 21:03:14      8459     2.35
         0.15       24077.2        86.770    Sep 16 21:03:46      8491     2.36
         0.15       24162.7        85.550    Sep 16 21:04:18      8523     2.37
         0.15       24247.3        84.550    Sep 16 21:04:49      8554     2.38
         0.15       24331.1        83.830    Sep 16 21:05:20      8585     2.38
         0.15       24413.6        82.530    Sep 16 21:05:50      8615     2.39
         0.15       24495.5        81.840    Sep 16 21:06:20      8645     2.40
         0.15       24576.5        81.030    Sep 16 21:06:50      8675     2.41
         0.15       24656.3        79.780    Sep 16 21:07:19      8704     2.42
         0.15       24734.9        78.580    Sep 16 21:07:48      8733     2.43
         0.15       24814.2        79.300    Sep 16 21:08:17      8762     2.43
         0.16       24892.5        78.270    Sep 16 21:08:46      8791     2.44
         0.16       24970.5        78.040    Sep 16 21:09:15      8820     2.45
         0.16       25047.2        76.680    Sep 16 21:09:43      8848     2.46
         0.16       25122.9        75.700    Sep 16 21:10:11      8876     2.47
         0.16       25197.5        74.630    Sep 16 21:10:38      8903     2.47
         0.16       25271.7        74.150    Sep 16 21:11:05      8930     2.48
         0.16       25344.5        72.860    Sep 16 21:11:33      8958     2.49
         0.16       25417.1        72.550    Sep 16 21:11:59      8984     2.50
         0.16       25488.7        71.620    Sep 16 21:12:26      9011     2.50
         0.17       25559.3        70.590    Sep 16 21:12:52      9037     2.51
         0.17       25628.8        69.560    Sep 16 21:13:17      9062     2.52
         0.17       25697.7        68.900    Sep 16 21:13:43      9088     2.52
         0.17       25765.9        68.150    Sep 16 21:14:07      9112     2.53
         0.17       25832.2        66.310    Sep 16 21:14:32      9137     2.54
         0.17       25897.6        65.460    Sep 16 21:14:56      9161     2.54
         0.17       25962.3        64.630    Sep 16 21:15:20      9185     2.55
         0.17       26026.1        63.820    Sep 16 21:15:44      9209     2.56
         0.17       26089.1        63.010    Sep 16 21:16:07      9232     2.56
         0.17       26151.2        62.080    Sep 16 21:16:30      9255     2.57
         0.18       26212.7        61.530    Sep 16 21:16:53      9278     2.58
         0.18       26273.2        60.490    Sep 16 21:17:15      9300     2.58
         0.18       26332.8        59.620    Sep 16 21:17:37      9322     2.59
         0.18       26392.4        59.550    Sep 16 21:17:59      9344     2.60
         0.18       26451.0        58.650    Sep 16 21:18:21      9366     2.60
         0.18       26508.8        57.770    Sep 16 21:18:42      9387     2.61
         0.18       26565.8        57.010    Sep 16 21:19:03      9408     2.61
         0.18       26622.1        56.330    Sep 16 21:19:24      9429     2.62
         0.18       26677.5        55.330    Sep 16 21:19:44      9449     2.62
         0.18       26732.8        55.360    Sep 16 21:20:05      9470     2.63
         0.19       26787.4        54.580    Sep 16 21:20:25      9490     2.64
         0.19       26841.0        53.540    Sep 16 21:20:45      9510     2.64
         0.19       26893.8        52.850    Sep 16 21:21:04      9529     2.65
         0.19       26946.4        52.570    Sep 16 21:21:24      9549     2.65
         0.19       26997.6        51.200    Sep 16 21:21:43      9568     2.66
         0.19       27047.9        50.290    Sep 16 21:22:01      9586     2.66
         0.19       27098.2        50.380    Sep 16 21:22:20      9605     2.67
         0.19       27147.4        49.150    Sep 16 21:22:38      9623     2.67
         0.19       27196.0        48.590    Sep 16 21:22:56      9641     2.68
         0.19       27244.5        48.530    Sep 16 21:23:14      9659     2.68
         0.20       27291.9        47.430    Sep 16 21:23:32      9677     2.69
         0.20       27338.8        46.880    Sep 16 21:23:49      9694     2.69
         0.20       27385.3        46.500    Sep 16 21:24:06      9711     2.70
         0.20       27431.3        46.020    Sep 16 21:24:23      9728     2.70
         0.20       27477.1        45.800    Sep 16 21:24:40      9745     2.71
         0.20       27522.4        45.230    Sep 16 21:24:57      9762     2.71
         0.20       27567.4        45.080    Sep 16 21:25:14      9779     2.72
         0.20       27611.5        44.060    Sep 16 21:25:30      9795     2.72
         0.20       27654.9        43.410    Sep 16 21:25:46      9811     2.73
         0.20       27698.4        43.450    Sep 16 21:26:02      9827     2.73
         0.21       27741.1        42.770    Sep 16 21:26:18      9843     2.73
         0.21       27784.0        42.860    Sep 16 21:26:34      9859     2.74
         0.21       27827.5        43.490    Sep 16 21:26:49      9874     2.74
         0.21       27870.2        42.750    Sep 16 21:27:05      9890     2.75
         0.21       27913.2        42.930    Sep 16 21:27:21      9906     2.75
         0.21       27954.9        41.750    Sep 16 21:27:37      9922     2.76
         0.21       27996.6        41.650    Sep 16 21:27:52      9937     2.76
         0.21       28037.4        40.860    Sep 16 21:28:07      9952     2.76
         0.21       28078.6        41.160    Sep 16 21:28:22      9967     2.77
         0.21       28119.3        40.730    Sep 16 21:28:37      9982     2.77
         0.22       28159.5        40.190    Sep 16 21:28:52      9997     2.78
         0.22       28199.7        40.210    Sep 16 21:29:07     10012     2.78
         0.22       28239.0        39.320    Sep 16 21:29:21     10026     2.79
         0.22       28278.3        39.240    Sep 16 21:29:36     10041     2.79
         0.22       28317.5        39.210    Sep 16 21:29:50     10055     2.79
         0.22       28357.0        39.540    Sep 16 21:30:05     10070     2.80
         0.22       28396.4        39.380    Sep 16 21:30:19     10084     2.80
         0.22       28436.1        39.720    Sep 16 21:30:34     10099     2.81
         0.22       28475.0        38.880    Sep 16 21:30:48     10113     2.81
         0.22       28514.0        38.950    Sep 16 21:31:02     10127     2.81
         0.23       28552.9        38.910    Sep 16 21:31:17     10142     2.82
         0.23       28591.9        38.990    Sep 16 21:31:31     10156     2.82
         0.23       28630.5        38.610    Sep 16 21:31:45     10170     2.83
         0.23       28669.1        38.650    Sep 16 21:31:59     10184     2.83
         0.23       28708.2        39.070    Sep 16 21:32:14     10199     2.83
         0.23       28747.3        39.070    Sep 16 21:32:28     10213     2.84
         0.23       28785.4        38.170    Sep 16 21:32:42     10227     2.84
         0.23       28823.8        38.350    Sep 16 21:32:55     10240     2.84
         0.23       28861.9        38.080    Sep 16 21:33:09     10254     2.85
         0.23       28900.5        38.690    Sep 16 21:33:24     10269     2.85
         0.24       28939.3        38.800    Sep 16 21:33:38     10283     2.86
         0.24       28977.6        38.210    Sep 16 21:33:52     10297     2.86
         0.24       29015.8        38.250    Sep 16 21:34:05     10310     2.86
         0.24       29054.3        38.460    Sep 16 21:34:20     10325     2.87
         0.24       29092.3        38.070    Sep 16 21:34:34     10339     2.87
         0.24       29131.2        38.900    Sep 16 21:34:47     10352     2.88
         0.24       29169.0        37.770    Sep 16 21:35:01     10366     2.88
         0.24       29207.1        38.080    Sep 16 21:35:15     10380     2.88
         0.24       29245.0        37.890    Sep 16 21:35:29     10394     2.89
         0.24       29282.9        37.940    Sep 16 21:35:43     10408     2.89
         0.25       29320.8        37.930    Sep 16 21:35:56     10421     2.89
         0.25       29359.0        38.110    Sep 16 21:36:10     10435     2.90
         0.25       29396.9        37.940    Sep 16 21:36:24     10449     2.90
         0.25       29433.8        36.890    Sep 16 21:36:37     10462     2.91
         0.25       29471.2        37.360    Sep 16 21:36:51     10476     2.91
         0.25       29508.0        36.900    Sep 16 21:37:04     10489     2.91
         0.25       29545.1        37.050    Sep 16 21:37:18     10503     2.92
         0.25       29582.1        36.980    Sep 16 21:37:31     10516     2.92
         0.25       29619.3        37.250    Sep 16 21:37:45     10530     2.92
         0.25       29657.1        37.770    Sep 16 21:37:58     10543     2.93
         0.26       29695.0        37.910    Sep 16 21:38:12     10557     2.93
         0.26       29732.7        37.660    Sep 16 21:38:26     10571     2.94
         0.26       29770.4        37.740    Sep 16 21:38:39     10584     2.94
         0.26       29808.0        37.600    Sep 16 21:38:53     10598     2.94
         0.26       29844.6        36.600    Sep 16 21:39:06     10611     2.95
         0.26       29881.8        37.160    Sep 16 21:39:20     10625     2.95
         0.26       29918.5        36.750    Sep 16 21:39:33     10638     2.96
         0.26       29955.4        36.840    Sep 16 21:39:46     10651     2.96
         0.26       29991.4        36.090    Sep 16 21:39:59     10664     2.96
         0.26       30027.9        36.450    Sep 16 21:40:13     10678     2.97
         0.27       30064.0        36.070    Sep 16 21:40:26     10691     2.97
         0.27       30099.7        35.690    Sep 16 21:40:39     10704     2.97
         0.27       30135.0        35.350    Sep 16 21:40:51     10716     2.98
         0.27       30170.8        35.760    Sep 16 21:41:04     10729     2.98
         0.27       30206.4        35.670    Sep 16 21:41:18     10743     2.98
         0.27       30241.6        35.180    Sep 16 21:41:30     10755     2.99
         0.27       30276.3        34.680    Sep 16 21:41:43     10768     2.99
         0.27       30310.5        34.210    Sep 16 21:41:55     10780     2.99
         0.27       30344.6        34.080    Sep 16 21:42:08     10793     3.00
         0.27       30378.9        34.270    Sep 16 21:42:20     10805     3.00
         0.28       30412.3        33.490    Sep 16 21:42:32     10817     3.00
         0.28       30445.4        33.060    Sep 16 21:42:44     10829     3.01
         0.28       30478.5        33.060    Sep 16 21:42:56     10841     3.01
         0.28       30511.6        33.160    Sep 16 21:43:08     10853     3.01
         0.28       30543.8        32.220    Sep 16 21:43:20     10865     3.02
         0.28       30575.3        31.420    Sep 16 21:43:32     10877     3.02
         0.28       30606.6        31.380    Sep 16 21:43:43     10888     3.02
         0.28       30638.1        31.440    Sep 16 21:43:55     10900     3.03
         0.28       30668.7        30.650    Sep 16 21:44:06     10911     3.03
         0.28       30699.1        30.390    Sep 16 21:44:17     10922     3.03
         0.29       30729.6        30.490    Sep 16 21:44:28     10933     3.04
         0.29       30760.5        30.930    Sep 16 21:44:40     10945     3.04
         0.29       30791.3        30.740    Sep 16 21:44:51     10956     3.04
         0.29       30821.7        30.410    Sep 16 21:45:02     10967     3.05
         0.29       30852.4        30.720    Sep 16 21:45:13     10978     3.05
         0.29       30883.5        31.030    Sep 16 21:45:25     10990     3.05
         0.29       30914.7        31.240    Sep 16 21:45:36     11001     3.06
         0.29       30944.8        30.140    Sep 16 21:45:47     11012     3.06
         0.29       30976.2        31.360    Sep 16 21:45:58     11023     3.06
         0.29       31006.4        30.200    Sep 16 21:46:09     11034     3.06
         0.30       31036.5        30.130    Sep 16 21:46:20     11045     3.07
         0.30       31066.3        29.820    Sep 16 21:46:31     11056     3.07
         0.30       31095.0        28.670    Sep 16 21:46:41     11066     3.07
         0.30       31123.7        28.710    Sep 16 21:46:52     11077     3.08
         0.30       31152.4        28.660    Sep 16 21:47:02     11087     3.08
         0.30       31181.3        28.920    Sep 16 21:47:13     11098     3.08
         0.30       31210.0        28.720    Sep 16 21:47:23     11108     3.09
         0.30       31238.7        28.670    Sep 16 21:47:34     11119     3.09
         0.30       31266.6        27.900    Sep 16 21:47:44     11129     3.09
         0.30       31294.8        28.170    Sep 16 21:47:54     11139     3.09
         0.31       31323.4        28.600    Sep 16 21:48:04     11149     3.10
         0.31       31351.8        28.390    Sep 16 21:48:15     11160     3.10
         0.31       31380.3        28.550    Sep 16 21:48:25     11170     3.10
         0.31       31408.7        28.380    Sep 16 21:48:35     11180     3.11
         0.31       31436.1        27.460    Sep 16 21:48:45     11190     3.11
         0.31       31463.6        27.450    Sep 16 21:48:55     11200     3.11
         0.31       31491.0        27.380    Sep 16 21:49:05     11210     3.11
         0.31       31518.6        27.610    Sep 16 21:49:16     11221     3.12
         0.31       31546.7        28.140    Sep 16 21:49:26     11231     3.12
         0.31       31574.4        27.640    Sep 16 21:49:36     11241     3.12
         0.32       31601.8        27.480    Sep 16 21:49:45     11250     3.12
         0.32       31629.8        27.910    Sep 16 21:49:55     11260     3.13
         0.32       31656.7        26.980    Sep 16 21:50:06     11271     3.13
         0.32       31683.9        27.140    Sep 16 21:50:16     11281     3.13
         0.32       31710.8        26.890    Sep 16 21:50:25     11290     3.14
         0.32       31737.8        27.080    Sep 16 21:50:35     11300     3.14
         0.32       31764.7        26.840    Sep 16 21:50:45     11310     3.14
         0.32       31791.4        26.750    Sep 16 21:50:54     11319     3.14
         0.32       31818.7        27.300    Sep 16 21:51:04     11329     3.15
         0.32       31845.8        27.060    Sep 16 21:51:14     11339     3.15
         0.33       31872.8        27.020    Sep 16 21:51:24     11349     3.15
         0.33       31899.5        26.690    Sep 16 21:51:34     11359     3.16
         0.33       31926.4        26.940    Sep 16 21:51:43     11368     3.16
         0.33       31953.6        27.130    Sep 16 21:51:53     11378     3.16
         0.33       31980.8        27.180    Sep 16 21:52:03     11388     3.16
         0.33       32008.0        27.210    Sep 16 21:52:13     11398     3.17
         0.33       32034.9        26.980    Sep 16 21:52:23     11408     3.17
         0.33       32061.1        26.200    Sep 16 21:52:32     11417     3.17
         0.33       32087.3        26.180    Sep 16 21:52:42     11427     3.17
         0.33       32113.4        26.060    Sep 16 21:52:51     11436     3.18
         0.34       32139.7        26.310    Sep 16 21:53:00     11445     3.18
         0.34       32165.9        26.200    Sep 16 21:53:10     11455     3.18
         0.34       32191.8        25.920    Sep 16 21:53:20     11465     3.18
         0.34       32218.2        26.390    Sep 16 21:53:29     11474     3.19
         0.34       32244.3        26.120    Sep 16 21:53:39     11484     3.19
         0.34       32270.3        26.000    Sep 16 21:53:48     11493     3.19
         0.34       32296.4        26.090    Sep 16 21:53:57     11502     3.19
         0.34       32322.5        26.120    Sep 16 21:54:07     11512     3.20
         0.34       32348.7        26.200    Sep 16 21:54:17     11522     3.20
         0.34       32375.0        26.290    Sep 16 21:54:26     11531     3.20
         0.35       32401.4        26.370    Sep 16 21:54:36     11541     3.21
         0.35       32427.6        26.230    Sep 16 21:54:45     11550     3.21
         0.35       32453.8        26.210    Sep 16 21:54:54     11559     3.21
         0.35       32480.0        26.150    Sep 16 21:55:04     11569     3.21
         0.35       32506.5        26.520    Sep 16 21:55:14     11579     3.22
         0.35       32532.6        26.120    Sep 16 21:55:23     11588     3.22
         0.35       32558.7        26.100    Sep 16 21:55:33     11598     3.22
         0.35       32585.4        26.690    Sep 16 21:55:42     11607     3.22
         0.35       32611.7        26.310    Sep 16 21:55:52     11617     3.23
         0.35       32638.0        26.290    Sep 16 21:56:01     11626     3.23
         0.36       32664.3        26.290    Sep 16 21:56:11     11636     3.23
         0.36       32690.7        26.360    Sep 16 21:56:21     11646     3.23
         0.36       32716.8        26.130    Sep 16 21:56:30     11655     3.24
         0.36       32743.1        26.290    Sep 16 21:56:39     11664     3.24
         0.36       32768.3        25.270    Sep 16 21:56:48     11673     3.24
         0.36       32793.6        25.290    Sep 16 21:56:58     11683     3.25
         0.36       32818.8        25.200    Sep 16 21:57:07     11692     3.25
         0.36       32844.3        25.490    Sep 16 21:57:16     11701     3.25
         0.36       32869.6        25.260    Sep 16 21:57:25     11710     3.25
         0.36       32894.8        25.230    Sep 16 21:57:35     11720     3.26
         0.37       32920.3        25.500    Sep 16 21:57:44     11729     3.26
         0.37       32945.6        25.300    Sep 16 21:57:53     11738     3.26
         0.37       32970.9        25.310    Sep 16 21:58:02     11747     3.26
         0.37       32996.4        25.470    Sep 16 21:58:11     11756     3.27
         0.37       33021.7        25.270    Sep 16 21:58:21     11766     3.27
         0.37       33046.8        25.130    Sep 16 21:58:30     11775     3.27
         0.37       33072.0        25.190    Sep 16 21:58:39     11784     3.27
         0.37       33097.2        25.180    Sep 16 21:58:48     11793     3.28
         0.37       33122.4        25.200    Sep 16 21:58:57     11802     3.28
         0.37       33147.7        25.320    Sep 16 21:59:06     11811     3.28
         0.38       33173.2        25.560    Sep 16 21:59:16     11821     3.28
         0.38       33198.3        25.020    Sep 16 21:59:25     11830     3.29
         0.38       33223.2        24.940    Sep 16 21:59:34     11839     3.29
         0.38       33248.1        24.920    Sep 16 21:59:43     11848     3.29
         0.38       33272.8        24.720    Sep 16 21:59:52     11857     3.29
         0.38       33297.0        24.200    Sep 16 22:00:00     11865     3.30
         0.38       33321.1        24.000    Sep 16 22:00:09     11874     3.30
         0.38       33345.1        24.040    Sep 16 22:00:18     11883     3.30
         0.38       33368.8        23.760    Sep 16 22:00:27     11892     3.30
         0.38       33392.7        23.850    Sep 16 22:00:35     11900     3.31
         0.39       33416.4        23.750    Sep 16 22:00:44     11909     3.31
         0.39       33440.3        23.900    Sep 16 22:00:52     11917     3.31
         0.39       33464.2        23.860    Sep 16 22:01:01     11926     3.31
         0.39       33488.3        24.080    Sep 16 22:01:10     11935     3.32
         0.39       33512.2        23.960    Sep 16 22:01:19     11944     3.32
         0.39       33536.0        23.720    Sep 16 22:01:27     11952     3.32
         0.39       33559.7        23.730    Sep 16 22:01:36     11961     3.32
         0.39       33583.3        23.630    Sep 16 22:01:45     11970     3.33
         0.39       33607.0        23.630    Sep 16 22:01:53     11978     3.33
         0.39       33630.6        23.650    Sep 16 22:02:02     11987     3.33
         0.40       33654.4        23.830    Sep 16 22:02:10     11995     3.33
         0.40       33678.4        24.010    Sep 16 22:02:19     12004     3.33
         0.40       33702.5        24.010    Sep 16 22:02:28     12013     3.34
         0.40       33726.3        23.800    Sep 16 22:02:37     12022     3.34
         0.40       33750.1        23.840    Sep 16 22:02:45     12030     3.34
         0.40       33772.9        22.840    Sep 16 22:02:53     12038     3.34
         0.40       33796.1        23.150    Sep 16 22:03:02     12047     3.35
         0.40       33819.3        23.180    Sep 16 22:03:10     12055     3.35
         0.40       33842.5        23.200    Sep 16 22:03:19     12064     3.35
         0.40       33865.5        22.990    Sep 16 22:03:27     12072     3.35
         0.41       33888.6        23.150    Sep 16 22:03:35     12080     3.36
         0.41       33911.4        22.840    Sep 16 22:03:44     12089     3.36
         0.41       33934.3        22.880    Sep 16 22:03:52     12097     3.36
         0.41       33957.6        23.290    Sep 16 22:04:00     12105     3.36
         0.41       33980.9        23.250    Sep 16 22:04:09     12114     3.37
         0.41       34004.1        23.190    Sep 16 22:04:17     12122     3.37
         0.41       34027.2        23.190    Sep 16 22:04:26     12131     3.37
         0.41       34050.4        23.200    Sep 16 22:04:34     12139     3.37
         0.41       34073.7        23.220    Sep 16 22:04:42     12147     3.37
         0.41       34097.3        23.630    Sep 16 22:04:51     12156     3.38
         0.42       34120.5        23.200    Sep 16 22:04:59     12164     3.38
         0.42       34142.8        22.330    Sep 16 22:05:07     12172     3.38
         0.42       34164.7        21.850    Sep 16 22:05:15     12180     3.38
         0.42       34187.0        22.320    Sep 16 22:05:23     12188     3.39
         0.42       34208.9        21.870    Sep 16 22:05:31     12196     3.39
         0.42       34230.9        22.050    Sep 16 22:05:39     12204     3.39
         0.42       34252.7        21.750    Sep 16 22:05:47     12212     3.39
         0.42       34274.5        21.870    Sep 16 22:05:55     12220     3.39
         0.42       34296.7        22.130    Sep 16 22:06:03     12228     3.40
         0.42       34318.8        22.080    Sep 16 22:06:11     12236     3.40
         0.43       34340.5        21.720    Sep 16 22:06:19     12244     3.40
         0.43       34362.6        22.100    Sep 16 22:06:27     12252     3.40
         0.43       34384.4        21.870    Sep 16 22:06:35     12260     3.41
         0.43       34406.2        21.710    Sep 16 22:06:43     12268     3.41
         0.43       34427.1        20.960    Sep 16 22:06:50     12275     3.41
         0.43       34447.9        20.760    Sep 16 22:06:58     12283     3.41
         0.43       34468.9        21.000    Sep 16 22:07:05     12290     3.41
         0.43       34489.8        20.960    Sep 16 22:07:13     12298     3.42
         0.43       34510.8        20.940    Sep 16 22:07:21     12306     3.42
         0.43       34531.7        20.890    Sep 16 22:07:28     12313     3.42
         0.44       34553.1        21.390    Sep 16 22:07:36     12321     3.42
         0.44       34574.1        21.070    Sep 16 22:07:44     12329     3.42
         0.44       34594.9        20.790    Sep 16 22:07:51     12336     3.43
         0.44       34616.4        21.500    Sep 16 22:07:59     12344     3.43
         0.44       34637.6        21.160    Sep 16 22:08:07     12352     3.43
         0.44       34658.1        20.540    Sep 16 22:08:14     12359     3.43
         0.44       34678.3        20.200    Sep 16 22:08:22     12367     3.44
         0.44       34698.4        20.140    Sep 16 22:08:29     12374     3.44
         0.44       34718.6        20.150    Sep 16 22:08:36     12381     3.44
         0.44       34738.4        19.810    Sep 16 22:08:43     12388     3.44
         0.45       34758.4        19.990    Sep 16 22:08:50     12395     3.44
         0.45       34778.3        19.950    Sep 16 22:08:58     12403     3.45
         0.45       34798.5        20.110    Sep 16 22:09:05     12410     3.45
         0.45       34818.7        20.260    Sep 16 22:09:12     12417     3.45
         0.45       34838.8        20.040    Sep 16 22:09:20     12425     3.45
         0.45       34857.5        18.760    Sep 16 22:09:27     12432     3.45
         0.45       34876.4        18.880    Sep 16 22:09:33     12438     3.46
         0.45       34895.4        19.010    Sep 16 22:09:40     12445     3.46
         0.45       34914.7        19.320    Sep 16 22:09:47     12452     3.46
         0.45       34933.7        18.920    Sep 16 22:09:54     12459     3.46
         0.46       34952.3        18.660    Sep 16 22:10:01     12466     3.46
         0.46       34971.1        18.740    Sep 16 22:10:08     12473     3.46
         0.46       34990.1        19.040    Sep 16 22:10:15     12480     3.47
         0.46       35008.6        18.510    Sep 16 22:10:21     12486     3.47
         0.46       35026.6        17.970    Sep 16 22:10:28     12493     3.47
         0.46       35044.8        18.180    Sep 16 22:10:34     12499     3.47
         0.46       35063.0        18.300    Sep 16 22:10:41     12506     3.47
         0.46       35081.3        18.290    Sep 16 22:10:48     12513     3.48
         0.46       35099.7        18.320    Sep 16 22:10:54     12519     3.48
         0.46       35118.1        18.480    Sep 16 22:11:01     12526     3.48
         0.47       35136.6        18.500    Sep 16 22:11:08     12533     3.48
         0.47       35154.0        17.380    Sep 16 22:11:14     12539     3.48
         0.47       35171.5        17.460    Sep 16 22:11:20     12545     3.48
         0.47       35188.8        17.280    Sep 16 22:11:27     12552     3.49
         0.47       35206.2        17.410    Sep 16 22:11:33     12558     3.49
         0.47       35223.7        17.480    Sep 16 22:11:39     12564     3.49
         0.47       35241.3        17.670    Sep 16 22:11:46     12571     3.49
         0.47       35258.6        17.290    Sep 16 22:11:52     12577     3.49
         0.47       35275.0        16.380    Sep 16 22:11:58     12583     3.50
         0.47       35291.3        16.330    Sep 16 22:12:04     12589     3.50
         0.48       35307.7        16.400    Sep 16 22:12:10     12595     3.50
         0.48       35324.2        16.440    Sep 16 22:12:16     12601     3.50
         0.48       35340.7        16.570    Sep 16 22:12:22     12607     3.50
         0.48       35357.3        16.600    Sep 16 22:12:28     12613     3.50
         0.48       35373.3        15.960    Sep 16 22:12:33     12618     3.50
         0.48       35388.7        15.450    Sep 16 22:12:39     12624     3.51
         0.48       35404.1        15.380    Sep 16 22:12:44     12629     3.51
         0.48       35419.6        15.520    Sep 16 22:12:50     12635     3.51
         0.48       35435.4        15.750    Sep 16 22:12:56     12641     3.51
         0.48       35451.1        15.680    Sep 16 22:13:01     12646     3.51
         0.49       35466.8        15.760    Sep 16 22:13:07     12652     3.51
         0.49       35481.6        14.780    Sep 16 22:13:13     12658     3.52
         0.49       35496.3        14.720    Sep 16 22:13:18     12663     3.52
         0.49       35511.1        14.730    Sep 16 22:13:23     12668     3.52
         0.49       35525.8        14.700    Sep 16 22:13:28     12673     3.52
         0.49       35540.7        14.940    Sep 16 22:13:34     12679     3.52
         0.49       35555.6        14.900    Sep 16 22:13:39     12684     3.52
         0.49       35569.4        13.800    Sep 16 22:13:44     12689     3.52
         0.49       35583.1        13.720    Sep 16 22:13:49     12694     3.53
         0.49       35596.9        13.760    Sep 16 22:13:54     12699     3.53
         0.50       35610.7        13.780    Sep 16 22:13:59     12704     3.53
         0.50       35624.8        14.110    Sep 16 22:14:04     12709     3.53
         0.50       35638.6        13.820    Sep 16 22:14:09     12714     3.53
         0.50       35652.4        13.800    Sep 16 22:14:14     12719     3.53
         0.50       35665.2        12.840    Sep 16 22:14:19     12724     3.53
         0.50       35678.0        12.790    Sep 16 22:14:23     12728     3.54
         0.50       35690.8        12.830    Sep 16 22:14:28     12733     3.54
         0.50       35703.7        12.810    Sep 16 22:14:33     12738     3.54
         0.50       35716.5        12.880    Sep 16 22:14:37     12742     3.54
         0.50       35729.7        13.150    Sep 16 22:14:42     12747     3.54
         0.51       35742.6        12.890    Sep 16 22:14:47     12752     3.54
         0.51       35754.6        12.060    Sep 16 22:14:51     12756     3.54
         0.51       35766.9        12.250    Sep 16 22:14:55     12760     3.54
         0.51       35779.3        12.410    Sep 16 22:15:00     12765     3.55
         0.51       35791.3        11.980    Sep 16 22:15:04     12769     3.55
         0.51       35803.3        12.000    Sep 16 22:15:09     12774     3.55
         0.51       35815.3        12.050    Sep 16 22:15:13     12778     3.55
         0.51       35827.2        11.920    Sep 16 22:15:17     12782     3.55
         0.51       35839.2        11.950    Sep 16 22:15:22     12787     3.55
         0.51       35851.2        11.950    Sep 16 22:15:26     12791     3.55
         0.52       35862.1        10.970    Sep 16 22:15:30     12795     3.55
         0.52       35873.2        11.070    Sep 16 22:15:34     12799     3.56
         0.52       35884.2        11.010    Sep 16 22:15:38     12803     3.56
         0.52       35895.1        10.950    Sep 16 22:15:42     12807     3.56
         0.52       35906.2        11.040    Sep 16 22:15:46     12811     3.56
         0.52       35917.3        11.160    Sep 16 22:15:50     12815     3.56
         0.52       35928.5        11.180    Sep 16 22:15:54     12819     3.56
         0.52       35939.8        11.240    Sep 16 22:15:58     12823     3.56
         0.52       35951.3        11.560    Sep 16 22:16:02     12827     3.56
         0.52       35962.5        11.160    Sep 16 22:16:06     12831     3.56
         0.53       35972.5        10.050    Sep 16 22:16:10     12835     3.57
         0.53       35982.6        10.070    Sep 16 22:16:13     12838     3.57
         0.53       35992.6         9.980    Sep 16 22:16:17     12842     3.57
         0.53       36002.7        10.110    Sep 16 22:16:21     12846     3.57
         0.53       36012.6         9.920    Sep 16 22:16:24     12849     3.57
         0.53       36022.5         9.910    Sep 16 22:16:28     12853     3.57
         0.53       36032.5         9.930    Sep 16 22:16:31     12856     3.57
         0.53       36042.4         9.930    Sep 16 22:16:35     12860     3.57
         0.53       36052.4         9.970    Sep 16 22:16:39     12864     3.57
         0.53       36062.3         9.920    Sep 16 22:16:42     12867     3.57
         0.54       36072.3        10.020    Sep 16 22:16:46     12871     3.58
         0.54       36082.2         9.930    Sep 16 22:16:49     12874     3.58
         0.54       36092.2         9.980    Sep 16 22:16:53     12878     3.58
         0.54       36101.2         8.960    Sep 16 22:16:56     12881     3.58
         0.54       36110.1         8.960    Sep 16 22:16:59     12884     3.58
         0.54       36119.1         8.960    Sep 16 22:17:02     12887     3.58
         0.54       36128.3         9.180    Sep 16 22:17:06     12891     3.58
         0.54       36137.3         9.070    Sep 16 22:17:09     12894     3.58
         0.54       36146.6         9.290    Sep 16 22:17:13     12898     3.58
         0.54       36155.5         8.900    Sep 16 22:17:16     12901     3.58
         0.55       36164.4         8.920    Sep 16 22:17:19     12904     3.58
         0.55       36173.3         8.900    Sep 16 22:17:22     12907     3.59
         0.55       36182.2         8.900    Sep 16 22:17:26     12911     3.59
         0.55       36191.2         8.920    Sep 16 22:17:29     12914     3.59
         0.55       36200.0         8.880    Sep 16 22:17:32     12917     3.59
         0.55       36209.0         8.900    Sep 16 22:17:35     12920     3.59
         0.55       36218.0         9.030    Sep 16 22:17:38     12923     3.59
         0.55       36227.0         9.000    Sep 16 22:17:42     12927     3.59
         0.55       36236.0         9.030    Sep 16 22:17:45     12930     3.59
         0.55       36244.1         8.140    Sep 16 22:17:48     12933     3.59
         0.56       36252.1         7.960    Sep 16 22:17:51     12936     3.59
         0.56       36260.1         8.000    Sep 16 22:17:54     12939     3.59
         0.56       36268.1         7.970    Sep 16 22:17:56     12941     3.59
         0.56       36276.0         7.940    Sep 16 22:17:59     12944     3.60
         0.56       36284.0         8.000    Sep 16 22:18:02     12947     3.60
         0.56       36292.0         7.980    Sep 16 22:18:05     12950     3.60
         0.56       36300.1         8.080    Sep 16 22:18:08     12953     3.60
         0.56       36308.0         7.970    Sep 16 22:18:11     12956     3.60
         0.56       36315.9         7.870    Sep 16 22:18:14     12959     3.60
         0.56       36323.8         7.870    Sep 16 22:18:17     12962     3.60
         0.57       36331.7         7.880    Sep 16 22:18:20     12965     3.60
         0.57       36339.6         7.940    Sep 16 22:18:23     12968     3.60
         0.57       36347.5         7.930    Sep 16 22:18:25     12970     3.60
         0.57       36355.5         8.000    Sep 16 22:18:28     12973     3.60
         0.57       36363.4         7.870    Sep 16 22:18:31     12976     3.60
         0.57       36371.2         7.840    Sep 16 22:18:34     12979     3.61
         0.57       36379.1         7.820    Sep 16 22:18:37     12982     3.61
         0.57       36386.9         7.860    Sep 16 22:18:39     12984     3.61
         0.57       36394.9         7.950    Sep 16 22:18:42     12987     3.61
         0.57       36402.7         7.840    Sep 16 22:18:45     12990     3.61
         0.58       36409.8         7.050    Sep 16 22:18:48     12993     3.61
         0.58       36416.9         7.090    Sep 16 22:18:50     12995     3.61
         0.58       36423.9         7.040    Sep 16 22:18:53     12998     3.61
         0.58       36430.9         7.000    Sep 16 22:18:55     13000     3.61
         0.58       36438.0         7.110    Sep 16 22:18:58     13003     3.61
         0.58       36445.1         7.070    Sep 16 22:19:00     13005     3.61
         0.58       36452.1         7.060    Sep 16 22:19:03     13008     3.61
         0.58       36459.0         6.810    Sep 16 22:19:05     13010     3.61
         0.58       36465.8         6.860    Sep 16 22:19:08     13013     3.61
         0.58       36472.7         6.880    Sep 16 22:19:10     13015     3.62
         0.59       36479.8         7.110    Sep 16 22:19:13     13018     3.62
         0.59       36486.7         6.910    Sep 16 22:19:16     13021     3.62
         0.59       36493.6         6.880    Sep 16 22:19:18     13023     3.62
         0.59       36500.5         6.860    Sep 16 22:19:21     13026     3.62
         0.59       36507.3         6.900    Sep 16 22:19:23     13028     3.62
         0.59       36514.2         6.850    Sep 16 22:19:26     13031     3.62
         0.59       36521.1         6.900    Sep 16 22:19:28     13033     3.62
         0.59       36527.9         6.810    Sep 16 22:19:30     13035     3.62
         0.59       36535.1         7.160    Sep 16 22:19:33     13038     3.62
         0.59       36541.9         6.840    Sep 16 22:19:36     13041     3.62
         0.60       36548.7         6.790    Sep 16 22:19:38     13043     3.62
         0.60       36555.5         6.830    Sep 16 22:19:40     13045     3.62
         0.60       36562.3         6.810    Sep 16 22:19:43     13048     3.62
         0.60       36569.5         7.120    Sep 16 22:19:46     13051     3.63
         0.60       36576.3         6.880    Sep 16 22:19:48     13053     3.63
         0.60       36583.2         6.810    Sep 16 22:19:51     13056     3.63
         0.60       36590.0         6.800    Sep 16 22:19:53     13058     3.63
         0.60       36596.8         6.840    Sep 16 22:19:56     13061     3.63
         0.60       36603.6         6.770    Sep 16 22:19:58     13063     3.63
         0.60       36609.4         5.850    Sep 16 22:20:00     13065     3.63
         0.61       36615.3         5.880    Sep 16 22:20:02     13067     3.63
         0.61       36621.2         5.960    Sep 16 22:20:05     13070     3.63
         0.61       36627.2         5.980    Sep 16 22:20:07     13072     3.63
         0.61       36633.0         5.800    Sep 16 22:20:09     13074     3.63
         0.61       36639.0         5.930    Sep 16 22:20:11     13076     3.63
         0.61       36645.0         6.010    Sep 16 22:20:13     13078     3.63
         0.61       36650.8         5.820    Sep 16 22:20:16     13081     3.63
         0.61       36656.6         5.860    Sep 16 22:20:18     13083     3.63
         0.61       36662.6         5.950    Sep 16 22:20:20     13085     3.63
         0.61       36668.5         5.940    Sep 16 22:20:22     13087     3.64
         0.62       36674.3         5.750    Sep 16 22:20:24     13089     3.64
         0.62       36680.2         5.860    Sep 16 22:20:26     13091     3.64
         0.62       36686.0         5.820    Sep 16 22:20:28     13093     3.64
         0.62       36691.9         5.900    Sep 16 22:20:30     13095     3.64
         0.62       36697.7         5.830    Sep 16 22:20:32     13097     3.64
         0.62       36703.5         5.830    Sep 16 22:20:34     13099     3.64
         0.62       36709.5         5.980    Sep 16 22:20:37     13102     3.64
         0.62       36715.4         5.870    Sep 16 22:20:39     13104     3.64
         0.62       36721.2         5.770    Sep 16 22:20:41     13106     3.64
         0.62       36726.9         5.780    Sep 16 22:20:43     13108     3.64
         0.63       36732.8         5.850    Sep 16 22:20:45     13110     3.64
         0.63       36738.6         5.770    Sep 16 22:20:47     13112     3.64
         0.63       36744.3         5.770    Sep 16 22:20:49     13114     3.64
         0.63       36750.1         5.800    Sep 16 22:20:51     13116     3.64
         0.63       36755.9         5.800    Sep 16 22:20:54     13119     3.64
         0.63       36761.7         5.770    Sep 16 22:20:56     13121     3.64
         0.63       36767.5         5.810    Sep 16 22:20:58     13123     3.65
         0.63       36773.3         5.800    Sep 16 22:21:00     13125     3.65
         0.63       36779.1         5.780    Sep 16 22:21:02     13127     3.65
         0.63       36784.9         5.820    Sep 16 22:21:04     13129     3.65
         0.64       36790.8         5.850    Sep 16 22:21:06     13131     3.65
         0.64       36796.7         5.930    Sep 16 22:21:08     13133     3.65
         0.64       36802.5         5.810    Sep 16 22:21:11     13136     3.65
         0.64       36808.5         6.050    Sep 16 22:21:13     13138     3.65
         0.64       36814.6         6.030    Sep 16 22:21:15     13140     3.65
         0.64       36820.3         5.740    Sep 16 22:21:17     13142     3.65
         0.64       36826.1         5.790    Sep 16 22:21:19     13144     3.65
         0.64       36832.0         5.890    Sep 16 22:21:21     13146     3.65
         0.64       36837.8         5.770    Sep 16 22:21:23     13148     3.65
         0.64       36843.6         5.820    Sep 16 22:21:26     13151     3.65
         0.65       36849.4         5.780    Sep 16 22:21:28     13153     3.65
         0.65       36855.1         5.760    Sep 16 22:21:30     13155     3.65
         0.65       36860.9         5.780    Sep 16 22:21:32     13157     3.65
         0.65       36866.7         5.770    Sep 16 22:21:34     13159     3.66
         0.65       36871.6         4.920    Sep 16 22:21:36     13161     3.66
         0.65       36876.6         4.960    Sep 16 22:21:37     13162     3.66
         0.65       36881.4         4.880    Sep 16 22:21:39     13164     3.66
         0.65       36886.3         4.910    Sep 16 22:21:41     13166     3.66
         0.65       36891.2         4.900    Sep 16 22:21:43     13168     3.66
         0.65       36896.2         4.980    Sep 16 22:21:44     13169     3.66
         0.66       36901.2         4.940    Sep 16 22:21:46     13171     3.66
         0.66       36906.2         5.060    Sep 16 22:21:48     13173     3.66
         0.66       36911.1         4.890    Sep 16 22:21:50     13175     3.66
         0.66       36916.0         4.930    Sep 16 22:21:52     13177     3.66
         0.66       36921.0         4.970    Sep 16 22:21:53     13178     3.66
         0.66       36925.9         4.860    Sep 16 22:21:55     13180     3.66
         0.66       36930.9         5.020    Sep 16 22:21:57     13182     3.66
         0.66       36936.3         5.380    Sep 16 22:21:59     13184     3.66
         0.66       36941.4         5.090    Sep 16 22:22:01     13186     3.66
         0.66       36946.5         5.180    Sep 16 22:22:03     13188     3.66
         0.67       36951.7         5.160    Sep 16 22:22:04     13189     3.66
         0.67       36956.7         5.040    Sep 16 22:22:06     13191     3.66
         0.67       36961.7         4.980    Sep 16 22:22:08     13193     3.66
         0.67       36966.6         4.900    Sep 16 22:22:10     13195     3.67
         0.67       36971.7         5.080    Sep 16 22:22:12     13197     3.67
         0.67       36976.7         4.950    Sep 16 22:22:14     13199     3.67
         0.67       36981.6         4.910    Sep 16 22:22:16     13201     3.67
         0.67       36986.5         4.980    Sep 16 22:22:17     13202     3.67
         0.67       36991.7         5.120    Sep 16 22:22:19     13204     3.67
         0.67       36996.6         4.970    Sep 16 22:22:21     13206     3.67
         0.68       37001.8         5.120    Sep 16 22:22:23     13208     3.67
         0.68       37006.7         4.940    Sep 16 22:22:25     13210     3.67
         0.68       37011.8         5.060    Sep 16 22:22:26     13211     3.67
         0.68       37016.7         4.920    Sep 16 22:22:28     13213     3.67
         0.68       37021.6         4.930    Sep 16 22:22:30     13215     3.67
         0.68       37026.8         5.150    Sep 16 22:22:32     13217     3.67
         0.68       37031.7         4.950    Sep 16 22:22:34     13219     3.67
         0.68       37036.7         4.950    Sep 16 22:22:35     13220     3.67
         0.68       37041.7         5.070    Sep 16 22:22:37     13222     3.67
         0.68       37046.7         4.930    Sep 16 22:22:39     13224     3.67
         0.69       37051.6         4.970    Sep 16 22:22:41     13226     3.67
         0.69       37056.5         4.930    Sep 16 22:22:43     13228     3.67
         0.69       37061.5         4.990    Sep 16 22:22:44     13229     3.67
         0.69       37066.5         4.950    Sep 16 22:22:46     13231     3.68
         0.69       37071.4         4.950    Sep 16 22:22:48     13233     3.68
         0.69       37076.4         4.980    Sep 16 22:22:50     13235     3.68
         0.69       37081.3         4.930    Sep 16 22:22:51     13236     3.68
         0.69       37086.3         4.990    Sep 16 22:22:53     13238     3.68
         0.69       37091.4         5.010    Sep 16 22:22:55     13240     3.68
         0.69       37096.5         5.100    Sep 16 22:22:57     13242     3.68
         0.70       37101.5         5.090    Sep 16 22:22:59     13244     3.68
         0.70       37106.6         5.090    Sep 16 22:23:01     13246     3.68
         0.70       37111.9         5.260    Sep 16 22:23:02     13247     3.68
         0.70       37116.8         4.910    Sep 16 22:23:04     13249     3.68
         0.70       37121.8         4.970    Sep 16 22:23:06     13251     3.68
         0.70       37126.8         5.020    Sep 16 22:23:08     13253     3.68
         0.70       37132.0         5.250    Sep 16 22:23:10     13255     3.68
         0.70       37137.1         5.050    Sep 16 22:23:12     13257     3.68
         0.70       37142.1         4.980    Sep 16 22:23:14     13259     3.68
         0.70       37147.1         5.000    Sep 16 22:23:15     13260     3.68
         0.71       37152.2         5.140    Sep 16 22:23:17     13262     3.68
         0.71       37157.4         5.140    Sep 16 22:23:19     13264     3.68
         0.71       37162.4         5.020    Sep 16 22:23:21     13266     3.69
         0.71       37167.4         5.000    Sep 16 22:23:23     13268     3.69
         0.71       37172.4         5.050    Sep 16 22:23:25     13270     3.69
         0.71       37177.4         4.980    Sep 16 22:23:26     13271     3.69
         0.71       37182.5         5.110    Sep 16 22:23:28     13273     3.69
         0.71       37187.5         5.000    Sep 16 22:23:30     13275     3.69
         0.71       37192.5         5.030    Sep 16 22:23:32     13277     3.69
         0.71       37197.6         5.040    Sep 16 22:23:34     13279     3.69
         0.72       37202.6         5.020    Sep 16 22:23:35     13280     3.69
         0.72       37207.7         5.060    Sep 16 22:23:37     13282     3.69
         0.72       37212.6         4.950    Sep 16 22:23:39     13284     3.69
         0.72       37217.8         5.140    Sep 16 22:23:41     13286     3.69
         0.72       37222.8         5.020    Sep 16 22:23:43     13288     3.69
         0.72       37227.8         5.040    Sep 16 22:23:44     13289     3.69
         0.72       37232.9         5.080    Sep 16 22:23:46     13291     3.69
         0.72       37237.9         4.980    Sep 16 22:23:48     13293     3.69
         0.72       37243.0         5.110    Sep 16 22:23:50     13295     3.69
         0.72       37248.0         5.000    Sep 16 22:23:52     13297     3.69
         0.73       37253.2         5.260    Sep 16 22:23:54     13299     3.69
         0.73       37258.4         5.190    Sep 16 22:23:55     13300     3.69
         0.73       37263.6         5.210    Sep 16 22:23:57     13302     3.69
         0.73       37268.9         5.240    Sep 16 22:23:59     13304     3.70
         0.73       37274.1         5.190    Sep 16 22:24:01     13306     3.70
         0.73       37279.5         5.390    Sep 16 22:24:03     13308     3.70
         0.73       37284.6         5.100    Sep 16 22:24:05     13310     3.70
         0.73       37288.7         4.160    Sep 16 22:24:06     13311     3.70
         0.73       37292.8         4.040    Sep 16 22:24:08     13313     3.70
         0.73       37296.9         4.110    Sep 16 22:24:09     13314     3.70
         0.74       37301.0         4.130    Sep 16 22:24:11     13316     3.70
         0.74       37305.1         4.120    Sep 16 22:24:13     13318     3.70
         0.74       37309.2         4.040    Sep 16 22:24:14     13319     3.70
         0.74       37313.2         4.060    Sep 16 22:24:15     13320     3.70
         0.74       37317.2         4.010    Sep 16 22:24:17     13322     3.70
         0.74       37321.3         4.100    Sep 16 22:24:18     13323     3.70
         0.74       37325.3         3.990    Sep 16 22:24:20     13325     3.70
         0.74       37329.4         4.050    Sep 16 22:24:21     13326     3.70
         0.74       37333.4         4.040    Sep 16 22:24:23     13328     3.70
         0.74       37337.5         4.060    Sep 16 22:24:24     13329     3.70
         0.75       37341.4         3.970    Sep 16 22:24:26     13331     3.70
         0.75       37345.4         3.930    Sep 16 22:24:27     13332     3.70
         0.75       37349.4         3.990    Sep 16 22:24:28     13333     3.70
         0.75       37353.2         3.890    Sep 16 22:24:30     13335     3.70
         0.75       37357.1         3.840    Sep 16 22:24:31     13336     3.70
         0.75       37361.1         3.970    Sep 16 22:24:33     13338     3.71
         0.75       37365.0         3.930    Sep 16 22:24:34     13339     3.71
         0.75       37369.0         4.050    Sep 16 22:24:36     13341     3.71
         0.75       37373.1         4.040    Sep 16 22:24:37     13342     3.71
         0.75       37377.1         4.040    Sep 16 22:24:38     13343     3.71
         0.76       37381.4         4.250    Sep 16 22:24:40     13345     3.71
         0.76       37385.5         4.140    Sep 16 22:24:41     13346     3.71
         0.76       37389.6         4.050    Sep 16 22:24:43     13348     3.71
         0.76       37393.6         4.060    Sep 16 22:24:44     13349     3.71
         0.76       37397.7         4.100    Sep 16 22:24:46     13351     3.71
         0.76       37401.8         4.130    Sep 16 22:24:47     13352     3.71
         0.76       37405.9         4.080    Sep 16 22:24:49     13354     3.71
         0.76       37410.0         4.060    Sep 16 22:24:50     13355     3.71
         0.76       37414.1         4.070    Sep 16 22:24:52     13357     3.71
         0.76       37418.2         4.140    Sep 16 22:24:53     13358     3.71
         0.77       37422.4         4.230    Sep 16 22:24:55     13360     3.71
         0.77       37426.7         4.240    Sep 16 22:24:56     13361     3.71
         0.77       37431.0         4.290    Sep 16 22:24:58     13363     3.71
         0.77       37435.2         4.240    Sep 16 22:24:59     13364     3.71
         0.77       37439.4         4.230    Sep 16 22:25:01     13366     3.71
         0.77       37443.7         4.300    Sep 16 22:25:02     13367     3.71
         0.77       37447.8         4.120    Sep 16 22:25:04     13369     3.71
         0.77       37451.9         4.030    Sep 16 22:25:05     13370     3.71
         0.77       37456.0         4.090    Sep 16 22:25:07     13372     3.71
         0.77       37460.1         4.120    Sep 16 22:25:08     13373     3.71
         0.78       37464.2         4.110    Sep 16 22:25:10     13375     3.72
         0.78       37468.4         4.190    Sep 16 22:25:11     13376     3.72
         0.78       37472.5         4.100    Sep 16 22:25:13     13378     3.72
         0.78       37476.5         4.050    Sep 16 22:25:14     13379     3.72
         0.78       37480.7         4.120    Sep 16 22:25:16     13381     3.72
         0.78       37484.7         4.060    Sep 16 22:25:17     13382     3.72
         0.78       37488.9         4.200    Sep 16 22:25:19     13384     3.72
         0.78       37493.0         4.110    Sep 16 22:25:20     13385     3.72
         0.78       37497.1         4.080    Sep 16 22:25:22     13387     3.72
         0.78       37501.2         4.040    Sep 16 22:25:23     13388     3.72
         0.79       37505.2         4.080    Sep 16 22:25:25     13390     3.72
         0.79       37509.3         4.120    Sep 16 22:25:26     13391     3.72
         0.79       37513.4         4.020    Sep 16 22:25:28     13393     3.72
         0.79       37517.5         4.120    Sep 16 22:25:29     13394     3.72
         0.79       37521.6         4.070    Sep 16 22:25:31     13396     3.72
         0.79       37525.8         4.290    Sep 16 22:25:32     13397     3.72
         0.79       37530.0         4.110    Sep 16 22:25:34     13399     3.72
         0.79       37534.1         4.090    Sep 16 22:25:35     13400     3.72
         0.79       37538.2         4.170    Sep 16 22:25:37     13402     3.72
         0.79       37542.4         4.210    Sep 16 22:25:38     13403     3.72
         0.80       37546.5         4.040    Sep 16 22:25:39     13404     3.72
         0.80       37550.6         4.110    Sep 16 22:25:41     13406     3.72
         0.80       37554.7         4.160    Sep 16 22:25:42     13407     3.72
         0.80       37558.8         4.090    Sep 16 22:25:44     13409     3.72
         0.80       37563.0         4.210    Sep 16 22:25:45     13410     3.73
         0.80       37567.1         4.110    Sep 16 22:25:47     13412     3.73
         0.80       37571.3         4.180    Sep 16 22:25:48     13413     3.73
         0.80       37575.7         4.330    Sep 16 22:25:50     13415     3.73
         0.80       37580.0         4.370    Sep 16 22:25:51     13416     3.73
         0.80       37584.1         4.090    Sep 16 22:25:53     13418     3.73
         0.81       37588.3         4.210    Sep 16 22:25:54     13419     3.73
         0.81       37592.4         4.030    Sep 16 22:25:56     13421     3.73
         0.81       37596.4         4.070    Sep 16 22:25:57     13422     3.73
         0.81       37600.5         4.090    Sep 16 22:25:59     13424     3.73
         0.81       37604.6         4.060    Sep 16 22:26:00     13425     3.73
         0.81       37608.7         4.150    Sep 16 22:26:02     13427     3.73
         0.81       37612.8         4.030    Sep 16 22:26:03     13428     3.73
         0.81       37616.8         4.050    Sep 16 22:26:05     13430     3.73
         0.81       37620.8         4.020    Sep 16 22:26:06     13431     3.73
         0.81       37624.9         4.050    Sep 16 22:26:08     13433     3.73
         0.82       37628.9         4.060    Sep 16 22:26:09     13434     3.73
         0.82       37633.1         4.130    Sep 16 22:26:11     13436     3.73
         0.82       37637.2         4.130    Sep 16 22:26:12     13437     3.73
         0.82       37641.3         4.090    Sep 16 22:26:14     13439     3.73
         0.82       37645.3         4.050    Sep 16 22:26:15     13440     3.73
         0.82       37649.5         4.200    Sep 16 22:26:17     13442     3.73
         0.82       37653.6         4.040    Sep 16 22:26:18     13443     3.73
         0.82       37657.6         4.050    Sep 16 22:26:20     13445     3.73
         0.82       37661.8         4.160    Sep 16 22:26:21     13446     3.73
         0.82       37665.9         4.100    Sep 16 22:26:23     13448     3.74
         0.83       37670.0         4.100    Sep 16 22:26:24     13449     3.74
         0.83       37674.1         4.070    Sep 16 22:26:26     13451     3.74
         0.83       37678.1         4.060    Sep 16 22:26:27     13452     3.74
         0.83       37682.2         4.060    Sep 16 22:26:29     13454     3.74
         0.83       37686.4         4.180    Sep 16 22:26:30     13455     3.74
         0.83       37690.4         4.060    Sep 16 22:26:31     13456     3.74
         0.83       37694.5         4.110    Sep 16 22:26:33     13458     3.74
         0.83       37698.7         4.130    Sep 16 22:26:34     13459     3.74
         0.83       37702.8         4.100    Sep 16 22:26:36     13461     3.74
         0.83       37706.9         4.180    Sep 16 22:26:37     13462     3.74
         0.84       37711.1         4.200    Sep 16 22:26:39     13464     3.74
         0.84       37715.3         4.160    Sep 16 22:26:40     13465     3.74
         0.84       37719.4         4.060    Sep 16 22:26:42     13467     3.74
         0.84       37723.5         4.190    Sep 16 22:26:43     13468     3.74
         0.84       37727.8         4.300    Sep 16 22:26:45     13470     3.74
         0.84       37732.1         4.230    Sep 16 22:26:46     13471     3.74
         0.84       37736.5         4.390    Sep 16 22:26:48     13473     3.74
         0.84       37740.7         4.220    Sep 16 22:26:49     13474     3.74
         0.84       37744.8         4.060    Sep 16 22:26:51     13476     3.74
         0.84       37749.0         4.240    Sep 16 22:26:52     13477     3.74
         0.85       37753.2         4.160    Sep 16 22:26:54     13479     3.74
         0.85       37757.2         4.050    Sep 16 22:26:55     13480     3.74
         0.85       37761.3         4.120    Sep 16 22:26:57     13482     3.75
         0.85       37765.4         4.110    Sep 16 22:26:58     13483     3.75
         0.85       37769.6         4.120    Sep 16 22:27:00     13485     3.75
         0.85       37773.7         4.130    Sep 16 22:27:01     13486     3.75
         0.85       37777.7         4.060    Sep 16 22:27:03     13488     3.75
         0.85       37781.8         4.090    Sep 16 22:27:04     13489     3.75
         0.85       37786.1         4.220    Sep 16 22:27:06     13491     3.75
         0.85       37790.1         4.050    Sep 16 22:27:07     13492     3.75
         0.86       37794.3         4.250    Sep 16 22:27:09     13494     3.75
         0.86       37798.6         4.220    Sep 16 22:27:11     13496     3.75
         0.86       37802.9         4.290    Sep 16 22:27:12     13497     3.75
         0.86       37807.0         4.110    Sep 16 22:27:14     13499     3.75
         0.86       37811.1         4.100    Sep 16 22:27:15     13500     3.75
         0.86       37815.2         4.140    Sep 16 22:27:17     13502     3.75
         0.86       37819.3         4.100    Sep 16 22:27:18     13503     3.75
         0.86       37823.4         4.100    Sep 16 22:27:20     13505     3.75
         0.86       37827.8         4.340    Sep 16 22:27:21     13506     3.75
         0.86       37832.0         4.230    Sep 16 22:27:23     13508     3.75
         0.87       37836.1         4.140    Sep 16 22:27:24     13509     3.75
         0.87       37840.2         4.120    Sep 16 22:27:26     13511     3.75
         0.87       37844.4         4.130    Sep 16 22:27:27     13512     3.75
         0.87       37848.6         4.190    Sep 16 22:27:29     13514     3.75
         0.87       37852.8         4.190    Sep 16 22:27:30     13515     3.75
         0.87       37857.0         4.210    Sep 16 22:27:32     13517     3.75
         0.87       37861.3         4.330    Sep 16 22:27:33     13518     3.75
         0.87       37865.7         4.370    Sep 16 22:27:35     13520     3.76
         0.87       37870.0         4.310    Sep 16 22:27:36     13521     3.76
         0.87       37874.3         4.370    Sep 16 22:27:38     13523     3.76
         0.88       37878.6         4.300    Sep 16 22:27:39     13524     3.76
         0.88       37882.8         4.120    Sep 16 22:27:41     13526     3.76
         0.88       37886.9         4.120    Sep 16 22:27:42     13527     3.76
         0.88       37891.0         4.160    Sep 16 22:27:44     13529     3.76
         0.88       37895.2         4.140    Sep 16 22:27:45     13530     3.76
         0.88       37899.3         4.130    Sep 16 22:27:47     13532     3.76
         0.88       37903.4         4.130    Sep 16 22:27:48     13533     3.76
         0.88       37907.6         4.110    Sep 16 22:27:50     13535     3.76
         0.88       37911.7         4.130    Sep 16 22:27:51     13536     3.76
         0.88       37914.8         3.120    Sep 16 22:27:52     13537     3.76
         0.89       37918.1         3.310    Sep 16 22:27:53     13538     3.76
         0.89       37921.2         3.130    Sep 16 22:27:55     13540     3.76
         0.89       37924.4         3.160    Sep 16 22:27:56     13541     3.76
         0.89       37927.5         3.100    Sep 16 22:27:57     13542     3.76
         0.89       37930.7         3.170    Sep 16 22:27:58     13543     3.76
         0.89       37933.8         3.120    Sep 16 22:27:59     13544     3.76
         0.89       37936.9         3.150    Sep 16 22:28:00     13545     3.76
         0.89       37940.1         3.140    Sep 16 22:28:01     13546     3.76
         0.89       37943.3         3.250    Sep 16 22:28:03     13548     3.76
         0.89       37946.5         3.200    Sep 16 22:28:04     13549     3.76
         0.90       37949.7         3.130    Sep 16 22:28:05     13550     3.76
         0.90       37952.8         3.190    Sep 16 22:28:06     13551     3.76
         0.90       37956.0         3.140    Sep 16 22:28:07     13552     3.76
         0.90       37959.2         3.180    Sep 16 22:28:08     13553     3.76
         0.90       37962.4         3.200    Sep 16 22:28:10     13555     3.77
         0.90       37965.5         3.140    Sep 16 22:28:11     13556     3.77
         0.90       37968.7         3.180    Sep 16 22:28:12     13557     3.77
         0.90       37971.9         3.200    Sep 16 22:28:13     13558     3.77
         0.90       37975.1         3.200    Sep 16 22:28:14     13559     3.77
         0.90       37978.4         3.300    Sep 16 22:28:15     13560     3.77
         0.91       37981.6         3.170    Sep 16 22:28:17     13562     3.77
         0.91       37984.7         3.140    Sep 16 22:28:18     13563     3.77
         0.91       37987.9         3.210    Sep 16 22:28:19     13564     3.77
         0.91       37991.0         3.120    Sep 16 22:28:20     13565     3.77
         0.91       37994.2         3.200    Sep 16 22:28:21     13566     3.77
         0.91       37997.4         3.150    Sep 16 22:28:22     13567     3.77
         0.91       38000.6         3.210    Sep 16 22:28:23     13568     3.77
         0.91       38004.1         3.490    Sep 16 22:28:25     13570     3.77
         0.91       38007.4         3.300    Sep 16 22:28:26     13571     3.77
         0.91       38010.7         3.310    Sep 16 22:28:27     13572     3.77
         0.92       38014.0         3.300    Sep 16 22:28:28     13573     3.77
         0.92       38017.3         3.310    Sep 16 22:28:29     13574     3.77
         0.92       38020.6         3.290    Sep 16 22:28:30     13575     3.77
         0.92       38024.1         3.500    Sep 16 22:28:32     13577     3.77
         0.92       38027.2         3.080    Sep 16 22:28:33     13578     3.77
         0.92       38030.3         3.120    Sep 16 22:28:34     13579     3.77
         0.92       38033.5         3.200    Sep 16 22:28:35     13580     3.77
         0.92       38036.7         3.160    Sep 16 22:28:36     13581     3.77
         0.92       38039.8         3.150    Sep 16 22:28:37     13582     3.77
         0.92       38042.9         3.080    Sep 16 22:28:38     13583     3.77
         0.93       38046.0         3.160    Sep 16 22:28:40     13585     3.77
         0.93       38049.2         3.210    Sep 16 22:28:41     13586     3.77
         0.93       38052.3         3.070    Sep 16 22:28:42     13587     3.77
         0.93       38055.5         3.140    Sep 16 22:28:43     13588     3.77
         0.93       38058.7         3.190    Sep 16 22:28:44     13589     3.77
         0.93       38061.7         3.090    Sep 16 22:28:45     13590     3.77
         0.93       38064.9         3.200    Sep 16 22:28:46     13591     3.78
         0.93       38068.0         3.080    Sep 16 22:28:47     13592     3.78
         0.93       38071.2         3.180    Sep 16 22:28:49     13594     3.78
         0.93       38074.3         3.120    Sep 16 22:28:50     13595     3.78
         0.94       38077.5         3.150    Sep 16 22:28:51     13596     3.78
         0.94       38080.5         3.080    Sep 16 22:28:52     13597     3.78
         0.94       38083.7         3.150    Sep 16 22:28:53     13598     3.78
         0.94       38086.9         3.160    Sep 16 22:28:54     13599     3.78
         0.94       38090.0         3.150    Sep 16 22:28:55     13600     3.78
         0.94       38093.1         3.090    Sep 16 22:28:56     13601     3.78
         0.94       38096.3         3.170    Sep 16 22:28:58     13603     3.78
         0.94       38099.4         3.090    Sep 16 22:28:59     13604     3.78
         0.94       38102.5         3.140    Sep 16 22:29:00     13605     3.78
         0.94       38105.7         3.210    Sep 16 22:29:01     13606     3.78
         0.95       38108.9         3.170    Sep 16 22:29:02     13607     3.78
         0.95       38112.2         3.290    Sep 16 22:29:03     13608     3.78
         0.95       38115.4         3.230    Sep 16 22:29:04     13609     3.78
         0.95       38118.7         3.320    Sep 16 22:29:06     13611     3.78
         0.95       38121.9         3.160    Sep 16 22:29:07     13612     3.78
         0.95       38125.0         3.150    Sep 16 22:29:08     13613     3.78
         0.95       38128.2         3.200    Sep 16 22:29:09     13614     3.78
         0.95       38131.5         3.270    Sep 16 22:29:10     13615     3.78
         0.95       38134.7         3.190    Sep 16 22:29:12     13617     3.78
         0.95       38137.9         3.170    Sep 16 22:29:13     13618     3.78
         0.96       38141.1         3.220    Sep 16 22:29:14     13619     3.78
         0.96       38144.3         3.240    Sep 16 22:29:15     13620     3.78
         0.96       38147.5         3.190    Sep 16 22:29:16     13621     3.78
         0.96       38150.8         3.240    Sep 16 22:29:17     13622     3.78
         0.96       38154.0         3.280    Sep 16 22:29:19     13624     3.78
         0.96       38157.2         3.180    Sep 16 22:29:20     13625     3.78
         0.96       38160.5         3.240    Sep 16 22:29:21     13626     3.79
         0.96       38163.7         3.280    Sep 16 22:29:22     13627     3.79
         0.96       38166.8         3.080    Sep 16 22:29:23     13628     3.79
         0.96       38170.0         3.190    Sep 16 22:29:24     13629     3.79
         0.97       38173.2         3.160    Sep 16 22:29:25     13630     3.79
         0.97       38176.2         3.080    Sep 16 22:29:26     13631     3.79
         0.97       38179.4         3.190    Sep 16 22:29:28     13633     3.79
         0.97       38182.5         3.090    Sep 16 22:29:29     13634     3.79
         0.97       38185.7         3.180    Sep 16 22:29:30     13635     3.79
         0.97       38188.8         3.080    Sep 16 22:29:31     13636     3.79
         0.97       38191.9         3.090    Sep 16 22:29:32     13637     3.79
         0.97       38195.1         3.230    Sep 16 22:29:33     13638     3.79
         0.97       38198.2         3.100    Sep 16 22:29:34     13639     3.79
         0.97       38201.4         3.210    Sep 16 22:29:35     13640     3.79
         0.98       38204.5         3.090    Sep 16 22:29:37     13642     3.79
         0.98       38207.8         3.260    Sep 16 22:29:38     13643     3.79
         0.98       38210.8         3.080    Sep 16 22:29:39     13644     3.79
         0.98       38214.0         3.170    Sep 16 22:29:40     13645     3.79
         0.98       38217.1         3.060    Sep 16 22:29:41     13646     3.79
         0.98       38220.1         3.070    Sep 16 22:29:42     13647     3.79
         0.98       38223.3         3.170    Sep 16 22:29:43     13648     3.79
         0.98       38226.4         3.090    Sep 16 22:29:44     13649     3.79
         0.98       38229.6         3.160    Sep 16 22:29:46     13651     3.79
         0.98       38232.7         3.160    Sep 16 22:29:47     13652     3.79
         0.99       38235.8         3.120    Sep 16 22:29:48     13653     3.79
         0.99       38239.0         3.180    Sep 16 22:29:49     13654     3.79
         0.99       38242.1         3.100    Sep 16 22:29:50     13655     3.79
         0.99       38245.3         3.160    Sep 16 22:29:51     13656     3.79
         0.99       38248.5         3.180    Sep 16 22:29:52     13657     3.79
         0.99       38251.6         3.090    Sep 16 22:29:53     13658     3.79
         0.99       38254.7         3.100    Sep 16 22:29:55     13660     3.79
         0.99       38257.9         3.210    Sep 16 22:29:56     13661     3.79
         0.99       38261.0         3.100    Sep 16 22:29:57     13662     3.79
         0.99       38264.1         3.130    Sep 16 22:29:58     13663     3.80
         1.00       38267.2         3.160    Sep 16 22:29:59     13664     3.80
         1.00       38270.4         3.110    Sep 16 22:30:00     13665     3.80
         1.00       38273.5         3.180    Sep 16 22:30:01     13666     3.80
         1.00       38276.7         3.160    Sep 16 22:30:02     13667     3.80
         1.00       38279.9         3.240    Sep 16 22:30:04     13669     3.80
         1.00       38283.1         3.170    Sep 16 22:30:05     13670     3.80
